# coordinate_x	h	p	@time=71.28999999999999
0.000000000000000000e+00	2.792638538546457494e-01	6.158863216302222776e-01
5.000000000000000104e-03	2.792600087126952402e-01	6.158861087223184150e-01
1.000000000000000021e-02	2.792484732964575778e-01	6.158854699276659073e-01
1.499999999999999944e-02	2.792292476162865356e-01	6.158844051698530997e-01
2.000000000000000042e-02	2.792023316973309410e-01	6.158829142632746834e-01
2.500000000000000139e-02	2.791677255684228420e-01	6.158809969950707064e-01
2.999999999999999889e-02	2.791254292728427844e-01	6.158786530456812347e-01
3.500000000000000333e-02	2.790754428574979684e-01	6.158758820685825697e-01
4.000000000000000083e-02	2.790177663837577482e-01	6.158726836103415314e-01
4.499999999999999833e-02	2.789523999166302337e-01	6.158690571902800670e-01
5.000000000000000278e-02	2.788793435356153871e-01	6.158650022204411600e-01
5.500000000000000028e-02	2.787985973238724657e-01	6.158605180852128047e-01
5.999999999999999778e-02	2.787101613790918808e-01	6.158556040612193083e-01
6.500000000000000222e-02	2.786140358026499841e-01	6.158502593969086281e-01
7.000000000000000666e-02	2.785102207105031313e-01	6.158444832323678453e-01
7.500000000000001110e-02	2.783987162223256484e-01	6.158382746788770845e-01
8.000000000000000167e-02	2.782795224724294303e-01	6.158316327386450517e-01
8.499999999999999223e-02	2.781526395988824785e-01	6.158245563843325332e-01
8.999999999999999667e-02	2.780180677544570877e-01	6.158170444787030018e-01
9.500000000000000111e-02	2.778758070957252357e-01	6.158090958541180271e-01
1.000000000000000056e-01	2.777258577940394102e-01	6.158007092321006182e-01
1.050000000000000100e-01	2.775682200246010756e-01	6.157918833028006578e-01
1.100000000000000006e-01	2.774028939774778602e-01	6.157826166444685390e-01
1.149999999999999911e-01	2.772298798466412695e-01	6.157729078028918446e-01
1.199999999999999956e-01	2.770491778410245631e-01	6.157627552107761693e-01
1.250000000000000000e-01	2.768607881735258291e-01	6.157521572671509347e-01
1.300000000000000044e-01	2.766647110721097147e-01	6.157411122566559536e-01
1.350000000000000089e-01	2.764609467687729749e-01	6.157296184289142715e-01
1.400000000000000133e-01	2.762494955106941097e-01	6.157176739177229186e-01
1.450000000000000178e-01	2.760303575491570016e-01	6.157052768203900017e-01
1.499999999999999944e-01	2.758035331507522891e-01	6.156924251168286455e-01
1.549999999999999989e-01	2.755690225862560405e-01	6.156791167488527838e-01
1.600000000000000033e-01	2.753268261418865270e-01	6.156653495391768427e-01
1.650000000000000078e-01	2.750769441081339917e-01	6.156511212706623493e-01
1.700000000000000122e-01	2.748193767910769303e-01	6.156364296052249108e-01
1.749999999999999889e-01	2.745541245011591802e-01	6.156212721630248685e-01
1.799999999999999933e-01	2.742811875645699282e-01	6.156056464412831275e-01
1.849999999999999978e-01	2.740005663119639001e-01	6.155895498934066401e-01
1.900000000000000022e-01	2.737122610899098141e-01	6.155729798477185266e-01
1.950000000000000067e-01	2.734162722495491749e-01	6.155559335865042891e-01
2.000000000000000111e-01	2.731126001581173912e-01	6.155384082646624400e-01
2.050000000000000155e-01	2.728012451875377886e-01	6.155204009886597882e-01
2.099999999999999922e-01	2.724822077260196651e-01	6.155019087351079055e-01
2.149999999999999967e-01	2.721554881665825265e-01	6.154829284296107206e-01
2.200000000000000011e-01	2.718210869187365208e-01	6.154634568652772586e-01
2.250000000000000056e-01	2.714790043969324551e-01	6.154434907814425593e-01
2.300000000000000100e-01	2.711292410323288271e-01	6.154230267821275691e-01
2.349999999999999867e-01	2.707717972611639046e-01	6.154020614146111789e-01
2.399999999999999911e-01	2.704066735366139063e-01	6.153805910878512586e-01
2.449999999999999956e-01	2.700338703170823695e-01	6.153586121508834994e-01
2.500000000000000000e-01	2.696533880781549763e-01	6.153361208112179126e-01
2.550000000000000044e-01	2.692652273008010466e-01	6.153131132130373881e-01
2.600000000000000089e-01	2.688693884834303938e-01	6.152895853555883088e-01
2.650000000000000133e-01	2.684658721300025586e-01	6.152655331711460729e-01
2.700000000000000178e-01	2.680546787621905236e-01	6.152409524434214738e-01
2.750000000000000222e-01	2.676358089073925806e-01	6.152158388852579929e-01
2.800000000000000266e-01	2.672092631110089544e-01	6.151901880570775916e-01
2.850000000000000311e-01	2.667750419243513638e-01	6.151639954442699176e-01
2.899999999999999800e-01	2.663331459170374393e-01	6.151372563757053769e-01
2.949999999999999845e-01	2.658835756647932036e-01	6.151099661007715103e-01
2.999999999999999889e-01	2.654263317619716123e-01	6.150821197079850977e-01
3.049999999999999933e-01	2.649614148092419574e-01	6.150537122016250802e-01
3.099999999999999978e-01	2.644888254262388050e-01	6.150247384204795553e-01
3.150000000000000022e-01	2.640085642391326592e-01	6.149951931140205108e-01
3.200000000000000067e-01	2.635206318934159020e-01	6.149650708613252359e-01
3.250000000000000111e-01	2.630250290413490566e-01	6.149343661467306932e-01
3.300000000000000155e-01	2.625217563548898903e-01	6.149030732789751985e-01
3.350000000000000200e-01	2.620108145130092825e-01	6.148711864662632642e-01
3.400000000000000244e-01	2.614922042147710401e-01	6.148386997356791728e-01
3.449999999999999734e-01	2.609659261665104313e-01	6.148056070075853530e-01
3.499999999999999778e-01	2.604319810950721514e-01	6.147719020153645797e-01
3.549999999999999822e-01	2.598903697348453612e-01	6.147375783790679504e-01
3.599999999999999867e-01	2.593410928411665761e-01	6.147026295255495487e-01
3.649999999999999911e-01	2.587841511772051017e-01	6.146670487612695410e-01
3.699999999999999956e-01	2.582195455275386742e-01	6.146308291928931355e-01
3.750000000000000000e-01	2.576472766848819096e-01	6.145939637991453264e-01
3.800000000000000044e-01	2.570673454638431332e-01	6.145564453519529735e-01
3.850000000000000089e-01	2.564797526874884603e-01	6.145182664872363976e-01
3.900000000000000133e-01	2.558844992012881958e-01	6.144794196266831765e-01
3.950000000000000178e-01	2.552815858595094967e-01	6.144398970473508026e-01
4.000000000000000222e-01	2.546710135393608909e-01	6.143996908041695626e-01
4.050000000000000266e-01	2.540527831272054171e-01	6.143587927982157026e-01
4.099999999999999756e-01	2.534268955329130324e-01	6.143171947000531929e-01
4.149999999999999800e-01	2.527933516758857357e-01	6.142748880165238567e-01
4.199999999999999845e-01	2.521521524996276908e-01	6.142318640150478126e-01
4.249999999999999889e-01	2.515032989575738953e-01	6.141881137887602593e-01
4.299999999999999933e-01	2.508467920278881769e-01	6.141436281819052656e-01
4.349999999999999978e-01	2.501826326990863603e-01	6.140983978531311394e-01
4.400000000000000022e-01	2.495108219850729891e-01	6.140524132021258907e-01
4.450000000000000067e-01	2.488313609105494151e-01	6.140056644308647948e-01
4.500000000000000111e-01	2.481442505263009024e-01	6.139581414716508423e-01
4.550000000000000155e-01	2.474494918943797306e-01	6.139098340460864556e-01
4.600000000000000200e-01	2.467470861036542285e-01	6.138607315947017806e-01
4.649999999999999689e-01	2.460370342547570921e-01	6.138108233333982033e-01
4.699999999999999734e-01	2.453193374759086443e-01	6.137600981848652104e-01
4.749999999999999778e-01	2.445939969076194043e-01	6.137085448322182613e-01
4.799999999999999822e-01	2.438610137188010618e-01	6.136561516524274840e-01
4.849999999999999867e-01	2.431203890912119470e-01	6.136029067668439252e-01
4.899999999999999911e-01	2.423721242358695682e-01	6.135487979768855515e-01
4.949999999999999956e-01	2.416162203772269645e-01	6.134938128111141475e-01
5.000000000000000000e-01	2.408526787699017124e-01	6.134379384634516263e-01
5.050000000000000044e-01	2.400815006825706699e-01	6.133811618364344298e-01
5.100000000000000089e-01	2.393026874150308014e-01	6.133234694822621291e-01
5.150000000000000133e-01	2.385162402817993244e-01	6.132648476418173233e-01
5.200000000000000178e-01	2.377221606295227829e-01	6.132052821888807070e-01
5.250000000000000222e-01	2.369204498202686637e-01	6.131447586644608316e-01
5.300000000000000266e-01	2.361111092493002883e-01	6.130832622245468988e-01
5.350000000000000311e-01	2.352941403280449650e-01	6.130207776692443433e-01
5.400000000000000355e-01	2.344695445022535463e-01	6.129572893944753575e-01
5.450000000000000400e-01	2.336373232346296291e-01	6.128927814153651843e-01
5.500000000000000444e-01	2.327974780233931784e-01	6.128272373223430103e-01
5.550000000000000488e-01	2.319500103845546501e-01	6.127606402981644607e-01
5.600000000000000533e-01	2.310949218709035247e-01	6.126929730789161255e-01
5.649999999999999467e-01	2.302322140539100892e-01	6.126242179639935781e-01
5.699999999999999512e-01	2.293618885431610577e-01	6.125543567825666447e-01
5.749999999999999556e-01	2.284839469678708046e-01	6.124833708957594380e-01
5.799999999999999600e-01	2.275983909967878027e-01	6.124112411691950975e-01
5.849999999999999645e-01	2.267052223192957128e-01	6.123379479665422842e-01
5.899999999999999689e-01	2.258044426658161741e-01	6.122634711288256204e-01
5.949999999999999734e-01	2.248960537884789890e-01	6.121877899584121652e-01
5.999999999999999778e-01	2.239800574820483003e-01	6.121108832058507199e-01
6.049999999999999822e-01	2.230564555641402491e-01	6.120327290432686640e-01
6.099999999999999867e-01	2.221252498967009881e-01	6.119533050595875601e-01
6.149999999999999911e-01	2.211864423657489143e-01	6.118725882221885959e-01
6.199999999999999956e-01	2.202400349034354388e-01	6.117905548814467354e-01
6.250000000000000000e-01	2.192860294672868415e-01	6.117071807193943389e-01
6.300000000000000044e-01	2.183244280628811040e-01	6.116224407646209116e-01
6.350000000000000089e-01	2.173552327225630465e-01	6.115363093265235861e-01
6.400000000000000133e-01	2.163784455287728059e-01	6.114487600217402008e-01
6.450000000000000178e-01	2.153940685922060561e-01	6.113597656924110169e-01
6.500000000000000222e-01	2.144021040758324059e-01	6.112692984454478617e-01
6.550000000000000266e-01	2.134025541724709207e-01	6.111773295530512629e-01
6.600000000000000311e-01	2.123954211295392691e-01	6.110838295062683834e-01
6.650000000000000355e-01	2.113807072260127928e-01	6.109887678958073609e-01
6.700000000000000400e-01	2.103584147979485897e-01	6.108921134815040732e-01
6.750000000000000444e-01	2.093285462147937148e-01	6.107938340512462094e-01
6.800000000000000488e-01	2.082911039057323277e-01	6.106938965081625259e-01
6.850000000000000533e-01	2.072460903353062767e-01	6.105922667052068320e-01
6.899999999999999467e-01	2.061935080306369350e-01	6.104889095520994458e-01
6.949999999999999512e-01	2.051333595563187007e-01	6.103837888228293984e-01
6.999999999999999556e-01	2.040656475425715599e-01	6.102768672846202724e-01
7.049999999999999600e-01	2.029903746593655356e-01	6.101681064752769723e-01
7.099999999999999645e-01	2.019075436455642913e-01	6.100574668567249059e-01
7.149999999999999689e-01	2.008171572822352036e-01	6.099449075587491942e-01
7.199999999999999734e-01	1.997192184228498979e-01	6.098303865599696838e-01
7.249999999999999778e-01	1.986137299657311783e-01	6.097138603940921442e-01
7.299999999999999822e-01	1.975006948853820221e-01	6.095952843615375372e-01
7.349999999999999867e-01	1.963801162040167136e-01	6.094746121938358074e-01
7.399999999999999911e-01	1.952519970240964020e-01	6.093517962995330661e-01
7.449999999999999956e-01	1.941163404988875130e-01	6.092267873818018042e-01
7.500000000000000000e-01	1.929731498662892730e-01	6.090995347227106116e-01
7.550000000000000044e-01	1.918224284183577266e-01	6.089699857484882628e-01
7.600000000000000089e-01	1.906641795365187908e-01	6.088380863567679491e-01
7.650000000000000133e-01	1.894984066599908756e-01	6.087037804232137139e-01
7.700000000000000178e-01	1.883251133224857765e-01	6.085670101769541374e-01
7.750000000000000222e-01	1.871443031194583717e-01	6.084277156414434895e-01
7.800000000000000266e-01	1.859559797464068465e-01	6.082858350639902545e-01
7.850000000000000311e-01	1.847601469648711692e-01	6.081413042827652493e-01
7.900000000000000355e-01	1.835568086424566037e-01	6.079940572171234070e-01
7.950000000000000400e-01	1.823459687174954491e-01	6.078440251515641046e-01
8.000000000000000444e-01	1.811276312409301481e-01	6.076911372944566736e-01
8.050000000000000488e-01	1.799018003395453646e-01	6.075353199684818684e-01
8.100000000000000533e-01	1.786684802598612065e-01	6.073764972464237299e-01
8.149999999999999467e-01	1.774276753298347220e-01	6.072145900361418658e-01
8.199999999999999512e-01	1.761793900049297146e-01	6.070495168033092082e-01
8.249999999999999556e-01	1.749236288281767193e-01	6.068811925372507021e-01
8.299999999999999600e-01	1.736603964786053445e-01	6.067095295719134862e-01
8.349999999999999645e-01	1.723896977295410193e-01	6.065344364169168445e-01
8.399999999999999689e-01	1.711115374996060867e-01	6.063558186896745861e-01
8.449999999999999734e-01	1.698259208091205397e-01	6.061735777936794189e-01
8.499999999999999778e-01	1.685328528339020970e-01	6.059876119766004487e-01
8.549999999999999822e-01	1.672323388596248239e-01	6.057978148351097492e-01
8.599999999999999867e-01	1.659243843386757900e-01	6.056040765159965700e-01
8.649999999999999911e-01	1.646089948423104243e-01	6.054062820236687514e-01
8.699999999999999956e-01	1.632861761208557194e-01	6.052043125839189353e-01
8.750000000000000000e-01	1.619559340534844072e-01	6.049980437264950162e-01
8.800000000000000044e-01	1.606182747120901977e-01	6.047873468342007675e-01
8.850000000000000089e-01	1.592732043084847116e-01	6.045720869685291543e-01
8.900000000000000133e-01	1.579207292623129033e-01	6.043521246303590333e-01
8.950000000000000178e-01	1.565608561454548409e-01	6.041273132914408706e-01
9.000000000000000222e-01	1.551935917543982579e-01	6.038975013971766836e-01
9.050000000000000266e-01	1.538189430516037626e-01	6.036625295605783093e-01
9.100000000000000311e-01	1.524369172428086672e-01	6.034222328426164239e-01
9.150000000000000355e-01	1.510475217150861471e-01	6.031764375579298232e-01
9.200000000000000400e-01	1.496507641196216098e-01	6.029249638741653872e-01
9.250000000000000444e-01	1.482466523061660435e-01	6.026676221699504010e-01
9.300000000000000488e-01	1.468351944119040131e-01	6.024042160017181180e-01
9.350000000000000533e-01	1.454163987919657453e-01	6.021345379439485557e-01
9.399999999999999467e-01	1.439902741150989873e-01	6.018583729804284355e-01
9.449999999999999512e-01	1.425568292898639622e-01	6.015754937441313288e-01
9.499999999999999556e-01	1.411160735679307665e-01	6.012856644000033057e-01
9.549999999999999600e-01	1.396680164655352274e-01	6.009886351865925125e-01
9.599999999999999645e-01	1.382126678753542726e-01	6.006841468696700881e-01
9.649999999999999689e-01	1.367500379827472079e-01	6.003719244692126145e-01
9.699999999999999734e-01	1.352801373873183943e-01	6.000516823779458164e-01
9.749999999999999778e-01	1.338029770134069041e-01	5.997231171347401357e-01
9.799999999999999822e-01	1.323185682426341325e-01	5.993859133201102640e-01
9.849999999999999867e-01	1.308269228180345134e-01	5.990397352095047090e-01
9.899999999999999911e-01	1.293280529891125408e-01	5.986842335796848102e-01
9.949999999999999956e-01	1.278219714089259551e-01	5.983190360414792908e-01
1.000000000000000000e+00	1.263086912934539285e-01	5.979437549177963884e-01
1.004999999999999893e+00	1.247882263108491402e-01	5.975579760135126817e-01
1.010000000000000009e+00	1.232605907572578707e-01	5.971612677589137608e-01
1.015000000000000124e+00	1.217257994373472235e-01	5.967531681223365858e-01
1.020000000000000018e+00	1.201838678591356790e-01	5.963331952537354042e-01
1.024999999999999911e+00	1.186348121047738902e-01	5.959008321806781305e-01
1.030000000000000027e+00	1.170786490474612085e-01	5.954555392376424949e-01
1.035000000000000142e+00	1.155153962113113636e-01	5.949967361042654002e-01
1.040000000000000036e+00	1.139450720140754852e-01	5.945238163696966449e-01
1.044999999999999929e+00	1.123676956147503375e-01	5.940361263687063964e-01
1.050000000000000044e+00	1.107832871866418212e-01	5.935329823106713087e-01
1.055000000000000160e+00	1.091918677511735519e-01	5.930136452376779665e-01
1.060000000000000053e+00	1.075934594868535321e-01	5.924773412494243052e-01
1.064999999999999947e+00	1.059880855475072298e-01	5.919232317389808706e-01
1.070000000000000062e+00	1.043757704140269721e-01	5.913504373746661935e-01
1.075000000000000178e+00	1.027565396949864096e-01	5.907580025516234734e-01
1.080000000000000071e+00	1.011304205297476888e-01	5.901449239585159212e-01
1.084999999999999964e+00	9.949744136910441961e-02	5.895101079000805155e-01
1.090000000000000080e+00	9.785763244053302667e-02	5.888524044924847711e-01
1.095000000000000195e+00	9.621102550616199289e-02	5.881705561407398752e-01
1.100000000000000089e+00	9.455765440385681397e-02	5.874632386885714208e-01
1.104999999999999982e+00	9.289755477942306106e-02	5.867289988431522163e-01
1.110000000000000098e+00	9.123076472107566337e-02	5.859663039767490922e-01
1.115000000000000213e+00	8.955732446236375210e-02	5.851734656346488928e-01
1.120000000000000107e+00	8.787727713276267949e-02	5.843487001795575342e-01
1.125000000000000000e+00	8.619066842737725664e-02	5.834900346324686238e-01
1.129999999999999893e+00	8.449754750345815635e-02	5.825953810136534905e-01
1.134999999999999787e+00	8.279796661254715251e-02	5.816624195574090495e-01
1.139999999999999902e+00	8.109198218245522449e-02	5.806886905030237411e-01
1.145000000000000018e+00	7.937965440724450983e-02	5.796714480562481508e-01
1.149999999999999911e+00	7.766104856782499177e-02	5.786077746185487314e-01
1.154999999999999805e+00	7.593623457519162179e-02	5.774943965377121735e-01
1.159999999999999920e+00	7.420528860213426725e-02	5.763278274803583789e-01
1.165000000000000036e+00	7.246829257577780403e-02	5.751041337149467303e-01
1.169999999999999929e+00	7.072533622081678129e-02	5.738191157514135332e-01
1.174999999999999822e+00	6.897651649920386041e-02	5.724680061624114469e-01
1.179999999999999938e+00	6.722194020635365030e-02	5.710457020730944633e-01
1.185000000000000053e+00	6.546172335983752033e-02	5.695463716188297054e-01
1.189999999999999947e+00	6.369599455149156653e-02	5.679637548956718573e-01
1.194999999999999840e+00	6.192489429512992166e-02	5.662906449140515663e-01
1.199999999999999956e+00	6.014857943161055348e-02	5.645192820588028626e-01
1.205000000000000071e+00	5.836722246149897431e-02	5.626406599520972218e-01
1.209999999999999964e+00	5.658101744756100643e-02	5.606450496963458763e-01
1.214999999999999858e+00	5.479017938887167927e-02	5.585210573140215740e-01
1.219999999999999973e+00	5.299495230199401108e-02	5.562563313614794502e-01
1.225000000000000089e+00	5.119560875159444302e-02	5.538362613715306360e-01
1.229999999999999982e+00	4.939246118251265638e-02	5.512449498055463915e-01
1.234999999999999876e+00	4.758586183500685546e-02	5.484633812804855513e-01
1.239999999999999991e+00	4.577621906503625410e-02	5.454707843573547432e-01
1.245000000000000107e+00	4.396399809370285516e-02	5.422420037524956493e-01
1.250000000000000000e+00	4.214974522204305990e-02	5.387494522726745672e-01
1.254999999999999893e+00	4.033409030652704980e-02	5.349592552435142867e-01
1.260000000000000009e+00	3.851778390214059822e-02	5.308341234326328095e-01
1.265000000000000124e+00	3.670170325992761634e-02	5.263275620264802335e-01
1.270000000000000018e+00	3.488691144784275555e-02	5.213882335671333745e-01
1.274999999999999911e+00	3.307467055985479493e-02	5.159510494047190310e-01
1.280000000000000027e+00	3.126653972094550066e-02	5.099440502601295666e-01
1.285000000000000142e+00	2.946440324438327762e-02	5.032743971885331735e-01
1.290000000000000036e+00	2.767064026675973218e-02	4.958397388650345183e-01
1.294999999999999929e+00	2.588818427754354182e-02	4.875058707513353351e-01
1.300000000000000044e+00	2.412082937041111139e-02	4.781266389021390228e-01
1.305000000000000160e+00	2.237335536532862254e-02	4.675086568349206551e-01
1.310000000000000053e+00	2.065209775448911475e-02	4.554487312979325631e-01
1.314999999999999947e+00	1.896520107615685263e-02	4.416824387308294630e-01
1.320000000000000062e+00	1.732366536686185537e-02	4.259599206945033911e-01
1.325000000000000178e+00	1.574177598176940140e-02	4.079927222522408692e-01
1.330000000000000071e+00	1.423871744964292849e-02	3.876097441696209622e-01
1.334999999999999964e+00	1.283874266618573179e-02	3.647782905829931588e-01
1.340000000000000080e+00	1.157174549271422492e-02	3.398421289073814133e-01
1.345000000000000195e+00	1.047023830189514233e-02	3.136807901725913172e-01
1.350000000000000089e+00	9.562332898840637113e-03	2.876082939916663195e-01
1.354999999999999982e+00	8.862377437348993234e-03	2.632699994751071526e-01
1.360000000000000098e+00	8.360196785831015137e-03	2.417275159465590850e-01
1.365000000000000213e+00	8.024795610350885650e-03	2.234183223845354893e-01
1.370000000000000107e+00	7.813468568754958557e-03	2.079242640968417266e-01
1.375000000000000000e+00	7.685821322299756994e-03	1.945942836323283076e-01
1.379999999999999893e+00	7.611039739009976476e-03	1.827579554445370458e-01
1.384999999999999787e+00	7.567699692700790605e-03	1.719201630797607683e-01
1.389999999999999902e+00	7.542886347301163037e-03	1.617504523624967161e-01
1.395000000000000018e+00	7.528545678247782792e-03	1.520432325014867969e-01
1.399999999999999911e+00	7.520232556159474335e-03	1.426775916131279853e-01
1.404999999999999805e+00	7.515270098788050766e-03	1.335819380756620989e-01
1.409999999999999920e+00	7.512224637451514822e-03	1.247156971710225160e-01
1.415000000000000036e+00	7.510242366910856171e-03	1.160549986820208906e-01
1.419999999999999929e+00	7.508870561862935472e-03	1.075862755307700064e-01
1.424999999999999822e+00	7.507840590502391775e-03	9.930133937506262221e-02
1.429999999999999938e+00	7.507010491180950672e-03	9.119529776014662081e-02
1.435000000000000053e+00	7.506296122019852531e-03	8.326494330054787230e-02
1.439999999999999947e+00	7.505653052089256670e-03	7.550808756601537497e-02
1.444999999999999840e+00	7.505054936374215731e-03	6.792304751426456177e-02
1.449999999999999956e+00	7.504487841009549118e-03	6.050843016307744238e-02
1.455000000000000071e+00	7.503943477635259367e-03	5.326297498971772210e-02
1.459999999999999964e+00	7.503417429538050167e-03	4.618548058895106945e-02
1.464999999999999858e+00	7.502907039227503690e-03	3.927476162875736393e-02
1.469999999999999973e+00	7.502410854498601372e-03	3.252962006082411872e-02
1.475000000000000089e+00	7.501927970014403250e-03	2.594883875587818134e-02
1.479999999999999982e+00	7.501457854242301465e-03	1.953116667489811567e-02
1.484999999999999876e+00	7.501000144770073388e-03	1.327532416872453415e-02
1.489999999999999991e+00	7.500554594020537175e-03	7.179992531165540863e-03
1.495000000000000107e+00	7.500121006007379708e-03	1.243822948365669312e-03
1.500000000000000000e+00	7.499699219057877168e-03	-4.534572555239653469e-03
1.504999999999999893e+00	7.499289086613708522e-03	-1.015661108066932133e-02
1.510000000000000009e+00	7.498890471476281870e-03	-1.562374744039074677e-02
1.515000000000000124e+00	7.498503240306863930e-03	-2.093746385407889432e-02
1.520000000000000018e+00	7.498127261458999680e-03	-2.609927834490182244e-02
1.524999999999999911e+00	7.497762403731411847e-03	-3.111073442998403896e-02
1.530000000000000027e+00	7.497408535319090815e-03	-3.597340940263470122e-02
1.535000000000000142e+00	7.497065523880795321e-03	-4.068890410385710837e-02
1.540000000000000036e+00	7.496733235842051833e-03	-4.525885110239104975e-02
1.544999999999999929e+00	7.496411536864113628e-03	-4.968490457862503873e-02
1.550000000000000044e+00	7.496100291261355644e-03	-5.396874839408068170e-02
1.555000000000000160e+00	7.495799362588062911e-03	-5.811208610282715681e-02
1.560000000000000053e+00	7.495508613097184684e-03	-6.211664889557031582e-02
1.564999999999999947e+00	7.495227904356764961e-03	-6.598418574972855777e-02
1.570000000000000062e+00	7.494957096728135058e-03	-6.971647123128969781e-02
1.575000000000000178e+00	7.494696049984378092e-03	-7.331529579461046331e-02
1.580000000000000071e+00	7.494444622801872853e-03	-7.678247342477111104e-02
1.584999999999999964e+00	7.494202673371888786e-03	-8.011983209918126236e-02
1.590000000000000080e+00	7.493970058904311955e-03	-8.332922125336333918e-02
1.595000000000000195e+00	7.493746636229159548e-03	-8.641250241766947060e-02
1.600000000000000089e+00	7.493532261312826209e-03	-8.937155648997474611e-02
1.604999999999999982e+00	7.493326789848002781e-03	-9.220827456192272342e-02
1.610000000000000098e+00	7.493130076783228836e-03	-9.492456498279394639e-02
1.615000000000000213e+00	7.492941976900150541e-03	-9.752234439057493043e-02
1.620000000000000107e+00	7.492762344357254550e-03	-1.000035445522452354e-01
1.625000000000000000e+00	7.492591033253521299e-03	-1.023701036155680172e-01
1.629999999999999893e+00	7.492427897187198954e-03	-1.046239727121680285e-01
1.634999999999999787e+00	7.492272789804893703e-03	-1.067671074462475528e-01
1.639999999999999902e+00	7.492125564376191267e-03	-1.088014742480907793e-01
1.645000000000000018e+00	7.491986074327219684e-03	-1.107290421159189825e-01
1.649999999999999911e+00	7.491854172831859116e-03	-1.125517887088219454e-01
1.654999999999999805e+00	7.491729713328790924e-03	-1.142716923576863053e-01
1.659999999999999920e+00	7.491612549129954106e-03	-1.158907378880026234e-01
1.665000000000000036e+00	7.491502533920119632e-03	-1.174109089152462482e-01
1.669999999999999929e+00	7.491399521383164221e-03	-1.188341933895115943e-01
1.674999999999999822e+00	7.491303365683224524e-03	-1.201625761899228206e-01
1.679999999999999938e+00	7.491213921109267024e-03	-1.213980443845825846e-01
1.685000000000000053e+00	7.491131042536937346e-03	-1.225425801375557844e-01
1.689999999999999947e+00	7.491054585091807064e-03	-1.235981656791730887e-01
1.694999999999999840e+00	7.490984404591082002e-03	-1.245667765379003949e-01
1.699999999999999956e+00	7.490920357225818241e-03	-1.254503862175809226e-01
1.705000000000000071e+00	7.490862299981728735e-03	-1.262509597651004234e-01
1.709999999999999964e+00	7.490810090340568883e-03	-1.269704581526752696e-01
1.714999999999999858e+00	7.490763586679358849e-03	-1.276108321906838372e-01
1.719999999999999973e+00	7.490722647991048845e-03	-1.281740266145872664e-01
1.725000000000000089e+00	7.490687134261570825e-03	-1.286619743506508262e-01
1.729999999999999982e+00	7.490656906209793887e-03	-1.290766003085110081e-01
1.734999999999999876e+00	7.490631825641933493e-03	-1.294198160057859204e-01
1.739999999999999991e+00	7.490611755210707656e-03	-1.296935230686636076e-01
1.745000000000000107e+00	7.490596558746736786e-03	-1.298996082196264834e-01
1.750000000000000000e+00	7.490586101036743674e-03	-1.300399464897197266e-01
1.754999999999999893e+00	7.490580248131671615e-03	-1.301163965718225290e-01
1.760000000000000009e+00	7.490578867143693129e-03	-1.301308037494534053e-01
1.765000000000000124e+00	7.490581826530891968e-03	-1.300849956162329901e-01
1.770000000000000018e+00	7.490588995912759659e-03	-1.299807847271900185e-01
1.774999999999999911e+00	7.490600246331406697e-03	-1.298199646833012311e-01
1.780000000000000027e+00	7.490615450085161796e-03	-1.296043125122717521e-01
1.785000000000000142e+00	7.490634480966379925e-03	-1.293355851153292213e-01
1.790000000000000036e+00	7.490657214112694112e-03	-1.290155213853610427e-01
1.794999999999999929e+00	7.490683526221589457e-03	-1.286458390114998407e-01
1.800000000000000044e+00	7.490713295418811347e-03	-1.282282363433077665e-01
1.805000000000000160e+00	7.490746401449988219e-03	-1.277643895471352042e-01
1.810000000000000053e+00	7.490782725565622857e-03	-1.272559542257462040e-01
1.814999999999999947e+00	7.490822150690149006e-03	-1.267045629189763878e-01
1.820000000000000062e+00	7.490864561322904680e-03	-1.261118264887949869e-01
1.825000000000000178e+00	7.490909843685091864e-03	-1.254793319554415587e-01
1.830000000000000071e+00	7.490957885636083911e-03	-1.248086436584219666e-01
1.834999999999999964e+00	7.491008576798846921e-03	-1.241013014180739893e-01
1.840000000000000080e+00	7.491061808490906415e-03	-1.233588214833987173e-01
1.845000000000000195e+00	7.491117473828869631e-03	-1.225826950079016570e-01
1.850000000000000089e+00	7.491175467673336780e-03	-1.217743887954699095e-01
1.854999999999999982e+00	7.491235686713237224e-03	-1.209353440783595274e-01
1.860000000000000098e+00	7.491298029423960197e-03	-1.200669770725489999e-01
1.865000000000000213e+00	7.491362396132279430e-03	-1.191706780448993364e-01
1.870000000000000107e+00	7.491428688986955658e-03	-1.182478116895483711e-01
1.875000000000000000e+00	7.491496812005072822e-03	-1.172997164705550377e-01
1.879999999999999893e+00	7.491566671054373378e-03	-1.163277048309547673e-01
1.884999999999999787e+00	7.491638173881871691e-03	-1.153330627966163979e-01
1.889999999999999902e+00	7.491711230107158878e-03	-1.143170500295572350e-01
1.895000000000000018e+00	7.491785751234221469e-03	-1.132808996782835587e-01
1.899999999999999911e+00	7.491861650654948156e-03	-1.122258182868774712e-01
1.904999999999999805e+00	7.491938843645097428e-03	-1.111529858767554280e-01
1.909999999999999920e+00	7.492017247377261158e-03	-1.100635557228892142e-01
1.915000000000000036e+00	7.492096780901941373e-03	-1.089586546517003207e-01
1.919999999999999929e+00	7.492177365169227360e-03	-1.078393826955698215e-01
1.924999999999999822e+00	7.492258922995972091e-03	-1.067068135914787802e-01
1.929999999999999938e+00	7.492341379095438653e-03	-1.055619943247064624e-01
1.935000000000000053e+00	7.492424660031576401e-03	-1.044059458128263340e-01
1.939999999999999947e+00	7.492508694255921135e-03	-1.032396623491888543e-01
1.944999999999999840e+00	7.492593412049956304e-03	-1.020641124569773295e-01
1.949999999999999956e+00	7.492678745568579976e-03	-1.008802382427337052e-01
1.955000000000000071e+00	7.492764628771538156e-03	-9.968895640536246106e-02
1.959999999999999964e+00	7.492850997472772466e-03	-9.849115750958571669e-02
1.964999999999999858e+00	7.492937789261917836e-03	-9.728770713504797385e-02
1.969999999999999973e+00	7.493024943558864760e-03	-9.607944507918704524e-02
1.975000000000000089e+00	7.493112401526299746e-03	-9.486718663193260959e-02
1.979999999999999982e+00	7.493200106128847238e-03	-9.365172171705755944e-02
1.984999999999999876e+00	7.493288002037592176e-03	-9.243381627836455561e-02
1.989999999999999991e+00	7.493376035693207447e-03	-9.121421136814429620e-02
1.995000000000000107e+00	7.493464155203377955e-03	-8.999362463120498534e-02
2.000000000000000000e+00	7.493552310409334200e-03	-8.877274934861213718e-02
2.004999999999999893e+00	7.493640452777077313e-03	-8.755225600642255190e-02
2.009999999999999787e+00	7.493728535466773200e-03	-8.633279130242060839e-02
2.014999999999999680e+00	7.493816513218631153e-03	-8.511497978696914990e-02
2.020000000000000018e+00	7.493904342424652885e-03	-8.389942283999121675e-02
2.024999999999999911e+00	7.493991981009990450e-03	-8.268670037193209810e-02
2.029999999999999805e+00	7.494079388506557499e-03	-8.147736977777043921e-02
2.035000000000000142e+00	7.494166525930664492e-03	-8.027196768669365989e-02
2.040000000000000036e+00	7.494253355858030742e-03	-7.907100889946029609e-02
2.044999999999999929e+00	7.494339842298458447e-03	-7.787498817601971879e-02
2.049999999999999822e+00	7.494425950771812714e-03	-7.668437916208660499e-02
2.054999999999999716e+00	7.494511648180440452e-03	-7.549963620457954272e-02
2.060000000000000053e+00	7.494596902885744538e-03	-7.432119327281812293e-02
2.064999999999999947e+00	7.494681684578998089e-03	-7.314946579230424684e-02
2.069999999999999840e+00	7.494765964358145009e-03	-7.198484956551139125e-02
2.075000000000000178e+00	7.494849714597663637e-03	-7.082772261518323342e-02
2.080000000000000071e+00	7.494932909025238052e-03	-6.967844410925805310e-02
2.084999999999999964e+00	7.495015522591253095e-03	-6.853735620550907570e-02
2.089999999999999858e+00	7.495097531545046737e-03	-6.740478298472812879e-02
2.094999999999999751e+00	7.495178913304567300e-03	-6.628103228917797685e-02
2.100000000000000089e+00	7.495259646531931066e-03	-6.516639466775937806e-02
2.104999999999999982e+00	7.495339711003749100e-03	-6.406114520137629054e-02
2.109999999999999876e+00	7.495419087685727295e-03	-6.296554246342626893e-02
2.115000000000000213e+00	7.495497758604129437e-03	-6.187983032579823933e-02
2.120000000000000107e+00	7.495575706919194170e-03	-6.080423693765942689e-02
2.125000000000000000e+00	7.495652916798146298e-03	-5.973897650640680457e-02
2.129999999999999893e+00	7.495729373487241588e-03	-5.868424829737228093e-02
2.134999999999999787e+00	7.495805063186694074e-03	-5.764023838463247507e-02
2.140000000000000124e+00	7.495879973121173483e-03	-5.660711867392241581e-02
2.145000000000000018e+00	7.495954091416995486e-03	-5.558504861876825687e-02
2.149999999999999911e+00	7.496027407170906091e-03	-5.457417426858691967e-02
2.155000000000000249e+00	7.496099910329847953e-03	-5.357462994614216323e-02
2.160000000000000142e+00	7.496171591757893812e-03	-5.258653732251460100e-02
2.165000000000000036e+00	7.496242443118846487e-03	-5.161000705239510850e-02
2.169999999999999929e+00	7.496312456941228546e-03	-5.064513787733009725e-02
2.174999999999999822e+00	7.496381626503932812e-03	-4.969201821585497031e-02
2.180000000000000160e+00	7.496449945899172872e-03	-4.875072529616339412e-02
2.185000000000000053e+00	7.496517409921393989e-03	-4.782132669854150669e-02
2.189999999999999947e+00	7.496584014128100312e-03	-4.690387951837104996e-02
2.195000000000000284e+00	7.496649754732193603e-03	-4.599843185875844565e-02
2.200000000000000178e+00	7.496714628660622499e-03	-4.510502202456038306e-02
2.205000000000000071e+00	7.496778633450286097e-03	-4.422367996350817093e-02
2.209999999999999964e+00	7.496841767304456700e-03	-4.335442649173905372e-02
2.214999999999999858e+00	7.496904028992361878e-03	-4.249727468209571479e-02
2.220000000000000195e+00	7.496965417903353815e-03	-4.165222912145995909e-02
2.225000000000000089e+00	7.497025933950248779e-03	-4.081928724525844820e-02
2.229999999999999982e+00	7.497085577621227445e-03	-3.999843862672421840e-02
2.235000000000000320e+00	7.497144349886998571e-03	-3.918966625696428119e-02
2.240000000000000213e+00	7.497202252250417288e-03	-3.839294586612104071e-02
2.245000000000000107e+00	7.497259286657514607e-03	-3.760824714865627916e-02
2.250000000000000000e+00	7.497315455544843223e-03	-3.683553311624213067e-02
2.254999999999999893e+00	7.497370761754380657e-03	-3.607476126819123691e-02
2.259999999999999787e+00	7.497425208578625995e-03	-3.532588297578189568e-02
2.264999999999999680e+00	7.497478799679380135e-03	-3.458884459801166850e-02
2.270000000000000018e+00	7.497531539130608200e-03	-3.386358689694934226e-02
2.274999999999999911e+00	7.497583431341080414e-03	-3.315004609921533979e-02
2.279999999999999805e+00	7.497634481095035754e-03	-3.244815334185338629e-02
2.285000000000000142e+00	7.497684693478650492e-03	-3.175783568014278052e-02
2.290000000000000036e+00	7.497734073918539514e-03	-3.107901556339679600e-02
2.294999999999999929e+00	7.497782628112004827e-03	-3.041161178989239960e-02
2.299999999999999822e+00	7.497830362063422245e-03	-2.975553901192519099e-02
2.304999999999999716e+00	7.497877282018209147e-03	-2.911070863880348483e-02
2.310000000000000053e+00	7.497923394497142506e-03	-2.847702837042482421e-02
2.314999999999999947e+00	7.497968706233983441e-03	-2.785440304942063405e-02
2.319999999999999840e+00	7.498013224207777765e-03	-2.724273422246454787e-02
2.325000000000000178e+00	7.498056955584051463e-03	-2.664192094277563136e-02
2.330000000000000071e+00	7.498099907745157076e-03	-2.605185935832363131e-02
2.334999999999999964e+00	7.498142088234954240e-03	-2.547244346600274767e-02
2.339999999999999858e+00	7.498183504787262615e-03	-2.490356472586059688e-02
2.344999999999999751e+00	7.498224165273926003e-03	-2.434511276834427917e-02
2.350000000000000089e+00	7.498264077731436883e-03	-2.379697503365012581e-02
2.354999999999999982e+00	7.498303250312291293e-03	-2.325903743351595554e-02
2.359999999999999876e+00	7.498341691309843085e-03	-2.273118401476712652e-02
2.365000000000000213e+00	7.498379409112842890e-03	-2.221329757718744358e-02
2.370000000000000107e+00	7.498416412228590608e-03	-2.170525936032222103e-02
2.375000000000000000e+00	7.498452709240553508e-03	-2.120694961900589440e-02
2.379999999999999893e+00	7.498488308829877672e-03	-2.071824733247242672e-02
2.384999999999999787e+00	7.498523219735969865e-03	-2.023903073915275103e-02
2.390000000000000124e+00	7.498557450776449466e-03	-1.976917706713873443e-02
2.395000000000000018e+00	7.498591010810568350e-03	-1.930856302988611176e-02
2.399999999999999911e+00	7.498623908757670944e-03	-1.885706457707900588e-02
2.405000000000000249e+00	7.498656153563339373e-03	-1.841455735288695036e-02
2.410000000000000142e+00	7.498687754216430169e-03	-1.798091646628315748e-02
2.415000000000000036e+00	7.498718719717829308e-03	-1.755601691350758276e-02
2.419999999999999929e+00	7.498749059096128031e-03	-1.713973336690047256e-02
2.424999999999999822e+00	7.498778781378869808e-03	-1.673194056322049525e-02
2.430000000000000160e+00	7.498807895606938133e-03	-1.633251311006752443e-02
2.435000000000000053e+00	7.498836410808178317e-03	-1.594132584169265926e-02
2.439999999999999947e+00	7.498864336010555368e-03	-1.555825364210034617e-02
2.445000000000000284e+00	7.498891680218040465e-03	-1.518317176996875593e-02
2.450000000000000178e+00	7.498918452422606573e-03	-1.481595569754003312e-02
2.455000000000000071e+00	7.498944661582260772e-03	-1.445648140624575945e-02
2.459999999999999964e+00	7.498970316631936583e-03	-1.410462524051410080e-02
2.464999999999999858e+00	7.498995426463568072e-03	-1.376026417566658319e-02
2.470000000000000195e+00	7.499019999935938735e-03	-1.342327568579362515e-02
2.475000000000000089e+00	7.499044045856681148e-03	-1.309353798545510698e-02
2.479999999999999982e+00	7.499067572991150073e-03	-1.277092991080010752e-02
2.485000000000000320e+00	7.499090590046232283e-03	-1.245533113656655845e-02
2.490000000000000213e+00	7.499113105678305476e-03	-1.214662206964688303e-02
2.495000000000000107e+00	7.499135128478761139e-03	-1.184468404284160989e-02
2.500000000000000000e+00	7.499156666981090028e-03	-1.154939922009847429e-02
2.504999999999999893e+00	7.499177729648020055e-03	-1.126065076843262361e-02
2.509999999999999787e+00	7.499198324877796862e-03	-1.097832277409425267e-02
2.514999999999999680e+00	7.499218460992819642e-03	-1.070230039402218954e-02
2.520000000000000018e+00	7.499238146245177511e-03	-1.043246978222330153e-02
2.524999999999999911e+00	7.499257388806687859e-03	-1.016871822207964654e-02
2.529999999999999805e+00	7.499276196773731890e-03	-9.910934062251174417e-03
2.535000000000000142e+00	7.499294578158615700e-03	-9.659006831107947583e-03
2.540000000000000036e+00	7.499312540893742288e-03	-9.412827181496883841e-03
2.544999999999999929e+00	7.499330092824206019e-03	-9.172286988521323806e-03
2.549999999999999822e+00	7.499347241711355749e-03	-8.937279302540426101e-03
2.554999999999999716e+00	7.499363995226529869e-03	-8.707698431469337516e-03
2.560000000000000053e+00	7.499380360954060847e-03	-8.483439901408477979e-03
2.564999999999999947e+00	7.499396346386065851e-03	-8.264400524586925853e-03
2.569999999999999840e+00	7.499411958924924806e-03	-8.050478367047437384e-03
2.575000000000000178e+00	7.499427205879061545e-03	-7.841572803305543390e-03
2.580000000000000071e+00	7.499442094464941339e-03	-7.637584490544200091e-03
2.584999999999999964e+00	7.499456631803750641e-03	-7.438415411011339851e-03
2.589999999999999858e+00	7.499470824922953131e-03	-7.243968852205284574e-03
2.594999999999999751e+00	7.499484680753811666e-03	-7.054149437984333706e-03
2.600000000000000089e+00	7.499498206132529723e-03	-6.868863114251145228e-03
2.604999999999999982e+00	7.499511407798544436e-03	-6.688017169698847082e-03
2.609999999999999876e+00	7.499524292395295944e-03	-6.511520226529227476e-03
2.615000000000000213e+00	7.499536866469220381e-03	-6.339282251712037401e-03
2.620000000000000107e+00	7.499549136470178359e-03	-6.171214552297505859e-03
2.625000000000000000e+00	7.499561108751096744e-03	-6.007229778018500534e-03
2.629999999999999893e+00	7.499572789568082279e-03	-5.847241920782958978e-03
2.634999999999999787e+00	7.499584185080645365e-03	-5.691166309402565307e-03
2.640000000000000124e+00	7.499595301351536132e-03	-5.538919612874883443e-03
2.645000000000000018e+00	7.499606144347500773e-03	-5.390419827978115350e-03
2.649999999999999911e+00	7.499616719938857409e-03	-5.245586285975819413e-03
2.655000000000000249e+00	7.499627033900736414e-03	-5.104339633773368259e-03
2.660000000000000142e+00	7.499637091912425557e-03	-4.966601843701752735e-03
2.665000000000000036e+00	7.499646899559038807e-03	-4.832296188889008415e-03
2.669999999999999929e+00	7.499656462330661112e-03	-4.701347255800834325e-03
2.674999999999999822e+00	7.499665785624400581e-03	-4.573680914440469633e-03
2.680000000000000160e+00	7.499674874743349380e-03	-4.449224333344703290e-03
2.685000000000000053e+00	7.499683734898981990e-03	-4.327905945185952889e-03
2.689999999999999947e+00	7.499692371209949575e-03	-4.209655463942594059e-03
2.695000000000000284e+00	7.499700788704787013e-03	-4.094403846439545989e-03
2.700000000000000178e+00	7.499708992320562422e-03	-3.982083311431188107e-03
2.705000000000000071e+00	7.499716986905850466e-03	-3.872627297580259059e-03
2.709999999999999964e+00	7.499724777219256983e-03	-3.765970484209964220e-03
2.714999999999999858e+00	7.499732367932625612e-03	-3.662048746186782281e-03
2.720000000000000195e+00	7.499739763629453999e-03	-3.560799176115641076e-03
2.725000000000000089e+00	7.499746968808305124e-03	-3.462160036558914467e-03
2.729999999999999982e+00	7.499753987881121152e-03	-3.366070783465431072e-03
2.735000000000000320e+00	7.499760825176813445e-03	-3.272472016126410331e-03
2.740000000000000213e+00	7.499767484939496610e-03	-3.181305501645112759e-03
2.745000000000000107e+00	7.499773971332223364e-03	-3.092514123000121573e-03
2.750000000000000000e+00	7.499780288435150925e-03	-3.006041904377180878e-03
2.754999999999999893e+00	7.499786440249390368e-03	-2.921833957681967998e-03
2.759999999999999787e+00	7.499792430695127916e-03	-2.839836508570010853e-03
2.764999999999999680e+00	7.499798263615566236e-03	-2.759996841723809380e-03
2.770000000000000018e+00	7.499803942775005831e-03	-2.682263327430318804e-03
2.774999999999999911e+00	7.499809471862851386e-03	-2.606585365911412520e-03
2.779999999999999805e+00	7.499814854491670610e-03	-2.532913414311009030e-03
2.785000000000000142e+00	7.499820094201253493e-03	-2.461198930343746864e-03
2.790000000000000036e+00	7.499825194456640788e-03	-2.391394399565857642e-03
2.794999999999999929e+00	7.499830158652230974e-03	-2.323453278583933329e-03
2.799999999999999822e+00	7.499834990109786187e-03	-2.257330022494874553e-03
2.804999999999999716e+00	7.499839692082560863e-03	-2.192980027874937357e-03
2.810000000000000053e+00	7.499844267753305073e-03	-2.130359660284629995e-03
2.814999999999999947e+00	7.499848720238393163e-03	-2.069426197238072741e-03
2.819999999999999840e+00	7.499853052585827087e-03	-2.010137855678779950e-03
2.825000000000000178e+00	7.499857267779364185e-03	-1.952453735109838063e-03
2.830000000000000071e+00	7.499861368736521379e-03	-1.896333844955867473e-03
2.834999999999999964e+00	7.499865358312680398e-03	-1.841739048017038052e-03
2.839999999999999858e+00	7.499869239299108460e-03	-1.788631087640807750e-03
2.844999999999999751e+00	7.499873014427034003e-03	-1.736972531645870161e-03
2.850000000000000089e+00	7.499876686365679508e-03	-1.686726799235827197e-03
2.854999999999999982e+00	7.499880257726297336e-03	-1.637858105523384584e-03
2.859999999999999876e+00	7.499883731060231172e-03	-1.590331488125406581e-03
2.865000000000000213e+00	7.499887108862892879e-03	-1.544112752403274495e-03
2.870000000000000107e+00	7.499890393571852568e-03	-1.499168497685842783e-03
2.875000000000000000e+00	7.499893587570762542e-03	-1.455466063328036920e-03
2.879999999999999893e+00	7.499896693187475122e-03	-1.412973554514851881e-03
2.884999999999999787e+00	7.499899712697896334e-03	-1.371659789227785238e-03
2.890000000000000124e+00	7.499902648324143634e-03	-1.331494323588940706e-03
2.895000000000000018e+00	7.499905502238329337e-03	-1.292447399813167986e-03
2.899999999999999911e+00	7.499908276560748703e-03	-1.254489971056946132e-03
2.905000000000000249e+00	7.499910973363590506e-03	-1.217593650423108055e-03
2.910000000000000142e+00	7.499913594669165885e-03	-1.181730735284423602e-03
2.915000000000000036e+00	7.499916142453538249e-03	-1.146874157397939718e-03
2.919999999999999929e+00	7.499918618644785089e-03	-1.112997506677796842e-03
2.924999999999999822e+00	7.499921025126551552e-03	-1.080074982466850374e-03
2.930000000000000160e+00	7.499923363736355625e-03	-1.048081416737774250e-03
2.935000000000000053e+00	7.499925636269048033e-03	-1.016992226561159356e-03
2.939999999999999947e+00	7.499927844475167728e-03	-9.867834367177988342e-04
2.945000000000000284e+00	7.499929990064308979e-03	-9.574316333947069249e-04
2.950000000000000178e+00	7.499932074703515028e-03	-9.289139861952980205e-04
2.955000000000000071e+00	7.499934100020566249e-03	-9.012082030875067946e-04
2.959999999999999964e+00	7.499936067602412833e-03	-8.742925518018469832e-04
2.964999999999999858e+00	7.499937978998368407e-03	-8.481458160494578444e-04
2.970000000000000195e+00	7.499939835718592157e-03	-8.227473163010574778e-04
2.975000000000000089e+00	7.499941639237185306e-03	-7.980768672867154202e-04
2.979999999999999982e+00	7.499943390990721805e-03	-7.741147981514192060e-04
2.985000000000000320e+00	7.499945092381252003e-03	-7.508419112430520740e-04
2.990000000000000213e+00	7.499946744774877577e-03	-7.282395016429922194e-04
2.995000000000000107e+00	7.499948349504658059e-03	-7.062893172436421904e-04
3.000000000000000000e+00	7.499949907869235197e-03	-6.849735776546152927e-04
3.004999999999999893e+00	7.499951421135650151e-03	-6.642749355671242768e-04
3.009999999999999787e+00	7.499952890538003417e-03	-6.441764950382576670e-04
3.014999999999999680e+00	7.499954317280184413e-03	-6.246617741354467063e-04
3.020000000000000018e+00	7.499955702534579112e-03	-6.057147226032313014e-04
3.024999999999999911e+00	7.499957047444701617e-03	-5.873196857774455647e-04
3.029999999999999805e+00	7.499958353123951232e-03	-5.694614216404537271e-04
3.035000000000000142e+00	7.499959620658147759e-03	-5.521250659916047488e-04
3.040000000000000036e+00	7.499960851104337141e-03	-5.352961488983979440e-04
3.044999999999999929e+00	7.499962045493235689e-03	-5.189605611069674808e-04
3.049999999999999822e+00	7.499963204828074756e-03	-5.031045698978706343e-04
3.054999999999999716e+00	7.499964330086963428e-03	-4.877147867178780035e-04
3.060000000000000053e+00	7.499965422221770497e-03	-4.727781824501009044e-04
3.064999999999999947e+00	7.499966482160401286e-03	-4.582820562464398660e-04
3.069999999999999840e+00	7.499967510805722118e-03	-4.442140502227540284e-04
3.075000000000000178e+00	7.499968509037750405e-03	-4.305621194691757652e-04
3.080000000000000071e+00	7.499969477712619889e-03	-4.173145461819846862e-04
3.084999999999999964e+00	7.499970417664689193e-03	-4.044599108275142392e-04
3.089999999999999858e+00	7.499971329705546093e-03	-3.919871057229080752e-04
3.094999999999999751e+00	7.499972214626031940e-03	-3.798853073281421009e-04
3.100000000000000089e+00	7.499973073195287561e-03	-3.681439892884714299e-04
3.104999999999999982e+00	7.499973906162695284e-03	-3.567528958279257852e-04
3.109999999999999876e+00	7.499974714256965602e-03	-3.457020542666971248e-04
3.115000000000000213e+00	7.499975498188000272e-03	-3.349817494883222994e-04
3.120000000000000107e+00	7.499976258646016275e-03	-3.245825359458354175e-04
3.125000000000000000e+00	7.499976996303331714e-03	-3.144952131745738354e-04
3.129999999999999893e+00	7.499977711813524475e-03	-3.047108373008469576e-04
3.134999999999999787e+00	7.499978405813148737e-03	-2.952206975712629695e-04
3.140000000000000124e+00	7.499979078920926585e-03	-2.860163273783660550e-04
3.145000000000000018e+00	7.499979731739392537e-03	-2.770894817772902655e-04
3.149999999999999911e+00	7.499980364854117246e-03	-2.684321480425171363e-04
3.155000000000000249e+00	7.499980978835284369e-03	-2.600365241424384380e-04
3.160000000000000142e+00	7.499981574236950707e-03	-2.518950288416261628e-04
3.165000000000000036e+00	7.499982151598547607e-03	-2.440002811035036419e-04
3.169999999999999929e+00	7.499982711444180133e-03	-2.363451097527589928e-04
3.174999999999999822e+00	7.499983254284059951e-03	-2.289225337765183211e-04
3.180000000000000160e+00	7.499983780613834854e-03	-2.217257715610895233e-04
3.185000000000000053e+00	7.499984290915960930e-03	-2.147482220621076728e-04
3.189999999999999947e+00	7.499984785659059849e-03	-2.079834736300027211e-04
3.195000000000000284e+00	7.499985265299229445e-03	-2.014252860197225312e-04
3.200000000000000178e+00	7.499985730279433091e-03	-1.950675988191710557e-04
3.205000000000000071e+00	7.499986181030748704e-03	-1.889045142692717997e-04
3.209999999999999964e+00	7.499986617971785875e-03	-1.829303053094565208e-04
3.214999999999999858e+00	7.499987041509879361e-03	-1.771393991793756835e-04
3.220000000000000195e+00	7.499987452040529634e-03	-1.715263850952010861e-04
3.225000000000000089e+00	7.499987849948548668e-03	-1.660859986045299112e-04
3.229999999999999982e+00	7.499988235607517838e-03	-1.608131289072635460e-04
3.235000000000000320e+00	7.499988609380886864e-03	-1.557028039358287911e-04
3.240000000000000213e+00	7.499988971621455135e-03	-1.507501973339430551e-04
3.245000000000000107e+00	7.499989322672416872e-03	-1.459506142346469202e-04
3.250000000000000000e+00	7.499989662866871076e-03	-1.412994979101636509e-04
3.254999999999999893e+00	7.499989992528813786e-03	-1.367924162208890813e-04
3.259999999999999787e+00	7.499990311972675773e-03	-1.324250679492506438e-04
3.264999999999999680e+00	7.499990621504261899e-03	-1.281932698932550675e-04
3.270000000000000018e+00	7.499990921420313962e-03	-1.240929628969148889e-04
3.274999999999999911e+00	7.499991212009407548e-03	-1.201201995627366922e-04
3.279999999999999805e+00	7.499991493551529630e-03	-1.162711499908860294e-04
3.285000000000000142e+00	7.499991766318937249e-03	-1.125420900856299357e-04
3.290000000000000036e+00	7.499992030575755933e-03	-1.089294070151595453e-04
3.294999999999999929e+00	7.499992286578795880e-03	-1.054295880875081849e-04
3.299999999999999822e+00	7.499992534577162515e-03	-1.020392259428073815e-04
3.304999999999999716e+00	7.499992774813044917e-03	-9.875500797479313381e-05
3.310000000000000053e+00	7.499993007521339392e-03	-9.557372126677502594e-05
3.314999999999999947e+00	7.499993232930396263e-03	-9.249224253584291215e-05
3.319999999999999840e+00	7.499993451261670330e-03	-8.950754282338522193e-05
3.325000000000000178e+00	7.499993662730421694e-03	-8.661667793952629291e-05
3.330000000000000071e+00	7.499993867545387896e-03	-8.381679291895461476e-05
3.334999999999999964e+00	7.499994065909450051e-03	-8.110511294392503583e-05
3.339999999999999858e+00	7.499994258019321465e-03	-7.847894757558831048e-05
3.344999999999999751e+00	7.499994444066178205e-03	-7.593568213460368227e-05
3.350000000000000089e+00	7.499994624235365066e-03	-7.347278171799761538e-05
3.354999999999999982e+00	7.499994798706994918e-03	-7.108778301692104246e-05
3.359999999999999876e+00	7.499994967655666811e-03	-6.877829812863050433e-05
3.365000000000000213e+00	7.499995131251040170e-03	-6.654200679189514506e-05
3.370000000000000107e+00	7.499995289657559842e-03	-6.437666000340874555e-05
3.375000000000000000e+00	7.499995443035003401e-03	-6.228007265192121548e-05
3.379999999999999893e+00	7.499995591538228742e-03	-6.025012694794273899e-05
3.384999999999999787e+00	7.499995735317680629e-03	-5.828476543832393665e-05
3.390000000000000124e+00	7.499995874519157363e-03	-5.638199425790886777e-05
3.395000000000000018e+00	7.499996009284293046e-03	-5.453987650697322424e-05
3.399999999999999911e+00	7.499996139750329457e-03	-5.275653533319878488e-05
3.405000000000000249e+00	7.499996266050582699e-03	-5.103014765497986108e-05
3.410000000000000142e+00	7.499996388314219414e-03	-4.935894708157984506e-05
3.415000000000000036e+00	7.499996506666700008e-03	-4.774121796614947901e-05
3.419999999999999929e+00	7.499996621229572218e-03	-4.617529817184808338e-05
3.424999999999999822e+00	7.499996732120883108e-03	-4.465957343879701705e-05
3.430000000000000160e+00	7.499996839454989121e-03	-4.319248000347524966e-05
3.435000000000000053e+00	7.499996943342945518e-03	-4.177249926458814679e-05
3.439999999999999947e+00	7.499997043892322503e-03	-4.039816026287426230e-05
3.445000000000000284e+00	7.499997141207576448e-03	-3.906803463143804320e-05
3.450000000000000178e+00	7.499997235389880765e-03	-3.778073894275576751e-05
3.455000000000000071e+00	7.499997326537471108e-03	-3.653492992970087684e-05
3.459999999999999964e+00	7.499997414745484051e-03	-3.532930670619464843e-05
3.464999999999999858e+00	7.499997500106288413e-03	-3.416260624555234445e-05
3.470000000000000195e+00	7.499997582709333477e-03	-3.303360548109300491e-05
3.475000000000000089e+00	7.499997662641456897e-03	-3.194111702914540559e-05
3.479999999999999982e+00	7.499997739986742455e-03	-3.088399117548879403e-05
3.485000000000000320e+00	7.499997814826818432e-03	-2.986111183088649811e-05
3.490000000000000213e+00	7.499997887240712757e-03	-2.887139840917380426e-05
3.495000000000000107e+00	7.499997957305140975e-03	-2.791380200354124733e-05
3.500000000000000000e+00	7.499998025094370066e-03	-2.698730716173785885e-05
3.504999999999999893e+00	7.499998090680487332e-03	-2.609092827200462522e-05
3.509999999999999787e+00	7.499998154133271158e-03	-2.522371124060855560e-05
3.514999999999999680e+00	7.499998215520451220e-03	-2.438473007684624003e-05
3.520000000000000018e+00	7.499998274907580115e-03	-2.357308847776604739e-05
3.524999999999999911e+00	7.499998332358280562e-03	-2.278791660205896688e-05
3.529999999999999805e+00	7.499998387934129172e-03	-2.202837256689448679e-05
3.535000000000000142e+00	7.499998441694880232e-03	-2.129363940093041352e-05
3.540000000000000036e+00	7.499998493698362481e-03	-2.058292645774614926e-05
3.544999999999999929e+00	7.499998544000692491e-03	-1.989546653875676283e-05
3.549999999999999822e+00	7.499998592656173177e-03	-1.923051722755376967e-05
3.554999999999999716e+00	7.499998639717493296e-03	-1.858735817383461958e-05
3.560000000000000053e+00	7.499998685235636370e-03	-1.796529235285362113e-05
3.564999999999999947e+00	7.499998729260068039e-03	-1.736364350195901093e-05
3.569999999999999840e+00	7.499998771838649325e-03	-1.678175730910125350e-05
3.575000000000000178e+00	7.499998813017810968e-03	-1.621899899392533617e-05
3.580000000000000071e+00	7.499998852842476235e-03	-1.567475442897972967e-05
3.584999999999999964e+00	7.499998891356222247e-03	-1.514842785782576927e-05
3.589999999999999858e+00	7.499998928601205386e-03	-1.463944295259568431e-05
3.594999999999999751e+00	7.499998964618320024e-03	-1.414724066171534882e-05
3.600000000000000089e+00	7.499998999447123928e-03	-1.367128020719148171e-05
3.604999999999999982e+00	7.499999033125987445e-03	-1.321103705507336964e-05
3.609999999999999876e+00	7.499999065692021516e-03	-1.276600385572878498e-05
3.615000000000000213e+00	7.499999097181223387e-03	-1.233568853041947021e-05
3.620000000000000107e+00	7.499999127628406356e-03	-1.191961515762748964e-05
3.625000000000000000e+00	7.499999157067335949e-03	-1.151732216952340970e-05
3.629999999999999893e+00	7.499999185530664865e-03	-1.112836318724853431e-05
3.634999999999999787e+00	7.499999213050062216e-03	-1.075230532131798346e-05
3.640000000000000124e+00	7.499999239656148474e-03	-1.038872995859333789e-05
3.645000000000000018e+00	7.499999265378621237e-03	-1.003723116087928263e-05
3.649999999999999911e+00	7.499999290246194515e-03	-9.697416406420809472e-06
3.655000000000000249e+00	7.499999314286712356e-03	-9.368905081355869351e-06
3.660000000000000142e+00	7.499999337527095931e-03	-9.051329178052429456e-06
3.665000000000000036e+00	7.499999359993450229e-03	-8.744331874324711429e-06
3.669999999999999929e+00	7.499999381711012006e-03	-8.447568191079136317e-06
3.674999999999999822e+00	7.499999402704249536e-03	-8.160703654407564704e-06
3.680000000000000160e+00	7.499999422996819244e-03	-7.883414914743910371e-06
3.685000000000000053e+00	7.499999442611655909e-03	-7.615388487370174810e-06
3.689999999999999947e+00	7.499999461570927561e-03	-7.356321335182828862e-06
3.695000000000000284e+00	7.499999479896127426e-03	-7.105919683108855116e-06
3.700000000000000178e+00	7.499999497608028816e-03	-6.863899566616639093e-06
3.705000000000000071e+00	7.499999514726772738e-03	-6.629985715992481215e-06
3.709999999999999964e+00	7.499999531271821923e-03	-6.403912072494809080e-06
3.714999999999999858e+00	7.499999547262046692e-03	-6.185420738433423105e-06
3.720000000000000195e+00	7.499999562715681592e-03	-5.974262462783506442e-06
3.725000000000000089e+00	7.499999577650400852e-03	-5.770195653520935898e-06
3.729999999999999982e+00	7.499999592083288029e-03	-5.572986834401113444e-06
3.735000000000000320e+00	7.499999606030896722e-03	-5.382409715909976076e-06
3.740000000000000213e+00	7.499999619509228020e-03	-5.198245624931630322e-06
3.745000000000000107e+00	7.499999632533786882e-03	-5.020282630991445199e-06
3.750000000000000000e+00	7.499999645119555247e-03	-4.848315950213357719e-06
3.754999999999999893e+00	7.499999657281055353e-03	-4.682147123880031208e-06
3.759999999999999787e+00	7.499999669032314173e-03	-4.521584398177035378e-06
3.764999999999999680e+00	7.499999680386931072e-03	-4.366441951896949927e-06
3.770000000000000018e+00	7.499999691358037908e-03	-4.216540253414889021e-06
3.774999999999999911e+00	7.499999701958364948e-03	-4.071705334779601069e-06
3.779999999999999805e+00	7.499999712200209646e-03	-3.931769127226296410e-06
3.785000000000000142e+00	7.499999722095486952e-03	-3.796568778974983021e-06
3.790000000000000036e+00	7.499999731655707623e-03	-3.665946970518669873e-06
3.794999999999999929e+00	7.499999740892025063e-03	-3.539751273546426177e-06
3.799999999999999822e+00	7.499999749815211905e-03	-3.417834447159151811e-06
3.804999999999999716e+00	7.499999758435706848e-03	-3.300053835640675712e-06
3.810000000000000053e+00	7.499999766763592104e-03	-3.186271646731405484e-06
3.814999999999999947e+00	7.499999774808635035e-03	-3.076354385874336962e-06
3.819999999999999840e+00	7.499999782580270800e-03	-2.970173117608858457e-06
3.825000000000000178e+00	7.499999790087637057e-03	-2.867602934227754167e-06
3.830000000000000071e+00	7.499999797339562679e-03	-2.768523201251041543e-06
3.834999999999999964e+00	7.499999804344598987e-03	-2.672817058445096222e-06
3.839999999999999858e+00	7.499999811111002397e-03	-2.580371650288326383e-06
3.844999999999999751e+00	7.499999817646771719e-03	-2.491077657536039626e-06
3.850000000000000089e+00	7.499999823959633410e-03	-2.404829513586357342e-06
3.854999999999999982e+00	7.499999830057067600e-03	-2.321524964680154387e-06
3.859999999999999876e+00	7.499999835946302013e-03	-2.241065273051307480e-06
3.865000000000000213e+00	7.499999841634332788e-03	-2.163354804095599806e-06
3.870000000000000107e+00	7.499999847127917542e-03	-2.088301216996303601e-06
3.875000000000000000e+00	7.499999852433599651e-03	-2.015815077362893680e-06
3.879999999999999893e+00	7.499999857557699580e-03	-1.945810036067840195e-06
3.884999999999999787e+00	7.499999862506335699e-03	-1.878202465786863345e-06
3.890000000000000124e+00	7.499999867285415608e-03	-1.812911628810306527e-06
3.895000000000000018e+00	7.499999871900662161e-03	-1.749859336009088082e-06
3.899999999999999911e+00	7.499999876357598717e-03	-1.688970104237515684e-06
3.905000000000000249e+00	7.499999880661573429e-03	-1.630170836503674755e-06
3.910000000000000142e+00	7.499999884817750567e-03	-1.573390969599673919e-06
3.915000000000000036e+00	7.499999888831131341e-03	-1.518562173986591427e-06
3.919999999999999929e+00	7.499999892706541750e-03	-1.465618492393249604e-06
3.924999999999999822e+00	7.499999896448655140e-03	-1.414496058357958520e-06
3.930000000000000160e+00	7.499999900061982659e-03	-1.365133226137656087e-06
3.935000000000000053e+00	7.499999903550892341e-03	-1.317470306860333644e-06
3.939999999999999947e+00	7.499999906919600431e-03	-1.271449690279355973e-06
3.945000000000000284e+00	7.499999910172189602e-03	-1.227015597354721517e-06
3.950000000000000178e+00	7.499999913312598541e-03	-1.184114194450914231e-06
3.955000000000000071e+00	7.499999916344641908e-03	-1.142693361444348441e-06
3.959999999999999964e+00	7.499999919271999917e-03	-1.102702798747123326e-06
3.964999999999999858e+00	7.499999922098237425e-03	-1.064093809912106883e-06
3.970000000000000195e+00	7.499999924826791786e-03	-1.026819401927893283e-06
3.975000000000000089e+00	7.499999927460995405e-03	-9.908340815482536883e-07
3.979999999999999982e+00	7.499999930004058388e-03	-9.560939492292702312e-07
3.985000000000000320e+00	7.499999932459091093e-03	-9.225565082492474476e-07
3.990000000000000213e+00	7.499999934829094592e-03	-8.901807528058233344e-07
3.995000000000000107e+00	7.499999937116975414e-03	-8.589269891943305460e-07
4.000000000000000000e+00	7.499999939325535138e-03	-8.287569182729858095e-07
4.004999999999999893e+00	7.499999941457486871e-03	-7.996334679015542322e-07
4.009999999999999787e+00	7.499999943515448311e-03	-7.715208702551173723e-07
4.014999999999999680e+00	7.499999945501954757e-03	-7.443845048974764382e-07
4.019999999999999574e+00	7.499999947419448698e-03	-7.181909711783491689e-07
4.025000000000000355e+00	7.499999949270296298e-03	-6.929079412081699646e-07
4.030000000000000249e+00	7.499999951056781321e-03	-6.685042276769762779e-07
4.035000000000000142e+00	7.499999952781111201e-03	-6.449496461876539567e-07
4.040000000000000036e+00	7.499999954445418782e-03	-6.222150787690157155e-07
4.044999999999999929e+00	7.499999956051765782e-03	-6.002723449974211528e-07
4.049999999999999822e+00	7.499999957602141928e-03	-5.790942614207265897e-07
4.054999999999999716e+00	7.499999959098471031e-03	-5.586545208928047295e-07
4.059999999999999609e+00	7.499999960542612712e-03	-5.389277482048708060e-07
4.064999999999999503e+00	7.499999961936363278e-03	-5.198893871887130430e-07
4.070000000000000284e+00	7.499999963281455719e-03	-5.015157527549506748e-07
4.075000000000000178e+00	7.499999964579569245e-03	-4.837839251725202350e-07
4.080000000000000071e+00	7.499999965832318885e-03	-4.666717988037047701e-07
4.084999999999999964e+00	7.499999967041271962e-03	-4.501579831554927411e-07
4.089999999999999858e+00	7.499999968207939419e-03	-4.342218485376129365e-07
4.094999999999999751e+00	7.499999969333781026e-03	-4.188434334774998648e-07
4.099999999999999645e+00	7.499999970420205379e-03	-4.040034873811898809e-07
4.105000000000000426e+00	7.499999971468575971e-03	-3.896833838774917449e-07
4.110000000000000320e+00	7.499999972480208589e-03	-3.758651607458149014e-07
4.115000000000000213e+00	7.499999973456373918e-03	-3.625314389275053450e-07
4.120000000000000107e+00	7.499999974398299275e-03	-3.496654598761942522e-07
4.125000000000000000e+00	7.499999975307172946e-03	-3.372510097176392278e-07
4.129999999999999893e+00	7.499999976184136379e-03	-3.252724541750033150e-07
4.134999999999999787e+00	7.499999977030298061e-03	-3.137146676371739272e-07
4.139999999999999680e+00	7.499999977846725716e-03	-3.025630659205602031e-07
4.144999999999999574e+00	7.499999978634451503e-03	-2.918035399190464498e-07
4.150000000000000355e+00	7.499999979394471154e-03	-2.814224861277669855e-07
4.155000000000000249e+00	7.499999980127749176e-03	-2.714067446336551974e-07
4.160000000000000142e+00	7.499999980835212778e-03	-2.617436277095301594e-07
4.165000000000000036e+00	7.499999981517760546e-03	-2.524208618390296303e-07
4.169999999999999929e+00	7.499999982176258975e-03	-2.434266144082711008e-07
4.174999999999999822e+00	7.499999982811546805e-03	-2.347494394811701261e-07
4.179999999999999716e+00	7.499999983424429813e-03	-2.263783028429010685e-07
4.185000000000000497e+00	7.499999984015690360e-03	-2.183025312560307552e-07
4.190000000000000391e+00	7.499999984586081317e-03	-2.105118357936589227e-07
4.195000000000000284e+00	7.499999985136330399e-03	-2.029962644771402020e-07
4.200000000000000178e+00	7.499999985667141038e-03	-1.957462241526771096e-07
4.205000000000000071e+00	7.499999986179192377e-03	-1.887524361770647087e-07
4.209999999999999964e+00	7.499999986673139274e-03	-1.820059568146479077e-07
4.214999999999999858e+00	7.499999987149613169e-03	-1.754981358292988708e-07
4.219999999999999751e+00	7.499999987609226419e-03	-1.692206355655992127e-07
4.224999999999999645e+00	7.499999988052568831e-03	-1.631653922492636495e-07
4.230000000000000426e+00	7.499999988480207658e-03	-1.573246338516760176e-07
4.235000000000000320e+00	7.499999988892696277e-03	-1.516908439642816213e-07
4.240000000000000213e+00	7.499999989290562045e-03	-1.462567783721198902e-07
4.245000000000000107e+00	7.499999989674318440e-03	-1.410154313671636074e-07
4.250000000000000000e+00	7.499999990044461592e-03	-1.359600512407289152e-07
4.254999999999999893e+00	7.499999990401466816e-03	-1.310841087407850840e-07
4.259999999999999787e+00	7.499999990745795549e-03	-1.263813116563183326e-07
4.264999999999999680e+00	7.499999991077894480e-03	-1.218455753139805136e-07
4.269999999999999574e+00	7.499999991398191221e-03	-1.174710361636262167e-07
4.275000000000000355e+00	7.499999991707102971e-03	-1.132520242428666947e-07
4.280000000000000249e+00	7.499999992005026983e-03	-1.091830758392391984e-07
4.285000000000000142e+00	7.499999992292351834e-03	-1.052589078573440082e-07
4.290000000000000036e+00	7.499999992569448756e-03	-1.014744295927672292e-07
4.294999999999999929e+00	7.499999992836680306e-03	-9.782471870737999175e-08
4.299999999999999822e+00	7.499999993094390825e-03	-9.430503234295867065e-08
4.304999999999999716e+00	7.499999993342918586e-03	-9.091078472131551970e-08
4.309999999999999609e+00	7.499999993582585379e-03	-8.763755743024789878e-08
4.314999999999999503e+00	7.499999993813706058e-03	-8.448107848246626657e-08
4.320000000000000284e+00	7.499999994036578993e-03	-8.143723197800215508e-08
4.325000000000000178e+00	7.499999994251498221e-03	-7.850203856096530669e-08
4.330000000000000071e+00	7.499999994458742165e-03	-7.567166444520741544e-08
4.334999999999999964e+00	7.499999994658583177e-03	-7.294240311902444609e-08
4.339999999999999858e+00	7.499999994851283200e-03	-7.031068378119928503e-08
4.344999999999999751e+00	7.499999995037093768e-03	-6.777305433671469924e-08
4.349999999999999645e+00	7.499999995216258611e-03	-6.532618922531380416e-08
4.355000000000000426e+00	7.499999995389014518e-03	-6.296687349723536553e-08
4.360000000000000320e+00	7.499999995555586135e-03	-6.069201014435592917e-08
4.365000000000000213e+00	7.499999995716193774e-03	-5.849860532039179030e-08
4.370000000000000107e+00	7.499999995871049069e-03	-5.638377512190927807e-08
4.375000000000000000e+00	7.499999996020355851e-03	-5.434473176916672202e-08
4.379999999999999893e+00	7.499999996164309277e-03	-5.237878997614462856e-08
4.384999999999999787e+00	7.499999996303101032e-03	-5.048335404534022758e-08
4.389999999999999680e+00	7.499999996436913265e-03	-4.865592378497496687e-08
4.394999999999999574e+00	7.499999996565923782e-03	-4.689408247791751794e-08
4.400000000000000355e+00	7.499999996690301721e-03	-4.519550248784561826e-08
4.405000000000000249e+00	7.499999996810212746e-03	-4.355793394849346584e-08
4.410000000000000142e+00	7.499999996925814719e-03	-4.197920995162106703e-08
4.415000000000000036e+00	7.499999997037262028e-03	-4.045723605972908946e-08
4.419999999999999929e+00	7.499999997144702127e-03	-3.898999513143267517e-08
4.424999999999999822e+00	7.499999997248277261e-03	-3.757553760374477562e-08
4.429999999999999716e+00	7.499999997348124475e-03	-3.621198596595115068e-08
4.435000000000000497e+00	7.499999997444378209e-03	-3.489752560751296407e-08
4.440000000000000391e+00	7.499999997537164231e-03	-3.363040904444856880e-08
4.445000000000000284e+00	7.499999997626608308e-03	-3.240894741139751884e-08
4.450000000000000178e+00	7.499999997712828402e-03	-3.123151435572512668e-08
4.455000000000000071e+00	7.499999997795939004e-03	-3.009653811145135086e-08
4.459999999999999964e+00	7.499999997876052871e-03	-2.900250518633898593e-08
4.464999999999999858e+00	7.499999997953274954e-03	-2.794795294956705093e-08
4.469999999999999751e+00	7.499999998027709336e-03	-2.693147305439606873e-08
4.474999999999999645e+00	7.499999998099456631e-03	-2.595170450343419895e-08
4.480000000000000426e+00	7.499999998168611383e-03	-2.500733682680069984e-08
4.485000000000000320e+00	7.499999998235266398e-03	-2.409710368091865284e-08
4.490000000000000213e+00	7.499999998299511014e-03	-2.321978579160887474e-08
4.495000000000000107e+00	7.499999998361431969e-03	-2.237420499002868004e-08
4.500000000000000000e+00	7.499999998421112528e-03	-2.155922695803384949e-08
4.504999999999999893e+00	7.499999998478632489e-03	-2.077375563899757502e-08
4.509999999999999787e+00	7.499999998534069047e-03	-2.001673580956366537e-08
4.514999999999999680e+00	7.499999998587496795e-03	-1.928714785853602836e-08
4.519999999999999574e+00	7.499999998638987725e-03	-1.858401019293312748e-08
4.525000000000000355e+00	7.499999998688610357e-03	-1.790637440340268213e-08
4.530000000000000249e+00	7.499999998736433214e-03	-1.725332749535960201e-08
4.535000000000000142e+00	7.499999998782521347e-03	-1.662398735365186569e-08
4.540000000000000036e+00	7.499999998826934605e-03	-1.601750483020318902e-08
4.544999999999999929e+00	7.499999998869733703e-03	-1.543305956297300930e-08
4.549999999999999822e+00	7.499999998910976753e-03	-1.486986184108147093e-08
4.554999999999999716e+00	7.499999998950721003e-03	-1.432714873608562776e-08
4.559999999999999609e+00	7.499999998989018493e-03	-1.380418594122017886e-08
4.564999999999999503e+00	7.499999999025922133e-03	-1.330026405927302449e-08
4.570000000000000284e+00	7.499999999061480495e-03	-1.281470029229463031e-08
4.575000000000000178e+00	7.499999999095743018e-03	-1.234683504677853767e-08
4.580000000000000071e+00	7.499999999128756541e-03	-1.189603348451363893e-08
4.584999999999999964e+00	7.499999999160566165e-03	-1.146168237367901861e-08
4.589999999999999858e+00	7.499999999191213525e-03	-1.104319157381286459e-08
4.594999999999999751e+00	7.499999999220741120e-03	-1.063999103341375580e-08
4.599999999999999645e+00	7.499999999249188851e-03	-1.025153218615325580e-08
4.605000000000000426e+00	7.499999999276596614e-03	-9.877285166309727371e-09
4.610000000000000320e+00	7.499999999303000840e-03	-9.516740074221936939e-09
4.615000000000000213e+00	7.499999999328437958e-03	-9.169404454650192650e-09
4.620000000000000107e+00	7.499999999352941794e-03	-8.834804470774980958e-09
4.625000000000000000e+00	7.499999999376547044e-03	-8.512482470530167347e-09
4.629999999999999893e+00	7.499999999399284932e-03	-8.201998132588233403e-09
4.634999999999999787e+00	7.499999999421187551e-03	-7.902926237245427686e-09
4.639999999999999680e+00	7.499999999442284390e-03	-7.614857684148757771e-09
4.644999999999999574e+00	7.499999999462604941e-03	-7.337397439717550997e-09
4.650000000000000355e+00	7.499999999482175224e-03	-7.070165476893890400e-09
4.655000000000000249e+00	7.499999999501023862e-03	-6.812794837576860067e-09
4.660000000000000142e+00	7.499999999519176008e-03	-6.564932539507240792e-09
4.665000000000000036e+00	7.499999999536657684e-03	-6.326237793691414813e-09
4.669999999999999929e+00	7.499999999553491441e-03	-6.096382794015704015e-09
4.674999999999999822e+00	7.499999999569700697e-03	-5.875051117449526637e-09
4.679999999999999716e+00	7.499999999585308004e-03	-5.661938446373259603e-09
4.685000000000000497e+00	7.499999999600335046e-03	-5.456750987628914760e-09
4.690000000000000391e+00	7.499999999614802640e-03	-5.259206237963783955e-09
4.695000000000000284e+00	7.499999999628731602e-03	-5.069031531565385761e-09
4.700000000000000178e+00	7.499999999642138412e-03	-4.885964714832427232e-09
4.705000000000000071e+00	7.499999999655043020e-03	-4.709752766811260025e-09
4.709999999999999964e+00	7.499999999667464508e-03	-4.540152453596503794e-09
4.714999999999999858e+00	7.499999999679418487e-03	-4.376929052718578516e-09
4.719999999999999751e+00	7.499999999690922306e-03	-4.219856988489009830e-09
4.724999999999999645e+00	7.499999999701991577e-03	-4.068718602283151207e-09
4.730000000000000426e+00	7.499999999712641911e-03	-3.923304760226403464e-09
4.735000000000000320e+00	7.499999999722886321e-03	-3.783413733197822901e-09
4.740000000000000213e+00	7.499999999732741285e-03	-3.648851697484403543e-09
4.745000000000000107e+00	7.499999999742220681e-03	-3.519431688618901195e-09
4.750000000000000000e+00	7.499999999751335786e-03	-3.394974150468088679e-09
4.754999999999999893e+00	7.499999999760100476e-03	-3.275305992275632241e-09
4.759999999999999787e+00	7.499999999768526028e-03	-3.160260989837958284e-09
4.764999999999999680e+00	7.499999999776624585e-03	-3.049678926566795293e-09
4.769999999999999574e+00	7.499999999784408289e-03	-2.943406000787612262e-09
4.775000000000000355e+00	7.499999999791886682e-03	-2.841294014472411400e-09
4.780000000000000249e+00	7.499999999799071039e-03	-2.743200759799179441e-09
4.785000000000000142e+00	7.499999999805971769e-03	-2.648989253840302770e-09
4.790000000000000036e+00	7.499999999812596678e-03	-2.558528122791760370e-09
4.794999999999999929e+00	7.499999999818957042e-03	-2.471690870754158060e-09
4.799999999999999822e+00	7.499999999825059799e-03	-2.388356256398287797e-09
4.804999999999999716e+00	7.499999999830915358e-03	-2.308407580448379731e-09
4.809999999999999609e+00	7.499999999836531525e-03	-2.231733056188827045e-09
4.814999999999999503e+00	7.499999999841915239e-03	-2.158225173796953908e-09
4.820000000000000284e+00	7.499999999847075174e-03	-2.087780997061216614e-09
4.825000000000000178e+00	7.499999999852017402e-03	-2.020301601783435973e-09
4.830000000000000071e+00	7.499999999856748860e-03	-1.955692371029556456e-09
4.834999999999999964e+00	7.499999999861278223e-03	-1.893862443928153369e-09
4.839999999999999858e+00	7.499999999865608960e-03	-1.834724982624717603e-09
4.844999999999999751e+00	7.499999999869748878e-03	-1.778196657191424585e-09
4.849999999999999645e+00	7.499999999873704047e-03	-1.724197939355909433e-09
4.855000000000000426e+00	7.499999999877479673e-03	-1.672652663047095633e-09
4.860000000000000320e+00	7.499999999881080959e-03	-1.623488225465623894e-09
4.865000000000000213e+00	7.499999999884512242e-03	-1.576635080445975926e-09
4.870000000000000107e+00	7.499999999887778726e-03	-1.532027091734114666e-09
4.875000000000000000e+00	7.499999999890886483e-03	-1.489601037100047033e-09
4.879999999999999893e+00	7.499999999893838115e-03	-1.449296889834468701e-09
4.884999999999999787e+00	7.499999999896638826e-03	-1.411057446459430507e-09
4.889999999999999680e+00	7.499999999899292953e-03	-1.374828478024539409e-09
4.894999999999999574e+00	7.499999999901803098e-03	-1.340558364146468129e-09
4.900000000000000355e+00	7.499999999904173598e-03	-1.308198383508185176e-09
4.905000000000000249e+00	7.499999999906407054e-03	-1.277702306746674451e-09
4.910000000000000142e+00	7.499999999908506937e-03	-1.249026652296597017e-09
4.915000000000000036e+00	7.499999999910476715e-03	-1.222130281651939864e-09
4.919999999999999929e+00	7.499999999912318992e-03	-1.196974695658414034e-09
4.924999999999999822e+00	7.499999999914037235e-03	-1.173523633681454104e-09
4.929999999999999716e+00	7.499999999915632314e-03	-1.151743336674934927e-09
4.935000000000000497e+00	7.499999999917106829e-03	-1.131602248536374417e-09
4.940000000000000391e+00	7.499999999918464250e-03	-1.113071215667627086e-09
4.945000000000000284e+00	7.499999999919706312e-03	-1.096123170550872709e-09
4.950000000000000178e+00	7.499999999920833882e-03	-1.080733353246359114e-09
4.955000000000000071e+00	7.499999999921847828e-03	-1.066879059885544767e-09
4.959999999999999964e+00	7.499999999922751619e-03	-1.054539847364917428e-09
4.964999999999999858e+00	7.499999999923546122e-03	-1.043697221563977316e-09
4.969999999999999751e+00	7.499999999924231338e-03	-1.034334869598955197e-09
4.974999999999999645e+00	7.499999999924810735e-03	-1.026438424248296246e-09
4.980000000000000426e+00	7.499999999925282580e-03	-1.019995673661835450e-09
4.985000000000000320e+00	7.499999999925647740e-03	-1.014996261909305318e-09
4.990000000000000213e+00	7.499999999925908815e-03	-1.011431938610778543e-09
4.995000000000000107e+00	7.499999999926066675e-03	-1.009296314873383508e-09
5.000000000000000000e+00	7.499999999926117850e-03	-1.008585103921048294e-09
