# coordinate_x	h	p	@time=831.29
0.000000000000000000e+00	2.699875182720395950e-01	5.715614687169131569e-01
5.000000000000000104e-03	2.699839506039614090e-01	5.715614686317963544e-01
1.000000000000000021e-02	2.699732476008953053e-01	5.715614683764018711e-01
1.499999999999999944e-02	2.699554092640996106e-01	5.715614679506817453e-01
2.000000000000000042e-02	2.699304355966309354e-01	5.715614673545201807e-01
2.500000000000000139e-02	2.698983266019941984e-01	5.715614665877839506e-01
2.999999999999999889e-02	2.698590822854518012e-01	5.715614656502735480e-01
3.500000000000000333e-02	2.698127026527086247e-01	5.715614645417721462e-01
4.000000000000000083e-02	2.697591877112307523e-01	5.715614632619961943e-01
4.499999999999999833e-02	2.696985374689296333e-01	5.715614618106451550e-01
5.000000000000000278e-02	2.696307519354848581e-01	5.715614601873508782e-01
5.500000000000000028e-02	2.695558311210259350e-01	5.715614583917282276e-01
5.999999999999999778e-02	2.694737750374589513e-01	5.715614564233236772e-01
6.500000000000000222e-02	2.693845836971458518e-01	5.715614542816666033e-01
7.000000000000000666e-02	2.692882571142359294e-01	5.715614519662177706e-01
7.500000000000001110e-02	2.691847953033415508e-01	5.715614494764194031e-01
8.000000000000000167e-02	2.690741982808749211e-01	5.715614468116453351e-01
8.499999999999999223e-02	2.689564660637197568e-01	5.715614439712500827e-01
8.999999999999999667e-02	2.688315986705743788e-01	5.715614409545184404e-01
9.500000000000000111e-02	2.686995961206181671e-01	5.715614377607158847e-01
1.000000000000000056e-01	2.685604584348620372e-01	5.715614343890371707e-01
1.050000000000000100e-01	2.684141856348087884e-01	5.715614308386568476e-01
1.100000000000000006e-01	2.682607777438118513e-01	5.715614271086778553e-01
1.149999999999999911e-01	2.681002347857286972e-01	5.715614231981819282e-01
1.199999999999999956e-01	2.679325567862885782e-01	5.715614191061783034e-01
1.250000000000000000e-01	2.677577437717384989e-01	5.715614148316539023e-01
1.300000000000000044e-01	2.675757957702205592e-01	5.715614103735218166e-01
1.350000000000000089e-01	2.673867128104095436e-01	5.715614057306720452e-01
1.400000000000000133e-01	2.671904949229010895e-01	5.715614009019195363e-01
1.450000000000000178e-01	2.669871421388401167e-01	5.715613958860544797e-01
1.499999999999999944e-01	2.667766544913204863e-01	5.715613906817906820e-01
1.549999999999999989e-01	2.665590320140030500e-01	5.715613852878164147e-01
1.600000000000000033e-01	2.663342747425282986e-01	5.715613797027413456e-01
1.650000000000000078e-01	2.661023827131233643e-01	5.715613739251483860e-01
1.700000000000000122e-01	2.658633559640279365e-01	5.715613679535405112e-01
1.749999999999999889e-01	2.656171945340896068e-01	5.715613617863917195e-01
1.799999999999999933e-01	2.653638984642039955e-01	5.715613554220945192e-01
1.849999999999999978e-01	2.651034677958978292e-01	5.715613488590111091e-01
1.900000000000000022e-01	2.648359025727842209e-01	5.715613420954199775e-01
1.950000000000000067e-01	2.645612028391318704e-01	5.715613351295670830e-01
2.000000000000000111e-01	2.642793686413370535e-01	5.715613279596126750e-01
2.050000000000000155e-01	2.639904000264785000e-01	5.715613205836829191e-01
2.099999999999999922e-01	2.636942970438065359e-01	5.715613129998157182e-01
2.149999999999999967e-01	2.633910597432822520e-01	5.715613052060125598e-01
2.200000000000000011e-01	2.630806881770859085e-01	5.715612972001841152e-01
2.250000000000000056e-01	2.627631823981388393e-01	5.715612889802028640e-01
2.300000000000000100e-01	2.624385424616321183e-01	5.715612805438473609e-01
2.349999999999999867e-01	2.621067684235306450e-01	5.715612718888551935e-01
2.399999999999999911e-01	2.617678603421227379e-01	5.715612630128679150e-01
2.449999999999999956e-01	2.614218182765056242e-01	5.715612539134828918e-01
2.500000000000000000e-01	2.610686422881574043e-01	5.715612445881983472e-01
2.550000000000000044e-01	2.607083324394023904e-01	5.715612350344659864e-01
2.600000000000000089e-01	2.603408887950067196e-01	5.715612252496342638e-01
2.650000000000000133e-01	2.599663114206227643e-01	5.715612152310024507e-01
2.700000000000000178e-01	2.595846003844097805e-01	5.715612049757631263e-01
2.750000000000000222e-01	2.591957557554556146e-01	5.715611944810560230e-01
2.800000000000000266e-01	2.587997776054241639e-01	5.715611837439108500e-01
2.850000000000000311e-01	2.583966660069533239e-01	5.715611727613004733e-01
2.899999999999999800e-01	2.579864210353305376e-01	5.715611615300839610e-01
2.949999999999999845e-01	2.575690427668652638e-01	5.715611500470593187e-01
2.999999999999999889e-01	2.571445312805948902e-01	5.715611383089066466e-01
3.049999999999999933e-01	2.567128866566301681e-01	5.715611263122408747e-01
3.099999999999999978e-01	2.562741089778924897e-01	5.715611140535544754e-01
3.150000000000000022e-01	2.558281983284316774e-01	5.715611015292703101e-01
3.200000000000000067e-01	2.553751547951958467e-01	5.715610887356833425e-01
3.250000000000000111e-01	2.549149784663201634e-01	5.715610756690145955e-01
3.300000000000000155e-01	2.544476694329315669e-01	5.715610623253519762e-01
3.350000000000000200e-01	2.539732277874058863e-01	5.715610487007038998e-01
3.400000000000000244e-01	2.534916536252099784e-01	5.715610347909403366e-01
3.449999999999999734e-01	2.530029470431258143e-01	5.715610205918459918e-01
3.499999999999999778e-01	2.525071081411315865e-01	5.715610060990614638e-01
3.549999999999999822e-01	2.520041370205910458e-01	5.715609913081356463e-01
3.599999999999999867e-01	2.514940337861758524e-01	5.715609762144671091e-01
3.649999999999999911e-01	2.509767985440183313e-01	5.715609608133563890e-01
3.699999999999999956e-01	2.504524314036770671e-01	5.715609450999463714e-01
3.750000000000000000e-01	2.499209324762514117e-01	5.715609290692754696e-01
3.800000000000000044e-01	2.493823018763928479e-01	5.715609127162167846e-01
3.850000000000000089e-01	2.488365397203786689e-01	5.715608960355315071e-01
3.900000000000000133e-01	2.482836461281719420e-01	5.715608790218077440e-01
3.950000000000000178e-01	2.477236212214524169e-01	5.715608616695133648e-01
4.000000000000000222e-01	2.471564651257274203e-01	5.715608439729350509e-01
4.050000000000000266e-01	2.465821779683178283e-01	5.715608259262304758e-01
4.099999999999999756e-01	2.460007598805227513e-01	5.715608075233667984e-01
4.149999999999999800e-01	2.454122109955580999e-01	5.715607887581730662e-01
4.199999999999999845e-01	2.448165314507781132e-01	5.715607696242779312e-01
4.249999999999999889e-01	2.442137213855640754e-01	5.715607501151619418e-01
4.299999999999999933e-01	2.436037809436057966e-01	5.715607302240950371e-01
4.349999999999999978e-01	2.429867102707376769e-01	5.715607099441875061e-01
4.400000000000000022e-01	2.423625095172836641e-01	5.715606892683287032e-01
4.450000000000000067e-01	2.417311788358377789e-01	5.715606681892358987e-01
4.500000000000000111e-01	2.410927183836762688e-01	5.715606466993934376e-01
4.550000000000000155e-01	2.404471283204794307e-01	5.715606247911012572e-01
4.600000000000000200e-01	2.397944088108148464e-01	5.715606024564130472e-01
4.649999999999999689e-01	2.391345600217973932e-01	5.715605796871846556e-01
4.699999999999999734e-01	2.384675821256475314e-01	5.715605564750115830e-01
4.749999999999999778e-01	2.377934752972862831e-01	5.715605328112766115e-01
4.799999999999999822e-01	2.371122397169727336e-01	5.715605086870872986e-01
4.849999999999999867e-01	2.364238755678305659e-01	5.715604840933220521e-01
4.899999999999999911e-01	2.357283830385693557e-01	5.715604590205684010e-01
4.949999999999999956e-01	2.350257623209388025e-01	5.715604334591669611e-01
5.000000000000000000e-01	2.343160136125390369e-01	5.715604073991501499e-01
5.050000000000000044e-01	2.335991371141981354e-01	5.715603808302843758e-01
5.100000000000000089e-01	2.328751330328769353e-01	5.715603537420093083e-01
5.150000000000000133e-01	2.321440015789656697e-01	5.715603261234780685e-01
5.200000000000000178e-01	2.314057429692888690e-01	5.715602979634966108e-01
5.250000000000000222e-01	2.306603574243163979e-01	5.715602692505616922e-01
5.300000000000000266e-01	2.299078451712746884e-01	5.715602399728020311e-01
5.350000000000000311e-01	2.291482064412674047e-01	5.715602101180117245e-01
5.400000000000000355e-01	2.283814414724993080e-01	5.715601796735937379e-01
5.450000000000000400e-01	2.276075505073013594e-01	5.715601486265897702e-01
5.500000000000000444e-01	2.268265337954746552e-01	5.715601169636250756e-01
5.550000000000000488e-01	2.260383915912138886e-01	5.715600846709342209e-01
5.600000000000000533e-01	2.252431241565790165e-01	5.715600517343080167e-01
5.649999999999999467e-01	2.244407317583114458e-01	5.715600181391151668e-01
5.699999999999999512e-01	2.236312146714413418e-01	5.715599838702507540e-01
5.749999999999999556e-01	2.228145731759900439e-01	5.715599489121522270e-01
5.799999999999999600e-01	2.219908075607221754e-01	5.715599132487524381e-01
5.849999999999999645e-01	2.211599181197270725e-01	5.715598768634878590e-01
5.899999999999999689e-01	2.203219051563252706e-01	5.715598397392551711e-01
5.949999999999999734e-01	2.194767689795218968e-01	5.715598018584140405e-01
5.999999999999999778e-01	2.186245099080775522e-01	5.715597632027455965e-01
6.049999999999999822e-01	2.177651282668256472e-01	5.715597237534484343e-01
6.099999999999999867e-01	2.168986243909190315e-01	5.715596834911014223e-01
6.149999999999999911e-01	2.160249986220027507e-01	5.715596423956506023e-01
6.199999999999999956e-01	2.151442513126484712e-01	5.715596004463779911e-01
6.250000000000000000e-01	2.142563828223734701e-01	5.715595576218771567e-01
6.300000000000000044e-01	2.133613935222758717e-01	5.715595139000285707e-01
6.350000000000000089e-01	2.124592837908899912e-01	5.715594692579644143e-01
6.400000000000000133e-01	2.115500540190369816e-01	5.715594236720497046e-01
6.450000000000000178e-01	2.106337046055055673e-01	5.715593771178348881e-01
6.500000000000000222e-01	2.097102359621333956e-01	5.715593295700446275e-01
6.550000000000000266e-01	2.087796485093019738e-01	5.715592810025158510e-01
6.600000000000000311e-01	2.078419426812656290e-01	5.715592313881953102e-01
6.650000000000000355e-01	2.068971189214481032e-01	5.715591806990616419e-01
6.700000000000000400e-01	2.059451776880374396e-01	5.715591289061330293e-01
6.750000000000000444e-01	2.049861194490706362e-01	5.715590759793697240e-01
6.800000000000000488e-01	2.040199446883150802e-01	5.715590218876948070e-01
6.850000000000000533e-01	2.030466539001263560e-01	5.715589665988748402e-01
6.899999999999999467e-01	2.020662475956380710e-01	5.715589100795540611e-01
6.949999999999999512e-01	2.010787262973771639e-01	5.715588522951113859e-01
6.999999999999999556e-01	2.000840905457863250e-01	5.715587932097093704e-01
7.049999999999999600e-01	1.990823408935794847e-01	5.715587327861246791e-01
7.099999999999999645e-01	1.980734779126231693e-01	5.715586709858143655e-01
7.149999999999999689e-01	1.970575021880136557e-01	5.715586077687151434e-01
7.199999999999999734e-01	1.960344143253463511e-01	5.715585430933302069e-01
7.249999999999999778e-01	1.950042149444939643e-01	5.715584769164930856e-01
7.299999999999999822e-01	1.939669046872963265e-01	5.715584091934778899e-01
7.349999999999999867e-01	1.929224842110170701e-01	5.715583398777226432e-01
7.399999999999999911e-01	1.918709541964892518e-01	5.715582689209659506e-01
7.449999999999999956e-01	1.908123153412263351e-01	5.715581962729253673e-01
7.500000000000000000e-01	1.897465683680625570e-01	5.715581218814638209e-01
7.550000000000000044e-01	1.886737140178917638e-01	5.715580456922159103e-01
7.600000000000000089e-01	1.875937530588457358e-01	5.715579676487893002e-01
7.650000000000000133e-01	1.865066862786315116e-01	5.715578876923311791e-01
7.700000000000000178e-01	1.854125144942959935e-01	5.715578057617706209e-01
7.750000000000000222e-01	1.843112385441296464e-01	5.715577217933156540e-01
7.800000000000000266e-01	1.832028592980704251e-01	5.715576357207419189e-01
7.850000000000000311e-01	1.820873776491391538e-01	5.715575474748124662e-01
7.900000000000000355e-01	1.809647945245420053e-01	5.715574569836187058e-01
7.950000000000000400e-01	1.798351108765985640e-01	5.715573641719106091e-01
8.000000000000000444e-01	1.786983276946094712e-01	5.715572689614986102e-01
8.050000000000000488e-01	1.775544459952346776e-01	5.715571712704815566e-01
8.100000000000000533e-01	1.764034668351995849e-01	5.715570710137176658e-01
8.149999999999999467e-01	1.752453913010773023e-01	5.715569681019353476e-01
8.199999999999999512e-01	1.740802205229158017e-01	5.715568624422846522e-01
8.249999999999999556e-01	1.729079556633719150e-01	5.715567539373117567e-01
8.299999999999999600e-01	1.717285979323533163e-01	5.715566424856034500e-01
8.349999999999999645e-01	1.705421485754464450e-01	5.715565279806057442e-01
8.399999999999999689e-01	1.693486088896775654e-01	5.715564103113746075e-01
8.449999999999999734e-01	1.681479802111714994e-01	5.715562893612148310e-01
8.499999999999999778e-01	1.669402639321497239e-01	5.715561650085542178e-01
8.549999999999999822e-01	1.657254614877490262e-01	5.715560371253728400e-01
8.599999999999999867e-01	1.645035743743901435e-01	5.715559055782213349e-01
8.649999999999999911e-01	1.632746041356777644e-01	5.715557702264080220e-01
8.699999999999999956e-01	1.620385523822909235e-01	5.715556309231827337e-01
8.750000000000000000e-01	1.607954207768767796e-01	5.715554875136432678e-01
8.800000000000000044e-01	1.595452110556345449e-01	5.715553398361116200e-01
8.850000000000000089e-01	1.582879250121052295e-01	5.715551877197126984e-01
8.900000000000000133e-01	1.570235645206453368e-01	5.715550309859763756e-01
8.950000000000000178e-01	1.557521315190026900e-01	5.715548694460325097e-01
9.000000000000000222e-01	1.544736280339040757e-01	5.715547029024757864e-01
9.050000000000000266e-01	1.531880561622946946e-01	5.715545311461124323e-01
9.100000000000000311e-01	1.518954180992964642e-01	5.715543539581331434e-01
9.150000000000000355e-01	1.505957161179728443e-01	5.715541711063328867e-01
9.200000000000000400e-01	1.492889525999537281e-01	5.715539823476440962e-01
9.250000000000000444e-01	1.479751300135706271e-01	5.715537874237376359e-01
9.300000000000000488e-01	1.466542509474891287e-01	5.715535860639791021e-01
9.350000000000000533e-01	1.453263180870387472e-01	5.715533779802997039e-01
9.399999999999999467e-01	1.439913342512488537e-01	5.715531628706502776e-01
9.449999999999999512e-01	1.426493023671748794e-01	5.715529404130069713e-01
9.499999999999999556e-01	1.413002255107969340e-01	5.715527102694158978e-01
9.549999999999999600e-01	1.399441068791179021e-01	5.715524720789696422e-01
9.599999999999999645e-01	1.385809498354609592e-01	5.715522254625506893e-01
9.649999999999999689e-01	1.372107578790844884e-01	5.715519700145826887e-01
9.699999999999999734e-01	1.358335346955064638e-01	5.715517053086039967e-01
9.749999999999999778e-01	1.344492841233455305e-01	5.715514308875532246e-01
9.799999999999999822e-01	1.330580102104115259e-01	5.715511462703332102e-01
9.849999999999999867e-01	1.316597171774412656e-01	5.715508509403354198e-01
9.899999999999999911e-01	1.302544094808275599e-01	5.715505443531887497e-01
9.949999999999999956e-01	1.288420917728712034e-01	5.715502259231619586e-01
1.000000000000000000e+00	1.274227689721840195e-01	5.715498950323355531e-01
1.004999999999999893e+00	1.259964462200229562e-01	5.715495510144328328e-01
1.010000000000000009e+00	1.245631289596020319e-01	5.715491931657086244e-01
1.015000000000000124e+00	1.231228228880094783e-01	5.715488207256528286e-01
1.020000000000000018e+00	1.216755340459090423e-01	5.715484328899569366e-01
1.024999999999999911e+00	1.202212687644654276e-01	5.715480287873963006e-01
1.030000000000000027e+00	1.187600337672177625e-01	5.715476074953214081e-01
1.035000000000000142e+00	1.172918361113520491e-01	5.715471680118464626e-01
1.040000000000000036e+00	1.158166833039054738e-01	5.715467092744251909e-01
1.044999999999999929e+00	1.143345832366204351e-01	5.715462301262428380e-01
1.050000000000000044e+00	1.128455443191118540e-01	5.715457293385763915e-01
1.055000000000000160e+00	1.113495754064169202e-01	5.715452055699888900e-01
1.060000000000000053e+00	1.098466859523520162e-01	5.715446573933565810e-01
1.064999999999999947e+00	1.083368859287306141e-01	5.715440832460705334e-01
1.070000000000000062e+00	1.068201860028927391e-01	5.715434814628527205e-01
1.075000000000000178e+00	1.052965974474002753e-01	5.715428502146483458e-01
1.080000000000000071e+00	1.037661323466877450e-01	5.715421875486625947e-01
1.084999999999999964e+00	1.022288034958517139e-01	5.715414913129365226e-01
1.090000000000000080e+00	1.006846246426214980e-01	5.715407592054437824e-01
1.095000000000000195e+00	9.913361037363874195e-02	5.715399886804091167e-01
1.100000000000000089e+00	9.757577639956929727e-02	5.715391770088498191e-01
1.104999999999999982e+00	9.601113942701551551e-02	5.715383211614283310e-01
1.110000000000000098e+00	9.443971749672426530e-02	5.715374178835513908e-01
1.115000000000000213e+00	9.286152983899095825e-02	5.715364635478089594e-01
1.120000000000000107e+00	9.127659727774606324e-02	5.715354542477296684e-01
1.125000000000000000e+00	8.968494206699652305e-02	5.715343856104474485e-01
1.129999999999999893e+00	8.808658837736563219e-02	5.715332529145544793e-01
1.134999999999999787e+00	8.648156211079080502e-02	5.715320508502550467e-01
1.139999999999999902e+00	8.486989149122818599e-02	5.715307736686111584e-01
1.145000000000000018e+00	8.325160685450992692e-02	5.715294148716355549e-01
1.149999999999999911e+00	8.162674137197400981e-02	5.715279674028118650e-01
1.154999999999999805e+00	7.999533081213340557e-02	5.715264232426576774e-01
1.159999999999999920e+00	7.835741443578400633e-02	5.715247736540517431e-01
1.165000000000000036e+00	7.671303472605868479e-02	5.715230086486884353e-01
1.169999999999999929e+00	7.506223850736153114e-02	5.715211173059580041e-01
1.174999999999999822e+00	7.340507664065520910e-02	5.715190870607198548e-01
1.179999999999999938e+00	7.174160543830258863e-02	5.715169041220388157e-01
1.185000000000000053e+00	7.007188632241440063e-02	5.715145525100737700e-01
1.189999999999999947e+00	6.839598763636325907e-02	5.715120146120844513e-01
1.194999999999999840e+00	6.671398426632306478e-02	5.715092698614581135e-01
1.199999999999999956e+00	6.502595999265894933e-02	5.715062954850018695e-01
1.205000000000000071e+00	6.333200707957485631e-02	5.715030646626041433e-01
1.209999999999999964e+00	6.163222937358118353e-02	5.714995475450669327e-01
1.214999999999999858e+00	5.992674187554436482e-02	5.714957086455144664e-01
1.219999999999999973e+00	5.821567489198723605e-02	5.714915082461253792e-01
1.225000000000000089e+00	5.649917362177103719e-02	5.714868986289483033e-01
1.229999999999999982e+00	5.477740382123570673e-02	5.714818260517610105e-01
1.234999999999999876e+00	5.305055147176793856e-02	5.714762251841477569e-01
1.239999999999999991e+00	5.131883067051928871e-02	5.714700219328635589e-01
1.245000000000000107e+00	4.958248350983802261e-02	5.714631250293845666e-01
1.250000000000000000e+00	4.784179132135561729e-02	5.714554301514724877e-01
1.254999999999999893e+00	4.609707502264250717e-02	5.714468068562811309e-01
1.260000000000000009e+00	4.434871155354139921e-02	5.714371047290980332e-01
1.265000000000000124e+00	4.259713518829836426e-02	5.714261324590962365e-01
1.270000000000000018e+00	4.084286225779957397e-02	5.714136672484777524e-01
1.274999999999999911e+00	3.908649440945881348e-02	5.713994201288560282e-01
1.280000000000000027e+00	3.732875699986881041e-02	5.713830507866176633e-01
1.285000000000000142e+00	3.557050627172308327e-02	5.713641077718708550e-01
1.290000000000000036e+00	3.381279113340474041e-02	5.713420526733669069e-01
1.294999999999999929e+00	3.205686828141682959e-02	5.713161523533116792e-01
1.300000000000000044e+00	3.030430555563090600e-02	5.712855200472113371e-01
1.305000000000000160e+00	2.855701340505133537e-02	5.712489111556542376e-01
1.310000000000000053e+00	2.681742500705168800e-02	5.712047969606235398e-01
1.314999999999999947e+00	2.508856171050413003e-02	5.711509557717432406e-01
1.320000000000000062e+00	2.337435922375370387e-02	5.710846153215261012e-01
1.325000000000000178e+00	2.167980288509637615e-02	5.710015863938060487e-01
1.330000000000000071e+00	2.001153232193363454e-02	5.708965701625428046e-01
1.334999999999999964e+00	1.837810757307567835e-02	5.707612318914555560e-01
1.340000000000000080e+00	1.679109694197539540e-02	5.705849851021731478e-01
1.345000000000000195e+00	1.526549232133202552e-02	5.703506686872205078e-01
1.350000000000000089e+00	1.382126633370027100e-02	5.700370157896734735e-01
1.354999999999999982e+00	1.248333684754716379e-02	5.696100250063454995e-01
1.360000000000000098e+00	1.128157190135249330e-02	5.690318085453645036e-01
1.365000000000000213e+00	1.024710426931479436e-02	5.682504310558300631e-01
1.370000000000000107e+00	9.404432189155102068e-03	5.672252295853239534e-01
1.375000000000000000e+00	8.762704064050025332e-03	5.659284856565707234e-01
1.379999999999999893e+00	8.307106722137852853e-03	5.643687464518052366e-01
1.384999999999999787e+00	8.004843826884934857e-03	5.625900593039896425e-01
1.389999999999999902e+00	7.814883224760251976e-03	5.606455251306357024e-01
1.395000000000000018e+00	7.699999125133489414e-03	5.585949679011557034e-01
1.399999999999999911e+00	7.632497165913133298e-03	5.564772952315133470e-01
1.404999999999999805e+00	7.593265899587034289e-03	5.543243425988442219e-01
1.409999999999999920e+00	7.570794372789935688e-03	5.521525879649098467e-01
1.415000000000000036e+00	7.557874978570998555e-03	5.499740803898569563e-01
1.419999999999999929e+00	7.550497028717116990e-03	5.477945452953524308e-01
1.424999999999999822e+00	7.546227420223110618e-03	5.456180105183286999e-01
1.429999999999999938e+00	7.543748398442505845e-03	5.434463227258689022e-01
1.435000000000000053e+00	7.542268591210250436e-03	5.412807580265986962e-01
1.439999999999999947e+00	7.541363210332466434e-03	5.391218820253373956e-01
1.444999999999999840e+00	7.540777985009948850e-03	5.369700763247131636e-01
1.449999999999999956e+00	7.540376834284980186e-03	5.348254954834754660e-01
1.455000000000000071e+00	7.540078391138889044e-03	5.326882356867895796e-01
1.459999999999999964e+00	7.539839154425340140e-03	5.305583211761614182e-01
1.464999999999999858e+00	7.539633123141388157e-03	5.284357579575630348e-01
1.469999999999999973e+00	7.539446401523544443e-03	5.263205294542563362e-01
1.475000000000000089e+00	7.539270684645090446e-03	5.242126136012161819e-01
1.479999999999999982e+00	7.539101534201139362e-03	5.221119814128265535e-01
1.484999999999999876e+00	7.538936297084341924e-03	5.200186024498579807e-01
1.489999999999999991e+00	7.538773554740873378e-03	5.179324443122026445e-01
1.495000000000000107e+00	7.538612458476745375e-03	5.158534744165342856e-01
1.500000000000000000e+00	7.538452553671165512e-03	5.137816597838565924e-01
1.504999999999999893e+00	7.538293567579739882e-03	5.117169676463525496e-01
1.510000000000000009e+00	7.538135353229344707e-03	5.096593653298621129e-01
1.515000000000000124e+00	7.537977821696220139e-03	5.076088204885161881e-01
1.520000000000000018e+00	7.537820924200545718e-03	5.055653010186926810e-01
1.524999999999999911e+00	7.537664630500704073e-03	5.035287751745984863e-01
1.530000000000000027e+00	7.537508923177450339e-03	5.014992114935316048e-01
1.535000000000000142e+00	7.537353790744820425e-03	4.994765788726742706e-01
1.540000000000000036e+00	7.537199225823194848e-03	4.974608464992111290e-01
1.544999999999999929e+00	7.537045222945477213e-03	4.954519839138021853e-01
1.550000000000000044e+00	7.536891777970641457e-03	4.934499609434651601e-01
1.555000000000000160e+00	7.536738887387516191e-03	4.914547477598322778e-01
1.560000000000000053e+00	7.536586548124008487e-03	4.894663148140889208e-01
1.564999999999999947e+00	7.536434757328396884e-03	4.874846328926153993e-01
1.570000000000000062e+00	7.536283512304804873e-03	4.855096730537151184e-01
1.575000000000000178e+00	7.536132810446666448e-03	4.835414066815019174e-01
1.580000000000000071e+00	7.535982649212529319e-03	4.815798054242892423e-01
1.584999999999999964e+00	7.535833026107952200e-03	4.796248412470289768e-01
1.590000000000000080e+00	7.535683938674255997e-03	4.776764863712817388e-01
1.595000000000000195e+00	7.535535384485776873e-03	4.757347133263379324e-01
1.600000000000000089e+00	7.535387361142834549e-03	4.737994948907037762e-01
1.604999999999999982e+00	7.535239866273802690e-03	4.718708041419764077e-01
1.610000000000000098e+00	7.535092897529508359e-03	4.699486143997898546e-01
1.615000000000000213e+00	7.534946452586770843e-03	4.680328992744973715e-01
1.620000000000000107e+00	7.534800529143330199e-03	4.661236326115227868e-01
1.625000000000000000e+00	7.534655124921792006e-03	4.642207885388952016e-01
1.629999999999999893e+00	7.534510237664810046e-03	4.623243414129559747e-01
1.634999999999999787e+00	7.534365865139082234e-03	4.604342658647883058e-01
1.639999999999999902e+00	7.534222005130698091e-03	4.585505367472297866e-01
1.645000000000000018e+00	7.534078655449093047e-03	4.566731291802370585e-01
1.649999999999999911e+00	7.533935813922513873e-03	4.548020184991581893e-01
1.654999999999999805e+00	7.533793478401903596e-03	4.529371802990700413e-01
1.659999999999999920e+00	7.533651646756476215e-03	4.510785903842642330e-01
1.665000000000000036e+00	7.533510316877517488e-03	4.492262248115965750e-01
1.669999999999999929e+00	7.533369486674068929e-03	4.473800598411418195e-01
1.674999999999999822e+00	7.533229154076643598e-03	4.455400719785901908e-01
1.679999999999999938e+00	7.533089317033006375e-03	4.437062379270300116e-01
1.685000000000000053e+00	7.532949973511815153e-03	4.418785346284256343e-01
1.689999999999999947e+00	7.532811121498493925e-03	4.400569392164880300e-01
1.694999999999999840e+00	7.532672758998799380e-03	4.382414290572652082e-01
1.699999999999999956e+00	7.532534884034778992e-03	4.364319817030634652e-01
1.705000000000000071e+00	7.532397494648266495e-03	4.346285749321834313e-01
1.709999999999999964e+00	7.532260588896936247e-03	4.328311867038526217e-01
1.714999999999999858e+00	7.532124164857711968e-03	4.310397951971375874e-01
1.719999999999999973e+00	7.531988220622918249e-03	4.292543787668534061e-01
1.725000000000000089e+00	7.531852754303616435e-03	4.274749159816806920e-01
1.729999999999999982e+00	7.531717764025835059e-03	4.257013855810176106e-01
1.734999999999999876e+00	7.531583247933842408e-03	4.239337665123302235e-01
1.739999999999999991e+00	7.531449204186455026e-03	4.221720378889125547e-01
1.745000000000000107e+00	7.531315630960247823e-03	4.204161790264994147e-01
1.750000000000000000e+00	7.531182526445936304e-03	4.186661694019024882e-01
1.754999999999999893e+00	7.531049888851524231e-03	4.169219886889101723e-01
1.760000000000000009e+00	7.530917716398763916e-03	4.151836167177702652e-01
1.765000000000000124e+00	7.530786007326237090e-03	4.134510335104025214e-01
1.770000000000000018e+00	7.530654759885894133e-03	4.117242192406974088e-01
1.774999999999999911e+00	7.530523972346072487e-03	4.100031542690654729e-01
1.780000000000000027e+00	7.530393642988101807e-03	4.082878191035243520e-01
1.785000000000000142e+00	7.530263770109272940e-03	4.065781944336089304e-01
1.790000000000000036e+00	7.530134352019508988e-03	4.048742610922190788e-01
1.794999999999999929e+00	7.530005387044273572e-03	4.031760000889115236e-01
1.800000000000000044e+00	7.529876873521313026e-03	4.014833925724829999e-01
1.805000000000000160e+00	7.529748809803509142e-03	3.997964198636664857e-01
1.810000000000000053e+00	7.529621194255682951e-03	3.981150634184234538e-01
1.814999999999999947e+00	7.529494025257401496e-03	3.964393048600654001e-01
1.820000000000000062e+00	7.529367301199837124e-03	3.947691259432303812e-01
1.825000000000000178e+00	7.529241020488525692e-03	3.931045085854510401e-01
1.830000000000000071e+00	7.529115181540286562e-03	3.914454348317915611e-01
1.834999999999999964e+00	7.528989782785928779e-03	3.897918868858805119e-01
1.840000000000000080e+00	7.528864822667236112e-03	3.881438470751867320e-01
1.845000000000000195e+00	7.528740299639619452e-03	3.865012978815357547e-01
1.850000000000000089e+00	7.528616212169156503e-03	3.848642219070022574e-01
1.854999999999999982e+00	7.528492558735206015e-03	3.832326019039277720e-01
1.860000000000000098e+00	7.528369337827495178e-03	3.816064207414091580e-01
1.865000000000000213e+00	7.528246547948690484e-03	3.799856614348353645e-01
1.870000000000000107e+00	7.528124187611540639e-03	3.783703071129513873e-01
1.875000000000000000e+00	7.528002255341402320e-03	3.767603410469297365e-01
1.879999999999999893e+00	7.527880749673433389e-03	3.751557466179915035e-01
1.884999999999999787e+00	7.527759669155077889e-03	3.735565073460290764e-01
1.889999999999999902e+00	7.527639012343309566e-03	3.719626068577639444e-01
1.895000000000000018e+00	7.527518777807076095e-03	3.703740289149374809e-01
1.899999999999999911e+00	7.527398964124587706e-03	3.687907573829871666e-01
1.904999999999999805e+00	7.527279569885723248e-03	3.672127762588194289e-01
1.909999999999999920e+00	7.527160593689369988e-03	3.656400696399877415e-01
1.915000000000000036e+00	7.527042034145788908e-03	3.640726217520622310e-01
1.919999999999999929e+00	7.526923889873992669e-03	3.625104169182923330e-01
1.924999999999999822e+00	7.526806159504085755e-03	3.609534395865862666e-01
1.929999999999999938e+00	7.526688841674678866e-03	3.594016742996431479e-01
1.935000000000000053e+00	7.526571935035194366e-03	3.578551057215558773e-01
1.939999999999999947e+00	7.526455438243322311e-03	3.563137186083962238e-01
1.944999999999999840e+00	7.526339349967292938e-03	3.547774978344543362e-01
1.949999999999999956e+00	7.526223668883377793e-03	3.532464283632615887e-01
1.955000000000000071e+00	7.526108393678118853e-03	3.517204952734793721e-01
1.959999999999999964e+00	7.525993523045875627e-03	3.501996837303457677e-01
1.964999999999999858e+00	7.525879055691022182e-03	3.486839790112246096e-01
1.969999999999999973e+00	7.525764990325530673e-03	3.471733664774613870e-01
1.975000000000000089e+00	7.525651325671139751e-03	3.456678315996060680e-01
1.979999999999999982e+00	7.525538060456969311e-03	3.441673599296640740e-01
1.984999999999999876e+00	7.525425193421666353e-03	3.426719371260027458e-01
1.989999999999999991e+00	7.525312723311048356e-03	3.411815489259854561e-01
1.995000000000000107e+00	7.525200648880227446e-03	3.396961811705727086e-01
2.000000000000000000e+00	7.525088968891282398e-03	3.382158197773265096e-01
2.004999999999999893e+00	7.524977682115355053e-03	3.367404507647154266e-01
2.009999999999999787e+00	7.524866787330359609e-03	3.352700602254784501e-01
2.014999999999999680e+00	7.524756283323048682e-03	3.338046343506441138e-01
2.020000000000000018e+00	7.524646168886758163e-03	3.323441594032407465e-01
2.024999999999999911e+00	7.524536442823440315e-03	3.308886217420409781e-01
2.029999999999999805e+00	7.524427103941448529e-03	3.294380077956061137e-01
2.035000000000000142e+00	7.524318151057540066e-03	3.279923040857640748e-01
2.040000000000000036e+00	7.524209582994690303e-03	3.265514972019802342e-01
2.044999999999999929e+00	7.524101398584073785e-03	3.251155738245756210e-01
2.049999999999999822e+00	7.523993596662906236e-03	3.236845206994128921e-01
2.054999999999999716e+00	7.523886176076403053e-03	3.222583246608654584e-01
2.060000000000000053e+00	7.523779135675649071e-03	3.208369726068073802e-01
2.064999999999999947e+00	7.523672474319531914e-03	3.194204515213422968e-01
2.069999999999999840e+00	7.523566190872642973e-03	3.180087484500871975e-01
2.075000000000000178e+00	7.523460284207188209e-03	3.166018505226677604e-01
2.080000000000000071e+00	7.523354753200909954e-03	3.151997449282891162e-01
2.084999999999999964e+00	7.523249596738982962e-03	3.138024189380043683e-01
2.089999999999999858e+00	7.523144813711963100e-03	3.124098598805621352e-01
2.094999999999999751e+00	7.523040403017653907e-03	3.110220551644570786e-01
2.100000000000000089e+00	7.522936363559088249e-03	3.096389922540451201e-01
2.104999999999999982e+00	7.522832694246372326e-03	3.082606586913830271e-01
2.109999999999999876e+00	7.522729393994688138e-03	3.068870420726028669e-01
2.115000000000000213e+00	7.522626461726124487e-03	3.055181300695469226e-01
2.120000000000000107e+00	7.522523896367698526e-03	3.041539104063945564e-01
2.125000000000000000e+00	7.522421696853168541e-03	3.027943708810986734e-01
2.129999999999999893e+00	7.522319862121078053e-03	3.014394993422563895e-01
2.134999999999999787e+00	7.522218391116552126e-03	3.000892837103542043e-01
2.140000000000000124e+00	7.522117282789362279e-03	2.987437119548748687e-01
2.145000000000000018e+00	7.522016536095701977e-03	2.974027721153569837e-01
2.149999999999999911e+00	7.521916149996278438e-03	2.960664522787315733e-01
2.155000000000000249e+00	7.521816123458069901e-03	2.947347406002006620e-01
2.160000000000000142e+00	7.521716455452433052e-03	2.934076252807980567e-01
2.165000000000000036e+00	7.521617144956849015e-03	2.920850945880926752e-01
2.169999999999999929e+00	7.521518190953050721e-03	2.907671368339649898e-01
2.174999999999999822e+00	7.521419592428749828e-03	2.894537403951418231e-01
2.180000000000000160e+00	7.521321348375783165e-03	2.881448936911822911e-01
2.185000000000000053e+00	7.521223457791828375e-03	2.868405852048490079e-01
2.189999999999999947e+00	7.521125919678569444e-03	2.855408034602970324e-01
2.195000000000000284e+00	7.521028733043388058e-03	2.842455370432860340e-01
2.200000000000000178e+00	7.520931896897556021e-03	2.829547745795675806e-01
2.205000000000000071e+00	7.520835410257913599e-03	2.816685047549425391e-01
2.209999999999999964e+00	7.520739272145074081e-03	2.803867162938404323e-01
2.214999999999999858e+00	7.520643481585085645e-03	2.791093979792269586e-01
2.220000000000000195e+00	7.520548037607663674e-03	2.778365386313702001e-01
2.225000000000000089e+00	7.520452939247830940e-03	2.765681271276029807e-01
2.229999999999999982e+00	7.520358185544165526e-03	2.753041523812700397e-01
2.235000000000000320e+00	7.520263775540432342e-03	2.740446033613487820e-01
2.240000000000000213e+00	7.520169708283845796e-03	2.727894690715739201e-01
2.245000000000000107e+00	7.520075982826686552e-03	2.715387385699201683e-01
2.250000000000000000e+00	7.519982598224583294e-03	2.702924009478984146e-01
2.254999999999999893e+00	7.519889553538113870e-03	2.690504453499054649e-01
2.259999999999999787e+00	7.519796847831104400e-03	2.678128609526870818e-01
2.264999999999999680e+00	7.519704480172215676e-03	2.665796369845577218e-01
2.270000000000000018e+00	7.519612449633259615e-03	2.653507627050258333e-01
2.274999999999999911e+00	7.519520755290774391e-03	2.641262274238884156e-01
2.279999999999999805e+00	7.519429396224352156e-03	2.629060204810135803e-01
2.285000000000000142e+00	7.519338371518207234e-03	2.616901312653118761e-01
2.290000000000000036e+00	7.519247680259512519e-03	2.604785491946745579e-01
2.294999999999999929e+00	7.519157321539957257e-03	2.592712637348240645e-01
2.299999999999999822e+00	7.519067294454106001e-03	2.580682643794025011e-01
2.304999999999999716e+00	7.518977598100934703e-03	2.568695406687059313e-01
2.310000000000000053e+00	7.518888231582204415e-03	2.556750821699191878e-01
2.314999999999999947e+00	7.518799194003991312e-03	2.544848784957369769e-01
2.319999999999999840e+00	7.518710484475075138e-03	2.532989192847405202e-01
2.325000000000000178e+00	7.518622102108450146e-03	2.521171942199083582e-01
2.330000000000000071e+00	7.518534046019730889e-03	2.509396930091330469e-01
2.334999999999999964e+00	7.518446315328659695e-03	2.497664054036227155e-01
2.339999999999999858e+00	7.518358909157512454e-03	2.485973211785539594e-01
2.344999999999999751e+00	7.518271826632602628e-03	2.474324301513688706e-01
2.350000000000000089e+00	7.518185066882701779e-03	2.462717221625596031e-01
2.354999999999999982e+00	7.518098629040530570e-03	2.451151870938629851e-01
2.359999999999999876e+00	7.518012512241189702e-03	2.439628148491744253e-01
2.365000000000000213e+00	7.517926715623644840e-03	2.428145953726420225e-01
2.370000000000000107e+00	7.517841238329167966e-03	2.416705186297075647e-01
2.375000000000000000e+00	7.517756079502811023e-03	2.405305746251014953e-01
2.379999999999999893e+00	7.517671238291862880e-03	2.393947533840083408e-01
2.384999999999999787e+00	7.517586713847308234e-03	2.382630449699653929e-01
2.390000000000000124e+00	7.517502505322301055e-03	2.371354394661491505e-01
2.395000000000000018e+00	7.517418611873613078e-03	2.360119269931801878e-01
2.399999999999999911e+00	7.517335032660117655e-03	2.348924976905277517e-01
2.405000000000000249e+00	7.517251766844223505e-03	2.337771417342222602e-01
2.410000000000000142e+00	7.517168813590382852e-03	2.326658493183770549e-01
2.415000000000000036e+00	7.517086172066507824e-03	2.315586106728092508e-01
2.419999999999999929e+00	7.517003841442483798e-03	2.304554160446757316e-01
2.424999999999999822e+00	7.516921820891589272e-03	2.293562557160058468e-01
2.430000000000000160e+00	7.516840109589013538e-03	2.282611199854480966e-01
2.435000000000000053e+00	7.516758706713266153e-03	2.271699991857165091e-01
2.439999999999999947e+00	7.516677611444709355e-03	2.260828836654463214e-01
2.445000000000000284e+00	7.516596822966957123e-03	2.249997638065549255e-01
2.450000000000000178e+00	7.516516340465417140e-03	2.239206300062053789e-01
2.455000000000000071e+00	7.516436163128682041e-03	2.228454726940827246e-01
2.459999999999999964e+00	7.516356290147081787e-03	2.217742823144629727e-01
2.464999999999999858e+00	7.516276720714067106e-03	2.207070493434075131e-01
2.470000000000000195e+00	7.516197454024771407e-03	2.196437642709350158e-01
2.475000000000000089e+00	7.516118489277382950e-03	2.185844176181349074e-01
2.479999999999999982e+00	7.516039825671724968e-03	2.175289999194408297e-01
2.485000000000000320e+00	7.515961462410612227e-03	2.164775017396640411e-01
2.490000000000000213e+00	7.515883398698438092e-03	2.154299136563678496e-01
2.495000000000000107e+00	7.515805633742534547e-03	2.143862262768210236e-01
2.500000000000000000e+00	7.515728166751761002e-03	2.133464302204710616e-01
2.504999999999999893e+00	7.515650996937856508e-03	2.123105161358204152e-01
2.509999999999999787e+00	7.515574123514038966e-03	2.112784746829961813e-01
2.514999999999999680e+00	7.515497545696347807e-03	2.102502965505501087e-01
2.520000000000000018e+00	7.515421262702261414e-03	2.092259724381231312e-01
2.524999999999999911e+00	7.515345273752019849e-03	2.082054930731706555e-01
2.529999999999999805e+00	7.515269578067257025e-03	2.071888491937204646e-01
2.535000000000000142e+00	7.515194174872319097e-03	2.061760315650230380e-01
2.540000000000000036e+00	7.515119063392897494e-03	2.051670309624034350e-01
2.544999999999999929e+00	7.515044242857346450e-03	2.041618381878368693e-01
2.549999999999999822e+00	7.514969712495326443e-03	2.031604440528920752e-01
2.554999999999999716e+00	7.514895471539107842e-03	2.021628393952341896e-01
2.560000000000000053e+00	7.514821519222226499e-03	2.011690150616583794e-01
2.564999999999999947e+00	7.514747854780780452e-03	2.001789619245207541e-01
2.569999999999999840e+00	7.514674477452090717e-03	1.991926708648606159e-01
2.575000000000000178e+00	7.514601386475998866e-03	1.982101327887599018e-01
2.580000000000000071e+00	7.514528581093529551e-03	1.972313386105543909e-01
2.584999999999999964e+00	7.514456060548180272e-03	1.962562792691212588e-01
2.589999999999999858e+00	7.514383824084594314e-03	1.952849457111778542e-01
2.594999999999999751e+00	7.514311870949847913e-03	1.943173289074992260e-01
2.600000000000000089e+00	7.514240200392125792e-03	1.933534198363027201e-01
2.604999999999999982e+00	7.514168811661999653e-03	1.923932094993959507e-01
2.609999999999999876e+00	7.514097704011119330e-03	1.914366889056468013e-01
2.615000000000000213e+00	7.514026876693478268e-03	1.904838490870615908e-01
2.620000000000000107e+00	7.513956328964115083e-03	1.895346810823406170e-01
2.625000000000000000e+00	7.513886060080372103e-03	1.885891759528867395e-01
2.629999999999999893e+00	7.513816069300605603e-03	1.876473247664449118e-01
2.634999999999999787e+00	7.513746355885435671e-03	1.867091186130422908e-01
2.640000000000000124e+00	7.513676919096465984e-03	1.857745485887109249e-01
2.645000000000000018e+00	7.513607758197525868e-03	1.848436058113600844e-01
2.649999999999999911e+00	7.513538872453398750e-03	1.839162814045806338e-01
2.655000000000000249e+00	7.513470261131058141e-03	1.829925665134500834e-01
2.660000000000000142e+00	7.513401923498403898e-03	1.820724522884193952e-01
2.665000000000000036e+00	7.513333858825487800e-03	1.811559299010489787e-01
2.669999999999999929e+00	7.513266066383260215e-03	1.802429905279779865e-01
2.674999999999999822e+00	7.513198545444793944e-03	1.793336253665929747e-01
2.680000000000000160e+00	7.513131295284030883e-03	1.784278256190774403e-01
2.685000000000000053e+00	7.513064315177001538e-03	1.775255825080138961e-01
2.689999999999999947e+00	7.512997604400582959e-03	1.766268872605132323e-01
2.695000000000000284e+00	7.512931162233706973e-03	1.757317311237499846e-01
2.700000000000000178e+00	7.512864987956127671e-03	1.748401053491720203e-01
2.705000000000000071e+00	7.512799080849622696e-03	1.739520012079683597e-01
2.709999999999999964e+00	7.512733440196769398e-03	1.730674099753587714e-01
2.714999999999999858e+00	7.512668065282140061e-03	1.721863229459944522e-01
2.720000000000000195e+00	7.512602955391084122e-03	1.713087314183270871e-01
2.725000000000000089e+00	7.512538109810914730e-03	1.704346267099431378e-01
2.729999999999999982e+00	7.512473527829700501e-03	1.695640001420108678e-01
2.735000000000000320e+00	7.512409208737452077e-03	1.686968430545485176e-01
2.740000000000000213e+00	7.512345151824908682e-03	1.678331467909502939e-01
2.745000000000000107e+00	7.512281356384726411e-03	1.669729027131867938e-01
2.750000000000000000e+00	7.512217821710273462e-03	1.661161021864100140e-01
2.754999999999999893e+00	7.512154547096804545e-03	1.652627365940873561e-01
2.759999999999999787e+00	7.512091531840269995e-03	1.644127973226837680e-01
2.764999999999999680e+00	7.512028775238482371e-03	1.635662757767299413e-01
2.770000000000000018e+00	7.511966276589931643e-03	1.627231633635820018e-01
2.774999999999999911e+00	7.511904035194944852e-03	1.618834515084226766e-01
2.779999999999999805e+00	7.511842050354512572e-03	1.610471316390989227e-01
2.785000000000000142e+00	7.511780321371437294e-03	1.602141952010560089e-01
2.790000000000000036e+00	7.511718847549165960e-03	1.593846336422531929e-01
2.794999999999999929e+00	7.511657628192940084e-03	1.585584384280304127e-01
2.799999999999999822e+00	7.511596662608630015e-03	1.577356010261012076e-01
2.804999999999999716e+00	7.511535950103876390e-03	1.569161129213526573e-01
2.810000000000000053e+00	7.511475489986935671e-03	1.560999656009154357e-01
2.814999999999999947e+00	7.511415281567814656e-03	1.552871505688969145e-01
2.819999999999999840e+00	7.511355324157121226e-03	1.544776593315280999e-01
2.825000000000000178e+00	7.511295617067193647e-03	1.536714834118287354e-01
2.830000000000000071e+00	7.511236159610961728e-03	1.528686143348327864e-01
2.834999999999999964e+00	7.511176951103061376e-03	1.520690436421851810e-01
2.839999999999999858e+00	7.511117990858711367e-03	1.512727628774439281e-01
2.844999999999999751e+00	7.511059278194818362e-03	1.504797636006101058e-01
2.850000000000000089e+00	7.511000812428858878e-03	1.496900373735066958e-01
2.854999999999999982e+00	7.510942592879980839e-03	1.489035757742404043e-01
2.859999999999999876e+00	7.510884618867892486e-03	1.481203703826578510e-01
2.865000000000000213e+00	7.510826889713953514e-03	1.473404127947388620e-01
2.870000000000000107e+00	7.510769404740076129e-03	1.465636946081304848e-01
2.875000000000000000e+00	7.510712163269810115e-03	1.457902074364711698e-01
2.879999999999999893e+00	7.510655164627243023e-03	1.450199428950023628e-01
2.884999999999999787e+00	7.510598408138089571e-03	1.442528926148239632e-01
2.890000000000000124e+00	7.510541893128591835e-03	1.434890482285826885e-01
2.895000000000000018e+00	7.510485618926604316e-03	1.427284013846593369e-01
2.899999999999999911e+00	7.510429584860499330e-03	1.419709437329342849e-01
2.905000000000000249e+00	7.510373790260250343e-03	1.412166669389045282e-01
2.910000000000000142e+00	7.510318234456341696e-03	1.404655626695281989e-01
2.915000000000000036e+00	7.510262916780843269e-03	1.397176226072712746e-01
2.919999999999999929e+00	7.510207836566329745e-03	1.389728384360290336e-01
2.924999999999999822e+00	7.510152993146947467e-03	1.382312018551039023e-01
2.930000000000000160e+00	7.510098385857344981e-03	1.374927045652042934e-01
2.935000000000000053e+00	7.510044014033727747e-03	1.367573382823521477e-01
2.939999999999999947e+00	7.509989877012798222e-03	1.360250947239596275e-01
2.945000000000000284e+00	7.509935974132805371e-03	1.352959656226659646e-01
2.950000000000000178e+00	7.509882304732487350e-03	1.345699427124925907e-01
2.955000000000000071e+00	7.509828868152121882e-03	1.338470177426085983e-01
2.959999999999999964e+00	7.509775663732469811e-03	1.331271824635644752e-01
2.964999999999999858e+00	7.509722690815821139e-03	1.324104286409861775e-01
2.970000000000000195e+00	7.509669948744943785e-03	1.316967480418869407e-01
2.975000000000000089e+00	7.509617436864127020e-03	1.309861324482902711e-01
2.979999999999999982e+00	7.509565154518136297e-03	1.302785736436202768e-01
2.985000000000000320e+00	7.509513101053242809e-03	1.295740634262517454e-01
2.990000000000000213e+00	7.509461275816199134e-03	1.288725935959805502e-01
2.995000000000000107e+00	7.509409678155252316e-03	1.281741559675008135e-01
3.000000000000000000e+00	7.509358307419122976e-03	1.274787423569536671e-01
3.004999999999999893e+00	7.509307162958024466e-03	1.267863445953328894e-01
3.009999999999999787e+00	7.509256244122642851e-03	1.260969545151121585e-01
3.014999999999999680e+00	7.509205550265143914e-03	1.254105639635773595e-01
3.020000000000000018e+00	7.509155080738168751e-03	1.247271647895337870e-01
3.024999999999999911e+00	7.509104834895827772e-03	1.240467488565648035e-01
3.029999999999999805e+00	7.509054812092710168e-03	1.233693080298184364e-01
3.035000000000000142e+00	7.509005011684866636e-03	1.226948341891923866e-01
3.040000000000000036e+00	7.508955433028822318e-03	1.220233192162007568e-01
3.044999999999999929e+00	7.508906075482562996e-03	1.213547550070840642e-01
3.049999999999999822e+00	7.508856938404545427e-03	1.206891334597565563e-01
3.054999999999999716e+00	7.508808021154683536e-03	1.200264464868418396e-01
3.060000000000000053e+00	7.508759323093361360e-03	1.193666860026999371e-01
3.064999999999999947e+00	7.508710843582414030e-03	1.187098439363882124e-01
3.069999999999999840e+00	7.508662581984152859e-03	1.180559122187690574e-01
3.075000000000000178e+00	7.508614537662329849e-03	1.174048827953950991e-01
3.080000000000000071e+00	7.508566709981174918e-03	1.167567476136981974e-01
3.084999999999999964e+00	7.508519098306356068e-03	1.161114986357983103e-01
3.089999999999999858e+00	7.508471702004022690e-03	1.154691278257739123e-01
3.094999999999999751e+00	7.508424520441755318e-03	1.148296271623944487e-01
3.100000000000000089e+00	7.508377552987619344e-03	1.141929886264721195e-01
3.104999999999999982e+00	7.508330799011106969e-03	1.135592042135182139e-01
3.109999999999999876e+00	7.508284257882197853e-03	1.129282659211756495e-01
3.115000000000000213e+00	7.508237928972296728e-03	1.123001657617985760e-01
3.120000000000000107e+00	7.508191811653298388e-03	1.116748957499674871e-01
3.125000000000000000e+00	7.508145905298518365e-03	1.110524479149903321e-01
3.129999999999999893e+00	7.508100209281765719e-03	1.104328142885003111e-01
3.134999999999999787e+00	7.508054722978270250e-03	1.098159869168792574e-01
3.140000000000000124e+00	7.508009445763757020e-03	1.092019578489377141e-01
3.145000000000000018e+00	7.507964377015369228e-03	1.085907191482599898e-01
3.149999999999999911e+00	7.507919516110748807e-03	1.079822628809670448e-01
3.155000000000000249e+00	7.507874862428958428e-03	1.073765811279828175e-01
3.160000000000000142e+00	7.507830415349561227e-03	1.067736659728802801e-01
3.165000000000000036e+00	7.507786174253535880e-03	1.061735095140683011e-01
3.169999999999999929e+00	7.507742138522371066e-03	1.055761038527215367e-01
3.174999999999999822e+00	7.507698307538970134e-03	1.049814411048873436e-01
3.180000000000000160e+00	7.507654680686749044e-03	1.043895133894991584e-01
3.185000000000000053e+00	7.507611257350537554e-03	1.038003128404045017e-01
3.189999999999999947e+00	7.507568036915684972e-03	1.032138315944607782e-01
3.195000000000000284e+00	7.507525018768951806e-03	1.026300618034836770e-01
3.200000000000000178e+00	7.507482202297628519e-03	1.020489956224277101e-01
3.205000000000000071e+00	7.507439586890411569e-03	1.014706252212529553e-01
3.209999999999999964e+00	7.507397171936533442e-03	1.008949427731901521e-01
3.214999999999999858e+00	7.507354956826636089e-03	1.003219404665267739e-01
3.220000000000000195e+00	7.507312940951901825e-03	9.975161049295672155e-02
3.225000000000000089e+00	7.507271123704923298e-03	9.918394505928473937e-02
3.229999999999999982e+00	7.507229504478837856e-03	9.861893637586101324e-02
3.235000000000000320e+00	7.507188082668196649e-03	9.805657666820397078e-02
3.240000000000000213e+00	7.507146857668101601e-03	9.749685816551996453e-02
3.245000000000000107e+00	7.507105828875067569e-03	9.693977311224385995e-02
3.250000000000000000e+00	7.507064995686171457e-03	9.638531375664419198e-02
3.254999999999999893e+00	7.507024357499898770e-03	9.583347236228119403e-02
3.259999999999999787e+00	7.506983913715308335e-03	9.528424119669760828e-02
3.264999999999999680e+00	7.506943663732867575e-03	9.473761254279389199e-02
3.270000000000000018e+00	7.506903606953624179e-03	9.419357868760479258e-02
3.274999999999999911e+00	7.506863742780037901e-03	9.365213193359162025e-02
3.279999999999999805e+00	7.506824070615155699e-03	9.311326458750483759e-02
3.285000000000000142e+00	7.506784589863436594e-03	9.257696897159214955e-02
3.290000000000000036e+00	7.506745299929934619e-03	9.204323741254859248e-02
3.294999999999999929e+00	7.506706200221124545e-03	9.151206225264020555e-02
3.299999999999999822e+00	7.506667290144077020e-03	9.098343583874013429e-02
3.304999999999999716e+00	7.506628569107286902e-03	9.045735053336906306e-02
3.310000000000000053e+00	7.506590036519857068e-03	8.993379870381759678e-02
3.314999999999999947e+00	7.506551691792312866e-03	8.941277273310226092e-02
3.319999999999999840e+00	7.506513534335798946e-03	8.889426500917503582e-02
3.325000000000000178e+00	7.506475563562885027e-03	8.837826793579403595e-02
3.330000000000000071e+00	7.506437778886767935e-03	8.786477392182100166e-02
3.334999999999999964e+00	7.506400179722070437e-03	8.735377539200633867e-02
3.339999999999999858e+00	7.506362765484056281e-03	8.684526477637426189e-02
3.344999999999999751e+00	7.506325535589416023e-03	8.633923452092226447e-02
3.350000000000000089e+00	7.506288489455488142e-03	8.583567707709385819e-02
3.354999999999999982e+00	7.506251626501043994e-03	8.533458491239256927e-02
3.359999999999999876e+00	7.506214946145510665e-03	8.483595049994248349e-02
3.365000000000000213e+00	7.506178447809753324e-03	8.433976632901565851e-02
3.370000000000000107e+00	7.506142130915300671e-03	8.384602489468169495e-02
3.375000000000000000e+00	7.506105994885123832e-03	8.335471870824787133e-02
3.379999999999999893e+00	7.506070039142867002e-03	8.286584028699750526e-02
3.384999999999999787e+00	7.506034263113619404e-03	8.237938216454343543e-02
3.390000000000000124e+00	7.505998666223155473e-03	8.189533688065471495e-02
3.395000000000000018e+00	7.505963247898696407e-03	8.141369699152319062e-02
3.399999999999999911e+00	7.505928007568161628e-03	8.093445505967890308e-02
3.405000000000000249e+00	7.505892944660919053e-03	8.045760366416936094e-02
3.410000000000000142e+00	7.505858058607042631e-03	7.998313539056400856e-02
3.415000000000000036e+00	7.505823348838061744e-03	7.951104284104595910e-02
3.419999999999999929e+00	7.505788814786223950e-03	7.904131862450540502e-02
3.424999999999999822e+00	7.505754455885233975e-03	7.857395536654346313e-02
3.430000000000000160e+00	7.505720271569526862e-03	7.810894569965524947e-02
3.435000000000000053e+00	7.505686261274995691e-03	7.764628227314551712e-02
3.439999999999999947e+00	7.505652424438276002e-03	7.718595774340111793e-02
3.445000000000000284e+00	7.505618760497467443e-03	7.672796478371791962e-02
3.450000000000000178e+00	7.505585268891424265e-03	7.627229607466387562e-02
3.455000000000000071e+00	7.505551949060465695e-03	7.581894431381668020e-02
3.459999999999999964e+00	7.505518800445676840e-03	7.536790220621640557e-02
3.464999999999999858e+00	7.505485822489612983e-03	7.491916247401521345e-02
3.470000000000000195e+00	7.505453014635607434e-03	7.447271784701932351e-02
3.475000000000000089e+00	7.505420376328468014e-03	7.402856107224961568e-02
3.479999999999999982e+00	7.505387907013790980e-03	7.358668490457412337e-02
3.485000000000000320e+00	7.505355606138652304e-03	7.314708211617909628e-02
3.490000000000000213e+00	7.505323473150926801e-03	7.270974548729189357e-02
3.495000000000000107e+00	7.505291507499975943e-03	7.227466781556245168e-02
3.500000000000000000e+00	7.505259708635968717e-03	7.184184190687667448e-02
3.504999999999999893e+00	7.505228076010566837e-03	7.141126058464805637e-02
3.509999999999999787e+00	7.505196609076251676e-03	7.098291668072168048e-02
3.514999999999999680e+00	7.505165307287000806e-03	7.055680304457596919e-02
3.520000000000000018e+00	7.505134170097624464e-03	7.013291253431751249e-02
3.524999999999999911e+00	7.505103196964433426e-03	6.971123802579252959e-02
3.529999999999999805e+00	7.505072387344583276e-03	6.929177240367236090e-02
3.535000000000000142e+00	7.505041740696734472e-03	6.887450857047486275e-02
3.540000000000000036e+00	7.505011256480402689e-03	6.845943943774086826e-02
3.544999999999999929e+00	7.504980934156617149e-03	6.804655793496483529e-02
3.549999999999999822e+00	7.504950773187271836e-03	6.763585700086249819e-02
3.554999999999999716e+00	7.504920773035779480e-03	6.722732959221086602e-02
3.560000000000000053e+00	7.504890933166430585e-03	6.682096867520682937e-02
3.564999999999999947e+00	7.504861253045034403e-03	6.641676723421675865e-02
3.569999999999999840e+00	7.504831732138297906e-03	6.601471826322592718e-02
3.575000000000000178e+00	7.504802369914448552e-03	6.561481477449718214e-02
3.580000000000000071e+00	7.504773165842621926e-03	6.521704979011207215e-02
3.584999999999999964e+00	7.504744119393481905e-03	6.482141635053775830e-02
3.589999999999999858e+00	7.504715230038608298e-03	6.442790750625990159e-02
3.594999999999999751e+00	7.504686497251120483e-03	6.403651632625853574e-02
3.600000000000000089e+00	7.504657920505060711e-03	6.364723588973199286e-02
3.604999999999999982e+00	7.504629499276018606e-03	6.326005929448158538e-02
3.609999999999999876e+00	7.504601233040520541e-03	6.287497964872700018e-02
3.615000000000000213e+00	7.504573121276641133e-03	6.249199007939951894e-02
3.620000000000000107e+00	7.504545163463405624e-03	6.211108372404901268e-02
3.625000000000000000e+00	7.504517359081394438e-03	6.173225373904547147e-02
3.629999999999999893e+00	7.504489707612150770e-03	6.135549329157762716e-02
3.634999999999999787e+00	7.504462208538776463e-03	6.098079556776295207e-02
3.640000000000000124e+00	7.504434861345349143e-03	6.060815376473755595e-02
3.645000000000000018e+00	7.504407665517509422e-03	6.023756109867488967e-02
3.649999999999999911e+00	7.504380620541889306e-03	5.986901079696677064e-02
3.655000000000000249e+00	7.504353725906684654e-03	5.950249610615054863e-02
3.660000000000000142e+00	7.504326981101098332e-03	5.913801028418202294e-02
3.665000000000000036e+00	7.504300385615903131e-03	5.877554660827020300e-02
3.669999999999999929e+00	7.504273938942885788e-03	5.841509836724190219e-02
3.674999999999999822e+00	7.504247640575412506e-03	5.805665886928507852e-02
3.680000000000000160e+00	7.504221490007877311e-03	5.770022143440481366e-02
3.685000000000000053e+00	7.504195486736255430e-03	5.734577940207443575e-02
3.689999999999999947e+00	7.504169630257562056e-03	5.699332612378314733e-02
3.695000000000000284e+00	7.504143920070403123e-03	5.664285497059551311e-02
3.700000000000000178e+00	7.504118355674433208e-03	5.629435932579041763e-02
3.705000000000000071e+00	7.504092936570901963e-03	5.594783259232847389e-02
3.709999999999999964e+00	7.504067662262123295e-03	5.560326818558265771e-02
3.714999999999999858e+00	7.504042532252011392e-03	5.526065954071367192e-02
3.720000000000000195e+00	7.504017546045552503e-03	5.492000010549188266e-02
3.725000000000000089e+00	7.503992703149343566e-03	5.458128334758112488e-02
3.729999999999999982e+00	7.503968003071063986e-03	5.424450274745157285e-02
3.735000000000000320e+00	7.503943445320006463e-03	5.390965180557164005e-02
3.740000000000000213e+00	7.503919029406564377e-03	5.357672403541264422e-02
3.745000000000000107e+00	7.503894754842745270e-03	5.324571297054804531e-02
3.750000000000000000e+00	7.503870621141668640e-03	5.291661215774983579e-02
3.754999999999999893e+00	7.503846627818076820e-03	5.258941516399599780e-02
3.759999999999999787e+00	7.503822774387832774e-03	5.226411556965757099e-02
3.764999999999999680e+00	7.503799060368430973e-03	5.194070697541468273e-02
3.770000000000000018e+00	7.503775485278497796e-03	5.161918299553440448e-02
3.774999999999999911e+00	7.503752048638293731e-03	5.129953726469507758e-02
3.779999999999999805e+00	7.503728749969225051e-03	5.098176343135522176e-02
3.785000000000000142e+00	7.503705588794338209e-03	5.066585516448580961e-02
3.790000000000000036e+00	7.503682564637836720e-03	5.035180614703052560e-02
3.794999999999999929e+00	7.503659677025568617e-03	5.003961008254596138e-02
3.799999999999999822e+00	7.503636925484552869e-03	4.972926068875276051e-02
3.804999999999999716e+00	7.503614309543455568e-03	4.942075170408415097e-02
3.810000000000000053e+00	7.503591828732126753e-03	4.911407688132771177e-02
3.814999999999999947e+00	7.503569482582068788e-03	4.880922999408260354e-02
3.819999999999999840e+00	7.503547270625980127e-03	4.850620483049167958e-02
3.825000000000000178e+00	7.503525192398215887e-03	4.820499519960695645e-02
3.830000000000000071e+00	7.503503247434342022e-03	4.790559492521271473e-02
3.834999999999999964e+00	7.503481435271581144e-03	4.760799785209908486e-02
3.839999999999999858e+00	7.503459755448378850e-03	4.731219783997565181e-02
3.844999999999999751e+00	7.503438207504848668e-03	4.701818876965382227e-02
3.850000000000000089e+00	7.503416790982332316e-03	4.672596453705037817e-02
3.854999999999999982e+00	7.503395505423846382e-03	4.643551905927876394e-02
3.859999999999999876e+00	7.503374350373648652e-03	4.614684626874260981e-02
3.865000000000000213e+00	7.503353325377673522e-03	4.585994011913595292e-02
3.870000000000000107e+00	7.503332429983109592e-03	4.557479457962659852e-02
3.875000000000000000e+00	7.503311663738829011e-03	4.529140364076545550e-02
3.879999999999999893e+00	7.503291026194967676e-03	4.500976130875944392e-02
3.884999999999999787e+00	7.503270516903349369e-03	4.472986161128999355e-02
3.890000000000000124e+00	7.503250135417072891e-03	4.445169859187562966e-02
3.895000000000000018e+00	7.503229881290929271e-03	4.417526631559971773e-02
3.899999999999999911e+00	7.503209754080999300e-03	4.390055886356233894e-02
3.905000000000000249e+00	7.503189753345055127e-03	4.362757033851725336e-02
3.910000000000000142e+00	7.503169878642173413e-03	4.335629485941349531e-02
3.915000000000000036e+00	7.503150129533129979e-03	4.308672656694163133e-02
3.919999999999999929e+00	7.503130505580006895e-03	4.281885961816403463e-02
3.924999999999999822e+00	7.503111006346596668e-03	4.255268819197144392e-02
3.930000000000000160e+00	7.503091631398010192e-03	4.228820648380163943e-02
3.935000000000000053e+00	7.503072380301068801e-03	4.202540871100608061e-02
3.939999999999999947e+00	7.503053252623926098e-03	4.176428910765715707e-02
3.945000000000000284e+00	7.503034247936447854e-03	4.150484192982481502e-02
3.950000000000000178e+00	7.503015365809845988e-03	4.124706145047227906e-02
3.955000000000000071e+00	7.502996605817046326e-03	4.099094196464291712e-02
3.959999999999999964e+00	7.502977967532332981e-03	4.073647778444414169e-02
3.964999999999999858e+00	7.502959450531710046e-03	4.048366324414475609e-02
3.970000000000000195e+00	7.502941054392545973e-03	4.023249269524660499e-02
3.975000000000000089e+00	7.502922778693935264e-03	3.998296051149285296e-02
3.979999999999999982e+00	7.502904623016348057e-03	3.973506108402725945e-02
3.985000000000000320e+00	7.502886586941984876e-03	3.948878882631316062e-02
3.990000000000000213e+00	7.502868670054433156e-03	3.924413816938043809e-02
3.995000000000000107e+00	7.502850871939012456e-03	3.900110356665540540e-02
4.000000000000000000e+00	7.502833192182437917e-03	3.875967948929495699e-02
4.004999999999999893e+00	7.502815630373164610e-03	3.851986043092803930e-02
4.009999999999999787e+00	7.502798186101053597e-03	3.828164090307651507e-02
4.014999999999999680e+00	7.502780858957706737e-03	3.804501543980830236e-02
4.019999999999999574e+00	7.502763648536140556e-03	3.780997859324471827e-02
4.025000000000000355e+00	7.502746554431121047e-03	3.757652493812559807e-02
4.030000000000000249e+00	7.502729576238837544e-03	3.734464906740316698e-02
4.035000000000000142e+00	7.502712713557230587e-03	3.711434559671896588e-02
4.040000000000000036e+00	7.502695965985675328e-03	3.688560916008386953e-02
4.044999999999999929e+00	7.502679333125299860e-03	3.665843441426745036e-02
4.049999999999999822e+00	7.502662814578678167e-03	3.643281603456371975e-02
4.054999999999999716e+00	7.502646409950140642e-03	3.620874871909329079e-02
4.059999999999999609e+00	7.502630118845473109e-03	3.598622718465434300e-02
4.064999999999999503e+00	7.502613940872220402e-03	3.576524617093786163e-02
4.070000000000000284e+00	7.502597875639393198e-03	3.554580043646362458e-02
4.075000000000000178e+00	7.502581922757765517e-03	3.532788476270901090e-02
4.080000000000000071e+00	7.502566081839582429e-03	3.511149395012939933e-02
4.084999999999999964e+00	7.502550352498857551e-03	3.489662282220057365e-02
4.089999999999999858e+00	7.502534734351088558e-03	3.468326622152406030e-02
4.094999999999999751e+00	7.502519227013541674e-03	3.447141901378289464e-02
4.099999999999999645e+00	7.502503830104974986e-03	3.426107608393125920e-02
4.105000000000000426e+00	7.502488543245919468e-03	3.405223234006449912e-02
4.110000000000000320e+00	7.502473366058406631e-03	3.384488270969253365e-02
4.115000000000000213e+00	7.502458298166242608e-03	3.363902214352432196e-02
4.120000000000000107e+00	7.502443339194747075e-03	3.343464561182477035e-02
4.125000000000000000e+00	7.502428488771015203e-03	3.323174810811409946e-02
4.129999999999999893e+00	7.502413746523660040e-03	3.303032464560773374e-02
4.134999999999999787e+00	7.502399112083075333e-03	3.283037026083085452e-02
4.139999999999999680e+00	7.502384585081187454e-03	3.263188001014125095e-02
4.144999999999999574e+00	7.502370165151699133e-03	3.243484897325906585e-02
4.150000000000000355e+00	7.502355851929852666e-03	3.223927224987217788e-02
4.155000000000000249e+00	7.502341645052675381e-03	3.204514496308194516e-02
4.160000000000000142e+00	7.502327544158739377e-03	3.185246225609036225e-02
4.165000000000000036e+00	7.502313548888402649e-03	3.166121929556213466e-02
4.169999999999999929e+00	7.502299658883577506e-03	3.147141126839354125e-02
4.174999999999999822e+00	7.502285873787967359e-03	3.128303338499095060e-02
4.179999999999999716e+00	7.502272193246834267e-03	3.109608087612098296e-02
4.185000000000000497e+00	7.502258616907232260e-03	3.091054899610600620e-02
4.190000000000000391e+00	7.502245144417787025e-03	3.072643301975537186e-02
4.195000000000000284e+00	7.502231775428912751e-03	3.054372824547773799e-02
4.200000000000000178e+00	7.502218509592606561e-03	3.036242999229308778e-02
4.205000000000000071e+00	7.502205346562656682e-03	3.018253360286288212e-02
4.209999999999999964e+00	7.502192285994437743e-03	3.000403444058190663e-02
4.214999999999999858e+00	7.502179327545121547e-03	2.982692789252657656e-02
4.219999999999999751e+00	7.502166470873470640e-03	2.965120936662651516e-02
4.224999999999999645e+00	7.502153715640048209e-03	2.947687429453133695e-02
4.230000000000000426e+00	7.502141061507015991e-03	2.930391812886143366e-02
4.235000000000000320e+00	7.502128508138336364e-03	2.913233634599380478e-02
4.240000000000000213e+00	7.502116055199576326e-03	2.896212444339139533e-02
4.245000000000000107e+00	7.502103702358107855e-03	2.879327794230826867e-02
4.250000000000000000e+00	7.502091449282914486e-03	2.862579238519777358e-02
4.254999999999999893e+00	7.502079295644783000e-03	2.845966333833685122e-02
4.259999999999999787e+00	7.502067241116122144e-03	2.829488638931253533e-02
4.264999999999999680e+00	7.502055285371143044e-03	2.813145714956640300e-02
4.269999999999999574e+00	7.502043428085684862e-03	2.796937125195839494e-02
4.275000000000000355e+00	7.502031668937391741e-03	2.780862435323201015e-02
4.280000000000000249e+00	7.502020007605542801e-03	2.764921213165522432e-02
4.285000000000000142e+00	7.502008443771221273e-03	2.749113028940653944e-02
4.290000000000000036e+00	7.501996977117154040e-03	2.733437455029271226e-02
4.294999999999999929e+00	7.501985607327870363e-03	2.717894066205609610e-02
4.299999999999999822e+00	7.501974334089549223e-03	2.702482439416874910e-02
4.304999999999999716e+00	7.501963157090177185e-03	2.687202154006148452e-02
4.309999999999999609e+00	7.501952076019394004e-03	2.672052791499382116e-02
4.314999999999999503e+00	7.501941090568645283e-03	2.657033935820532142e-02
4.320000000000000284e+00	7.501930200431037622e-03	2.642145173086080795e-02
4.325000000000000178e+00	7.501919405301484337e-03	2.627386091812456553e-02
4.330000000000000071e+00	7.501908704876564075e-03	2.612756282718026180e-02
4.334999999999999964e+00	7.501898098854665672e-03	2.598255338922842578e-02
4.339999999999999858e+00	7.501887586935846765e-03	2.583882855758085073e-02
4.344999999999999751e+00	7.501877168821974307e-03	2.569638430958147771e-02
4.349999999999999645e+00	7.501866844216590995e-03	2.555521664477496471e-02
4.355000000000000426e+00	7.501856612825048842e-03	2.541532158675155126e-02
4.360000000000000320e+00	7.501846474354380810e-03	2.527669518138924570e-02
4.365000000000000213e+00	7.501836428513428308e-03	2.513933349862311484e-02
4.370000000000000107e+00	7.501826475012721498e-03	2.500323263076040595e-02
4.375000000000000000e+00	7.501816613564596392e-03	2.486838869417501430e-02
4.379999999999999893e+00	7.501806843883080354e-03	2.473479782769498828e-02
4.384999999999999787e+00	7.501797165684011802e-03	2.460245619422270213e-02
4.389999999999999680e+00	7.501787578684923109e-03	2.447135997919427236e-02
4.394999999999999574e+00	7.501778082605154233e-03	2.434150539212556405e-02
4.400000000000000355e+00	7.501768677165749494e-03	2.421288866514334157e-02
4.405000000000000249e+00	7.501759362089556460e-03	2.408550605445783713e-02
4.410000000000000142e+00	7.501750137101130533e-03	2.395935383896470594e-02
4.415000000000000036e+00	7.501741001926832096e-03	2.383442832164463579e-02
4.419999999999999929e+00	7.501731956294733702e-03	2.371072582823595745e-02
4.424999999999999822e+00	7.501722999934711152e-03	2.358824270856166652e-02
4.429999999999999716e+00	7.501714132578355884e-03	2.346697533527192236e-02
4.435000000000000497e+00	7.501705353959063453e-03	2.334692010509926974e-02
4.440000000000000391e+00	7.501696663811947656e-03	2.322807343767052668e-02
4.445000000000000284e+00	7.501688061873925534e-03	2.311043177669048349e-02
4.450000000000000178e+00	7.501679547883635842e-03	2.299399158882282565e-02
4.455000000000000071e+00	7.501671121581522314e-03	2.287874936480283408e-02
4.459999999999999964e+00	7.501662782709749532e-03	2.276470161838674983e-02
4.464999999999999858e+00	7.501654531012287921e-03	2.265184488739405838e-02
4.469999999999999751e+00	7.501646366234834828e-03	2.254017573272475497e-02
4.474999999999999645e+00	7.501638288124886506e-03	2.242969073933175073e-02
4.480000000000000426e+00	7.501630296431673062e-03	2.232038651530537238e-02
4.485000000000000320e+00	7.501622390906220912e-03	2.221225969277663623e-02
4.490000000000000213e+00	7.501614571301293798e-03	2.210530692706831613e-02
4.495000000000000107e+00	7.501606837371450030e-03	2.199952489752946341e-02
4.500000000000000000e+00	7.501599188872989585e-03	2.189491030675290092e-02
4.504999999999999893e+00	7.501591625564001803e-03	2.179145988134130810e-02
4.509999999999999787e+00	7.501584147204322026e-03	2.168917037119053731e-02
4.514999999999999680e+00	7.501576753555574961e-03	2.158803855018784010e-02
4.519999999999999574e+00	7.501569444381131317e-03	2.148806121556040907e-02
4.525000000000000355e+00	7.501562219446150301e-03	2.138923518850652933e-02
4.530000000000000249e+00	7.501555078517539721e-03	2.129155731360862780e-02
4.535000000000000142e+00	7.501548021363994151e-03	2.119502445939780086e-02
4.540000000000000036e+00	7.501541047755955031e-03	2.109963351783093743e-02
4.544999999999999929e+00	7.501534157465652303e-03	2.100538140478925425e-02
4.549999999999999822e+00	7.501527350267066241e-03	2.091226505961882656e-02
4.554999999999999716e+00	7.501520625935958683e-03	2.082028144556360288e-02
4.559999999999999609e+00	7.501513984249845272e-03	2.072942754936889578e-02
4.564999999999999503e+00	7.501507424988022345e-03	2.063970038164951101e-02
4.570000000000000284e+00	7.501500947931540042e-03	2.055109697655549059e-02
4.575000000000000178e+00	7.501494552863226598e-03	2.046361439207601551e-02
4.580000000000000071e+00	7.501488239567666652e-03	2.037724970976684605e-02
4.584999999999999964e+00	7.501482007831218601e-03	2.029200003499039354e-02
4.589999999999999858e+00	7.501475857441999850e-03	2.020786249670439988e-02
4.594999999999999751e+00	7.501469788189896355e-03	2.012483424763885503e-02
4.599999999999999645e+00	7.501463799866559153e-03	2.004291246414527383e-02
4.605000000000000426e+00	7.501457892265400024e-03	1.996209434631093446e-02
4.610000000000000320e+00	7.501452065181595831e-03	1.988237711786829467e-02
4.615000000000000213e+00	7.501446318412085916e-03	1.980375802624708553e-02
4.620000000000000107e+00	7.501440651755572966e-03	1.972623434254314884e-02
4.625000000000000000e+00	7.501435065012519547e-03	1.964980336150928125e-02
4.629999999999999893e+00	7.501429557985148967e-03	1.957446240158275050e-02
4.634999999999999787e+00	7.501424130477445280e-03	1.950020880481535823e-02
4.639999999999999680e+00	7.501418782295151549e-03	1.942703993695912151e-02
4.644999999999999574e+00	7.501413513245767245e-03	1.935495318733615813e-02
4.650000000000000355e+00	7.501408323138554317e-03	1.928394596898206845e-02
4.655000000000000249e+00	7.501403211784522448e-03	1.921401571845614276e-02
4.660000000000000142e+00	7.501398178996448139e-03	1.914515989604171145e-02
4.665000000000000036e+00	7.501393224588851286e-03	1.907737598549740649e-02
4.669999999999999929e+00	7.501388348378015998e-03	1.901066149431395597e-02
4.674999999999999822e+00	7.501383550181967182e-03	1.894501395340695768e-02
4.679999999999999716e+00	7.501378829820493956e-03	1.888043091742950402e-02
4.685000000000000497e+00	7.501374187115121030e-03	1.881690996440720659e-02
4.690000000000000391e+00	7.501369621889140797e-03	1.875444869610604429e-02
4.695000000000000284e+00	7.501365133967571701e-03	1.869304473761010735e-02
4.700000000000000178e+00	7.501360723177199867e-03	1.863269573774400251e-02
4.705000000000000071e+00	7.501356389346536604e-03	1.857339936859420809e-02
4.709999999999999964e+00	7.501352132305859170e-03	1.851515332598537011e-02
4.714999999999999858e+00	7.501347951887163065e-03	1.845795532894566049e-02
4.719999999999999751e+00	7.501343847924208004e-03	1.840180312023651649e-02
4.724999999999999645e+00	7.501339820252471945e-03	1.834669446576260229e-02
4.730000000000000426e+00	7.501335868709194457e-03	1.829262715515423895e-02
4.735000000000000320e+00	7.501331993133324681e-03	1.823959900112277072e-02
4.740000000000000213e+00	7.501328193365575971e-03	1.818760784009507483e-02
4.745000000000000107e+00	7.501324469248366912e-03	1.813665153151484966e-02
4.750000000000000000e+00	7.501320820625873367e-03	1.808672795852856938e-02
4.754999999999999893e+00	7.501317247343976431e-03	1.803783502723338428e-02
4.759999999999999787e+00	7.501313749250312739e-03	1.798997066741389941e-02
4.764999999999999680e+00	7.501310326194216352e-03	1.794313283173732537e-02
4.769999999999999574e+00	7.501306978026777740e-03	1.789731949654043211e-02
4.775000000000000355e+00	7.501303704600776993e-03	1.785252866097251576e-02
4.780000000000000249e+00	7.501300505770748007e-03	1.780875834783198636e-02
4.785000000000000142e+00	7.501297381392912564e-03	1.776600660265771625e-02
4.790000000000000036e+00	7.501294331325241913e-03	1.772427149461459905e-02
4.794999999999999929e+00	7.501291355427387383e-03	1.768355111553414696e-02
4.799999999999999822e+00	7.501288453560751510e-03	1.764384358084823690e-02
4.804999999999999716e+00	7.501285625588409098e-03	1.760514702857949448e-02
4.809999999999999609e+00	7.501282871375182688e-03	1.756745962032271388e-02
4.814999999999999503e+00	7.501280190787563626e-03	1.753077954018559051e-02
4.820000000000000284e+00	7.501277583693786652e-03	1.749510499581720738e-02
4.825000000000000178e+00	7.501275049963747506e-03	1.746043421729992148e-02
4.830000000000000071e+00	7.501272589469087058e-03	1.742676545822412562e-02
4.834999999999999964e+00	7.501270202083098505e-03	1.739409699453179498e-02
4.839999999999999858e+00	7.501267887680814969e-03	1.736242712563704216e-02
4.844999999999999751e+00	7.501265646138919295e-03	1.733175417322205258e-02
4.849999999999999645e+00	7.501263477335829918e-03	1.730207648240267640e-02
4.855000000000000426e+00	7.501261381151605456e-03	1.727339242047736673e-02
4.860000000000000320e+00	7.501259357468042718e-03	1.724570037813726031e-02
4.865000000000000213e+00	7.501257406168567420e-03	1.721899876816879518e-02
4.870000000000000107e+00	7.501255527138339999e-03	1.719328602670746470e-02
4.875000000000000000e+00	7.501253720264146330e-03	1.716856061189482585e-02
4.879999999999999893e+00	7.501251985434500939e-03	1.714482100517542018e-02
4.884999999999999787e+00	7.501250322539539453e-03	1.712206570990872784e-02
4.889999999999999680e+00	7.501248731471115740e-03	1.710029325270851983e-02
4.894999999999999574e+00	7.501247212122703900e-03	1.707950218201058357e-02
4.900000000000000355e+00	7.501245764389492809e-03	1.705969106945376748e-02
4.905000000000000249e+00	7.501244388168280298e-03	1.704085850840407132e-02
4.910000000000000142e+00	7.501243083357577238e-03	1.702300311537686961e-02
4.915000000000000036e+00	7.501241849857494780e-03	1.700612352851793574e-02
4.919999999999999929e+00	7.501240687569855382e-03	1.699021840906614692e-02
4.924999999999999822e+00	7.501239596398072244e-03	1.697528643979227467e-02
4.929999999999999716e+00	7.501238576247263798e-03	1.696132632650141844e-02
4.935000000000000497e+00	7.501237627024135747e-03	1.694833679643009683e-02
4.940000000000000391e+00	7.501236748637092958e-03	1.693631659978792406e-02
4.945000000000000284e+00	7.501235940996118894e-03	1.692526450811367850e-02
4.950000000000000178e+00	7.501235204012888375e-03	1.691517931585537204e-02
4.955000000000000071e+00	7.501234537600652216e-03	1.690605983868612855e-02
4.959999999999999964e+00	7.501233941674349120e-03	1.689790491512197998e-02
4.964999999999999858e+00	7.501233416150477305e-03	1.689071340479815497e-02
4.969999999999999751e+00	7.501232960947223742e-03	1.688448419012405360e-02
4.974999999999999645e+00	7.501232575984329715e-03	1.687921617452048731e-02
4.980000000000000426e+00	7.501232261183213117e-03	1.687490828411117305e-02
4.985000000000000320e+00	7.501232016466839216e-03	1.687155946592171565e-02
4.990000000000000213e+00	7.501231841759849021e-03	1.686916868960679564e-02
4.995000000000000107e+00	7.501231736988419642e-03	1.686773494561163642e-02
5.000000000000000000e+00	7.501231702080396122e-03	1.686725724693433764e-02
