# coordinate_x	h	p	@time=391.28999999999996
0.000000000000000000e+00	2.700454608245476118e-01	5.716028994376201045e-01
5.000000000000000104e-03	2.700418928945720887e-01	5.716028991912762702e-01
1.000000000000000021e-02	2.700311891058194136e-01	5.716028984521415168e-01
1.499999999999999944e-02	2.700133494595538530e-01	5.716028972201049330e-01
2.000000000000000042e-02	2.699883739588465614e-01	5.716028954948965124e-01
2.500000000000000139e-02	2.699562626072190552e-01	5.716028932762067249e-01
2.999999999999999889e-02	2.699170154099586605e-01	5.716028905635709423e-01
3.500000000000000333e-02	2.698706323727971812e-01	5.716028873564851231e-01
4.000000000000000083e-02	2.698171135032360612e-01	5.716028836542896840e-01
4.499999999999999833e-02	2.697564588092242754e-01	5.716028794562855175e-01
5.000000000000000278e-02	2.696886683004870444e-01	5.716028747616167527e-01
5.500000000000000028e-02	2.696137419872016716e-01	5.716028695693874395e-01
5.999999999999999778e-02	2.695316798813305881e-01	5.716028638785444205e-01
6.500000000000000222e-02	2.694424819952939698e-01	5.716028576879930156e-01
7.000000000000000666e-02	2.693461483433080006e-01	5.716028509964807824e-01
7.500000000000001110e-02	2.692426789400535481e-01	5.716028438027123126e-01
8.000000000000000167e-02	2.691320738020203107e-01	5.716028361052332141e-01
8.499999999999999223e-02	2.690143329461711641e-01	5.716028279025450187e-01
8.999999999999999667e-02	2.688894563912923030e-01	5.716028191929884983e-01
9.500000000000000111e-02	2.687574441566530914e-01	5.716028099748593494e-01
1.000000000000000056e-01	2.686182962633628102e-01	5.716028002462903990e-01
1.050000000000000100e-01	2.684720127330249562e-01	5.716027900053679556e-01
1.100000000000000006e-01	2.683185935891019280e-01	5.716027792500133486e-01
1.149999999999999911e-01	2.681580388555626637e-01	5.716027679780997239e-01
1.199999999999999956e-01	2.679903485582562084e-01	5.716027561873331386e-01
1.250000000000000000e-01	2.678155227235516356e-01	5.716027438753692458e-01
1.300000000000000044e-01	2.676335613797216628e-01	5.716027310396942784e-01
1.350000000000000089e-01	2.674444645555741906e-01	5.716027176777417340e-01
1.400000000000000133e-01	2.672482322818464651e-01	5.716027037867731364e-01
1.450000000000000178e-01	2.670448645898271800e-01	5.716026893639949424e-01
1.499999999999999944e-01	2.668343615127627966e-01	5.716026744064384157e-01
1.549999999999999989e-01	2.666167230844691538e-01	5.716026589110770884e-01
1.600000000000000033e-01	2.663919493407503336e-01	5.716026428747063015e-01
1.650000000000000078e-01	2.661600403179996688e-01	5.716026262940604452e-01
1.700000000000000122e-01	2.659209960546315421e-01	5.716026091656927210e-01
1.749999999999999889e-01	2.656748165896709035e-01	5.716025914860918267e-01
1.799999999999999933e-01	2.654215019641996132e-01	5.716025732515613855e-01
1.849999999999999978e-01	2.651610522199329134e-01	5.716025544583375195e-01
1.900000000000000022e-01	2.648934674006815926e-01	5.716025351024669465e-01
1.950000000000000067e-01	2.646187475509143017e-01	5.716025151799249970e-01
2.000000000000000111e-01	2.643368927172365934e-01	5.716024946864934897e-01
2.050000000000000155e-01	2.640479029469387506e-01	5.716024736178786370e-01
2.099999999999999922e-01	2.637517782894920337e-01	5.716024519695886985e-01
2.149999999999999967e-01	2.634485187950807994e-01	5.716024297370515539e-01
2.200000000000000011e-01	2.631381245161178439e-01	5.716024069154923559e-01
2.250000000000000056e-01	2.628205955057600351e-01	5.716023835000513253e-01
2.300000000000000100e-01	2.624959318194427516e-01	5.716023594856601830e-01
2.349999999999999867e-01	2.621641335133782502e-01	5.716023348671609439e-01
2.399999999999999911e-01	2.618252006461115333e-01	5.716023096391810165e-01
2.449999999999999956e-01	2.614791332769992871e-01	5.716022837962531078e-01
2.500000000000000000e-01	2.611259314677885635e-01	5.716022573326889900e-01
2.550000000000000044e-01	2.607655952810754019e-01	5.716022302426995161e-01
2.600000000000000089e-01	2.603981247819074363e-01	5.716022025202684986e-01
2.650000000000000133e-01	2.600235200362212562e-01	5.716021741592720584e-01
2.700000000000000178e-01	2.596417811124701602e-01	5.716021451533529474e-01
2.750000000000000222e-01	2.592529080800389241e-01	5.716021154960388984e-01
2.800000000000000266e-01	2.588569010108984769e-01	5.716020851806165037e-01
2.850000000000000311e-01	2.584537599779964112e-01	5.716020542002507865e-01
2.899999999999999800e-01	2.580434850569401362e-01	5.716020225478574135e-01
2.949999999999999845e-01	2.576260763243621299e-01	5.716019902162222666e-01
2.999999999999999889e-01	2.572015338596327361e-01	5.716019571978738778e-01
3.049999999999999933e-01	2.567698577431991036e-01	5.716019234852021125e-01
3.099999999999999978e-01	2.563310480583291251e-01	5.716018890703307154e-01
3.150000000000000022e-01	2.558851048894223990e-01	5.716018539452361047e-01
3.200000000000000067e-01	2.554320283237874190e-01	5.716018181016180311e-01
3.250000000000000111e-01	2.549718184499227269e-01	5.716017815310198147e-01
3.300000000000000155e-01	2.545044753593294629e-01	5.716017442246978941e-01
3.350000000000000200e-01	2.540299991447609318e-01	5.716017061737413973e-01
3.400000000000000244e-01	2.535483899020724019e-01	5.716016673689420236e-01
3.449999999999999734e-01	2.530596477284375312e-01	5.716016278009129481e-01
3.499999999999999778e-01	2.525637727242373565e-01	5.716015874599582602e-01
3.549999999999999822e-01	2.520607649912418591e-01	5.716015463361912019e-01
3.599999999999999867e-01	2.515506246345400321e-01	5.716015044194037165e-01
3.649999999999999911e-01	2.510333517606853637e-01	5.716014616991840214e-01
3.699999999999999956e-01	2.505089464796688703e-01	5.716014181647856018e-01
3.750000000000000000e-01	2.499774089030259161e-01	5.716013738052443394e-01
3.800000000000000044e-01	2.494387391458556813e-01	5.716013286092477275e-01
3.850000000000000089e-01	2.488929373248869870e-01	5.716012825652502238e-01
3.900000000000000133e-01	2.483400035605459744e-01	5.716012356613426881e-01
3.950000000000000178e-01	2.477799379749797137e-01	5.716011878853674011e-01
4.000000000000000222e-01	2.472127406941744820e-01	5.716011392247866141e-01
4.050000000000000266e-01	2.466384118459344077e-01	5.716010896667969021e-01
4.099999999999999756e-01	2.460569515620537329e-01	5.716010391981973804e-01
4.149999999999999800e-01	2.454683599762479962e-01	5.716009878055029469e-01
4.199999999999999845e-01	2.448726372263830831e-01	5.716009354748129434e-01
4.249999999999999889e-01	2.442697834523565592e-01	5.716008821919222882e-01
4.299999999999999933e-01	2.436597987983867841e-01	5.716008279421908034e-01
4.349999999999999978e-01	2.430426834108413703e-01	5.716007727106520164e-01
4.400000000000000022e-01	2.424184374405901621e-01	5.716007164818837083e-01
4.450000000000000067e-01	2.417870610407778231e-01	5.716006592401141617e-01
4.500000000000000111e-01	2.411485543692439837e-01	5.716006009690930423e-01
4.550000000000000155e-01	2.405029175862374025e-01	5.716005416521956484e-01
4.600000000000000200e-01	2.398501508569070573e-01	5.716004812722947914e-01
4.649999999999999689e-01	2.391902543489544397e-01	5.716004198118617152e-01
4.699999999999999734e-01	2.385232282351998911e-01	5.716003572528390864e-01
4.749999999999999778e-01	2.378490726911695330e-01	5.716002935767393600e-01
4.799999999999999822e-01	2.371677878977411502e-01	5.716002287645183255e-01
4.849999999999999867e-01	2.364793740386625376e-01	5.716001627966701415e-01
4.899999999999999911e-01	2.357838313032812605e-01	5.716000956531025468e-01
4.949999999999999956e-01	2.350811598839905037e-01	5.716000273132276766e-01
5.000000000000000000e-01	2.343713599790480384e-01	5.715999577558390499e-01
5.050000000000000044e-01	2.336544317899453826e-01	5.715998869591980558e-01
5.100000000000000089e-01	2.329303755243211649e-01	5.715998149009129392e-01
5.150000000000000133e-01	2.321991913932493490e-01	5.715997415580196250e-01
5.200000000000000178e-01	2.314608796142528235e-01	5.715996669068643676e-01
5.250000000000000222e-01	2.307154404085060284e-01	5.715995909231779137e-01
5.300000000000000266e-01	2.299628740039549313e-01	5.715995135819612605e-01
5.350000000000000311e-01	2.292031806324289489e-01	5.715994348575528239e-01
5.400000000000000355e-01	2.284363605328739444e-01	5.715993547235186378e-01
5.450000000000000400e-01	2.276624139483685028e-01	5.715992731527113069e-01
5.500000000000000444e-01	2.268813411294768601e-01	5.715991901171646461e-01
5.550000000000000488e-01	2.260931423311636490e-01	5.715991055881439742e-01
5.600000000000000533e-01	2.252978178162745593e-01	5.715990195360454162e-01
5.649999999999999467e-01	2.244953678523437524e-01	5.715989319304366489e-01
5.699999999999999512e-01	2.236857927152102188e-01	5.715988427399624205e-01
5.749999999999999556e-01	2.228690926857114785e-01	5.715987519323733057e-01
5.799999999999999600e-01	2.220452680534445722e-01	5.715986594744385529e-01
5.849999999999999645e-01	2.212143191133388864e-01	5.715985653319620718e-01
5.899999999999999689e-01	2.203762461695716879e-01	5.715984694697029411e-01
5.949999999999999734e-01	2.195310495320124677e-01	5.715983718513772960e-01
5.999999999999999778e-01	2.186787295203033998e-01	5.715982724395879400e-01
6.049999999999999822e-01	2.178192864601672107e-01	5.715981711958099121e-01
6.099999999999999867e-01	2.169527206876636360e-01	5.715980680803302016e-01
6.149999999999999911e-01	2.160790325453525729e-01	5.715979630522153299e-01
6.199999999999999956e-01	2.151982223867384691e-01	5.715978560692630550e-01
6.250000000000000000e-01	2.143102905722795160e-01	5.715977470879493039e-01
6.300000000000000044e-01	2.134152374740330427e-01	5.715976360633931996e-01
6.350000000000000089e-01	2.125130634715010347e-01	5.715975229492804566e-01
6.400000000000000133e-01	2.116037689564907454e-01	5.715974076978448393e-01
6.450000000000000178e-01	2.106873543287857420e-01	5.715972902597648009e-01
6.500000000000000222e-01	2.097638200012373610e-01	5.715971705841618178e-01
6.550000000000000266e-01	2.088331663952497363e-01	5.715970486184690502e-01
6.600000000000000311e-01	2.078953939461189726e-01	5.715969243084483287e-01
6.650000000000000355e-01	2.069505030983195548e-01	5.715967975980260629e-01
6.700000000000000400e-01	2.059984943111100031e-01	5.715966684293327660e-01
6.750000000000000444e-01	2.050393680536069518e-01	5.715965367425021038e-01
6.800000000000000488e-01	2.040731248106771867e-01	5.715964024757349549e-01
6.850000000000000533e-01	2.030997650777852104e-01	5.715962655650572710e-01
6.899999999999999467e-01	2.021192893671936996e-01	5.715961259444132248e-01
6.949999999999999512e-01	2.011316982025681266e-01	5.715959835453746640e-01
6.999999999999999556e-01	2.001369921255102269e-01	5.715958382972676777e-01
7.049999999999999600e-01	1.991351716899026070e-01	5.715956901268289814e-01
7.099999999999999645e-01	1.981262374688012029e-01	5.715955389583694535e-01
7.149999999999999689e-01	1.971101900485013880e-01	5.715953847133695698e-01
7.199999999999999734e-01	1.960870300358186491e-01	5.715952273106853498e-01
7.249999999999999778e-01	1.950567580518555999e-01	5.715950666660765123e-01
7.299999999999999822e-01	1.940193747397029322e-01	5.715949026924593834e-01
7.349999999999999867e-01	1.929748807578851311e-01	5.715947352993580033e-01
7.399999999999999911e-01	1.919232767885171997e-01	5.715945643932112130e-01
7.449999999999999956e-01	1.908645635304043742e-01	5.715943898767371634e-01
7.500000000000000000e-01	1.897987417076939798e-01	5.715942116493016867e-01
7.550000000000000044e-01	1.887258120626025271e-01	5.715940296061836623e-01
7.600000000000000089e-01	1.876457753646058324e-01	5.715938436390133326e-01
7.650000000000000133e-01	1.865586324027644349e-01	5.715936536349263131e-01
7.700000000000000178e-01	1.854643839954997209e-01	5.715934594770806232e-01
7.750000000000000222e-01	1.843630309824861313e-01	5.715932610436836869e-01
7.800000000000000266e-01	1.832545742350663587e-01	5.715930582086001799e-01
7.850000000000000311e-01	1.821390146476748462e-01	5.715928508402337016e-01
7.900000000000000355e-01	1.810163531489518696e-01	5.715926388022382065e-01
7.950000000000000400e-01	1.798865906926596370e-01	5.715924219522343641e-01
8.000000000000000444e-01	1.787497282695612588e-01	5.715922001426387844e-01
8.050000000000000488e-01	1.776057668977869819e-01	5.715919732191925284e-01
8.100000000000000533e-01	1.764547076355517108e-01	5.715917410219245598e-01
8.149999999999999467e-01	1.752965515709249689e-01	5.715915033834645387e-01
8.199999999999999512e-01	1.741312998354694053e-01	5.715912601301610385e-01
8.249999999999999556e-01	1.729589535933624689e-01	5.715910110801475374e-01
8.299999999999999600e-01	1.717795140560493816e-01	5.715907560446373825e-01
8.349999999999999645e-01	1.705929824706587661e-01	5.715904948257061191e-01
8.399999999999999689e-01	1.693993601357744738e-01	5.715902272177900700e-01
8.449999999999999734e-01	1.681986483890819395e-01	5.715899530051435917e-01
8.499999999999999778e-01	1.669908486243766033e-01	5.715896719635698009e-01
8.549999999999999822e-01	1.657759622783703535e-01	5.715893838575042407e-01
8.599999999999999867e-01	1.645539908490698811e-01	5.715890884420132823e-01
8.649999999999999911e-01	1.633249358816645513e-01	5.715887854594465800e-01
8.699999999999999956e-01	1.620887989884258751e-01	5.715884746417446705e-01
8.750000000000000000e-01	1.608455818335893794e-01	5.715881557065912721e-01
8.800000000000000044e-01	1.595952861549466695e-01	5.715878283600792642e-01
8.850000000000000089e-01	1.583379137476234599e-01	5.715874922922840051e-01
8.900000000000000133e-01	1.570734664875604869e-01	5.715871471803433135e-01
8.950000000000000178e-01	1.558019463140779826e-01	5.715867926833581025e-01
9.000000000000000222e-01	1.545233552554689249e-01	5.715864284459526434e-01
9.050000000000000266e-01	1.532376954102277755e-01	5.715860540923929367e-01
9.100000000000000311e-01	1.519449689750128618e-01	5.715856692307046405e-01
9.150000000000000355e-01	1.506451782244009052e-01	5.715852734458771733e-01
9.200000000000000400e-01	1.493383255415140776e-01	5.715848663046334543e-01
9.250000000000000444e-01	1.480244133961454434e-01	5.715844473475626408e-01
9.300000000000000488e-01	1.467034443783914177e-01	5.715840160946502602e-01
9.350000000000000533e-01	1.453754211749724856e-01	5.715835720361546191e-01
9.399999999999999467e-01	1.440403466062663840e-01	5.715831146390277784e-01
9.449999999999999512e-01	1.426982236006261728e-01	5.715826433363097037e-01
9.499999999999999556e-01	1.413490552352724972e-01	5.715821575345982897e-01
9.549999999999999600e-01	1.399928447083849670e-01	5.715816566016913569e-01
9.599999999999999645e-01	1.386295953843887374e-01	5.715811398752911332e-01
9.649999999999999689e-01	1.372593107635644571e-01	5.715806066485700221e-01
9.699999999999999734e-01	1.358819945323564704e-01	5.715800561803338065e-01
9.749999999999999778e-01	1.344976505302107606e-01	5.715794876781155054e-01
9.799999999999999822e-01	1.331062828056427672e-01	5.715789003100691934e-01
9.849999999999999867e-01	1.317078955799723117e-01	5.715782931851106641e-01
9.899999999999999911e-01	1.303024933100224159e-01	5.715776653668696028e-01
9.949999999999999956e-01	1.288900806483725403e-01	5.715770158502881948e-01
1.000000000000000000e+00	1.274706625137223825e-01	5.715763435780328861e-01
1.004999999999999893e+00	1.260442440472302472e-01	5.715756474128231845e-01
1.010000000000000009e+00	1.246108306917739217e-01	5.715749261567941719e-01
1.015000000000000124e+00	1.231704281438761039e-01	5.715741785186588819e-01
1.020000000000000018e+00	1.217230424433402014e-01	5.715734031366216383e-01
1.024999999999999911e+00	1.202686799201885814e-01	5.715725985392589026e-01
1.030000000000000027e+00	1.188073472964529115e-01	5.715717631727260661e-01
1.035000000000000142e+00	1.173390516274646078e-01	5.715708953539626602e-01
1.040000000000000036e+00	1.158638004179543268e-01	5.715699933031133106e-01
1.044999999999999929e+00	1.143816015569302236e-01	5.715690550873021580e-01
1.050000000000000044e+00	1.128924634507133123e-01	5.715680786594196094e-01
1.055000000000000160e+00	1.113963949505189510e-01	5.715670617902430806e-01
1.060000000000000053e+00	1.098934055056478426e-01	5.715660021150329451e-01
1.064999999999999947e+00	1.083835050827445246e-01	5.715648970511693072e-01
1.070000000000000062e+00	1.068667043431182351e-01	5.715637438543793580e-01
1.075000000000000178e+00	1.053430145524894002e-01	5.715625395182540869e-01
1.080000000000000071e+00	1.038124477873777068e-01	5.715612808424257452e-01
1.084999999999999964e+00	1.022750168339552762e-01	5.715599643092621474e-01
1.090000000000000080e+00	1.007307354296858443e-01	5.715585861669588708e-01
1.095000000000000195e+00	9.917961814968286050e-02	5.715571422772789401e-01
1.100000000000000089e+00	9.762168069140160498e-02	5.715556282173848146e-01
1.104999999999999982e+00	9.605693974664739065e-02	5.715540390905552437e-01
1.110000000000000098e+00	9.448541333924985464e-02	5.715523696517261776e-01
1.115000000000000213e+00	9.290712068058311346e-02	5.715506140704735838e-01
1.120000000000000107e+00	9.132208257297010079e-02	5.715487660867751840e-01
1.125000000000000000e+00	8.973032124626353911e-02	5.715468187118943888e-01
1.129999999999999893e+00	8.813186084350846383e-02	5.715447644229715296e-01
1.134999999999999787e+00	8.652672723580605296e-02	5.715425947823418173e-01
1.139999999999999902e+00	8.491494861188211840e-02	5.715403006824433252e-01
1.145000000000000018e+00	8.329655526813950495e-02	5.715378718568814298e-01
1.149999999999999911e+00	8.167158033080477997e-02	5.715352971911418223e-01
1.154999999999999805e+00	8.004005951782322548e-02	5.715325640883606173e-01
1.159999999999999920e+00	7.840203203201284721e-02	5.715296588669528388e-01
1.165000000000000036e+00	7.675754029137382695e-02	5.715265659289880951e-01
1.169999999999999929e+00	7.510663104542208979e-02	5.715232682738472514e-01
1.174999999999999822e+00	7.344935507075521508e-02	5.715197463948563650e-01
1.179999999999999938e+00	7.178576858239295311e-02	5.715159789496325748e-01
1.185000000000000053e+00	7.011593289240948546e-02	5.715119412771996199e-01
1.189999999999999947e+00	6.843991621667369629e-02	5.715076062825983350e-01
1.194999999999999840e+00	6.675779329664331685e-02	5.715029424155462223e-01
1.199999999999999956e+00	6.506964774415216479e-02	5.714979148520639152e-01
1.205000000000000071e+00	6.337557163121097792e-02	5.714924826958651671e-01
1.209999999999999964e+00	6.167566857919676987e-02	5.714866005778709290e-01
1.214999999999999858e+00	5.997005333081602274e-02	5.714802147140526367e-01
1.219999999999999973e+00	5.825885588813442539e-02	5.714732651025472565e-01
1.225000000000000089e+00	5.654222109867149126e-02	5.714656798633173107e-01
1.229999999999999982e+00	5.482031430118117915e-02	5.714573783053183975e-01
1.234999999999999876e+00	5.309332099163750762e-02	5.714482626236542240e-01
1.239999999999999991e+00	5.136145468508053480e-02	5.714382222588062499e-01
1.245000000000000107e+00	4.962495679152939543e-02	5.714271214227325535e-01
1.250000000000000000e+00	4.788410781593768761e-02	5.714148054196360738e-01
1.254999999999999893e+00	4.613922769757810433e-02	5.714010813942568268e-01
1.260000000000000009e+00	4.439069217704440934e-02	5.713857277051083150e-01
1.265000000000000124e+00	4.263893409379267141e-02	5.713684632944867614e-01
1.270000000000000018e+00	4.088446799608385501e-02	5.713489619470406566e-01
1.274999999999999911e+00	3.912789337180715143e-02	5.713268018463155684e-01
1.280000000000000027e+00	3.736993285303895351e-02	5.713014879094528986e-01
1.285000000000000142e+00	3.561143933473893269e-02	5.712723653930037448e-01
1.290000000000000036e+00	3.385345742764069021e-02	5.712386561007760655e-01
1.294999999999999929e+00	3.209723846252692664e-02	5.711993036866882534e-01
1.300000000000000044e+00	3.034434325633278418e-02	5.711530348489787245e-01
1.305000000000000160e+00	2.859667333476151319e-02	5.710980681059371067e-01
1.310000000000000053e+00	2.685664995164372543e-02	5.710322228681719015e-01
1.314999999999999947e+00	2.512727902972729244e-02	5.709523401626904748e-01
1.320000000000000062e+00	2.341247525268892737e-02	5.708544917952769193e-01
1.325000000000000178e+00	2.171719633408630834e-02	5.707327606894707639e-01
1.330000000000000071e+00	2.004804378797186981e-02	5.705796880090444612e-01
1.334999999999999964e+00	1.841352739284193851e-02	5.703835776943644298e-01
1.340000000000000080e+00	1.682514715919850024e-02	5.701296219846161417e-01
1.345000000000000195e+00	1.529780825434378863e-02	5.697938830271322974e-01
1.350000000000000089e+00	1.385137790976827959e-02	5.693467783857069087e-01
1.354999999999999982e+00	1.251066527795764022e-02	5.687410968427211166e-01
1.360000000000000098e+00	1.130547193463064121e-02	5.679243163793307181e-01
1.365000000000000213e+00	1.026697258349971130e-02	5.668244035869710595e-01
1.370000000000000107e+00	9.419917988345656926e-03	5.653848867913499054e-01
1.375000000000000000e+00	8.773897957349723054e-03	5.635669524959595611e-01
1.379999999999999893e+00	8.314578316763980917e-03	5.613821084730692412e-01
1.384999999999999787e+00	8.009455856940246588e-03	5.588913366558092566e-01
1.389999999999999902e+00	7.817501059179115738e-03	5.561685406439599300e-01
1.395000000000000018e+00	7.701323388787185975e-03	5.532973422201812319e-01
1.399999999999999911e+00	7.633014098487546709e-03	5.503322015983534987e-01
1.404999999999999805e+00	7.593283249103629368e-03	5.473177933938415674e-01
1.409999999999999920e+00	7.570498510271164889e-03	5.442772423325709097e-01
1.415000000000000036e+00	7.557373071575152097e-03	5.412274934598105824e-01
1.419999999999999929e+00	7.549851019056894735e-03	5.381766044852047681e-01
1.424999999999999822e+00	7.545471728101509415e-03	5.351302615139309493e-01
1.429999999999999938e+00	7.542902638075438607e-03	5.320910852369602484e-01
1.435000000000000053e+00	7.541343580472851908e-03	5.290608994229472062e-01
1.439999999999999947e+00	7.540365144992274525e-03	5.260405298472613511e-01
1.444999999999999840e+00	7.539710344496542219e-03	5.230305453464560994e-01
1.449999999999999956e+00	7.539241688841832878e-03	5.200311960107416587e-01
1.455000000000000071e+00	7.538876989085644895e-03	5.170426503109366578e-01
1.459999999999999964e+00	7.538572322237807079e-03	5.140649756726011210e-01
1.464999999999999858e+00	7.538301443211864634e-03	5.110982138386432894e-01
1.469999999999999973e+00	7.538050332605579495e-03	5.081423747043269934e-01
1.475000000000000089e+00	7.537810614801268745e-03	5.051974602173950890e-01
1.479999999999999982e+00	7.537577816475213993e-03	5.022634624009918447e-01
1.484999999999999876e+00	7.537349264991166642e-03	4.993403709337620455e-01
1.489999999999999991e+00	7.537123532631504613e-03	4.964281724992991029e-01
1.495000000000000107e+00	7.536899765968051688e-03	4.935268531977047290e-01
1.500000000000000000e+00	7.536677508583442160e-03	4.906363983156126762e-01
1.504999999999999893e+00	7.536456487162523400e-03	4.877567931022558922e-01
1.510000000000000009e+00	7.536236554963436293e-03	4.848880226728659593e-01
1.515000000000000124e+00	7.536017623613579068e-03	4.820300722677296479e-01
1.520000000000000018e+00	7.535799645088195678e-03	4.791829271978562121e-01
1.524999999999999911e+00	7.535582589972541177e-03	4.763465729409334104e-01
1.530000000000000027e+00	7.535366441716427263e-03	4.735209951003352402e-01
1.535000000000000142e+00	7.535151189709800301e-03	4.707061794499330376e-01
1.540000000000000036e+00	7.534936827449521986e-03	4.679021118972269133e-01
1.544999999999999929e+00	7.534723350335932254e-03	4.651087785124321528e-01
1.550000000000000044e+00	7.534510755086027030e-03	4.623261654927762754e-01
1.555000000000000160e+00	7.534299039034112258e-03	4.595542591870806493e-01
1.560000000000000053e+00	7.534088199941954035e-03	4.567930460602487308e-01
1.564999999999999947e+00	7.533878235778488676e-03	4.540425127169109842e-01
1.570000000000000062e+00	7.533669144656374335e-03	4.513026458657633522e-01
1.575000000000000178e+00	7.533460924764241382e-03	4.485734323434287796e-01
1.580000000000000071e+00	7.533253574343489606e-03	4.458548590785035293e-01
1.584999999999999964e+00	7.533047091669103044e-03	4.431469131160220010e-01
1.590000000000000080e+00	7.532841475039256385e-03	4.404495815811371173e-01
1.595000000000000195e+00	7.532636722771610463e-03	4.377628517043323231e-01
1.600000000000000089e+00	7.532432833196989197e-03	4.350867107846845827e-01
1.604999999999999982e+00	7.532229804660618179e-03	4.324211462158868979e-01
1.610000000000000098e+00	7.532027635517104386e-03	4.297661454490542265e-01
1.615000000000000213e+00	7.531826324133261176e-03	4.271216960195942103e-01
1.620000000000000107e+00	7.531625868883502599e-03	4.244877855095186558e-01
1.625000000000000000e+00	7.531426268153202687e-03	4.218644015751900622e-01
1.629999999999999893e+00	7.531227520334210328e-03	4.192515319091068560e-01
1.634999999999999787e+00	7.531029623828403713e-03	4.166491642685484775e-01
1.639999999999999902e+00	7.530832577043239905e-03	4.140572864368037842e-01
1.645000000000000018e+00	7.530636378395398622e-03	4.114758862527348460e-01
1.649999999999999911e+00	7.530441026306337014e-03	4.089049515714219263e-01
1.654999999999999805e+00	7.530246519205984618e-03	4.063444702946621967e-01
1.659999999999999920e+00	7.530052855528292059e-03	4.037944303310060934e-01
1.665000000000000036e+00	7.529860033714971118e-03	4.012548196272092138e-01
1.669999999999999929e+00	7.529668052211033885e-03	3.987256261276351799e-01
1.674999999999999822e+00	7.529476909468575327e-03	3.962068378066729846e-01
1.679999999999999938e+00	7.529286603942291628e-03	3.936984426274884319e-01
1.685000000000000053e+00	7.529097134093313930e-03	3.912004285754179800e-01
1.689999999999999947e+00	7.528908498384704120e-03	3.887127836160502170e-01
1.694999999999999840e+00	7.528720695285336280e-03	3.862354957296043612e-01
1.699999999999999956e+00	7.528533723265370785e-03	3.837685528683271730e-01
1.705000000000000071e+00	7.528347580800180856e-03	3.813119429918651049e-01
1.709999999999999964e+00	7.528162266365808451e-03	3.788656540239606074e-01
1.714999999999999858e+00	7.527977778442930708e-03	3.764296738888240346e-01
1.719999999999999973e+00	7.527794115512301959e-03	3.740039904671180193e-01
1.725000000000000089e+00	7.527611276058757475e-03	3.715885916333333538e-01
1.729999999999999982e+00	7.527429258566639865e-03	3.691834652110515536e-01
1.734999999999999876e+00	7.527248061523848788e-03	3.667885990113267658e-01
1.739999999999999991e+00	7.527067683417234395e-03	3.644039807872173631e-01
1.745000000000000107e+00	7.526888122736706023e-03	3.620295982731772111e-01
1.750000000000000000e+00	7.526709377970590073e-03	3.596654391388483529e-01
1.754999999999999893e+00	7.526531447609793347e-03	3.573114910294608038e-01
1.760000000000000009e+00	7.526354330143135776e-03	3.549677415188816632e-01
1.765000000000000124e+00	7.526178024061552785e-03	3.526341781510227702e-01
1.770000000000000018e+00	7.526002527853406336e-03	3.503107883921415810e-01
1.774999999999999911e+00	7.525827840008738473e-03	3.479975596732530763e-01
1.780000000000000027e+00	7.525653959014549400e-03	3.456944793416811823e-01
1.785000000000000142e+00	7.525480883359102202e-03	3.434015347044713229e-01
1.790000000000000036e+00	7.525308611527171433e-03	3.411187129791911077e-01
1.794999999999999929e+00	7.525137142004393806e-03	3.388460013383369218e-01
1.800000000000000044e+00	7.524966473272493364e-03	3.365833868593853251e-01
1.805000000000000160e+00	7.524796603813674670e-03	3.343308565701880730e-01
1.810000000000000053e+00	7.524627532105821956e-03	3.320883973982746706e-01
1.814999999999999947e+00	7.524459256626940887e-03	3.298559962172288307e-01
1.820000000000000062e+00	7.524291775850325617e-03	3.276336397952445134e-01
1.825000000000000178e+00	7.524125088249048257e-03	3.254213148424759949e-01
1.830000000000000071e+00	7.523959192291099912e-03	3.232190079588513898e-01
1.834999999999999964e+00	7.523794086443923515e-03	3.210267056823857823e-01
1.840000000000000080e+00	7.523629769169526242e-03	3.188443944362581717e-01
1.845000000000000195e+00	7.523466238929061786e-03	3.166720605780777298e-01
1.850000000000000089e+00	7.523303494177908946e-03	3.145096903462289983e-01
1.854999999999999982e+00	7.523141533370302468e-03	3.123572699100803929e-01
1.860000000000000098e+00	7.522980354954381284e-03	3.102147853156049240e-01
1.865000000000000213e+00	7.522819957376868788e-03	3.080822225365187350e-01
1.870000000000000107e+00	7.522660339078087247e-03	3.059595674191860626e-01
1.875000000000000000e+00	7.522501498496681448e-03	3.038468057346727091e-01
1.879999999999999893e+00	7.522343434064612290e-03	3.017439231229452901e-01
1.884999999999999787e+00	7.522186144211915129e-03	2.996509051458278172e-01
1.889999999999999902e+00	7.522029627361673416e-03	2.975677372305016166e-01
1.895000000000000018e+00	7.521873881934816077e-03	2.954944047233523663e-01
1.899999999999999911e+00	7.521718906345059921e-03	2.934308928327817312e-01
1.904999999999999805e+00	7.521564699003755600e-03	2.913771866839275915e-01
1.909999999999999920e+00	7.521411258314800521e-03	2.893332712608003843e-01
1.915000000000000036e+00	7.521258582679525573e-03	2.872991314618608127e-01
1.919999999999999929e+00	7.521106670491578550e-03	2.852747520414924409e-01
1.924999999999999822e+00	7.520955520141859446e-03	2.832601176664191200e-01
1.929999999999999938e+00	7.520805130013370060e-03	2.812552128565276033e-01
1.935000000000000053e+00	7.520655498486190048e-03	2.792600220421094237e-01
1.939999999999999947e+00	7.520506623932303979e-03	2.772745295040444091e-01
1.944999999999999840e+00	7.520358504720612083e-03	2.752987194318494701e-01
1.949999999999999956e+00	7.520211139211738227e-03	2.733325758632378921e-01
1.955000000000000071e+00	7.520064525763070148e-03	2.713760827429569367e-01
1.959999999999999964e+00	7.519918662723551819e-03	2.694292238617375657e-01
1.964999999999999858e+00	7.519773548438753175e-03	2.674919829159011497e-01
1.969999999999999973e+00	7.519629181245640788e-03	2.655643434457145569e-01
1.975000000000000089e+00	7.519485559477686633e-03	2.636462888957490369e-01
1.979999999999999982e+00	7.519342681459610135e-03	2.617378025526547192e-01
1.984999999999999876e+00	7.519200545512527700e-03	2.598388676062513003e-01
1.989999999999999991e+00	7.519059149948667878e-03	2.579494670867393258e-01
1.995000000000000107e+00	7.518918493076555583e-03	2.560695839265030305e-01
2.000000000000000000e+00	7.518778573195706444e-03	2.541992008967738359e-01
2.004999999999999893e+00	7.518639388601842249e-03	2.523383006701249154e-01
2.009999999999999787e+00	7.518500937581568816e-03	2.504868657566046708e-01
2.014999999999999680e+00	7.518363218417614853e-03	2.486448785669022887e-01
2.020000000000000018e+00	7.518226229383497689e-03	2.468123213479678779e-01
2.024999999999999911e+00	7.518089968748789022e-03	2.449891762468291156e-01
2.029999999999999805e+00	7.517954434773759832e-03	2.431754252457143939e-01
2.035000000000000142e+00	7.517819625714679092e-03	2.413710502264989344e-01
2.040000000000000036e+00	7.517685539818438727e-03	2.395760329053510385e-01
2.044999999999999929e+00	7.517552175327880080e-03	2.377903548977852444e-01
2.049999999999999822e+00	7.517419530476398930e-03	2.360139976528484451e-01
2.054999999999999716e+00	7.517287603493303175e-03	2.342469425187598819e-01
2.060000000000000053e+00	7.517156392598404839e-03	2.324891706766553934e-01
2.064999999999999947e+00	7.517025896007390774e-03	2.307406632067927621e-01
2.069999999999999840e+00	7.516896111926407720e-03	2.290014010218715812e-01
2.075000000000000178e+00	7.516767038557462498e-03	2.272713649337815556e-01
2.080000000000000071e+00	7.516638674092979318e-03	2.255505355865193851e-01
2.084999999999999964e+00	7.516511016721232064e-03	2.238388935234562060e-01
2.089999999999999858e+00	7.516384064620890322e-03	2.221364191198691718e-01
2.094999999999999751e+00	7.516257815966464681e-03	2.204430926507079391e-01
2.100000000000000089e+00	7.516132268922845819e-03	2.187588942227595423e-01
2.104999999999999982e+00	7.516007421650770619e-03	2.170838038428911376e-01
2.109999999999999876e+00	7.515883272301351718e-03	2.154178013498675159e-01
2.115000000000000213e+00	7.515759819021553163e-03	2.137608664830470406e-01
2.120000000000000107e+00	7.515637059948720826e-03	2.121129788138724770e-01
2.125000000000000000e+00	7.515514993216072803e-03	2.104741178149973635e-01
2.129999999999999893e+00	7.515393616947215090e-03	2.088442627914683380e-01
2.134999999999999787e+00	7.515272929261655396e-03	2.072233929502608485e-01
2.140000000000000124e+00	7.515152928269310147e-03	2.056114873311718216e-01
2.145000000000000018e+00	7.515033612076026104e-03	2.040085248767420922e-01
2.149999999999999911e+00	7.514914978778089970e-03	2.024144843628797041e-01
2.155000000000000249e+00	7.514797026467760419e-03	2.008293444691445218e-01
2.160000000000000142e+00	7.514679753227766421e-03	1.992530837091241736e-01
2.165000000000000036e+00	7.514563157136858358e-03	1.976856805010579754e-01
2.169999999999999929e+00	7.514447236264303748e-03	1.961271130979827526e-01
2.174999999999999822e+00	7.514331988675439222e-03	1.945773596586757581e-01
2.180000000000000160e+00	7.514217412426171458e-03	1.930363981775899129e-01
2.185000000000000053e+00	7.514103505568536095e-03	1.915042065560924045e-01
2.189999999999999947e+00	7.513990266145197799e-03	1.899807625322092186e-01
2.195000000000000284e+00	7.513877692195015251e-03	1.884660437521364085e-01
2.200000000000000178e+00	7.513765781747538605e-03	1.869600276998147903e-01
2.205000000000000071e+00	7.513654532828585760e-03	1.854626917686908738e-01
2.209999999999999964e+00	7.513543943454738944e-03	1.839740131911404009e-01
2.214999999999999858e+00	7.513434011638921856e-03	1.824939691104579265e-01
2.220000000000000195e+00	7.513324735384904057e-03	1.810225365101477968e-01
2.225000000000000089e+00	7.513216112692876376e-03	1.795596922861207312e-01
2.229999999999999982e+00	7.513108141553963108e-03	1.781054131758716963e-01
2.235000000000000320e+00	7.513000819955796550e-03	1.766596758308597581e-01
2.240000000000000213e+00	7.512894145877029202e-03	1.752224567455947235e-01
2.245000000000000107e+00	7.512788117292919579e-03	1.737937323301771697e-01
2.250000000000000000e+00	7.512682732169842677e-03	1.723734788393117001e-01
2.254999999999999893e+00	7.512577988470872312e-03	1.709616724449872227e-01
2.259999999999999787e+00	7.512473884150308069e-03	1.695582891654355828e-01
2.264999999999999680e+00	7.512370417159244633e-03	1.681633049379296641e-01
2.270000000000000018e+00	7.512267585440113478e-03	1.667766955477065216e-01
2.274999999999999911e+00	7.512165386932247862e-03	1.653984367008623779e-01
2.279999999999999805e+00	7.512063819566430593e-03	1.640285039532586031e-01
2.285000000000000142e+00	7.511962881270455548e-03	1.626668727834917338e-01
2.290000000000000036e+00	7.511862569963686717e-03	1.613135185218024237e-01
2.294999999999999929e+00	7.511762883562614519e-03	1.599684164230984473e-01
2.299999999999999822e+00	7.511663819975422651e-03	1.586315415958843567e-01
2.304999999999999716e+00	7.511565377107537467e-03	1.573028690753176806e-01
2.310000000000000053e+00	7.511467552856209567e-03	1.559823737521775222e-01
2.314999999999999947e+00	7.511370345116055378e-03	1.546700304459328323e-01
2.319999999999999840e+00	7.511273751773646541e-03	1.533658138337679611e-01
2.325000000000000178e+00	7.511177770713044557e-03	1.520696985236422161e-01
2.330000000000000071e+00	7.511082399810410128e-03	1.507816589833917975e-01
2.334999999999999964e+00	7.510987636939516973e-03	1.495016696137588530e-01
2.339999999999999858e+00	7.510893479966382867e-03	1.482297046775871707e-01
2.344999999999999751e+00	7.510799926754768707e-03	1.469657383728027178e-01
2.350000000000000089e+00	7.510706975160827761e-03	1.457097447617188846e-01
2.354999999999999982e+00	7.510614623038590863e-03	1.444616978439489940e-01
2.359999999999999876e+00	7.510522868234630403e-03	1.432215714858389999e-01
2.365000000000000213e+00	7.510431708593535115e-03	1.419893394932912334e-01
2.370000000000000107e+00	7.510341141952587944e-03	1.407649755413432069e-01
2.375000000000000000e+00	7.510251166147229561e-03	1.395484532468821981e-01
2.379999999999999893e+00	7.510161779005755309e-03	1.383397460983867011e-01
2.384999999999999787e+00	7.510072978354755298e-03	1.371388275285141400e-01
2.390000000000000124e+00	7.509984762013839112e-03	1.359456708440205108e-01
2.395000000000000018e+00	7.509897127801055082e-03	1.347602492982027111e-01
2.399999999999999911e+00	7.509810073527636680e-03	1.335825360210129709e-01
2.405000000000000249e+00	7.509723597003402709e-03	1.324125040913363138e-01
2.410000000000000142e+00	7.509637696031523646e-03	1.312501264673175960e-01
2.415000000000000036e+00	7.509552368413906220e-03	1.300953760584548646e-01
2.419999999999999929e+00	7.509467611945978838e-03	1.289482256561539641e-01
2.424999999999999822e+00	7.509383424422056211e-03	1.278086480056218888e-01
2.430000000000000160e+00	7.509299803630151669e-03	1.266766157366633894e-01
2.435000000000000053e+00	7.509216747357311435e-03	1.255521014353563058e-01
2.439999999999999947e+00	7.509134253384460757e-03	1.244350775751062871e-01
2.445000000000000284e+00	7.509052319491712167e-03	1.233255165880862980e-01
2.450000000000000178e+00	7.508970943453236770e-03	1.222233907965649680e-01
2.455000000000000071e+00	7.508890123042545606e-03	1.211286724840930501e-01
2.459999999999999964e+00	7.508809856027388700e-03	1.200413338271194424e-01
2.464999999999999858e+00	7.508730140175016478e-03	1.189613469659087930e-01
2.470000000000000195e+00	7.508650973247101360e-03	1.178886839364597511e-01
2.475000000000000089e+00	7.508572353004972291e-03	1.168233167411369677e-01
2.479999999999999982e+00	7.508494277204567566e-03	1.157652172809054969e-01
2.485000000000000320e+00	7.508416743601637258e-03	1.147143574256609538e-01
2.490000000000000213e+00	7.508339749946731610e-03	1.136707089467954429e-01
2.495000000000000107e+00	7.508263293990374843e-03	1.126342435872087905e-01
2.500000000000000000e+00	7.508187373478074356e-03	1.116049329942191554e-01
2.504999999999999893e+00	7.508111986155476328e-03	1.105827487892414585e-01
2.509999999999999787e+00	7.508037129763400937e-03	1.095676625010549160e-01
2.514999999999999680e+00	7.507962802042965865e-03	1.085596456351340389e-01
2.520000000000000018e+00	7.507889000730658818e-03	1.075586696072857729e-01
2.524999999999999911e+00	7.507815723563423735e-03	1.065647058126185653e-01
2.529999999999999805e+00	7.507742968273770599e-03	1.055777255595618247e-01
2.535000000000000142e+00	7.507670732594826091e-03	1.045977001384577332e-01
2.540000000000000036e+00	7.507599014255478091e-03	1.036246007559769589e-01
2.544999999999999929e+00	7.507527810985393374e-03	1.026583986033186291e-01
2.549999999999999822e+00	7.507457120510199408e-03	1.016990647910332862e-01
2.554999999999999716e+00	7.507386940556462149e-03	1.007465704168185178e-01
2.560000000000000053e+00	7.507317268846905138e-03	9.980088650076071599e-02
2.564999999999999947e+00	7.507248103105355203e-03	9.886198405271273693e-02
2.569999999999999840e+00	7.507179441051991045e-03	9.792983400796585747e-02
2.575000000000000178e+00	7.507111280408261186e-03	9.700440729419629315e-02
2.580000000000000071e+00	7.507043618892164649e-03	9.608567476757916281e-02
2.584999999999999964e+00	7.506976454223129869e-03	9.517360727929083386e-02
2.589999999999999858e+00	7.506909784117337010e-03	9.426817561207505303e-02
2.594999999999999751e+00	7.506843606292557848e-03	9.336935054628983655e-02
2.600000000000000089e+00	7.506777918463515380e-03	9.247710279693573121e-02
2.604999999999999982e+00	7.506712718346685541e-03	9.159140307923513413e-02
2.609999999999999876e+00	7.506648003655698453e-03	9.071222204613320350e-02
2.615000000000000213e+00	7.506583772106094170e-03	8.983953035339753423e-02
2.620000000000000107e+00	7.506520021410769024e-03	8.897329859760219617e-02
2.625000000000000000e+00	7.506456749284694079e-03	8.811349738073627480e-02
2.629999999999999893e+00	7.506393953440391835e-03	8.726009724867991868e-02
2.634999999999999787e+00	7.506331631592621720e-03	8.641306875531160059e-02
2.640000000000000124e+00	7.506269781453896693e-03	8.557238240148511144e-02
2.645000000000000018e+00	7.506208400739124501e-03	8.473800869862534169e-02
2.649999999999999911e+00	7.506147487161166781e-03	8.390991810821429864e-02
2.655000000000000249e+00	7.506087038435439555e-03	8.308808110486544385e-02
2.660000000000000142e+00	7.506027052275513096e-03	8.227246811632843437e-02
2.665000000000000036e+00	7.505967526397668184e-03	8.146304958603051150e-02
2.669999999999999929e+00	7.505908458516541946e-03	8.065979591360845913e-02
2.674999999999999822e+00	7.505849846349637276e-03	7.986267751690916128e-02
2.680000000000000160e+00	7.505791687613013775e-03	7.907166477305505037e-02
2.685000000000000053e+00	7.505733980025754669e-03	7.828672807989503490e-02
2.689999999999999947e+00	7.505676721305694181e-03	7.750783779761130643e-02
2.695000000000000284e+00	7.505619909173848019e-03	7.673496430961154746e-02
2.700000000000000178e+00	7.505563541350179779e-03	7.596807796468491025e-02
2.705000000000000071e+00	7.505507615557989801e-03	7.520714913732662321e-02
2.709999999999999964e+00	7.505452129519722335e-03	7.445214817044978894e-02
2.714999999999999858e+00	7.505397080961311897e-03	7.370304543513497841e-02
2.720000000000000195e+00	7.505342467608032940e-03	7.295981127390420429e-02
2.725000000000000089e+00	7.505288287188799368e-03	7.222241605988798108e-02
2.729999999999999982e+00	7.505234537432063646e-03	7.149083014066713593e-02
2.735000000000000320e+00	7.505181216070066011e-03	7.076502389685036809e-02
2.740000000000000213e+00	7.505128320834779550e-03	7.004496768649057237e-02
2.745000000000000107e+00	7.505075849462116040e-03	6.933063190306472390e-02
2.750000000000000000e+00	7.505023799687908330e-03	6.862198692047050130e-02
2.754999999999999893e+00	7.504972169252078010e-03	6.791900315040293179e-02
2.759999999999999787e+00	7.504920955894659428e-03	6.722165098793564386e-02
2.764999999999999680e+00	7.504870157359922259e-03	6.652990086828816652e-02
2.770000000000000018e+00	7.504819771392438020e-03	6.584372321299720998e-02
2.774999999999999911e+00	7.504769795741155804e-03	6.516308848606804094e-02
2.779999999999999805e+00	7.504720228155519965e-03	6.448796714074078729e-02
2.785000000000000142e+00	7.504671066389490344e-03	6.381832967502051868e-02
2.790000000000000036e+00	7.504622308197711131e-03	6.315414657904290519e-02
2.794999999999999929e+00	7.504573951339485113e-03	6.249538838997750756e-02
2.799999999999999822e+00	7.504525993574980708e-03	6.184202563999669638e-02
2.804999999999999716e+00	7.504478432669167177e-03	6.119402891054764870e-02
2.810000000000000053e+00	7.504431266388062426e-03	6.055136878092814978e-02
2.814999999999999947e+00	7.504384492502621379e-03	5.991401588192294542e-02
2.819999999999999840e+00	7.504338108785030617e-03	5.928194084498984717e-02
2.825000000000000178e+00	7.504292113012550787e-03	5.865511435525522232e-02
2.830000000000000071e+00	7.504246502963852865e-03	5.803350710131465612e-02
2.834999999999999964e+00	7.504201276422812865e-03	5.741708982758394336e-02
2.839999999999999858e+00	7.504156431174901880e-03	5.680583328471586896e-02
2.844999999999999751e+00	7.504111965010922675e-03	5.619970828130405743e-02
2.850000000000000089e+00	7.504067875723450035e-03	5.559868563491866117e-02
2.854999999999999982e+00	7.504024161110520522e-03	5.500273622315895311e-02
2.859999999999999876e+00	7.503980818972118792e-03	5.441183093531061499e-02
2.865000000000000213e+00	7.503937847113817047e-03	5.382594072274410335e-02
2.870000000000000107e+00	7.503895243343307320e-03	5.324503655119590395e-02
2.875000000000000000e+00	7.503853005473994954e-03	5.266908945050963881e-02
2.879999999999999893e+00	7.503811131321578599e-03	5.209807046754286186e-02
2.884999999999999787e+00	7.503769618707588178e-03	5.153195071524897114e-02
2.890000000000000124e+00	7.503728465456017786e-03	5.097070132621066979e-02
2.895000000000000018e+00	7.503687669396814225e-03	5.041429350106098328e-02
2.899999999999999911e+00	7.503647228362552400e-03	4.986269846264467648e-02
2.905000000000000249e+00	7.503607140191879618e-03	4.931588750377568359e-02
2.910000000000000142e+00	7.503567402726237824e-03	4.877383194202849354e-02
2.915000000000000036e+00	7.503528013813253253e-03	4.823650316683051470e-02
2.919999999999999929e+00	7.503488971303508108e-03	4.770387259488303305e-02
2.924999999999999822e+00	7.503450273053886843e-03	4.717591171658842147e-02
2.930000000000000160e+00	7.503411916924386006e-03	4.665259205210108007e-02
2.935000000000000053e+00	7.503373900781415418e-03	4.613388519708775531e-02
2.939999999999999947e+00	7.503336222494656586e-03	4.561976277940915647e-02
2.945000000000000284e+00	7.503298879940310979e-03	4.511019650421273924e-02
2.950000000000000178e+00	7.503261870998007010e-03	4.460515811124525498e-02
2.955000000000000071e+00	7.503225193553999736e-03	4.410461941927732582e-02
2.959999999999999964e+00	7.503188845498122081e-03	4.360855228404642708e-02
2.964999999999999858e+00	7.503152824726937696e-03	4.311692864201357306e-02
2.970000000000000195e+00	7.503117129140739021e-03	4.262972046893588607e-02
2.975000000000000089e+00	7.503081756646649836e-03	4.214689982295576065e-02
2.979999999999999982e+00	7.503046705155670161e-03	4.166843880380255438e-02
2.985000000000000320e+00	7.503011972585729369e-03	4.119430959521377944e-02
2.990000000000000213e+00	7.502977556858777923e-03	4.072448442476567232e-02
2.995000000000000107e+00	7.502943455903792781e-03	4.025893560562731482e-02
3.000000000000000000e+00	7.502909667653912505e-03	3.979763549701786224e-02
3.004999999999999893e+00	7.502876190049397563e-03	3.934055654529540480e-02
3.009999999999999787e+00	7.502843021034807068e-03	3.888767124503957062e-02
3.014999999999999680e+00	7.502810158561913113e-03	3.843895217947527337e-02
3.020000000000000018e+00	7.502777600586926950e-03	3.799437198217980871e-02
3.024999999999999911e+00	7.502745345073358677e-03	3.755390337684316043e-02
3.029999999999999805e+00	7.502713389989290257e-03	3.711751913959706467e-02
3.035000000000000142e+00	7.502681733310189241e-03	3.668519213811374802e-02
3.040000000000000036e+00	7.502650373016227746e-03	3.625689529455542598e-02
3.044999999999999929e+00	7.502619307095045008e-03	3.583260162401256249e-02
3.049999999999999822e+00	7.502588533539113202e-03	3.541228419807169320e-02
3.054999999999999716e+00	7.502558050348454889e-03	3.499591618259603049e-02
3.060000000000000053e+00	7.502527855528047865e-03	3.458347080190858625e-02
3.064999999999999947e+00	7.502497947090499240e-03	3.417492137591730123e-02
3.069999999999999840e+00	7.502468323053495397e-03	3.377024128491130234e-02
3.075000000000000178e+00	7.502438981442428358e-03	3.336940400603262413e-02
3.080000000000000071e+00	7.502409920287885642e-03	3.297238307868313040e-02
3.084999999999999964e+00	7.502381137628234137e-03	3.257915214034552004e-02
3.089999999999999858e+00	7.502352631507157657e-03	3.218968489259774191e-02
3.094999999999999751e+00	7.502324399976185304e-03	3.180395513628636595e-02
3.100000000000000089e+00	7.502296441092277599e-03	3.142193673814529936e-02
3.104999999999999982e+00	7.502268752920308002e-03	3.104360366532492657e-02
3.109999999999999876e+00	7.502241333530695021e-03	3.066892995261132418e-02
3.115000000000000213e+00	7.502214181001833418e-03	3.029788973631438592e-02
3.120000000000000107e+00	7.502187293417770554e-03	2.993045722208486845e-02
3.125000000000000000e+00	7.502160668870593366e-03	2.956660671816433231e-02
3.129999999999999893e+00	7.502134305458147204e-03	2.920631260379635830e-02
3.134999999999999787e+00	7.502108201286375108e-03	2.884954936184239496e-02
3.140000000000000124e+00	7.502082354467082617e-03	2.849629154778311052e-02
3.145000000000000018e+00	7.502056763120230204e-03	2.814651382170397370e-02
3.149999999999999911e+00	7.502031425371737984e-03	2.780019091788285893e-02
3.155000000000000249e+00	7.502006339355738254e-03	2.745729767614926015e-02
3.160000000000000142e+00	7.501981503212418363e-03	2.711780901205428779e-02
3.165000000000000036e+00	7.501956915090229883e-03	2.678169994760750891e-02
3.169999999999999929e+00	7.501932573143773111e-03	2.644894558202521770e-02
3.174999999999999822e+00	7.501908475535961143e-03	2.611952112184932895e-02
3.180000000000000160e+00	7.501884620435947740e-03	2.579340185226914467e-02
3.185000000000000053e+00	7.501861006021245427e-03	2.547056316662753284e-02
3.189999999999999947e+00	7.501837630475695004e-03	2.515098053831115593e-02
3.195000000000000284e+00	7.501814491991539401e-03	2.483462954964812952e-02
3.200000000000000178e+00	7.501791588767437423e-03	2.452148586436336125e-02
3.205000000000000071e+00	7.501768919010489041e-03	2.421152525587180054e-02
3.209999999999999964e+00	7.501746480934293367e-03	2.390472358029359021e-02
3.214999999999999858e+00	7.501724272760926238e-03	2.360105680414863530e-02
3.220000000000000195e+00	7.501702292719045900e-03	2.330050097792673788e-02
3.225000000000000089e+00	7.501680539045823756e-03	2.300303226318798494e-02
3.229999999999999982e+00	7.501659009985083872e-03	2.270862690668316863e-02
3.235000000000000320e+00	7.501637703789205101e-03	2.241726126686545417e-02
3.240000000000000213e+00	7.501616618717285752e-03	2.212891178855565591e-02
3.245000000000000107e+00	7.501595753037012745e-03	2.184355502887056627e-02
3.250000000000000000e+00	7.501575105022864447e-03	2.156116763242813678e-02
3.254999999999999893e+00	7.501554672957931255e-03	2.128172635669757506e-02
3.259999999999999787e+00	7.501534455132169606e-03	2.100520804773923014e-02
3.264999999999999680e+00	7.501514449844169652e-03	2.073158966498234168e-02
3.270000000000000018e+00	7.501494655399450900e-03	2.046084825749403674e-02
3.274999999999999911e+00	7.501475070112193465e-03	2.019296098819029980e-02
3.279999999999999805e+00	7.501455692303566659e-03	1.992790511062877620e-02
3.285000000000000142e+00	7.501436520303422957e-03	1.966565799265831624e-02
3.290000000000000036e+00	7.501417552448661277e-03	1.940619709373070378e-02
3.294999999999999929e+00	7.501398787084882780e-03	1.914949998799458583e-02
3.299999999999999822e+00	7.501380222564792317e-03	1.889554434211962106e-02
3.304999999999999716e+00	7.501361857249813463e-03	1.864430793784168858e-02
3.310000000000000053e+00	7.501343689508522053e-03	1.839576865029365904e-02
3.314999999999999947e+00	7.501325717718232595e-03	1.814990447000739901e-02
3.319999999999999840e+00	7.501307940263459567e-03	1.790669348174590836e-02
3.325000000000000178e+00	7.501290355537467390e-03	1.766611388596787957e-02
3.330000000000000071e+00	7.501272961940769896e-03	1.742814397815563299e-02
3.334999999999999964e+00	7.501255757882636932e-03	1.719276216974851765e-02
3.339999999999999858e+00	7.501238741779633727e-03	1.695994696796051041e-02
3.344999999999999751e+00	7.501221912057090199e-03	1.672967699618876578e-02
3.350000000000000089e+00	7.501205267147672412e-03	1.650193097431484207e-02
3.354999999999999982e+00	7.501188805492814589e-03	1.627668773859511017e-02
3.359999999999999876e+00	7.501172525541327865e-03	1.605392622243954556e-02
3.365000000000000213e+00	7.501156425750793270e-03	1.583362547578988366e-02
3.370000000000000107e+00	7.501140504586206910e-03	1.561576464637048391e-02
3.375000000000000000e+00	7.501124760521332181e-03	1.540032299856059980e-02
3.379999999999999893e+00	7.501109192037381385e-03	1.518727989511092259e-02
3.384999999999999787e+00	7.501093797624336715e-03	1.497661481551692229e-02
3.390000000000000124e+00	7.501078575779655290e-03	1.476830733819462990e-02
3.395000000000000018e+00	7.501063525009560654e-03	1.456233715836176279e-02
3.399999999999999911e+00	7.501048643827782497e-03	1.435868407066666873e-02
3.405000000000000249e+00	7.501033930756808264e-03	1.415732798658347717e-02
3.410000000000000142e+00	7.501019384326657567e-03	1.395824891748827581e-02
3.415000000000000036e+00	7.501005003076099964e-03	1.376142699157519890e-02
3.419999999999999929e+00	7.500990785551462335e-03	1.356684243737317670e-02
3.424999999999999822e+00	7.500976730307806761e-03	1.337447560018966905e-02
3.430000000000000160e+00	7.500962835907776065e-03	1.318430692606210874e-02
3.435000000000000053e+00	7.500949100922736992e-03	1.299631697773588092e-02
3.439999999999999947e+00	7.500935523931650910e-03	1.281048641904396213e-02
3.445000000000000284e+00	7.500922103522190097e-03	1.262679603042581554e-02
3.450000000000000178e+00	7.500908838289641403e-03	1.244522669372939705e-02
3.455000000000000071e+00	7.500895726837983508e-03	1.226575940727775947e-02
3.459999999999999964e+00	7.500882767778819203e-03	1.208837527108650063e-02
3.464999999999999858e+00	7.500869959732426630e-03	1.191305550148543356e-02
3.470000000000000195e+00	7.500857301326722786e-03	1.173978141674509451e-02
3.475000000000000089e+00	7.500844791198274866e-03	1.156853445125995833e-02
3.479999999999999982e+00	7.500832427991299331e-03	1.139929614157805457e-02
3.485000000000000320e+00	7.500820210358641153e-03	1.123204814015253510e-02
3.490000000000000213e+00	7.500808136960797172e-03	1.106677220176789309e-02
3.495000000000000107e+00	7.500796206466872791e-03	1.090345019686678185e-02
3.500000000000000000e+00	7.500784417553627882e-03	1.074206409836655704e-02
3.504999999999999893e+00	7.500772768906402259e-03	1.058259599456824740e-02
3.509999999999999787e+00	7.500761259218194539e-03	1.042502807635700517e-02
3.514999999999999680e+00	7.500749887190553793e-03	1.026934264970015727e-02
3.520000000000000018e+00	7.500738651532687894e-03	1.011552212322512807e-02
3.524999999999999911e+00	7.500727550962326545e-03	9.963549020313530735e-03
3.529999999999999805e+00	7.500716584204853918e-03	9.813405967050291279e-03
3.535000000000000142e+00	7.500705749994143919e-03	9.665075703920545519e-03
3.540000000000000036e+00	7.500695047071720585e-03	9.518541074123627529e-03
3.544999999999999929e+00	7.500684474187566467e-03	9.373785034879705824e-03
3.549999999999999822e+00	7.500674030099304702e-03	9.230790646102306207e-03
3.554999999999999716e+00	7.500663713572983116e-03	9.089541081321558455e-03
3.560000000000000053e+00	7.500653523382278844e-03	8.950019616708944359e-03
3.564999999999999947e+00	7.500643458309259881e-03	8.812209641624102474e-03
3.569999999999999840e+00	7.500633517143613128e-03	8.676094647985337777e-03
3.575000000000000178e+00	7.500623698683374710e-03	8.541658240446827963e-03
3.580000000000000071e+00	7.500614001734189247e-03	8.408884126108902984e-03
3.584999999999999964e+00	7.500604425110008952e-03	8.277756124332191073e-03
3.589999999999999858e+00	7.500594967632379789e-03	8.148258156781409273e-03
3.594999999999999751e+00	7.500585628131118017e-03	8.020374256883552877e-03
3.600000000000000089e+00	7.500576405443609360e-03	7.894088560198820118e-03
3.604999999999999982e+00	7.500567298415471672e-03	7.769385313529483805e-03
3.609999999999999876e+00	7.500558305899874927e-03	7.646248865611856953e-03
3.615000000000000213e+00	7.500549426758173523e-03	7.524663675882669288e-03
3.620000000000000107e+00	7.500540659859252293e-03	7.404614305485794981e-03
3.625000000000000000e+00	7.500532004080137996e-03	7.286085425703006137e-03
3.629999999999999893e+00	7.500523458305367007e-03	7.169061809269363338e-03
3.634999999999999787e+00	7.500515021427565585e-03	7.053528338474807091e-03
3.640000000000000124e+00	7.500506692346847921e-03	6.939469996782124048e-03
3.645000000000000018e+00	7.500498469971369521e-03	6.826871876606335245e-03
3.649999999999999911e+00	7.500490353216746064e-03	6.715719171228930542e-03
3.655000000000000249e+00	7.500482341006586839e-03	6.605997182261624801e-03
3.660000000000000142e+00	7.500474432271937025e-03	6.497691311851261711e-03
3.665000000000000036e+00	7.500466625951780764e-03	6.390787069834138676e-03
3.669999999999999929e+00	7.500458920992502526e-03	6.285270066225461666e-03
3.674999999999999822e+00	7.500451316348382379e-03	6.181126018071143868e-03
3.680000000000000160e+00	7.500443810981070360e-03	6.078340742215759991e-03
3.685000000000000053e+00	7.500436403860054856e-03	5.976900161858317816e-03
3.689999999999999947e+00	7.500429093962159531e-03	5.876790299592846850e-03
3.695000000000000284e+00	7.500421880271996959e-03	5.777997283674454580e-03
3.700000000000000178e+00	7.500414761781479429e-03	5.680507341326763299e-03
3.705000000000000071e+00	7.500407737490250894e-03	5.584306804724772748e-03
3.709999999999999964e+00	7.500400806405222061e-03	5.489382104563275688e-03
3.714999999999999858e+00	7.500393967540976321e-03	5.395719775762874287e-03
3.720000000000000195e+00	7.500387219919327393e-03	5.303306451293629022e-03
3.725000000000000089e+00	7.500380562569706165e-03	5.212128867610542338e-03
3.729999999999999982e+00	7.500373994528732220e-03	5.122173858726750996e-03
3.735000000000000320e+00	7.500367514840585934e-03	5.033428361384682977e-03
3.740000000000000213e+00	7.500361122556597343e-03	4.945879409373210925e-03
3.745000000000000107e+00	7.500354816735594829e-03	4.859514138440654447e-03
3.750000000000000000e+00	7.500348596443516536e-03	4.774319780850322728e-03
3.754999999999999893e+00	7.500342460753741704e-03	4.690283670041507473e-03
3.759999999999999787e+00	7.500336408746711633e-03	4.607393235417749089e-03
3.764999999999999680e+00	7.500330439510250607e-03	4.525636006762040996e-03
3.770000000000000018e+00	7.500324552139199866e-03	4.444999609252407897e-03
3.774999999999999911e+00	7.500318745735722915e-03	4.365471767637236870e-03
3.779999999999999805e+00	7.500313019408956852e-03	4.287040301472745847e-03
3.785000000000000142e+00	7.500307372275294253e-03	4.209693129064284028e-03
3.790000000000000036e+00	7.500301803458056180e-03	4.133418262920506361e-03
3.794999999999999929e+00	7.500296312087758460e-03	4.058203813466629804e-03
3.799999999999999822e+00	7.500290897301795968e-03	3.984037984709850287e-03
3.804999999999999716e+00	7.500285558244693292e-03	3.910909077730339266e-03
3.810000000000000053e+00	7.500280294067807225e-03	3.838805486552708535e-03
3.814999999999999947e+00	7.500275103929560094e-03	3.767715701420606533e-03
3.819999999999999840e+00	7.500269986995154389e-03	3.697628304869046353e-03
3.825000000000000178e+00	7.500264942436793945e-03	3.628531974788191082e-03
3.830000000000000071e+00	7.500259969433413325e-03	3.560415480691563311e-03
3.834999999999999964e+00	7.500255067170882514e-03	3.493267686574522048e-03
3.839999999999999858e+00	7.500250234841747583e-03	3.427077547373349065e-03
3.844999999999999751e+00	7.500245471645425842e-03	3.361834111624071274e-03
3.850000000000000089e+00	7.500240776787957774e-03	3.297526518107266134e-03
3.854999999999999982e+00	7.500236149482189182e-03	3.234143998312875162e-03
3.859999999999999876e+00	7.500231588947535270e-03	3.171675873265856864e-03
3.865000000000000213e+00	7.500227094410148038e-03	3.110111555802206381e-03
3.870000000000000107e+00	7.500222665102692504e-03	3.049440547570761786e-03
3.875000000000000000e+00	7.500218300264506303e-03	2.989652441125758512e-03
3.879999999999999893e+00	7.500213999141385444e-03	2.930736917099925273e-03
3.884999999999999787e+00	7.500209760985725692e-03	2.872683746118873289e-03
3.890000000000000124e+00	7.500205585056329144e-03	2.815482786140874848e-03
3.895000000000000018e+00	7.500201470618528266e-03	2.759123984198322277e-03
3.899999999999999911e+00	7.500197416944003742e-03	2.703597373899390040e-03
3.905000000000000249e+00	7.500193423310897237e-03	2.648893077001555560e-03
3.910000000000000142e+00	7.500189489003644856e-03	2.595001301070887396e-03
3.915000000000000036e+00	7.500185613313070827e-03	2.541912340892626097e-03
3.919999999999999929e+00	7.500181795536235707e-03	2.489616576283429014e-03
3.924999999999999822e+00	7.500178034976520518e-03	2.438104473344074839e-03
3.930000000000000160e+00	7.500174330943481030e-03	2.387366582420310905e-03
3.935000000000000053e+00	7.500170682752926692e-03	2.337393539202446257e-03
3.939999999999999947e+00	7.500167089726782720e-03	2.288176062830462893e-03
3.945000000000000284e+00	7.500163551193154282e-03	2.239704956845358936e-03
3.950000000000000178e+00	7.500160066486203335e-03	2.191971107434313205e-03
3.955000000000000071e+00	7.500156634946204999e-03	2.144965484238341245e-03
3.959999999999999964e+00	7.500153255919426130e-03	2.098679138733378514e-03
3.964999999999999858e+00	7.500149928758179096e-03	2.053103204899040142e-03
3.970000000000000195e+00	7.500146652820707284e-03	2.008228897731334939e-03
3.975000000000000089e+00	7.500143427471225865e-03	1.964047513777024846e-03
3.979999999999999982e+00	7.500140252079822920e-03	1.920550429774072051e-03
3.985000000000000320e+00	7.500137126022486320e-03	1.877729103055996102e-03
3.990000000000000213e+00	7.500134048681016130e-03	1.835575070316152520e-03
3.995000000000000107e+00	7.500131019443040219e-03	1.794079947886550357e-03
4.000000000000000000e+00	7.500128037701935327e-03	1.753235430621891784e-03
4.004999999999999893e+00	7.500125102856838345e-03	1.713033292057129439e-03
4.009999999999999787e+00	7.500122214312569119e-03	1.673465383407587862e-03
4.014999999999999680e+00	7.500119371479639988e-03	1.634523633609469067e-03
4.019999999999999574e+00	7.500116573774182060e-03	1.596200048432359995e-03
4.025000000000000355e+00	7.500113820617946084e-03	1.558486710406765301e-03
4.030000000000000249e+00	7.500111111438241725e-03	1.521375778045282873e-03
4.035000000000000142e+00	7.500108445667924562e-03	1.484859485661298552e-03
4.040000000000000036e+00	7.500105822745350113e-03	1.448930142695236019e-03
4.044999999999999929e+00	7.500103242114344350e-03	1.413580133428375555e-03
4.049999999999999822e+00	7.500100703224169864e-03	1.378801916410699090e-03
4.054999999999999716e+00	7.500098205529492912e-03	1.344588024073732884e-03
4.059999999999999609e+00	7.500095748490350454e-03	1.310931062256470801e-03
4.064999999999999503e+00	7.500093331572111992e-03	1.277823709721039513e-03
4.070000000000000284e+00	7.500090954245454411e-03	1.245258717773393411e-03
4.075000000000000178e+00	7.500088615986316883e-03	1.213228909685678571e-03
4.080000000000000071e+00	7.500086316275880044e-03	1.181727180408320048e-03
4.084999999999999964e+00	7.500084054600519162e-03	1.150746495902475134e-03
4.089999999999999858e+00	7.500081830451787654e-03	1.120279892940523239e-03
4.094999999999999751e+00	7.500079643326360707e-03	1.090320478352306858e-03
4.099999999999999645e+00	7.500077492726028340e-03	1.060861428910730682e-03
4.105000000000000426e+00	7.500075378157632956e-03	1.031895990495225891e-03
4.110000000000000320e+00	7.500073299133068472e-03	1.003417478059468468e-03
4.115000000000000213e+00	7.500071255169210062e-03	9.754192747154879269e-04
4.120000000000000107e+00	7.500069245787920232e-03	9.478948317804323067e-04
4.125000000000000000e+00	7.500067270515975958e-03	9.208376677846760597e-04
4.129999999999999893e+00	7.500065328885072158e-03	8.942413685947994770e-04
4.134999999999999787e+00	7.500063420431754037e-03	8.680995863488925055e-04
4.139999999999999680e+00	7.500061544697421423e-03	8.424060396528487921e-04
4.144999999999999574e+00	7.500059701228249838e-03	8.171545124461006933e-04
4.150000000000000355e+00	7.500057889575211315e-03	7.923388542683639088e-04
4.155000000000000249e+00	7.500056109293983322e-03	7.679529790589270525e-04
4.160000000000000142e+00	7.500054359944972188e-03	7.439908654912720043e-04
4.165000000000000036e+00	7.500052641093226356e-03	7.204465557087189704e-04
4.169999999999999929e+00	7.500050952308459813e-03	6.973141557243388994e-04
4.174999999999999822e+00	7.500049293164957540e-03	6.745878340960274194e-04
4.179999999999999716e+00	7.500047663241608473e-03	6.522618223890479282e-04
4.185000000000000497e+00	7.500046062121804025e-03	6.303304137933073625e-04
4.190000000000000391e+00	7.500044489393477114e-03	6.087879636461799530e-04
4.195000000000000284e+00	7.500042944648996346e-03	5.876288879947204856e-04
4.200000000000000178e+00	7.500041427485208516e-03	5.668476641762303873e-04
4.205000000000000071e+00	7.500039937503329320e-03	5.464388293282403065e-04
4.209999999999999964e+00	7.500038474308989324e-03	5.263969810244319841e-04
4.214999999999999858e+00	7.500037037512122078e-03	5.067167757349738070e-04
4.219999999999999751e+00	7.500035626727016153e-03	4.873929295155527558e-04
4.224999999999999645e+00	7.500034241572192846e-03	4.684202164205821298e-04
4.230000000000000426e+00	7.500032881670469498e-03	4.497934692431861722e-04
4.235000000000000320e+00	7.500031546648830254e-03	4.315075778837047836e-04
4.240000000000000213e+00	7.500030236138490250e-03	4.135574901384438812e-04
4.245000000000000107e+00	7.500028949774772448e-03	3.959382100258209834e-04
4.250000000000000000e+00	7.500027687197165747e-03	3.786447986219398216e-04
4.254999999999999893e+00	7.500026448049201822e-03	3.616723723467533133e-04
4.259999999999999787e+00	7.500025231978520168e-03	3.450161038442730969e-04
4.264999999999999680e+00	7.500024038636737139e-03	3.286712202309919153e-04
4.269999999999999574e+00	7.500022867679514461e-03	3.126330040189595765e-04
4.275000000000000355e+00	7.500021718766430867e-03	2.968967913285240818e-04
4.280000000000000249e+00	7.500020591561049749e-03	2.814579728522686726e-04
4.285000000000000142e+00	7.500019485730787319e-03	2.663119920343326973e-04
4.290000000000000036e+00	7.500018400946983736e-03	2.514543460734680819e-04
4.294999999999999929e+00	7.500017336884772130e-03	2.368805840707881760e-04
4.299999999999999822e+00	7.500016293223148861e-03	2.225863080702058876e-04
4.304999999999999716e+00	7.500015269644840811e-03	2.085671711766564241e-04
4.309999999999999609e+00	7.500014265836382581e-03	1.948188786322625722e-04
4.314999999999999503e+00	7.500013281487975109e-03	1.813371859068369646e-04
4.320000000000000284e+00	7.500012316293568071e-03	1.681178998080633626e-04
4.325000000000000178e+00	7.500011369950719368e-03	1.551568765462537833e-04
4.330000000000000071e+00	7.500010442160675792e-03	1.424500228770013118e-04
4.334999999999999964e+00	7.500009532628234242e-03	1.299932941416971513e-04
4.339999999999999858e+00	7.500008641061821531e-03	1.177826954413435147e-04
4.344999999999999751e+00	7.500007767173355600e-03	1.058142796546173076e-04
4.349999999999999645e+00	7.500006910678330523e-03	9.408414864122056388e-05
4.355000000000000426e+00	7.500006071295668188e-03	8.258845123908090721e-05
4.360000000000000320e+00	7.500005248747811104e-03	7.132338449599142315e-05
4.365000000000000213e+00	7.500004442760574951e-03	6.028519164739685522e-05
4.370000000000000107e+00	7.500003653063238782e-03	4.947016337500186018e-05
4.375000000000000000e+00	7.500002879388395841e-03	3.887463576667338439e-05
4.379999999999999893e+00	7.500002121472048970e-03	2.849499160077143605e-05
4.384999999999999787e+00	7.500001379053457089e-03	1.832765828961202247e-05
4.389999999999999680e+00	7.500000651875238407e-03	8.369109188237360578e-06
4.394999999999999574e+00	7.499999939683206496e-03	-1.384138477277392424e-06
4.400000000000000355e+00	7.499999242226480442e-03	-1.093552227768416034e-05
4.405000000000000249e+00	7.499998559257326121e-03	-2.028843666607618832e-05
4.410000000000000142e+00	7.499997890531253340e-03	-2.944623162350131927e-05
4.415000000000000036e+00	7.499997235806866655e-03	-3.841221475712188008e-05
4.419999999999999929e+00	7.499996594845965113e-03	-4.718964992447433748e-05
4.424999999999999822e+00	7.499995967413386130e-03	-5.578175934327221408e-05
4.429999999999999716e+00	7.499995353277108708e-03	-6.419172219525968591e-05
4.435000000000000497e+00	7.499994752208098171e-03	-7.242267674645350530e-05
4.440000000000000391e+00	7.499994163980410258e-03	-8.047771893164552088e-05
4.445000000000000284e+00	7.499993588371035858e-03	-8.835990448398751615e-05
4.450000000000000178e+00	7.499993025160002491e-03	-9.607224750093121930e-05
4.455000000000000071e+00	7.499992474130224261e-03	-1.036177225822517041e-04
4.459999999999999964e+00	7.499991935067602464e-03	-1.109992633783058851e-04
4.464999999999999858e+00	7.499991407760868596e-03	-1.182197647355756739e-04
4.469999999999999751e+00	7.499990892001697114e-03	-1.252820812278532443e-04
4.474999999999999645e+00	7.499990387584543235e-03	-1.321890293084883392e-04
4.480000000000000426e+00	7.499989894306752225e-03	-1.389433858252336201e-04
4.485000000000000320e+00	7.499989411968405011e-03	-1.455478901784484718e-04
4.490000000000000213e+00	7.499988940372422259e-03	-1.520052428202736596e-04
4.495000000000000107e+00	7.499988479324411726e-03	-1.583181074179693061e-04
4.500000000000000000e+00	7.499988028632774938e-03	-1.644891093379736828e-04
4.504999999999999893e+00	7.499987588108552802e-03	-1.705208378137757267e-04
4.509999999999999787e+00	7.499987157565531429e-03	-1.764158444154271730e-04
4.514999999999999680e+00	7.499986736820092072e-03	-1.821766452212786802e-04
4.519999999999999574e+00	7.499986325691314348e-03	-1.878057192734726053e-04
4.525000000000000355e+00	7.499985924000825317e-03	-1.933055107529234686e-04
4.530000000000000249e+00	7.499985531572909633e-03	-1.986784274211983534e-04
4.535000000000000142e+00	7.499985148234350821e-03	-2.039268427983190884e-04
4.540000000000000036e+00	7.499984773814544030e-03	-2.090530945914688052e-04
4.544999999999999929e+00	7.499984408145340779e-03	-2.140594868750836572e-04
4.549999999999999822e+00	7.499984051061165183e-03	-2.189482885066405934e-04
4.554999999999999716e+00	7.499983702398848283e-03	-2.237217353087144649e-04
4.559999999999999609e+00	7.499983361997748614e-03	-2.283820284722436970e-04
4.564999999999999503e+00	7.499983029699597813e-03	-2.329313367400892055e-04
4.570000000000000284e+00	7.499982705348606435e-03	-2.373717947980459283e-04
4.575000000000000178e+00	7.499982388791315638e-03	-2.417055054595977789e-04
4.580000000000000071e+00	7.499982079876709937e-03	-2.459345380448448503e-04
4.584999999999999964e+00	7.499981778456057610e-03	-2.500609305662659996e-04
4.589999999999999858e+00	7.499981484383030396e-03	-2.540866880957681284e-04
4.594999999999999751e+00	7.499981197513546499e-03	-2.580137849511349862e-04
4.599999999999999645e+00	7.499980917705889420e-03	-2.618441630512872704e-04
4.605000000000000426e+00	7.499980644820542289e-03	-2.655797341033901094e-04
4.610000000000000320e+00	7.499980378720319703e-03	-2.692223779464531105e-04
4.615000000000000213e+00	7.499980119270199461e-03	-2.727739447388249569e-04
4.620000000000000107e+00	7.499979866337446593e-03	-2.762362532901768263e-04
4.625000000000000000e+00	7.499979619791455505e-03	-2.796110932493509255e-04
4.629999999999999893e+00	7.499979379503870537e-03	-2.829002234247899455e-04
4.634999999999999787e+00	7.499979145348429840e-03	-2.861053739727001236e-04
4.639999999999999680e+00	7.499978917201080737e-03	-2.892282447057349941e-04
4.644999999999999574e+00	7.499978694939829667e-03	-2.922705072816086653e-04
4.650000000000000355e+00	7.499978478444859278e-03	-2.952338035000864501e-04
4.655000000000000249e+00	7.499978267598372307e-03	-2.981197474919657954e-04
4.660000000000000142e+00	7.499978062284716473e-03	-3.009299240041381955e-04
4.665000000000000036e+00	7.499977862390224889e-03	-3.036658905891413880e-04
4.669999999999999929e+00	7.499977667803336620e-03	-3.063291758782726534e-04
4.674999999999999822e+00	7.499977478414447500e-03	-3.089212817717082124e-04
4.679999999999999716e+00	7.499977294116028093e-03	-3.114436816994522648e-04
4.685000000000000497e+00	7.499977114802464963e-03	-3.138978228123377344e-04
4.690000000000000391e+00	7.499976940370194252e-03	-3.162851242305144642e-04
4.695000000000000284e+00	7.499976770717535143e-03	-3.186069792354207018e-04
4.700000000000000178e+00	7.499976605744820835e-03	-3.208647535057084269e-04
4.705000000000000071e+00	7.499976445354239810e-03	-3.230597873105678667e-04
4.709999999999999964e+00	7.499976289449965076e-03	-3.251933937325837427e-04
4.714999999999999858e+00	7.499976137937991970e-03	-3.272668608626541045e-04
4.719999999999999751e+00	7.499975990726271725e-03	-3.292814500095912300e-04
4.724999999999999645e+00	7.499975847724547548e-03	-3.312383978969623698e-04
4.730000000000000426e+00	7.499975708844491655e-03	-3.331389148590595153e-04
4.735000000000000320e+00	7.499975573999538743e-03	-3.349841870399994587e-04
4.740000000000000213e+00	7.499975443105021296e-03	-3.367753745756444143e-04
4.745000000000000107e+00	7.499975316078013460e-03	-3.385136137954861471e-04
4.750000000000000000e+00	7.499975192837454209e-03	-3.402000153900059222e-04
4.754999999999999893e+00	7.499975073303997292e-03	-3.418356666157153418e-04
4.759999999999999787e+00	7.499974957400138732e-03	-3.434216294476536715e-04
4.764999999999999680e+00	7.499974845050059839e-03	-3.449589427879455042e-04
4.769999999999999574e+00	7.499974736179760779e-03	-3.464486206028871283e-04
4.775000000000000355e+00	7.499974630716900979e-03	-3.478916541357026022e-04
4.780000000000000249e+00	7.499974528590933574e-03	-3.492890100276801525e-04
4.785000000000000142e+00	7.499974429732948408e-03	-3.506416325355609905e-04
4.790000000000000036e+00	7.499974334075801274e-03	-3.519504416361725818e-04
4.794999999999999929e+00	7.499974241553964728e-03	-3.532163352491148197e-04
4.799999999999999822e+00	7.499974152103655589e-03	-3.544401873242803563e-04
4.804999999999999716e+00	7.499974065662677949e-03	-3.556228500704051174e-04
4.809999999999999609e+00	7.499973982170566288e-03	-3.567651520249473084e-04
4.814999999999999503e+00	7.499973901568415466e-03	-3.578679002890848126e-04
4.820000000000000284e+00	7.499973823799029916e-03	-3.589318785792672772e-04
4.825000000000000178e+00	7.499973748806754506e-03	-3.599578494694213957e-04
4.830000000000000071e+00	7.499973676537622855e-03	-3.609465524234759513e-04
4.834999999999999964e+00	7.499973606939190802e-03	-3.618987060454746728e-04
4.839999999999999858e+00	7.499973539960677789e-03	-3.628150060923978010e-04
4.844999999999999751e+00	7.499973475552811596e-03	-3.636961277328599833e-04
4.849999999999999645e+00	7.499973413667963655e-03	-3.645427235395681917e-04
4.855000000000000426e+00	7.499973354259992057e-03	-3.653554257573573085e-04
4.860000000000000320e+00	7.499973297284385533e-03	-3.661348442745314727e-04
4.865000000000000213e+00	7.499973242698096919e-03	-3.668815689010100677e-04
4.870000000000000107e+00	7.499973190459695814e-03	-3.675961673177958848e-04
4.875000000000000000e+00	7.499973140529198577e-03	-3.682791873660528508e-04
4.879999999999999893e+00	7.499973092868220115e-03	-3.689311549738605355e-04
4.884999999999999787e+00	7.499973047439809949e-03	-3.695525764571220423e-04
4.889999999999999680e+00	7.499973004208596201e-03	-3.701439364227960454e-04
4.894999999999999574e+00	7.499972963140628598e-03	-3.707057000824292388e-04
4.900000000000000355e+00	7.499972924203522455e-03	-3.712383111311011604e-04
4.905000000000000249e+00	7.499972887366293875e-03	-3.717421940744216192e-04
4.910000000000000142e+00	7.499972852599518479e-03	-3.722177520823271787e-04
4.915000000000000036e+00	7.499972819875157064e-03	-3.726653693305406485e-04
4.919999999999999929e+00	7.499972789166714331e-03	-3.730854088282691949e-04
4.924999999999999822e+00	7.499972760449068014e-03	-3.734782147749889764e-04
4.929999999999999716e+00	7.499972733698630212e-03	-3.738441103612237071e-04
4.935000000000000497e+00	7.499972708893168707e-03	-3.741834001416498951e-04
4.940000000000000391e+00	7.499972686011980444e-03	-3.744963678080251261e-04
4.945000000000000284e+00	7.499972665035705907e-03	-3.747832785795894160e-04
4.950000000000000178e+00	7.499972645946498262e-03	-3.750443769471628781e-04
4.955000000000000071e+00	7.499972628727850747e-03	-3.752798890817897535e-04
4.959999999999999964e+00	7.499972613364757137e-03	-3.754900205491098022e-04
4.964999999999999858e+00	7.499972599843539138e-03	-3.756749587373345799e-04
4.969999999999999751e+00	7.499972588152012919e-03	-3.758348705408692835e-04
4.974999999999999645e+00	7.499972578279313906e-03	-3.759699048086439480e-04
4.980000000000000426e+00	7.499972570216065053e-03	-3.760801899960135417e-04
4.985000000000000320e+00	7.499972563954193823e-03	-3.761658366344296234e-04
4.990000000000000213e+00	7.499972559487115206e-03	-3.762269349506874123e-04
4.995000000000000107e+00	7.499972556809540031e-03	-3.762635573591027174e-04
5.000000000000000000e+00	7.499972555917655374e-03	-3.762757560469319538e-04
