# coordinate_x	h	p	@time=51.29
0.000000000000000000e+00	2.865754693445271561e-01	6.517622189042595604e-01
5.000000000000000104e-03	2.865713996679673525e-01	6.517618570705030479e-01
1.000000000000000021e-02	2.865591906538093592e-01	6.517607714431867816e-01
1.499999999999999944e-02	2.865388423187690825e-01	6.517589618865436973e-01
2.000000000000000042e-02	2.865103547034491549e-01	6.517564280707881519e-01
2.500000000000000139e-02	2.864737278543984522e-01	6.517531696177027989e-01
2.999999999999999889e-02	2.864289618414928018e-01	6.517491859594706227e-01
3.500000000000000333e-02	2.863760567404630697e-01	6.517444764803442814e-01
4.000000000000000083e-02	2.863150126503887227e-01	6.517390403745859651e-01
4.499999999999999833e-02	2.862458296762238064e-01	6.517328767880056217e-01
5.000000000000000278e-02	2.861685079463188730e-01	6.517259846757388342e-01
5.500000000000000028e-02	2.860830475949316942e-01	6.517183629437115489e-01
5.999999999999999778e-02	2.859894487797799978e-01	6.517100103062769545e-01
6.500000000000000222e-02	2.858877116645316963e-01	6.517009254276168173e-01
7.000000000000000666e-02	2.857778364363924850e-01	6.516911067792335865e-01
7.500000000000001110e-02	2.856598232885702582e-01	6.516805527812941090e-01
8.000000000000000167e-02	2.855336724379032298e-01	6.516692616599698562e-01
8.499999999999999223e-02	2.853993841072927640e-01	6.516572315887275701e-01
8.999999999999999667e-02	2.852569585433780142e-01	6.516444605455097294e-01
9.500000000000000111e-02	2.851063959989311725e-01	6.516309464539757901e-01
1.000000000000000056e-01	2.849476967505847891e-01	6.516166870405153411e-01
1.050000000000000100e-01	2.847808610811833896e-01	6.516016799754409394e-01
1.100000000000000006e-01	2.846058892975695809e-01	6.515859227298295142e-01
1.149999999999999911e-01	2.844227817128864855e-01	6.515694127166649086e-01
1.199999999999999956e-01	2.842315386644281849e-01	6.515521471475030912e-01
1.250000000000000000e-01	2.840321604958875867e-01	6.515341231735621852e-01
1.300000000000000044e-01	2.838246475752769782e-01	6.515153377422070458e-01
1.350000000000000089e-01	2.836090002771154417e-01	6.514957877379837781e-01
1.400000000000000133e-01	2.833852190004260696e-01	6.514754698389201293e-01
1.450000000000000178e-01	2.831533041508567106e-01	6.514543806574977225e-01
1.499999999999999944e-01	2.829132561587601180e-01	6.514325165967687070e-01
1.549999999999999989e-01	2.826650754612418659e-01	6.514098739912554947e-01
1.600000000000000033e-01	2.824087625203303142e-01	6.513864489628841126e-01
1.650000000000000078e-01	2.821443178049451439e-01	6.513622375618007831e-01
1.700000000000000122e-01	2.818717418091636340e-01	6.513372356221241999e-01
1.749999999999999889e-01	2.815910350341040980e-01	6.513114389026637419e-01
1.799999999999999933e-01	2.813021980062944682e-01	6.512848429424958896e-01
1.849999999999999978e-01	2.810052312594646939e-01	6.512574432015661996e-01
1.900000000000000022e-01	2.807001353530247378e-01	6.512292349160969662e-01
1.950000000000000067e-01	2.803869108537585531e-01	6.512002132390504183e-01
2.000000000000000111e-01	2.800655583544191529e-01	6.511703730953786184e-01
2.050000000000000155e-01	2.797360784553178381e-01	6.511397093223217913e-01
2.099999999999999922e-01	2.793984717830431119e-01	6.511082165245136721e-01
2.149999999999999967e-01	2.790527389719379414e-01	6.510758892140837695e-01
2.200000000000000011e-01	2.786988806829505116e-01	6.510427216656357041e-01
2.250000000000000056e-01	2.783368975849928595e-01	6.510087080561176576e-01
2.300000000000000100e-01	2.779667903739300727e-01	6.509738423196933521e-01
2.349999999999999867e-01	2.775885597538141347e-01	6.509381182873412719e-01
2.399999999999999911e-01	2.772022064560190624e-01	6.509015295416427094e-01
2.449999999999999956e-01	2.768077312203421902e-01	6.508640695560615752e-01
2.500000000000000000e-01	2.764051348142940179e-01	6.508257315496793760e-01
2.550000000000000044e-01	2.759944180140591063e-01	6.507865086261033216e-01
2.600000000000000089e-01	2.755755816239490175e-01	6.507463936281816519e-01
2.650000000000000133e-01	2.751486264572150509e-01	6.507053792764795341e-01
2.700000000000000178e-01	2.747135533556727127e-01	6.506634580240150401e-01
2.750000000000000222e-01	2.742703631703585221e-01	6.506206221942341106e-01
2.800000000000000266e-01	2.738190567813350573e-01	6.505768638358137013e-01
2.850000000000000311e-01	2.733596350781834494e-01	6.505321748600596532e-01
2.899999999999999800e-01	2.728920989799981101e-01	6.504865468958285213e-01
2.949999999999999845e-01	2.724164494157065297e-01	6.504399714262625309e-01
2.999999999999999889e-01	2.719326873442632353e-01	6.503924396438911515e-01
3.049999999999999933e-01	2.714408137347881778e-01	6.503439425866061052e-01
3.099999999999999978e-01	2.709408295869697447e-01	6.502944709930111866e-01
3.150000000000000022e-01	2.704327359110129669e-01	6.502440154375307424e-01
3.200000000000000067e-01	2.699165337482611893e-01	6.501925661860830097e-01
3.250000000000000111e-01	2.693922241509453808e-01	6.501401133302040503e-01
3.300000000000000155e-01	2.688598082030350112e-01	6.500866466431316493e-01
3.350000000000000200e-01	2.683192869997784724e-01	6.500321557128103667e-01
3.400000000000000244e-01	2.677706616687945962e-01	6.499766297984848062e-01
3.449999999999999734e-01	2.672139333493938618e-01	6.499200579624380136e-01
3.499999999999999778e-01	2.666491032139222672e-01	6.498624289272034726e-01
3.549999999999999822e-01	2.660761724468529432e-01	6.498037312058727588e-01
3.599999999999999867e-01	2.654951422663940908e-01	6.497439529600488317e-01
3.649999999999999911e-01	2.649060139033407313e-01	6.496830821285419777e-01
3.699999999999999956e-01	2.643087886229586458e-01	6.496211062862011776e-01
3.750000000000000000e-01	2.637034677035852148e-01	6.495580127707962781e-01
3.800000000000000044e-01	2.630900524588027367e-01	6.494937885428815338e-01
3.850000000000000089e-01	2.624685442157764226e-01	6.494284203106407416e-01
3.900000000000000133e-01	2.618389443377305281e-01	6.493618943909528207e-01
3.950000000000000178e-01	2.612012542020118455e-01	6.492941968319543289e-01
4.000000000000000222e-01	2.605554752228823601e-01	6.492253132754967071e-01
4.050000000000000266e-01	2.599016088292959159e-01	6.491552290771531730e-01
4.099999999999999756e-01	2.592396564880224408e-01	6.490839291702784619e-01
4.149999999999999800e-01	2.585696196811241854e-01	6.490113981831593382e-01
4.199999999999999845e-01	2.578914999294272814e-01	6.489376203049113112e-01
4.249999999999999889e-01	2.572052987696840098e-01	6.488625793994399205e-01
4.299999999999999933e-01	2.565110177784077350e-01	6.487862588734338853e-01
4.349999999999999978e-01	2.558086585487071574e-01	6.487086417867693466e-01
4.400000000000000022e-01	2.550982227145013326e-01	6.486297107228904402e-01
4.450000000000000067e-01	2.543797119270113649e-01	6.485494478952475994e-01
4.500000000000000111e-01	2.536531278793732747e-01	6.484678350203865183e-01
4.550000000000000155e-01	2.529184722827713672e-01	6.483848534199724289e-01
4.600000000000000200e-01	2.521757468914678224e-01	6.483004838969428363e-01
4.649999999999999689e-01	2.514249534785618634e-01	6.482147068326208350e-01
4.699999999999999734e-01	2.506660938614553857e-01	6.481275020663265218e-01
4.749999999999999778e-01	2.498991698772206338e-01	6.480388489870302360e-01
4.799999999999999822e-01	2.491241834085233253e-01	6.479487264168606320e-01
4.849999999999999867e-01	2.483411363585804055e-01	6.478571126966914395e-01
4.899999999999999911e-01	2.475500306775627324e-01	6.477639855740310315e-01
4.949999999999999956e-01	2.467508683371243960e-01	6.476693222818713513e-01
5.000000000000000000e-01	2.459436513573075855e-01	6.475730994314983224e-01
5.050000000000000044e-01	2.451283817806240994e-01	6.474752930838607590e-01
5.100000000000000089e-01	2.443050616994868751e-01	6.473758786478974736e-01
5.150000000000000133e-01	2.434736932298225687e-01	6.472748309436054948e-01
5.200000000000000178e-01	2.426342785390557810e-01	6.471721241065468977e-01
5.250000000000000222e-01	2.417868198192309748e-01	6.470677316417067226e-01
5.300000000000000266e-01	2.409313193155765143e-01	6.469616263349133867e-01
5.350000000000000311e-01	2.400677792991130211e-01	6.468537802964807737e-01
5.400000000000000355e-01	2.391962020958261492e-01	6.467441648803573528e-01
5.450000000000000400e-01	2.383165900587370656e-01	6.466327507164368882e-01
5.500000000000000444e-01	2.374289455977147412e-01	6.465195076383412065e-01
5.550000000000000488e-01	2.365332711509828822e-01	6.464044047031628493e-01
5.600000000000000533e-01	2.356295692156042954e-01	6.462874101288873518e-01
5.649999999999999467e-01	2.347178423183973739e-01	6.461684913001952690e-01
5.699999999999999512e-01	2.337980930471269259e-01	6.460476147166419603e-01
5.749999999999999556e-01	2.328703240208017666e-01	6.459247459829946525e-01
5.799999999999999600e-01	2.319345379216090353e-01	6.457998497694128481e-01
5.849999999999999645e-01	2.309907374645621680e-01	6.456728897846286674e-01
5.899999999999999689e-01	2.300389254302181719e-01	6.455438287495082195e-01
5.949999999999999734e-01	2.290791046336441150e-01	6.454126283511950612e-01
5.999999999999999778e-01	2.281112779579589911e-01	6.452792492315913009e-01
6.049999999999999822e-01	2.271354483225846710e-01	6.451436509203692937e-01
6.099999999999999867e-01	2.261516187176571546e-01	6.450057918400871060e-01
6.149999999999999911e-01	2.251597921715257633e-01	6.448656292157362024e-01
6.199999999999999956e-01	2.241599717860818519e-01	6.447231190984038518e-01
6.250000000000000000e-01	2.231521607034676058e-01	6.445782162487552203e-01
6.300000000000000044e-01	2.221363621423730894e-01	6.444308741813751240e-01
6.350000000000000089e-01	2.211125793639144577e-01	6.442810450192854033e-01
6.400000000000000133e-01	2.200808157089539641e-01	6.441286795613463401e-01
6.450000000000000178e-01	2.190410745631035938e-01	6.439737271045682387e-01
6.500000000000000222e-01	2.179933593951274007e-01	6.438161355372361561e-01
6.550000000000000266e-01	2.169376737210242101e-01	6.436558511253904769e-01
6.600000000000000311e-01	2.158740211435752065e-01	6.434928186346546841e-01
6.650000000000000355e-01	2.148024053154563573e-01	6.433269810768285080e-01
6.700000000000000400e-01	2.137228299799994735e-01	6.431582798637545118e-01
6.750000000000000444e-01	2.126352989332811472e-01	6.429866545094765629e-01
6.800000000000000488e-01	2.115398160661709215e-01	6.428120428198874636e-01
6.850000000000000533e-01	2.104363853253400363e-01	6.426343805453500480e-01
6.899999999999999467e-01	2.093250107566758667e-01	6.424536016103248315e-01
6.949999999999999512e-01	2.082056964651499420e-01	6.422696377107212085e-01
6.999999999999999556e-01	2.070784466596841400e-01	6.420824185882240132e-01
7.049999999999999600e-01	2.059432656118131144e-01	6.418918715659257535e-01
7.099999999999999645e-01	2.048001577020949204e-01	6.416979218726625023e-01
7.149999999999999689e-01	2.036491273774978517e-01	6.415004921096585377e-01
7.199999999999999734e-01	2.024901791994561939e-01	6.412995026308559998e-01
7.249999999999999778e-01	2.013233177999063928e-01	6.410948709323737171e-01
7.299999999999999822e-01	2.001485479310972371e-01	6.408865120955786754e-01
7.349999999999999867e-01	1.989658744201942830e-01	6.406743380900954410e-01
7.399999999999999911e-01	1.977753022209634837e-01	6.404582582872466734e-01
7.449999999999999956e-01	1.965768363668569108e-01	6.402381786661256458e-01
7.500000000000000000e-01	1.953704820246991158e-01	6.400140024060362309e-01
7.550000000000000044e-01	1.941562444461600312e-01	6.397856289837416943e-01
7.600000000000000089e-01	1.929341290235860595e-01	6.395529548546826648e-01
7.650000000000000133e-01	1.917041412397580136e-01	6.393158724279051075e-01
7.700000000000000178e-01	1.904662867260220327e-01	6.390742708471548461e-01
7.750000000000000222e-01	1.892205712102225379e-01	6.388280348281313303e-01
7.800000000000000266e-01	1.879670005773025621e-01	6.385770455520772826e-01
7.850000000000000311e-01	1.867055808152922880e-01	6.383211793478603679e-01
7.900000000000000355e-01	1.854363180785660592e-01	6.380603087124306905e-01
7.950000000000000400e-01	1.841592186317561053e-01	6.377943008177497930e-01
8.000000000000000444e-01	1.828742889158721519e-01	6.375230186745157734e-01
8.050000000000000488e-01	1.815815354899993628e-01	6.372463194410792342e-01
8.100000000000000533e-01	1.802809651005070346e-01	6.369640557491842436e-01
8.149999999999999467e-01	1.789725846203773507e-01	6.366760737886628663e-01
8.199999999999999512e-01	1.776564011217545980e-01	6.363822148166653481e-01
8.249999999999999556e-01	1.763324218127359233e-01	6.360823129880206483e-01
8.299999999999999600e-01	1.750006541135404048e-01	6.357761970726041323e-01
8.349999999999999645e-01	1.736611055905782075e-01	6.354636879966859553e-01
8.399999999999999689e-01	1.723137840365487339e-01	6.351446007967902485e-01
8.449999999999999734e-01	1.709586974015873118e-01	6.348187418320020425e-01
8.499999999999999778e-01	1.695958538776383140e-01	6.344859110070064645e-01
8.549999999999999822e-01	1.682252618264578892e-01	6.341458986090344752e-01
8.599999999999999867e-01	1.668469298686485192e-01	6.337984878378561948e-01
8.649999999999999911e-01	1.654608668082749867e-01	6.334434512136323248e-01
8.699999999999999956e-01	1.640670817269935244e-01	6.330805534576195992e-01
8.750000000000000000e-01	1.626655839050134000e-01	6.327095474084211135e-01
8.800000000000000044e-01	1.612563829208079336e-01	6.323301773042282470e-01
8.850000000000000089e-01	1.598394885681257149e-01	6.319421741345574439e-01
8.900000000000000133e-01	1.584149109618338547e-01	6.315452593832119321e-01
8.950000000000000178e-01	1.569826604506515677e-01	6.311391397302081874e-01
9.000000000000000222e-01	1.555427477297479932e-01	6.307235113245686087e-01
9.050000000000000266e-01	1.540951837488356013e-01	6.302980537363465086e-01
9.100000000000000311e-01	1.526399798322298218e-01	6.298624348401931083e-01
9.150000000000000355e-01	1.511771475818987354e-01	6.294163038996499759e-01
9.200000000000000400e-01	1.497066990057913938e-01	6.289592971565821644e-01
9.250000000000000444e-01	1.482286464153945715e-01	6.284910299085632035e-01
9.300000000000000488e-01	1.467430025632529278e-01	6.280111029162427361e-01
9.350000000000000533e-01	1.452497805345309700e-01	6.275190933088613532e-01
9.399999999999999467e-01	1.437489938947864865e-01	6.270145619420743888e-01
9.449999999999999512e-01	1.422406565749762264e-01	6.264970429353478032e-01
9.499999999999999556e-01	1.407247830307071790e-01	6.259660521374993403e-01
9.549999999999999600e-01	1.392013881200561132e-01	6.254210750616037151e-01
9.599999999999999645e-01	1.376704872757185949e-01	6.248615766455608567e-01
9.649999999999999689e-01	1.361320963749336199e-01	6.242869873034776473e-01
9.699999999999999734e-01	1.345862319261849904e-01	6.236967142052292079e-01
9.749999999999999778e-01	1.330329109304313751e-01	6.230901251058926782e-01
9.799999999999999822e-01	1.314721510842966345e-01	6.224665614131950075e-01
9.849999999999999867e-01	1.299039706317020038e-01	6.218253193856344563e-01
9.899999999999999911e-01	1.283283885858244877e-01	6.211656653120363192e-01
9.949999999999999956e-01	1.267454245701067350e-01	6.204868135808406793e-01
1.000000000000000000e+00	1.251550990616807912e-01	6.197879443644781494e-01
1.004999999999999893e+00	1.235574332205924969e-01	6.190681779521436390e-01
1.010000000000000009e+00	1.219524491579008496e-01	6.183265954169360201e-01
1.015000000000000124e+00	1.203401697517916535e-01	6.175622084659735389e-01
1.020000000000000018e+00	1.187206189441989551e-01	6.167739836749183135e-01
1.024999999999999911e+00	1.170938215422944600e-01	6.159608069341658831e-01
1.030000000000000027e+00	1.154598035482684304e-01	6.151215119696834543e-01
1.035000000000000142e+00	1.138185919444655442e-01	6.142548382410663033e-01
1.040000000000000036e+00	1.121702150619550142e-01	6.133594646377980020e-01
1.044999999999999929e+00	1.105147023473301154e-01	6.124339593991744435e-01
1.050000000000000044e+00	1.088520847769565147e-01	6.114768200921659735e-01
1.055000000000000160e+00	1.071823946031609937e-01	6.104864137541570202e-01
1.060000000000000053e+00	1.055056658226517369e-01	6.094610245374536550e-01
1.064999999999999947e+00	1.038219338994846863e-01	6.083987817954821242e-01
1.070000000000000062e+00	1.021312362982189775e-01	6.072977171399411844e-01
1.075000000000000178e+00	1.004336121806658488e-01	6.061556775608260006e-01
1.080000000000000071e+00	9.872910301703280433e-02	6.049703941132068552e-01
1.084999999999999964e+00	9.701775225302337879e-02	6.037393763270406666e-01
1.090000000000000080e+00	9.529960601576578649e-02	6.024599953604061753e-01
1.095000000000000195e+00	9.357471274734857625e-02	6.011293548400100661e-01
1.100000000000000089e+00	9.184312402703559419e-02	5.997443921409708611e-01
1.104999999999999982e+00	9.010489416680284025e-02	5.983017192938209217e-01
1.110000000000000098e+00	8.836008117767724102e-02	5.967977471551650925e-01
1.115000000000000213e+00	8.660874632231545245e-02	5.952284879634883730e-01
1.120000000000000107e+00	8.485095526193846271e-02	5.935897086618233676e-01
1.125000000000000000e+00	8.308677756051978391e-02	5.918766838506659411e-01
1.129999999999999893e+00	8.131628806072574434e-02	5.900843865759398676e-01
1.134999999999999787e+00	7.953956633398175102e-02	5.882071764677211378e-01
1.139999999999999902e+00	7.775669835057302803e-02	5.862390391551296487e-01
1.145000000000000018e+00	7.596777586995083487e-02	5.841731887737546813e-01
1.149999999999999911e+00	7.417289849402700086e-02	5.820023711756203699e-01
1.154999999999999805e+00	7.237217299297996065e-02	5.797183519383379835e-01
1.159999999999999920e+00	7.056571586541721119e-02	5.773123042564102247e-01
1.165000000000000036e+00	6.875365259740702506e-02	5.747741418479108688e-01
1.169999999999999929e+00	6.693612090439958473e-02	5.720930207051855287e-01
1.174999999999999822e+00	6.511326992664279167e-02	5.692564588983176632e-01
1.179999999999999938e+00	6.328526440505785611e-02	5.662509935996342669e-01
1.185000000000000053e+00	6.145228382722225935e-02	5.630610035410653635e-01
1.189999999999999947e+00	5.961452790872019680e-02	5.596695811384163610e-01
1.194999999999999840e+00	5.777221572544963962e-02	5.560569330231228680e-01
1.199999999999999956e+00	5.592559306072086844e-02	5.522015554035250018e-01
1.205000000000000071e+00	5.407493160133015203e-02	5.480780248422386647e-01
1.209999999999999964e+00	5.222053901735492637e-02	5.436586096065098017e-01
1.214999999999999858e+00	5.036275838000987132e-02	5.389101615975921966e-01
1.219999999999999973e+00	4.850198235415818099e-02	5.337963687489113429e-01
1.225000000000000089e+00	4.663865315325248923e-02	5.282732934162335248e-01
1.229999999999999982e+00	4.477328311075150225e-02	5.222925919461963717e-01
1.234999999999999876e+00	4.290645579960668254e-02	5.157949684927281009e-01
1.239999999999999991e+00	4.103885683308545335e-02	5.087148985455137717e-01
1.245000000000000107e+00	3.917127740931033303e-02	5.009707982822886319e-01
1.250000000000000000e+00	3.730466213043949486e-02	4.924721730597339531e-01
1.254999999999999893e+00	3.544011754849374363e-02	4.831045019070359658e-01
1.260000000000000009e+00	3.357898945153128811e-02	4.727404750606893913e-01
1.265000000000000124e+00	3.172288178878612808e-02	4.612162547160689741e-01
1.270000000000000018e+00	2.987378716764024431e-02	4.483500125033100248e-01
1.274999999999999911e+00	2.803412760248851637e-02	4.339042065854983865e-01
1.280000000000000027e+00	2.620698507665777596e-02	4.176181404001517716e-01
1.285000000000000142e+00	2.439618856414626016e-02	3.991490108704912609e-01
1.290000000000000036e+00	2.260673835560303782e-02	3.781337813372688816e-01
1.294999999999999929e+00	2.084498903521429802e-02	3.541059081209013137e-01
1.300000000000000044e+00	1.911944480926922041e-02	3.266217761862448832e-01
1.305000000000000160e+00	1.744111518786090401e-02	2.951817744946088062e-01
1.310000000000000053e+00	1.582491558062143130e-02	2.594813679047344168e-01
1.314999999999999947e+00	1.429013505997215987e-02	2.194463921569489440e-01
1.320000000000000062e+00	1.286206720966201998e-02	1.755849871104312732e-01
1.325000000000000178e+00	1.157123689147758309e-02	1.292400918492668527e-01
1.330000000000000071e+00	1.045115914821052872e-02	8.253669342808558906e-02
1.334999999999999964e+00	9.531393248362296858e-03	3.847077737744245690e-02
1.340000000000000080e+00	8.825164093485717356e-03	-4.552973280944636676e-04
1.345000000000000195e+00	8.322567660310321511e-03	-3.251874628791228544e-02
1.350000000000000089e+00	7.989308000517001893e-03	-5.786093868717190336e-02
1.354999999999999982e+00	7.781260472188261494e-03	-7.758782438034146633e-02
1.360000000000000098e+00	7.657000844084048928e-03	-9.324710925485517332e-02
1.365000000000000213e+00	7.584589676979972168e-03	-1.061705519221739641e-01
1.370000000000000107e+00	7.543245814696036833e-03	-1.173016154907918496e-01
1.375000000000000000e+00	7.519624667778309138e-03	-1.272610420083449823e-01
1.379999999999999893e+00	7.506208800081966281e-03	-1.364141775301162540e-01
1.384999999999999787e+00	7.498451012674301440e-03	-1.449830088674860518e-01
1.389999999999999902e+00	7.493914926118244550e-03	-1.530914548355460092e-01
1.395000000000000018e+00	7.491153919003970540e-03	-1.608138552541400479e-01
1.399999999999999911e+00	7.489405476700041614e-03	-1.681919193761608478e-01
1.404999999999999805e+00	7.488219454647222599e-03	-1.752514395612250753e-01
1.409999999999999920e+00	7.487359793289465222e-03	-1.820078402671382878e-01
1.415000000000000036e+00	7.486687341731237608e-03	-1.884715721057089732e-01
1.419999999999999929e+00	7.486129182044751022e-03	-1.946498688108617703e-01
1.424999999999999822e+00	7.485642284554089310e-03	-2.005484447453276808e-01
1.429999999999999938e+00	7.485204024980417550e-03	-2.061720556056035325e-01
1.435000000000000053e+00	7.484800974448000375e-03	-2.115250196009889894e-01
1.439999999999999947e+00	7.484425977696424100e-03	-2.166114069277223775e-01
1.444999999999999840e+00	7.484074703996777822e-03	-2.214351891407820849e-01
1.449999999999999956e+00	7.483744747667178676e-03	-2.260003139293411123e-01
1.455000000000000071e+00	7.483434568804568296e-03	-2.303107366473428341e-01
1.459999999999999964e+00	7.483143215943335522e-03	-2.343704594843717959e-01
1.464999999999999858e+00	7.482870001703618990e-03	-2.381835251051144520e-01
1.469999999999999973e+00	7.482614416650800945e-03	-2.417540444466391436e-01
1.475000000000000089e+00	7.482376030772607337e-03	-2.450861777366654670e-01
1.479999999999999982e+00	7.482154466074636759e-03	-2.481841582546909786e-01
1.484999999999999876e+00	7.481949367426707874e-03	-2.510522688664881263e-01
1.489999999999999991e+00	7.481760393217223165e-03	-2.536948639046404663e-01
1.495000000000000107e+00	7.481587207510812833e-03	-2.561163439944048048e-01
1.500000000000000000e+00	7.481429476283063713e-03	-2.583211766326811709e-01
1.504999999999999893e+00	7.481286866127717476e-03	-2.603138703965430234e-01
1.510000000000000009e+00	7.481159042249054328e-03	-2.620989943312969084e-01
1.515000000000000124e+00	7.481045669177399660e-03	-2.636811520942222709e-01
1.520000000000000018e+00	7.480946409350986738e-03	-2.650650001337663819e-01
1.524999999999999911e+00	7.480860924434613694e-03	-2.662552221363245208e-01
1.530000000000000027e+00	7.480788874135825724e-03	-2.672565459534130272e-01
1.535000000000000142e+00	7.480729917684216142e-03	-2.680737186426287999e-01
1.540000000000000036e+00	7.480683712775085606e-03	-2.687115221051512015e-01
1.544999999999999929e+00	7.480649917063182143e-03	-2.691747489674664595e-01
1.550000000000000044e+00	7.480628187202317467e-03	-2.694682169053532750e-01
1.555000000000000160e+00	7.480618180299464237e-03	-2.695967455776094868e-01
1.560000000000000053e+00	7.480619553041184880e-03	-2.695651696278592580e-01
1.564999999999999947e+00	7.480631963083583975e-03	-2.693783168488305679e-01
1.570000000000000062e+00	7.480655068262658663e-03	-2.690410198677378739e-01
1.575000000000000178e+00	7.480688527906028881e-03	-2.685580956880919690e-01
1.580000000000000071e+00	7.480732002125675857e-03	-2.679343560773979616e-01
1.584999999999999964e+00	7.480785153041869320e-03	-2.671745886029645578e-01
1.590000000000000080e+00	7.480847644156715485e-03	-2.662835657520362664e-01
1.595000000000000195e+00	7.480919141483337136e-03	-2.652660275489014952e-01
1.600000000000000089e+00	7.480999312998208410e-03	-2.641266894473335847e-01
1.604999999999999982e+00	7.481087829670642064e-03	-2.628702265888196443e-01
1.610000000000000098e+00	7.481184364991403518e-03	-2.615012805153650310e-01
1.615000000000000213e+00	7.481288595899247482e-03	-2.600244451031662463e-01
1.620000000000000107e+00	7.481400202382871775e-03	-2.584442721505127438e-01
1.625000000000000000e+00	7.481518868302776404e-03	-2.567652589979191324e-01
1.629999999999999893e+00	7.481644281063223878e-03	-2.549918530511355308e-01
1.634999999999999787e+00	7.481776132329065986e-03	-2.531284410777758787e-01
1.639999999999999902e+00	7.481914117764084174e-03	-2.511793527294229333e-01
1.645000000000000018e+00	7.482057937643643575e-03	-2.491488514862138792e-01
1.649999999999999911e+00	7.482207296655552821e-03	-2.470411372448132192e-01
1.654999999999999805e+00	7.482361904410490816e-03	-2.448603388662541902e-01
1.659999999999999920e+00	7.482521475301341478e-03	-2.426105158982654331e-01
1.665000000000000036e+00	7.482685728914285905e-03	-2.402956526678854121e-01
1.669999999999999929e+00	7.482854389942459120e-03	-2.379196592073825611e-01
1.674999999999999822e+00	7.483027188501391314e-03	-2.354863668216762296e-01
1.679999999999999938e+00	7.483203860092783356e-03	-2.329995282870008788e-01
1.685000000000000053e+00	7.483384145828653015e-03	-2.304628148138837540e-01
1.689999999999999947e+00	7.483567792440996500e-03	-2.278798155868737574e-01
1.694999999999999840e+00	7.483754552419555860e-03	-2.252540360366021288e-01
1.699999999999999956e+00	7.483944184063176346e-03	-2.225888967874411484e-01
1.705000000000000071e+00	7.484136451536510179e-03	-2.198877331468671315e-01
1.709999999999999964e+00	7.484331124958964500e-03	-2.171537935259205965e-01
1.714999999999999858e+00	7.484527980385975894e-03	-2.143902400505310613e-01
1.719999999999999973e+00	7.484726799931534780e-03	-2.116001465172264173e-01
1.725000000000000089e+00	7.484927371679898390e-03	-2.087865000290986817e-01
1.729999999999999982e+00	7.485129489837791077e-03	-2.059521985464323746e-01
1.734999999999999876e+00	7.485332954582555286e-03	-2.031000534494170340e-01
1.739999999999999991e+00	7.485537572240278173e-03	-2.002327867403127792e-01
1.745000000000000107e+00	7.485743155076422621e-03	-1.973530344356828337e-01
1.750000000000000000e+00	7.485949521496312702e-03	-1.944633434734617528e-01
1.754999999999999893e+00	7.486156495784241673e-03	-1.915661758392115943e-01
1.760000000000000009e+00	7.486363908322941386e-03	-1.886639052280701945e-01
1.765000000000000124e+00	7.486571595287080071e-03	-1.857588218121773993e-01
1.770000000000000018e+00	7.486779398878520321e-03	-1.828531287040102704e-01
1.774999999999999911e+00	7.486987166979983295e-03	-1.799489472755200492e-01
1.780000000000000027e+00	7.487194753403110699e-03	-1.770483134658625557e-01
1.785000000000000142e+00	7.487402017507869927e-03	-1.741531835667980699e-01
1.790000000000000036e+00	7.487608824460635810e-03	-1.712654304143350348e-01
1.794999999999999929e+00	7.487815044824694399e-03	-1.683868495594329218e-01
1.800000000000000044e+00	7.488020554825778816e-03	-1.655191553796417081e-01
1.805000000000000160e+00	7.488225235918741403e-03	-1.626639875590011330e-01
1.810000000000000053e+00	7.488428975058197476e-03	-1.598229071523963318e-01
1.814999999999999947e+00	7.488631664246169287e-03	-1.569974033036503347e-01
1.820000000000000062e+00	7.488833200805672732e-03	-1.541888892920641463e-01
1.825000000000000178e+00	7.489033486913845156e-03	-1.513987094229591879e-01
1.830000000000000071e+00	7.489232429876518243e-03	-1.486281350827435288e-01
1.834999999999999964e+00	7.489429941651006006e-03	-1.458783717414864622e-01
1.840000000000000080e+00	7.489625939119925677e-03	-1.431505550398712023e-01
1.845000000000000195e+00	7.489820343607498689e-03	-1.404457578487103009e-01
1.850000000000000089e+00	7.490013081151052250e-03	-1.377649864083127507e-01
1.854999999999999982e+00	7.490204082014374765e-03	-1.351091873951047462e-01
1.860000000000000098e+00	7.490393280955516368e-03	-1.324792441312755698e-01
1.865000000000000213e+00	7.490580616740411500e-03	-1.298759836138045631e-01
1.870000000000000107e+00	7.490766032405764101e-03	-1.273001728097515883e-01
1.875000000000000000e+00	7.490949474775836052e-03	-1.247525256079588807e-01
1.879999999999999893e+00	7.491130894719377070e-03	-1.222336992130285543e-01
1.884999999999999787e+00	7.491310246672150744e-03	-1.197443009847398293e-01
1.889999999999999902e+00	7.491487488887025280e-03	-1.172848849415972922e-01
1.895000000000000018e+00	7.491662582964520901e-03	-1.148559584575447184e-01
1.899999999999999911e+00	7.491835494095307711e-03	-1.124579788839875777e-01
1.904999999999999805e+00	7.492006190600771116e-03	-1.100913600776707024e-01
1.909999999999999920e+00	7.492174644167303582e-03	-1.077564691482638948e-01
1.915000000000000036e+00	7.492340829398616738e-03	-1.054536327952978469e-01
1.919999999999999929e+00	7.492504724041317010e-03	-1.031831341867455454e-01
1.924999999999999822e+00	7.492666308550433724e-03	-1.009452190866603344e-01
1.929999999999999938e+00	7.492825566305909117e-03	-9.874009286869081525e-02
1.935000000000000053e+00	7.492982483192545465e-03	-9.656792641954044243e-02
1.939999999999999947e+00	7.493137047807142334e-03	-9.442885329000276495e-02
1.944999999999999840e+00	7.493289251053856723e-03	-9.232297536255518189e-02
1.949999999999999956e+00	7.493439086341790664e-03	-9.025036014129976525e-02
1.955000000000000071e+00	7.493586549196557152e-03	-8.821104617492157851e-02
1.959999999999999964e+00	7.493731637448216611e-03	-8.620504048585148071e-02
1.964999999999999858e+00	7.493874350859638413e-03	-8.423232374246669707e-02
1.969999999999999973e+00	7.494014691304755858e-03	-8.229284782684873067e-02
1.975000000000000089e+00	7.494152662414141353e-03	-8.038654075249386521e-02
1.979999999999999982e+00	7.494288269743613722e-03	-7.851330436921599709e-02
1.984999999999999876e+00	7.494421520437290728e-03	-7.667301902476761355e-02
1.989999999999999991e+00	7.494552423386640662e-03	-7.486554140472551078e-02
1.995000000000000107e+00	7.494680988911124955e-03	-7.309070893832055049e-02
2.000000000000000000e+00	7.494807228907837161e-03	-7.134833777053352366e-02
2.004999999999999893e+00	7.494931156549719184e-03	-6.963822691409905785e-02
2.009999999999999787e+00	7.495052786425993215e-03	-6.796015635052336801e-02
2.014999999999999680e+00	7.495172134257804125e-03	-6.631389093168567339e-02
2.020000000000000018e+00	7.495289217029669875e-03	-6.469917860605838011e-02
2.024999999999999911e+00	7.495404052722341899e-03	-6.311575407458497322e-02
2.029999999999999805e+00	7.495516660435510778e-03	-6.156333713803260194e-02
2.035000000000000142e+00	7.495627060137575841e-03	-6.004163611289511926e-02
2.040000000000000036e+00	7.495735272779897526e-03	-5.855034629553114434e-02
2.044999999999999929e+00	7.495841320063076352e-03	-5.708915314474035524e-02
2.049999999999999822e+00	7.495945224543053807e-03	-5.565773085812185383e-02
2.054999999999999716e+00	7.496047009413459201e-03	-5.425574532871649952e-02
2.060000000000000053e+00	7.496146698603875676e-03	-5.288285282886415889e-02
2.064999999999999947e+00	7.496244316577740582e-03	-5.153870274890259839e-02
2.069999999999999840e+00	7.496339888423114890e-03	-5.022293638369706298e-02
2.075000000000000178e+00	7.496433439665598462e-03	-4.893518946185312912e-02
2.080000000000000071e+00	7.496524996351927247e-03	-4.767509103003526871e-02
2.084999999999999964e+00	7.496614584877329263e-03	-4.644226578150204704e-02
2.089999999999999858e+00	7.496702232062299985e-03	-4.523633303330778371e-02
2.094999999999999751e+00	7.496787964993783214e-03	-4.405690886321632360e-02
2.100000000000000089e+00	7.496871811095472474e-03	-4.290360517489745507e-02
2.104999999999999982e+00	7.496953797982200927e-03	-4.177603165242445987e-02
2.109999999999999876e+00	7.497033953524104462e-03	-4.067379490862447350e-02
2.115000000000000213e+00	7.497112305713589213e-03	-3.959650026643336818e-02
2.120000000000000107e+00	7.497188882723698072e-03	-3.854375098563335433e-02
2.125000000000000000e+00	7.497263712787017448e-03	-3.751514988033352593e-02
2.129999999999999893e+00	7.497336824248578523e-03	-3.651029861942257926e-02
2.134999999999999787e+00	7.497408245456064872e-03	-3.552879918937564691e-02
2.140000000000000124e+00	7.497478004807580677e-03	-3.457025326386529290e-02
2.145000000000000018e+00	7.497546130652520818e-03	-3.363426352097065308e-02
2.149999999999999911e+00	7.497612651334524363e-03	-3.272043307752085795e-02
2.155000000000000249e+00	7.497677595102382637e-03	-3.182836666961045419e-02
2.160000000000000142e+00	7.497740990148490242e-03	-3.095767014739391962e-02
2.165000000000000036e+00	7.497802864529170067e-03	-3.010795152760164031e-02
2.169999999999999929e+00	7.497863246198927141e-03	-2.927882054465440892e-02
2.174999999999999822e+00	7.497922162939588651e-03	-2.846988958363260921e-02
2.180000000000000160e+00	7.497979642390647723e-03	-2.768077328374160540e-02
2.185000000000000053e+00	7.498035711986637299e-03	-2.691108935991442727e-02
2.189999999999999947e+00	7.498090398983836211e-03	-2.616045825482556444e-02
2.195000000000000284e+00	7.498143730405313137e-03	-2.542850385701620267e-02
2.200000000000000178e+00	7.498195733064269043e-03	-2.471485319782417908e-02
2.205000000000000071e+00	7.498246433516193507e-03	-2.401913707361252523e-02
2.209999999999999964e+00	7.498295858079101137e-03	-2.334098978415437287e-02
2.214999999999999858e+00	7.498344032792278110e-03	-2.268004966622596055e-02
2.220000000000000195e+00	7.498390983433654566e-03	-2.203595887015785681e-02
2.225000000000000089e+00	7.498436735484633082e-03	-2.140836381172521799e-02
2.229999999999999982e+00	7.498481314144832960e-03	-2.079691498374822839e-02
2.235000000000000320e+00	7.498524744302519258e-03	-2.020126733287810547e-02
2.240000000000000213e+00	7.498567050546930610e-03	-1.962108010330107510e-02
2.245000000000000107e+00	7.498608257143860381e-03	-1.905601714468415156e-02
2.250000000000000000e+00	7.498648388045771850e-03	-1.850574678520222963e-02
2.254999999999999893e+00	7.498687466872090007e-03	-1.796994207657474224e-02
2.259999999999999787e+00	7.498725516917302721e-03	-1.744828069379956298e-02
2.264999999999999680e+00	7.498762561135557253e-03	-1.694044512287971524e-02
2.270000000000000018e+00	7.498798622146926086e-03	-1.644612258480757788e-02
2.274999999999999911e+00	7.498833722225917847e-03	-1.596500517125578819e-02
2.279999999999999805e+00	7.498867883306080395e-03	-1.549678979050959915e-02
2.285000000000000142e+00	7.498901126972059260e-03	-1.504117825607622153e-02
2.290000000000000036e+00	7.498933474462705397e-03	-1.459787725241389576e-02
2.294999999999999929e+00	7.498964946666329852e-03	-1.416659838110321569e-02
2.299999999999999822e+00	7.498995564122469711e-03	-1.374705814436443657e-02
2.304999999999999716e+00	7.499025347020020667e-03	-1.333897795313316800e-02
2.310000000000000053e+00	7.499054315197792135e-03	-1.294208412649630081e-02
2.314999999999999947e+00	7.499082488145223692e-03	-1.255610786572226335e-02
2.319999999999999840e+00	7.499109885001860321e-03	-1.218078526787874823e-02
2.325000000000000178e+00	7.499136524560369964e-03	-1.181585726958662985e-02
2.330000000000000071e+00	7.499162425265056865e-03	-1.146106967320968499e-02
2.334999999999999964e+00	7.499187605216924360e-03	-1.111617306383136557e-02
2.339999999999999858e+00	7.499212082171339069e-03	-1.078092284652683655e-02
2.344999999999999751e+00	7.499235873544892600e-03	-1.045507913980473109e-02
2.350000000000000089e+00	7.499258996412320674e-03	-1.013840682258604874e-02
2.354999999999999982e+00	7.499281467514944295e-03	-9.830675407106543445e-03
2.359999999999999876e+00	7.499303303256933152e-03	-9.531659094336179111e-03
2.365000000000000213e+00	7.499324519715120686e-03	-9.241136629103263028e-03
2.370000000000000107e+00	7.499345132634708914e-03	-8.958891362791014321e-03
2.375000000000000000e+00	7.499365157440252699e-03	-8.684711093222573230e-03
2.379999999999999893e+00	7.499384609230892729e-03	-8.418388133567765094e-03
2.384999999999999787e+00	7.499403502792340720e-03	-8.159719139318290584e-03
2.390000000000000124e+00	7.499421852591701271e-03	-7.908505182428735014e-03
2.395000000000000018e+00	7.499439672790307945e-03	-7.664551567513038649e-03
2.399999999999999911e+00	7.499456977238200782e-03	-7.427667910329447017e-03
2.405000000000000249e+00	7.499473779487659739e-03	-7.197667945142228844e-03
2.410000000000000142e+00	7.499490092787403778e-03	-6.974369606741048257e-03
2.415000000000000036e+00	7.499505930096689831e-03	-6.757594830736270153e-03
2.419999999999999929e+00	7.499521304079289838e-03	-6.547169638377840425e-03
2.424999999999999822e+00	7.499536227118026865e-03	-6.342923931388705187e-03
2.430000000000000160e+00	7.499550711308588212e-03	-6.144691578918204909e-03
2.435000000000000053e+00	7.499564768474389388e-03	-5.952310208363949945e-03
2.439999999999999947e+00	7.499578410160256253e-03	-5.765621293860437140e-03
2.445000000000000284e+00	7.499591647647533589e-03	-5.584469944395950222e-03
2.450000000000000178e+00	7.499604491947677032e-03	-5.408704993298017911e-03
2.455000000000000071e+00	7.499616953817502159e-03	-5.238178784818290669e-03
2.459999999999999964e+00	7.499629043752729582e-03	-5.072747264132377275e-03
2.464999999999999858e+00	7.499640772003307761e-03	-4.912269763441596757e-03
2.470000000000000195e+00	7.499652148566928606e-03	-4.756609092057276049e-03
2.475000000000000089e+00	7.499663183204352893e-03	-4.605631322952858688e-03
2.479999999999999982e+00	7.499673885432940612e-03	-4.459205882550896886e-03
2.485000000000000320e+00	7.499684264541900923e-03	-4.317205338552383351e-03
2.490000000000000213e+00	7.499694329585862400e-03	-4.179505489089502430e-03
2.495000000000000107e+00	7.499704089400004159e-03	-4.045985152560437580e-03
2.500000000000000000e+00	7.499713552593684218e-03	-3.916526255851716584e-03
2.504999999999999893e+00	7.499722727565397151e-03	-3.791013626816402363e-03
2.509999999999999787e+00	7.499731622496479642e-03	-3.669335081307568015e-03
2.514999999999999680e+00	7.499740245365859974e-03	-3.551381218854182328e-03
2.520000000000000018e+00	7.499748603943859858e-03	-3.437045508281940092e-03
2.524999999999999911e+00	7.499756705806688920e-03	-3.326224087064667562e-03
2.529999999999999805e+00	7.499764558330358419e-03	-3.218815845340358781e-03
2.535000000000000142e+00	7.499772168704899045e-03	-3.114722229345780104e-03
2.540000000000000036e+00	7.499779543928390864e-03	-3.013847323664659364e-03
2.544999999999999929e+00	7.499786690820875804e-03	-2.916097659089463001e-03
2.549999999999999822e+00	7.499793616018528113e-03	-2.821382292964622063e-03
2.554999999999999716e+00	7.499800325987221634e-03	-2.729612621761169210e-03
2.560000000000000053e+00	7.499806827016857261e-03	-2.640702459402162125e-03
2.564999999999999947e+00	7.499813125234577188e-03	-2.554567854783125133e-03
2.569999999999999840e+00	7.499819226599234619e-03	-2.471127167988119121e-03
2.575000000000000178e+00	7.499825136914252399e-03	-2.390300892941039836e-03
2.580000000000000071e+00	7.499830861822248847e-03	-2.312011731440793451e-03
2.584999999999999964e+00	7.499836406817519084e-03	-2.236184421085242631e-03
2.589999999999999858e+00	7.499841777240816125e-03	-2.162745807071182660e-03
2.594999999999999751e+00	7.499846978291458376e-03	-2.091624675493995635e-03
2.600000000000000089e+00	7.499852015022264243e-03	-2.022751822874173464e-03
2.604999999999999982e+00	7.499856892351275395e-03	-1.956059894900808848e-03
2.609999999999999876e+00	7.499861615056857903e-03	-1.891483453660534712e-03
2.615000000000000213e+00	7.499866187789027382e-03	-1.828958821861840188e-03
2.620000000000000107e+00	7.499870615064721004e-03	-1.768424147754913116e-03
2.625000000000000000e+00	7.499874901278723652e-03	-1.709819254846040330e-03
2.629999999999999893e+00	7.499879050699112537e-03	-1.653085704508114491e-03
2.634999999999999787e+00	7.499883067477786103e-03	-1.598166651169827084e-03
2.640000000000000124e+00	7.499886955646069969e-03	-1.545006902626363003e-03
2.645000000000000018e+00	7.499890719124865067e-03	-1.493552780666575859e-03
2.649999999999999911e+00	7.499894361720409706e-03	-1.443752179102245374e-03
2.655000000000000249e+00	7.499897887134039133e-03	-1.395554429777327897e-03
2.660000000000000142e+00	7.499901298958118467e-03	-1.348910358341735014e-03
2.665000000000000036e+00	7.499904600685410212e-03	-1.303772155570194014e-03
2.669999999999999929e+00	7.499907795705171125e-03	-1.260093430913164633e-03
2.674999999999999822e+00	7.499910887312146758e-03	-1.217829089038751983e-03
2.680000000000000160e+00	7.499913878702821855e-03	-1.176935381198968055e-03
2.685000000000000053e+00	7.499916772984042794e-03	-1.137369786895928245e-03
2.689999999999999947e+00	7.499919573169424973e-03	-1.099091063106420003e-03
2.695000000000000284e+00	7.499922282187615301e-03	-1.062059130963156732e-03
2.700000000000000178e+00	7.499924902878847902e-03	-1.026235122884974456e-03
2.705000000000000071e+00	7.499927438002850985e-03	-9.915812741552781830e-04
2.709999999999999964e+00	7.499929890235553474e-03	-9.580609680085195321e-04
2.714999999999999858e+00	7.499932262176646665e-03	-9.256386319809071714e-04
2.720000000000000195e+00	7.499934556346433100e-03	-8.942797810063899799e-04
2.725000000000000089e+00	7.499936775193049091e-03	-8.639509184090653172e-04
2.729999999999999982e+00	7.499938921089459309e-03	-8.346195770642153003e-04
2.735000000000000320e+00	7.499940996340351447e-03	-8.062542248973873435e-04
2.740000000000000213e+00	7.499943003179261776e-03	-7.788243041677364717e-04
2.745000000000000107e+00	7.499944943775159294e-03	-7.523001413352244657e-04
2.750000000000000000e+00	7.499946820229702257e-03	-7.266529845248875536e-04
2.754999999999999893e+00	7.499948634583510944e-03	-7.018549176213198775e-04
2.759999999999999787e+00	7.499950388813554289e-03	-6.778788959731909614e-04
2.764999999999999680e+00	7.499952084839129479e-03	-6.546986645728969292e-04
2.770000000000000018e+00	7.499953724519367419e-03	-6.322887920611667103e-04
2.774999999999999911e+00	7.499955309658927829e-03	-6.106245928489930285e-04
2.779999999999999805e+00	7.499956842005625277e-03	-5.896821594823819547e-04
2.785000000000000142e+00	7.499958323255840643e-03	-5.694382885636728670e-04
2.790000000000000036e+00	7.499959755052272060e-03	-5.498705115362989343e-04
2.794999999999999929e+00	7.499961138989077493e-03	-5.309570242635662865e-04
2.799999999999999822e+00	7.499962476609732358e-03	-5.126767162929018323e-04
2.804999999999999716e+00	7.499963769411918842e-03	-4.950091039511189022e-04
2.810000000000000053e+00	7.499965018845490203e-03	-4.779343581471723551e-04
2.814999999999999947e+00	7.499966226317112891e-03	-4.614332408447191394e-04
2.819999999999999840e+00	7.499967393188333199e-03	-4.454871314614910517e-04
2.825000000000000178e+00	7.499968520779987796e-03	-4.300779665822915374e-04
2.830000000000000071e+00	7.499969610370363186e-03	-4.151882650120937413e-04
2.834999999999999964e+00	7.499970663199378995e-03	-4.008010705948649149e-04
2.839999999999999858e+00	7.499971680466845439e-03	-3.868999759765464979e-04
2.844999999999999751e+00	7.499972663336430638e-03	-3.734690683978939820e-04
2.850000000000000089e+00	7.499973612934003955e-03	-3.604929522223374559e-04
2.854999999999999982e+00	7.499974530351398612e-03	-3.479566975741125827e-04
2.859999999999999876e+00	7.499975416644841762e-03	-3.358458616846151344e-04
2.865000000000000213e+00	7.499976272838514146e-03	-3.241464402501943016e-04
2.870000000000000107e+00	7.499977099923069504e-03	-3.128448876492791143e-04
2.875000000000000000e+00	7.499977898858999070e-03	-3.019280708977543286e-04
2.879999999999999893e+00	7.499978670575234256e-03	-2.913832887876035161e-04
2.884999999999999787e+00	7.499979415972328131e-03	-2.811982283212819387e-04
2.890000000000000124e+00	7.499980135921128360e-03	-2.713609828212601980e-04
2.895000000000000018e+00	7.499980831265796490e-03	-2.618600107284057839e-04
2.899999999999999911e+00	7.499981502822544201e-03	-2.526841527301120134e-04
2.905000000000000249e+00	7.499982151382490400e-03	-2.438225928113360553e-04
2.910000000000000142e+00	7.499982777710472934e-03	-2.352648744477283955e-04
2.915000000000000036e+00	7.499983382547733939e-03	-2.270008638017470787e-04
2.919999999999999929e+00	7.499983966610806151e-03	-2.190207650253850552e-04
2.924999999999999822e+00	7.499984530594053407e-03	-2.113150854974765627e-04
2.930000000000000160e+00	7.499985075168611598e-03	-2.038746502792357525e-04
2.935000000000000053e+00	7.499985600984788656e-03	-1.966905692928344065e-04
2.939999999999999947e+00	7.499986108671066222e-03	-1.897542509710702194e-04
2.945000000000000284e+00	7.499986598836363462e-03	-1.830573712808860329e-04
2.950000000000000178e+00	7.499987072069095977e-03	-1.765918866073546757e-04
2.955000000000000071e+00	7.499987528939309513e-03	-1.703500045294456598e-04
2.959999999999999964e+00	7.499987969997795254e-03	-1.643241959766177269e-04
2.964999999999999858e+00	7.499988395778101231e-03	-1.585071676680981881e-04
2.970000000000000195e+00	7.499988806795690986e-03	-1.528918735789831828e-04
2.975000000000000089e+00	7.499989203549853496e-03	-1.474714889576399593e-04
2.979999999999999982e+00	7.499989586522897399e-03	-1.422394211366383165e-04
2.985000000000000320e+00	7.499989956181957705e-03	-1.371892850466441022e-04
2.990000000000000213e+00	7.499990312978235991e-03	-1.323149134061361485e-04
2.995000000000000107e+00	7.499990657348696958e-03	-1.276103336534165338e-04
3.000000000000000000e+00	7.499990989715359796e-03	-1.230697775476055221e-04
3.004999999999999893e+00	7.499991310486889794e-03	-1.186876594440134579e-04
3.009999999999999787e+00	7.499991620057938277e-03	-1.144585853373267524e-04
3.014999999999999680e+00	7.499991918810633602e-03	-1.103773324088557211e-04
3.020000000000000018e+00	7.499992207113962729e-03	-1.064388575415572546e-04
3.024999999999999911e+00	7.499992485325175477e-03	-1.026382780708600415e-04
3.029999999999999805e+00	7.499992753789199926e-03	-9.897087979994002339e-05
3.035000000000000142e+00	7.499993012839967742e-03	-9.543209888889738650e-05
3.040000000000000036e+00	7.499993262799859069e-03	-9.201752939725287928e-05
3.044999999999999929e+00	7.499993503980953262e-03	-8.872290624942540604e-05
3.049999999999999822e+00	7.499993736684504135e-03	-8.554411233018796362e-05
3.054999999999999716e+00	7.499993961202115235e-03	-8.247716246722375970e-05
3.060000000000000053e+00	7.499994177815249782e-03	-7.951821010407662664e-05
3.064999999999999947e+00	7.499994386796333956e-03	-7.666353224356791166e-05
3.069999999999999840e+00	7.499994588408295457e-03	-7.390953572154442333e-05
3.075000000000000178e+00	7.499994782905601738e-03	-7.125274305751475750e-05
3.080000000000000071e+00	7.499994970533821123e-03	-6.868979835143996214e-05
3.084999999999999964e+00	7.499995151530606391e-03	-6.621745399063027910e-05
3.089999999999999858e+00	7.499995326125278444e-03	-6.383257619073675986e-05
3.094999999999999751e+00	7.499995494539746579e-03	-6.153213251054517278e-05
3.100000000000000089e+00	7.499995656988125980e-03	-5.931319705717410563e-05
3.104999999999999982e+00	7.499995813677592070e-03	-5.717293876281762485e-05
3.109999999999999876e+00	7.499995964808028361e-03	-5.510862627318146862e-05
3.115000000000000213e+00	7.499996110572827029e-03	-5.311761694256236479e-05
3.120000000000000107e+00	7.499996251158552382e-03	-5.119736142372050566e-05
3.125000000000000000e+00	7.499996386745702397e-03	-4.934539333990651996e-05
3.129999999999999893e+00	7.499996517508386064e-03	-4.755933359316219820e-05
3.134999999999999787e+00	7.499996643615038094e-03	-4.583688067418042463e-05
3.140000000000000124e+00	7.499996765228119679e-03	-4.417581470542300071e-05
3.145000000000000018e+00	7.499996882504784620e-03	-4.257398835161110454e-05
3.149999999999999911e+00	7.499996995596600047e-03	-4.102933061292761543e-05
3.155000000000000249e+00	7.499997104650174377e-03	-3.953983830103192590e-05
3.160000000000000142e+00	7.499997209806891912e-03	-3.810357959705392225e-05
3.165000000000000036e+00	7.499997311203500903e-03	-3.671868605977303445e-05
3.169999999999999929e+00	7.499997408971866356e-03	-3.538335596215277598e-05
3.174999999999999822e+00	7.499997503239522537e-03	-3.409584680030392737e-05
3.180000000000000160e+00	7.499997594129437922e-03	-3.285447842160231648e-05
3.185000000000000053e+00	7.499997681760537348e-03	-3.165762600456758558e-05
3.189999999999999947e+00	7.499997766247476494e-03	-3.050372299101063612e-05
3.195000000000000284e+00	7.499997847701131946e-03	-2.939125450875491204e-05
3.200000000000000178e+00	7.499997926228399101e-03	-2.831876011933406184e-05
3.205000000000000071e+00	7.499998001932637118e-03	-2.728482765702633755e-05
3.209999999999999964e+00	7.499998074913486780e-03	-2.628809580322991190e-05
3.214999999999999858e+00	7.499998145267289425e-03	-2.532724831661605541e-05
3.220000000000000195e+00	7.499998213086911739e-03	-2.440101644464839670e-05
3.225000000000000089e+00	7.499998278462139539e-03	-2.350817352116041836e-05
3.229999999999999982e+00	7.499998341479514712e-03	-2.264753722475219060e-05
3.235000000000000320e+00	7.499998402222705571e-03	-2.181796452161739860e-05
3.240000000000000213e+00	7.499998460772344666e-03	-2.101835378010124739e-05
3.245000000000000107e+00	7.499998517206388736e-03	-2.024764003750012233e-05
3.250000000000000000e+00	7.499998571599959980e-03	-1.950479697963663182e-05
3.254999999999999893e+00	7.499998624025680863e-03	-1.878883251180110458e-05
3.259999999999999787e+00	7.499998674553530129e-03	-1.809879061152705373e-05
3.264999999999999680e+00	7.499998723251153319e-03	-1.743374718506537655e-05
3.270000000000000018e+00	7.499998770183730068e-03	-1.679281180110815203e-05
3.274999999999999911e+00	7.499998815414260327e-03	-1.617512381497398003e-05
3.279999999999999805e+00	7.499998859003447274e-03	-1.557985399075243363e-05
3.285000000000000142e+00	7.499998901009956656e-03	-1.500620087668518253e-05
3.290000000000000036e+00	7.499998941490314437e-03	-1.445339232246040420e-05
3.294999999999999929e+00	7.499998980499147060e-03	-1.392068209021890001e-05
3.299999999999999822e+00	7.499999018089079962e-03	-1.340735127358810547e-05
3.304999999999999716e+00	7.499999054310975237e-03	-1.291270512943533801e-05
3.310000000000000053e+00	7.499999089213822343e-03	-1.243607440477429075e-05
3.314999999999999947e+00	7.499999122844966219e-03	-1.197681237549632905e-05
3.319999999999999840e+00	7.499999155250010145e-03	-1.153429608687016228e-05
3.325000000000000178e+00	7.499999186473023036e-03	-1.110792358628740230e-05
3.330000000000000071e+00	7.499999216556448370e-03	-1.069711508275316466e-05
3.334999999999999964e+00	7.499999245541300215e-03	-1.030131036128219130e-05
3.339999999999999858e+00	7.499999273467074755e-03	-9.919969866597004549e-06
3.344999999999999751e+00	7.499999300371940243e-03	-9.552572287673309645e-06
3.350000000000000089e+00	7.499999326292649399e-03	-9.198615570346139857e-06
3.354999999999999982e+00	7.499999351264714613e-03	-8.857614661222834294e-06
3.359999999999999876e+00	7.499999375322330755e-03	-8.529102453689321877e-06
3.365000000000000213e+00	7.499999398498537369e-03	-8.212627681099647371e-06
3.370000000000000107e+00	7.499999420825147547e-03	-7.907755800396826977e-06
3.375000000000000000e+00	7.499999442332893652e-03	-7.614067024912260728e-06
3.379999999999999893e+00	7.499999463051368331e-03	-7.331157149660777699e-06
3.384999999999999787e+00	7.499999483009159827e-03	-7.058635714852510093e-06
3.390000000000000124e+00	7.499999502233790395e-03	-6.796126776536158059e-06
3.395000000000000018e+00	7.499999520751849010e-03	-6.543267192370499085e-06
3.399999999999999911e+00	7.499999538588930648e-03	-6.299707341111412213e-06
3.405000000000000249e+00	7.499999555769762058e-03	-6.065109522839467446e-06
3.410000000000000142e+00	7.499999572318144514e-03	-5.839148630595379603e-06
3.415000000000000036e+00	7.499999588257068306e-03	-5.621510657585211991e-06
3.419999999999999929e+00	7.499999603608665036e-03	-5.411893324049855238e-06
3.424999999999999822e+00	7.499999618394310834e-03	-5.210004684498787776e-06
3.430000000000000160e+00	7.499999632634581255e-03	-5.015563712741210970e-06
3.435000000000000053e+00	7.499999646349347557e-03	-4.828299002644897411e-06
3.439999999999999947e+00	7.499999659557736800e-03	-4.647949313982352021e-06
3.445000000000000284e+00	7.499999672278222056e-03	-4.474262360703872020e-06
3.450000000000000178e+00	7.499999684528581637e-03	-4.306995320140914496e-06
3.455000000000000071e+00	7.499999696325985836e-03	-4.145913702949257463e-06
3.459999999999999964e+00	7.499999707686957028e-03	-3.990791828149033307e-06
3.464999999999999858e+00	7.499999718627452933e-03	-3.841411769394292986e-06
3.470000000000000195e+00	7.499999729162830191e-03	-3.697563798036589008e-06
3.475000000000000089e+00	7.499999739307916351e-03	-3.559045400770840725e-06
3.479999999999999982e+00	7.499999749076981248e-03	-3.425661692717234076e-06
3.485000000000000320e+00	7.499999758483804659e-03	-3.297224501750887722e-06
3.490000000000000213e+00	7.499999767541642472e-03	-3.173552753703696357e-06
3.495000000000000107e+00	7.499999776263298681e-03	-3.054471618817429887e-06
3.500000000000000000e+00	7.499999784661089824e-03	-2.939812870927919187e-06
3.504999999999999893e+00	7.499999792746909165e-03	-2.829414092095017453e-06
3.509999999999999787e+00	7.499999800532199806e-03	-2.723119007325806398e-06
3.514999999999999680e+00	7.499999808028010202e-03	-2.620776743434670187e-06
3.520000000000000018e+00	7.499999815244967269e-03	-2.522242141037293216e-06
3.524999999999999911e+00	7.499999822193334498e-03	-2.427375064111253552e-06
3.529999999999999805e+00	7.499999828882984200e-03	-2.336040690721515966e-06
3.535000000000000142e+00	7.499999835323445212e-03	-2.248108869772685906e-06
3.540000000000000036e+00	7.499999841523888149e-03	-2.163454391972214206e-06
3.544999999999999929e+00	7.499999847493162702e-03	-2.081956390717895704e-06
3.549999999999999822e+00	7.499999853239782896e-03	-2.003498594482311302e-06
3.554999999999999716e+00	7.499999858771968717e-03	-1.927968768826999562e-06
3.560000000000000053e+00	7.499999864097624432e-03	-1.855258951573924654e-06
3.564999999999999947e+00	7.499999869224381090e-03	-1.785264933232959512e-06
3.569999999999999840e+00	7.499999874159580041e-03	-1.717886475974018073e-06
3.575000000000000178e+00	7.499999878910305028e-03	-1.653026829909242552e-06
3.580000000000000071e+00	7.499999883483372647e-03	-1.590592936992661694e-06
3.584999999999999964e+00	7.499999887885357500e-03	-1.530494980707452083e-06
3.589999999999999858e+00	7.499999892122586991e-03	-1.472646575995632343e-06
3.594999999999999751e+00	7.499999896201167346e-03	-1.416964350016956125e-06
3.600000000000000089e+00	7.499999900126968870e-03	-1.363368119014130433e-06
3.604999999999999982e+00	7.499999903905659772e-03	-1.311780498076129698e-06
3.609999999999999876e+00	7.499999907542688818e-03	-1.262127065799009760e-06
3.615000000000000213e+00	7.499999911043317424e-03	-1.214336001164535309e-06
3.620000000000000107e+00	7.499999914412601443e-03	-1.168338236782082142e-06
3.625000000000000000e+00	7.499999917655424120e-03	-1.124067120972606126e-06
3.629999999999999893e+00	7.499999920776477882e-03	-1.081458560441015501e-06
3.634999999999999787e+00	7.499999923780292094e-03	-1.040450705895865501e-06
3.640000000000000124e+00	7.499999926671222644e-03	-1.000984084792234891e-06
3.645000000000000018e+00	7.499999929453472769e-03	-9.630013088207450819e-07
3.649999999999999911e+00	7.499999932131082639e-03	-9.264471974633857163e-07
3.655000000000000249e+00	7.499999934707951912e-03	-8.912685059000329000e-07
3.660000000000000142e+00	7.499999937187830194e-03	-8.574140400083048836e-07
3.665000000000000036e+00	7.499999939574335250e-03	-8.248344032569786711e-07
3.669999999999999929e+00	7.499999941870943466e-03	-7.934821036205187487e-07
3.674999999999999822e+00	7.499999944081012400e-03	-7.633113182518602048e-07
3.680000000000000160e+00	7.499999946207767769e-03	-7.342779930010346575e-07
3.685000000000000053e+00	7.499999948254324270e-03	-7.063396234966257596e-07
3.689999999999999947e+00	7.499999950223671698e-03	-6.794553476923792695e-07
3.695000000000000284e+00	7.499999952118699235e-03	-6.535857424122219550e-07
3.700000000000000178e+00	7.499999953942181573e-03	-6.286929093701399688e-07
3.705000000000000071e+00	7.499999955696797123e-03	-6.047402859302705861e-07
3.709999999999999964e+00	7.499999957385119348e-03	-5.816927252047120357e-07
3.714999999999999858e+00	7.499999959009633239e-03	-5.595163201257039394e-07
3.720000000000000195e+00	7.499999960572723175e-03	-5.381784779230283726e-07
3.725000000000000089e+00	7.499999962076693734e-03	-5.176477566004691133e-07
3.729999999999999982e+00	7.499999963523758424e-03	-4.978939341073645464e-07
3.735000000000000320e+00	7.499999964916050955e-03	-4.788878563975963922e-07
3.740000000000000213e+00	7.499999966255626108e-03	-4.606015017707419342e-07
3.745000000000000107e+00	7.499999967544461466e-03	-4.430078396313886726e-07
3.750000000000000000e+00	7.499999968784460888e-03	-4.260808902964878030e-07
3.754999999999999893e+00	7.499999969977460580e-03	-4.097955937740962950e-07
3.759999999999999787e+00	7.499999971125222153e-03	-3.941278653194548568e-07
3.764999999999999680e+00	7.499999972229449106e-03	-3.790544735058608040e-07
3.770000000000000018e+00	7.499999973291775549e-03	-3.645530919212819575e-07
3.774999999999999911e+00	7.499999974313780078e-03	-3.506021858567050720e-07
3.779999999999999805e+00	7.499999975296977976e-03	-3.371810602897029360e-07
3.785000000000000142e+00	7.499999976242830747e-03	-3.242697546432304002e-07
3.790000000000000036e+00	7.499999977152743517e-03	-3.118490874204607494e-07
3.794999999999999929e+00	7.499999978028071106e-03	-2.999005584310320824e-07
3.799999999999999822e+00	7.499999978870116289e-03	-2.884063902088349214e-07
3.804999999999999716e+00	7.499999979680134141e-03	-2.773494372604940786e-07
3.810000000000000053e+00	7.499999980459332027e-03	-2.667132245675967045e-07
3.814999999999999947e+00	7.499999981208873949e-03	-2.564818632036307036e-07
3.819999999999999840e+00	7.499999981929876200e-03	-2.466400861199049629e-07
3.825000000000000178e+00	7.499999982623419513e-03	-2.371731698565101937e-07
3.830000000000000071e+00	7.499999983290539518e-03	-2.280669677945249110e-07
3.834999999999999964e+00	7.499999983932234549e-03	-2.193078373987481567e-07
3.839999999999999858e+00	7.499999984549465641e-03	-2.108826710652759000e-07
3.844999999999999751e+00	7.499999985143158271e-03	-2.027788286205046564e-07
3.850000000000000089e+00	7.499999985714201484e-03	-1.949841659591216217e-07
3.854999999999999982e+00	7.499999986263454835e-03	-1.874869723702119964e-07
3.859999999999999876e+00	7.499999986791739716e-03	-1.802759971912367541e-07
3.865000000000000213e+00	7.499999987299853232e-03	-1.733403915963285901e-07
3.870000000000000107e+00	7.499999987788557795e-03	-1.666697332711369211e-07
3.875000000000000000e+00	7.499999988258589795e-03	-1.602539724005010048e-07
3.879999999999999893e+00	7.499999988710656131e-03	-1.540834546523810932e-07
3.884999999999999787e+00	7.499999989145438549e-03	-1.481488710119962569e-07
3.890000000000000124e+00	7.499999989563591908e-03	-1.424412790793316279e-07
3.895000000000000018e+00	7.499999989965749382e-03	-1.369520565606521259e-07
3.899999999999999911e+00	7.499999990352515522e-03	-1.316729210607402779e-07
3.905000000000000249e+00	7.499999990724475797e-03	-1.265958868451777475e-07
3.910000000000000142e+00	7.499999991082193125e-03	-1.217132832444568521e-07
3.915000000000000036e+00	7.499999991426209607e-03	-1.170177145608982206e-07
3.919999999999999929e+00	7.499999991757043058e-03	-1.125020770837540473e-07
3.924999999999999822e+00	7.499999992075197415e-03	-1.081595219543951607e-07
3.930000000000000160e+00	7.499999992381154064e-03	-1.039834709463456377e-07
3.935000000000000053e+00	7.499999992675377043e-03	-9.996758201489542310e-08
3.939999999999999947e+00	7.499999992958313044e-03	-9.610576391306448691e-08
3.945000000000000284e+00	7.499999993230392278e-03	-9.239214422658257466e-08
3.950000000000000178e+00	7.499999993492027610e-03	-8.882108299452895634e-08
3.955000000000000071e+00	7.499999993743617158e-03	-8.538714299399743300e-08
3.959999999999999964e+00	7.499999993985544296e-03	-8.208510237797929045e-08
3.964999999999999858e+00	7.499999994218176785e-03	-7.890992711880444057e-08
3.970000000000000195e+00	7.499999994441869378e-03	-7.585678275971470853e-08
3.975000000000000089e+00	7.499999994656963813e-03	-7.292100888134619655e-08
3.979999999999999982e+00	7.499999994863787087e-03	-7.009812999586625936e-08
3.985000000000000320e+00	7.499999995062654919e-03	-6.738383181428334360e-08
3.990000000000000213e+00	7.499999995253871753e-03	-6.477397134673911324e-08
3.995000000000000107e+00	7.499999995437729890e-03	-6.226455493772015137e-08
4.000000000000000000e+00	7.499999995614510355e-03	-5.985174762544622413e-08
4.004999999999999893e+00	7.499999995784483765e-03	-5.753185278920120474e-08
4.009999999999999787e+00	7.499999995947910329e-03	-5.530132079645765167e-08
4.014999999999999680e+00	7.499999996105040714e-03	-5.315673015959623806e-08
4.019999999999999574e+00	7.499999996256115180e-03	-5.109479554464612190e-08
4.025000000000000355e+00	7.499999996401366179e-03	-4.911235027450571860e-08
4.030000000000000249e+00	7.499999996541016622e-03	-4.720635379106176053e-08
4.035000000000000142e+00	7.499999996675279883e-03	-4.537387540194514152e-08
4.040000000000000036e+00	7.499999996804364126e-03	-4.361210122204769143e-08
4.044999999999999929e+00	7.499999996928467111e-03	-4.191831912499252703e-08
4.049999999999999822e+00	7.499999997047778789e-03	-4.028992519877392124e-08
4.054999999999999716e+00	7.499999997162483910e-03	-3.872440971407590395e-08
4.059999999999999609e+00	7.499999997272758546e-03	-3.721936311952984566e-08
4.064999999999999503e+00	7.499999997378773570e-03	-3.577246310805765041e-08
4.070000000000000284e+00	7.499999997480691176e-03	-3.438148014334678316e-08
4.075000000000000178e+00	7.499999997578670093e-03	-3.304426547280592605e-08
4.080000000000000071e+00	7.499999997672860373e-03	-3.175875625090771749e-08
4.084999999999999964e+00	7.499999997763407734e-03	-3.052296437791532649e-08
4.089999999999999858e+00	7.499999997850452689e-03	-2.933498127093082845e-08
4.094999999999999751e+00	7.499999997934130545e-03	-2.819296756375492681e-08
4.099999999999999645e+00	7.499999998014568806e-03	-2.709515755749823197e-08
4.105000000000000426e+00	7.499999998091893237e-03	-2.603984964035832599e-08
4.110000000000000320e+00	7.499999998166222669e-03	-2.502541035472836790e-08
4.115000000000000213e+00	7.499999998237674194e-03	-2.405026556629118128e-08
4.120000000000000107e+00	7.499999998306356233e-03	-2.311290422149685162e-08
4.125000000000000000e+00	7.499999998372378074e-03	-2.221187019365247964e-08
4.129999999999999893e+00	7.499999998435839463e-03	-2.134576576178037737e-08
4.134999999999999787e+00	7.499999998496840146e-03	-2.051324400546212651e-08
4.139999999999999680e+00	7.499999998555476402e-03	-1.971301209708619818e-08
4.144999999999999574e+00	7.499999998611837568e-03	-1.894382420829241712e-08
4.150000000000000355e+00	7.499999998666011247e-03	-1.820448455597883188e-08
4.155000000000000249e+00	7.499999998718083309e-03	-1.749384088480044201e-08
4.160000000000000142e+00	7.499999998768132684e-03	-1.681078724335107919e-08
4.165000000000000036e+00	7.499999998816239168e-03	-1.615425800663230746e-08
4.169999999999999929e+00	7.499999998862477354e-03	-1.552323037549456269e-08
4.174999999999999822e+00	7.499999998906919235e-03	-1.491671881075547897e-08
4.179999999999999716e+00	7.499999998949634199e-03	-1.433377743621953714e-08
4.185000000000000497e+00	7.499999998990689032e-03	-1.377349486596518146e-08
4.190000000000000391e+00	7.499999999030147919e-03	-1.323499646413278319e-08
4.195000000000000284e+00	7.499999999068071577e-03	-1.271743947289600957e-08
4.200000000000000178e+00	7.499999999104519852e-03	-1.222001507917909578e-08
4.205000000000000071e+00	7.499999999139551725e-03	-1.174194399171624331e-08
4.209999999999999964e+00	7.499999999173219238e-03	-1.128247832538460630e-08
4.214999999999999858e+00	7.499999999205576168e-03	-1.084089752699348057e-08
4.219999999999999751e+00	7.499999999236673688e-03	-1.041651013136706196e-08
4.224999999999999645e+00	7.499999999266560372e-03	-1.000864991230888730e-08
4.230000000000000426e+00	7.499999999295282188e-03	-9.616677558766847223e-09
4.235000000000000320e+00	7.499999999322885975e-03	-9.239977117828929824e-09
4.240000000000000213e+00	7.499999999349414234e-03	-8.877957522622800642e-09
4.245000000000000107e+00	7.499999999374907730e-03	-8.530049335153903944e-09
4.250000000000000000e+00	7.499999999399407230e-03	-8.195706161648533611e-09
4.254999999999999893e+00	7.499999999422951764e-03	-7.874401588122360261e-09
4.259999999999999787e+00	7.499999999445576895e-03	-7.565630483673492277e-09
4.264999999999999680e+00	7.499999999467320787e-03	-7.268906192588185749e-09
4.269999999999999574e+00	7.499999999488215531e-03	-6.983761751728827357e-09
4.275000000000000355e+00	7.499999999508294955e-03	-6.709747328284732032e-09
4.280000000000000249e+00	7.499999999527590284e-03	-6.446431317679286192e-09
4.285000000000000142e+00	7.499999999546131876e-03	-6.193397912860161978e-09
4.290000000000000036e+00	7.499999999563950089e-03	-5.950248152079204530e-09
4.294999999999999929e+00	7.499999999581071809e-03	-5.716597746113907131e-09
4.299999999999999822e+00	7.499999999597523927e-03	-5.492077961810612678e-09
4.304999999999999716e+00	7.499999999613333329e-03	-5.276333597257758985e-09
4.309999999999999609e+00	7.499999999628525170e-03	-5.069023848328995822e-09
4.314999999999999503e+00	7.499999999643122001e-03	-4.869820404118789280e-09
4.320000000000000284e+00	7.499999999657148975e-03	-4.678408283268423418e-09
4.325000000000000178e+00	7.499999999670627776e-03	-4.494484095488185574e-09
4.330000000000000071e+00	7.499999999683577487e-03	-4.317756771638243685e-09
4.334999999999999964e+00	7.499999999696021526e-03	-4.147945925517484062e-09
4.339999999999999858e+00	7.499999999707978107e-03	-3.984782564160065624e-09
4.344999999999999751e+00	7.499999999719466313e-03	-3.828007600607108754e-09
4.349999999999999645e+00	7.499999999730505226e-03	-3.677372470505972040e-09
4.355000000000000426e+00	7.499999999741111326e-03	-3.532637761666990064e-09
4.360000000000000320e+00	7.499999999751301959e-03	-3.393573796539596478e-09
4.365000000000000213e+00	7.499999999761093605e-03	-3.259959330154516608e-09
4.370000000000000107e+00	7.499999999770501011e-03	-3.131582143512484823e-09
4.375000000000000000e+00	7.499999999779539787e-03	-3.008237813314085796e-09
4.379999999999999893e+00	7.499999999788224680e-03	-2.889730279083551828e-09
4.384999999999999787e+00	7.499999999796567833e-03	-2.775870660860787197e-09
4.389999999999999680e+00	7.499999999804584858e-03	-2.666477794305516817e-09
4.394999999999999574e+00	7.499999999812287030e-03	-2.561377207635023916e-09
4.400000000000000355e+00	7.499999999819686493e-03	-2.460401527988604766e-09
4.405000000000000249e+00	7.499999999826795390e-03	-2.363389535358127164e-09
4.410000000000000142e+00	7.499999999833625863e-03	-2.270186602416364293e-09
4.415000000000000036e+00	7.499999999840187455e-03	-2.180643802426284106e-09
4.419999999999999929e+00	7.499999999846491440e-03	-2.094618296430842863e-09
4.424999999999999822e+00	7.499999999852548227e-03	-2.011972489903255188e-09
4.429999999999999716e+00	7.499999999858366490e-03	-1.932574410503897829e-09
4.435000000000000497e+00	7.499999999863956636e-03	-1.856296987952690267e-09
4.440000000000000391e+00	7.499999999869327340e-03	-1.783018343946071067e-09
4.445000000000000284e+00	7.499999999874486407e-03	-1.712621078527511472e-09
4.450000000000000178e+00	7.499999999879441645e-03	-1.644992580399455277e-09
4.455000000000000071e+00	7.499999999884203461e-03	-1.580024421297856857e-09
4.459999999999999964e+00	7.499999999888777059e-03	-1.517612612674147885e-09
4.464999999999999858e+00	7.499999999893170247e-03	-1.457657034908333743e-09
4.469999999999999751e+00	7.499999999897390829e-03	-1.400061636696381552e-09
4.474999999999999645e+00	7.499999999901445745e-03	-1.344733908462648036e-09
4.480000000000000426e+00	7.499999999905341067e-03	-1.291585151973846903e-09
4.485000000000000320e+00	7.499999999909082865e-03	-1.240529920657831007e-09
4.490000000000000213e+00	7.499999999912677212e-03	-1.191486286296138132e-09
4.495000000000000107e+00	7.499999999916129312e-03	-1.144375380661085669e-09
4.500000000000000000e+00	7.499999999919446103e-03	-1.099121557794753595e-09
4.504999999999999893e+00	7.499999999922631923e-03	-1.055651930154341857e-09
4.509999999999999787e+00	7.499999999925691975e-03	-1.013896605250502402e-09
4.514999999999999680e+00	7.499999999928631464e-03	-9.737883421743412818e-10
4.519999999999999574e+00	7.499999999931454726e-03	-9.352626352871768291e-10
4.525000000000000355e+00	7.499999999934166099e-03	-8.982573545758520387e-10
4.530000000000000249e+00	7.499999999936770786e-03	-8.627129440845892011e-10
4.535000000000000142e+00	7.499999999939273992e-03	-8.285720230944384862e-10
4.540000000000000036e+00	7.499999999941676584e-03	-7.957795769050012782e-10
4.544999999999999929e+00	7.499999999943984634e-03	-7.642826611509591961e-10
4.549999999999999822e+00	7.499999999946201611e-03	-7.340305161635384260e-10
4.554999999999999716e+00	7.499999999948331851e-03	-7.049742271977878674e-10
4.559999999999999609e+00	7.499999999950376223e-03	-6.770669046268428875e-10
4.564999999999999503e+00	7.499999999952340797e-03	-6.502634023282055420e-10
4.570000000000000284e+00	7.499999999954227309e-03	-6.245204414338789479e-10
4.575000000000000178e+00	7.499999999956040095e-03	-5.997963449906220362e-10
4.580000000000000071e+00	7.499999999957780022e-03	-5.760511430487072229e-10
4.584999999999999964e+00	7.499999999959451429e-03	-5.532463947659868781e-10
4.589999999999999858e+00	7.499999999961056915e-03	-5.313452139297967377e-10
4.594999999999999751e+00	7.499999999962597350e-03	-5.103120881151430082e-10
4.599999999999999645e+00	7.499999999964077936e-03	-4.901129672491268850e-10
4.605000000000000426e+00	7.499999999965499542e-03	-4.707150904409308487e-10
4.610000000000000320e+00	7.499999999966864769e-03	-4.520870297096161692e-10
4.615000000000000213e+00	7.499999999968176220e-03	-4.341985365112875667e-10
4.620000000000000107e+00	7.499999999969434762e-03	-4.170206100563240734e-10
4.625000000000000000e+00	7.499999999970643864e-03	-4.005253349456628810e-10
4.629999999999999893e+00	7.499999999971804394e-03	-3.846859518518413874e-10
4.634999999999999787e+00	7.499999999972919822e-03	-3.694767157779757710e-10
4.639999999999999680e+00	7.499999999973990146e-03	-3.548729389114593192e-10
4.644999999999999574e+00	7.499999999975017970e-03	-3.408508604779685034e-10
4.650000000000000355e+00	7.499999999976005027e-03	-3.273877090426765053e-10
4.655000000000000249e+00	7.499999999976951319e-03	-3.144615594231297609e-10
4.660000000000000142e+00	7.499999999977860314e-03	-3.020514065250184145e-10
4.665000000000000036e+00	7.499999999978734615e-03	-2.901370091984777144e-10
4.669999999999999929e+00	7.499999999979572486e-03	-2.786989940300939216e-10
4.674999999999999822e+00	7.499999999980377398e-03	-2.677187275580171036e-10
4.679999999999999716e+00	7.499999999981149350e-03	-2.571783319020244154e-10
4.685000000000000497e+00	7.499999999981890944e-03	-2.470605984515528498e-10
4.690000000000000391e+00	7.499999999982603048e-03	-2.373490589571511842e-10
4.695000000000000284e+00	7.499999999983286529e-03	-2.280278308495049904e-10
4.700000000000000178e+00	7.499999999983942255e-03	-2.190817058565371005e-10
4.705000000000000071e+00	7.499999999984571092e-03	-2.104960677322986096e-10
4.709999999999999964e+00	7.499999999985174776e-03	-2.022569259912850616e-10
4.714999999999999858e+00	7.499999999985754173e-03	-1.943507880134206651e-10
4.719999999999999751e+00	7.499999999986310152e-03	-1.867647164130367076e-10
4.724999999999999645e+00	7.499999999986844447e-03	-1.794863033722446757e-10
4.730000000000000426e+00	7.499999999987356190e-03	-1.725036626759677117e-10
4.735000000000000320e+00	7.499999999987846250e-03	-1.658053569014751591e-10
4.740000000000000213e+00	7.499999999988317227e-03	-1.593804504900348338e-10
4.745000000000000107e+00	7.499999999988769123e-03	-1.532184037192114971e-10
4.750000000000000000e+00	7.499999999989201936e-03	-1.473091452627778038e-10
4.754999999999999893e+00	7.499999999989617402e-03	-1.416429705543755259e-10
4.759999999999999787e+00	7.499999999990015521e-03	-1.362106306294560401e-10
4.764999999999999680e+00	7.499999999990397161e-03	-1.310032245154046203e-10
4.769999999999999574e+00	7.499999999990763187e-03	-1.260121974839427230e-10
4.775000000000000355e+00	7.499999999991113601e-03	-1.212293088316817601e-10
4.780000000000000249e+00	7.499999999991449270e-03	-1.166467023676253548e-10
4.785000000000000142e+00	7.499999999991771062e-03	-1.122568423311817605e-10
4.790000000000000036e+00	7.499999999992078975e-03	-1.080525508449863373e-10
4.794999999999999929e+00	7.499999999992374745e-03	-1.040269174757879801e-10
4.799999999999999822e+00	7.499999999992656638e-03	-1.001733121174281500e-10
4.804999999999999716e+00	7.499999999992927255e-03	-9.648538159657498506e-11
4.809999999999999609e+00	7.499999999993185729e-03	-9.295707078252468219e-11
4.814999999999999503e+00	7.499999999993432927e-03	-8.958257231146392615e-11
4.820000000000000284e+00	7.499999999993669716e-03	-8.635631849390920144e-11
4.825000000000000178e+00	7.499999999993895231e-03	-8.327299921206691061e-11
4.830000000000000071e+00	7.499999999994111204e-03	-8.032754131832578054e-11
4.834999999999999964e+00	7.499999999994317636e-03	-7.751506066010318185e-11
4.839999999999999858e+00	7.499999999994514527e-03	-7.483093672508652958e-11
4.844999999999999751e+00	7.499999999994701877e-03	-7.227073368311842619e-11
4.849999999999999645e+00	7.499999999994880553e-03	-6.983022889291277385e-11
4.855000000000000426e+00	7.499999999995051424e-03	-6.750538548158811958e-11
4.860000000000000320e+00	7.499999999995213620e-03	-6.529237613435529227e-11
4.865000000000000213e+00	7.499999999995368011e-03	-6.318751762301655133e-11
4.870000000000000107e+00	7.499999999995513728e-03	-6.118732403798130698e-11
4.875000000000000000e+00	7.499999999995653373e-03	-5.928847173309074272e-11
4.879999999999999893e+00	7.499999999995784344e-03	-5.748783028594322022e-11
4.884999999999999787e+00	7.499999999995910112e-03	-5.578237866586975255e-11
4.889999999999999680e+00	7.499999999996028940e-03	-5.416926813289785142e-11
4.894999999999999574e+00	7.499999999996140830e-03	-5.264581945780632560e-11
4.900000000000000355e+00	7.499999999996245781e-03	-5.120949304487013591e-11
4.905000000000000249e+00	7.499999999996344660e-03	-4.985791104097252294e-11
4.910000000000000142e+00	7.499999999996437468e-03	-4.858880845862529573e-11
4.915000000000000036e+00	7.499999999996525071e-03	-4.740005600715041982e-11
4.919999999999999929e+00	7.499999999996606603e-03	-4.628966361440241216e-11
4.924999999999999822e+00	7.499999999996682064e-03	-4.525577117740105309e-11
4.929999999999999716e+00	7.499999999996752320e-03	-4.429663844855931762e-11
4.935000000000000497e+00	7.499999999996816505e-03	-4.341064305265951153e-11
4.940000000000000391e+00	7.499999999996876353e-03	-4.259630009064774111e-11
4.945000000000000284e+00	7.499999999996931864e-03	-4.185221118069050877e-11
4.950000000000000178e+00	7.499999999996980436e-03	-4.117710352042978301e-11
4.955000000000000071e+00	7.499999999997025539e-03	-4.056984893404369269e-11
4.959999999999999964e+00	7.499999999997064570e-03	-4.002937708303949071e-11
4.964999999999999858e+00	7.499999999997099265e-03	-3.955474865628402779e-11
4.969999999999999751e+00	7.499999999997129622e-03	-3.914516702974267195e-11
4.974999999999999645e+00	7.499999999997155643e-03	-3.879987566926981414e-11
4.980000000000000426e+00	7.499999999997175593e-03	-3.851824625831175681e-11
4.985000000000000320e+00	7.499999999997192072e-03	-3.829977368576903106e-11
4.990000000000000213e+00	7.499999999997203348e-03	-3.814403392075810637e-11
4.995000000000000107e+00	7.499999999997210287e-03	-3.805071238895091367e-11
5.000000000000000000e+00	7.499999999997212889e-03	-3.801963491701842123e-11
