# coordinate_x	h	p	@time=731.29
0.000000000000000000e+00	2.699969232789943274e-01	5.715594685634718397e-01
5.000000000000000104e-03	2.699933556229373588e-01	5.715594684688729554e-01
1.000000000000000021e-02	2.699826526559349626e-01	5.715594681850278969e-01
1.499999999999999944e-02	2.699648143792457433e-01	5.715594677118847056e-01
2.000000000000000042e-02	2.699398407959269219e-01	5.715594670493171492e-01
2.500000000000000139e-02	2.699077319094839722e-01	5.715594661971801216e-01
2.999999999999999889e-02	2.698684877251803504e-01	5.715594651552561301e-01
3.500000000000000333e-02	2.698221082487218814e-01	5.715594639233091412e-01
4.000000000000000083e-02	2.697685934875759806e-01	5.715594625010302909e-01
4.499999999999999833e-02	2.697079434496557626e-01	5.715594608880919525e-01
5.000000000000000278e-02	2.696401581446423168e-01	5.715594590840932243e-01
5.500000000000000028e-02	2.695652375826671499e-01	5.715594570886144421e-01
5.999999999999999778e-02	2.694831817756383474e-01	5.715594549011620007e-01
6.500000000000000222e-02	2.693939907359202968e-01	5.715594525212226440e-01
7.000000000000000666e-02	2.692976644776647333e-01	5.715594499482091750e-01
7.500000000000001110e-02	2.691942030154866328e-01	5.715594471815144129e-01
8.000000000000000167e-02	2.690836063658013089e-01	5.715594442204557923e-01
8.499999999999999223e-02	2.689658745454953093e-01	5.715594410643305423e-01
8.999999999999999667e-02	2.688410075732705073e-01	5.715594377123596193e-01
9.500000000000000111e-02	2.687090054683095586e-01	5.715594341637431075e-01
1.000000000000000056e-01	2.685698682516272640e-01	5.715594304176039309e-01
1.050000000000000100e-01	2.684235959447302533e-01	5.715594264730431417e-01
1.100000000000000006e-01	2.682701885709760647e-01	5.715594223290837439e-01
1.149999999999999911e-01	2.681096461542264997e-01	5.715594179847258705e-01
1.199999999999999956e-01	2.679419687202153066e-01	5.715594134388903846e-01
1.250000000000000000e-01	2.677671562951942086e-01	5.715594086904743909e-01
1.300000000000000044e-01	2.675852089073101348e-01	5.715594037382943915e-01
1.350000000000000089e-01	2.673961265852430880e-01	5.715593985811415756e-01
1.400000000000000133e-01	2.671999093595940344e-01	5.715593932177258640e-01
1.450000000000000178e-01	2.669965572615133342e-01	5.715593876467299772e-01
1.499999999999999944e-01	2.667860703241006215e-01	5.715593818667539239e-01
1.549999999999999989e-01	2.665684485810226323e-01	5.715593758763692911e-01
1.600000000000000033e-01	2.663436920679259634e-01	5.715593696740629559e-01
1.650000000000000078e-01	2.661118008210441865e-01	5.715593632582923744e-01
1.700000000000000122e-01	2.658727748786233747e-01	5.715593566274278503e-01
1.749999999999999889e-01	2.656266142795179475e-01	5.715593497798087119e-01
1.799999999999999933e-01	2.653733190646304640e-01	5.715593427136855809e-01
1.849999999999999978e-01	2.651128892754947564e-01	5.715593354272758830e-01
1.900000000000000022e-01	2.648453249557313205e-01	5.715593279187061171e-01
1.950000000000000067e-01	2.645706261496162393e-01	5.715593201860680317e-01
2.000000000000000111e-01	2.642887929035538930e-01	5.715593122273595617e-01
2.050000000000000155e-01	2.639998252646305610e-01	5.715593040405421155e-01
2.099999999999999922e-01	2.637037232821050625e-01	5.715592956234809563e-01
2.149999999999999967e-01	2.634004870059465930e-01	5.715592869740020454e-01
2.200000000000000011e-01	2.630901164883441279e-01	5.715592780898328673e-01
2.250000000000000056e-01	2.627726117822277718e-01	5.715592689686589400e-01
2.300000000000000100e-01	2.624479729427974251e-01	5.715592596080641963e-01
2.349999999999999867e-01	2.621162000260272573e-01	5.715592500055883818e-01
2.399999999999999911e-01	2.617772930902150241e-01	5.715592401586665483e-01
2.449999999999999956e-01	2.614312521944674450e-01	5.715592300646862300e-01
2.500000000000000000e-01	2.610780774002725013e-01	5.715592197209271585e-01
2.550000000000000044e-01	2.607177687699643864e-01	5.715592091246186612e-01
2.600000000000000089e-01	2.603503263683195623e-01	5.715591982728784881e-01
2.650000000000000133e-01	2.599757502610006155e-01	5.715591871627704323e-01
2.700000000000000178e-01	2.595940405161775710e-01	5.715591757912432680e-01
2.750000000000000222e-01	2.592051972029489337e-01	5.715591641551881485e-01
2.800000000000000266e-01	2.588092203929897583e-01	5.715591522513771006e-01
2.850000000000000311e-01	2.584061101589489873e-01	5.715591400765205332e-01
2.899999999999999800e-01	2.579958665761256098e-01	5.715591276272055099e-01
2.949999999999999845e-01	2.575784897208406310e-01	5.715591148999531468e-01
2.999999999999999889e-01	2.571539796721432625e-01	5.715591018911569954e-01
3.049999999999999933e-01	2.567223365101561350e-01	5.715590885971396640e-01
3.099999999999999978e-01	2.562835603178131305e-01	5.715590750140913112e-01
3.150000000000000022e-01	2.558376511791761176e-01	5.715590611381269337e-01
3.200000000000000067e-01	2.553846091812062014e-01	5.715590469652228611e-01
3.250000000000000111e-01	2.549244344120510930e-01	5.715590324912758202e-01
3.300000000000000155e-01	2.544571269628507770e-01	5.715590177120378756e-01
3.350000000000000200e-01	2.539826869259942388e-01	5.715590026231758269e-01
3.400000000000000244e-01	2.535011143969618796e-01	5.715589872202060384e-01
3.449999999999999734e-01	2.530124094725491601e-01	5.715589714985533920e-01
3.499999999999999778e-01	2.525165722527480394e-01	5.715589554534861172e-01
3.549999999999999822e-01	2.520136028389362570e-01	5.715589390801740777e-01
3.599999999999999867e-01	2.515035013357996285e-01	5.715589223736239344e-01
3.649999999999999911e-01	2.509862678494848010e-01	5.715589053287369881e-01
3.699999999999999956e-01	2.504619024895649027e-01	5.715588879402440092e-01
3.750000000000000000e-01	2.499304053671540238e-01	5.715588702027626367e-01
3.800000000000000044e-01	2.493917765969185518e-01	5.715588521107323183e-01
3.850000000000000089e-01	2.488460162951508514e-01	5.715588336584713769e-01
3.900000000000000133e-01	2.482931245818292276e-01	5.715588148401109514e-01
3.950000000000000178e-01	2.477331015786488344e-01	5.715587956496530619e-01
4.000000000000000222e-01	2.471659474111327082e-01	5.715587760809033302e-01
4.050000000000000266e-01	2.465916622066174346e-01	5.715587561275285999e-01
4.099999999999999756e-01	2.460102460964181115e-01	5.715587357829897686e-01
4.149999999999999800e-01	2.454216992137666919e-01	5.715587150405990746e-01
4.199999999999999845e-01	2.448260216960337632e-01	5.715586938934522632e-01
4.249999999999999889e-01	2.442232136826170408e-01	5.715586723344850961e-01
4.299999999999999933e-01	2.436132753172229326e-01	5.715586503564065168e-01
4.349999999999999978e-01	2.429962067457025199e-01	5.715586279517531620e-01
4.400000000000000022e-01	2.423720081183967645e-01	5.715586051128229705e-01
4.450000000000000067e-01	2.417406795879166181e-01	5.715585818317291400e-01
4.500000000000000111e-01	2.411022213115555646e-01	5.715585581003331805e-01
4.550000000000000155e-01	2.404566334490111645e-01	5.715585339102978724e-01
4.600000000000000200e-01	2.398039161648684581e-01	5.715585092530208744e-01
4.649999999999999689e-01	2.391440696262598642e-01	5.715584841196860166e-01
4.699999999999999734e-01	2.384770940054235788e-01	5.715584585011974639e-01
4.749999999999999778e-01	2.378029894772983321e-01	5.715584323882293427e-01
4.799999999999999822e-01	2.371217562221611952e-01	5.715584057711599053e-01
4.849999999999999867e-01	2.364333944231537254e-01	5.715583786401203792e-01
4.899999999999999911e-01	2.357379042690037063e-01	5.715583509849287980e-01
4.949999999999999956e-01	2.350352859514789061e-01	5.715583227951371859e-01
5.000000000000000000e-01	2.343255396681977187e-01	5.715582940599660544e-01
5.050000000000000044e-01	2.336086656200064837e-01	5.715582647683492556e-01
5.100000000000000089e-01	2.328846640138844681e-01	5.715582349088692560e-01
5.150000000000000133e-01	2.321535350602402237e-01	5.715582044697996578e-01
5.200000000000000178e-01	2.314152789759167939e-01	5.715581734390413615e-01
5.250000000000000222e-01	2.306698959814024452e-01	5.715581418041618678e-01
5.300000000000000266e-01	2.299173863039421506e-01	5.715581095523331046e-01
5.350000000000000311e-01	2.291577501746579204e-01	5.715580766703668436e-01
5.400000000000000355e-01	2.283909878317731124e-01	5.715580431446545262e-01
5.450000000000000400e-01	2.276170995176370337e-01	5.715580089611990156e-01
5.500000000000000444e-01	2.268360854820692107e-01	5.715579741055556440e-01
5.550000000000000488e-01	2.260479459792825996e-01	5.715579385628593023e-01
5.600000000000000533e-01	2.252526812713555315e-01	5.715579023177687068e-01
5.649999999999999467e-01	2.244502916250474545e-01	5.715578653544880483e-01
5.699999999999999512e-01	2.236407773154066581e-01	5.715578276567132576e-01
5.749999999999999556e-01	2.228241386224724119e-01	5.715577892076485478e-01
5.799999999999999600e-01	2.220003758350270473e-01	5.715577499899555658e-01
5.849999999999999645e-01	2.211694892471775808e-01	5.715577099857636068e-01
5.899999999999999689e-01	2.203314791622618951e-01	5.715576691766218742e-01
5.949999999999999734e-01	2.194863458893023533e-01	5.715576275435026998e-01
5.999999999999999778e-01	2.186340897470764599e-01	5.715575850667576896e-01
6.049999999999999822e-01	2.177747110604343339e-01	5.715575417261129498e-01
6.099999999999999867e-01	2.169082101645452010e-01	5.715574975006295633e-01
6.149999999999999911e-01	2.160345874010701217e-01	5.715574523686893782e-01
6.199999999999999956e-01	2.151538431225964720e-01	5.715574063079615907e-01
6.250000000000000000e-01	2.142659776886567391e-01	5.715573592953770987e-01
6.300000000000000044e-01	2.133709914703639521e-01	5.715573113071017453e-01
6.350000000000000089e-01	2.124688848462668034e-01	5.715572623184985712e-01
6.400000000000000133e-01	2.115596582072002685e-01	5.715572123041082753e-01
6.450000000000000178e-01	2.106433119519663943e-01	5.715571612375975885e-01
6.500000000000000222e-01	2.097198464924155126e-01	5.715571090917483943e-01
6.550000000000000266e-01	2.087892622489412597e-01	5.715570558383905597e-01
6.600000000000000311e-01	2.078515596558092871e-01	5.715570014484003813e-01
6.650000000000000355e-01	2.069067391564539116e-01	5.715569458916158752e-01
6.700000000000000400e-01	2.059548012090729463e-01	5.715568891368463245e-01
6.750000000000000444e-01	2.049957462817124376e-01	5.715568311517676969e-01
6.800000000000000488e-01	2.040295748581476831e-01	5.715567719029447380e-01
6.850000000000000533e-01	2.030562874327412892e-01	5.715567113557031842e-01
6.899999999999999467e-01	2.020758845166327755e-01	5.715566494741673997e-01
6.949999999999999512e-01	2.010883666323539098e-01	5.715565862211060555e-01
6.999999999999999556e-01	2.000937343203508523e-01	5.715565215579865299e-01
7.049999999999999600e-01	1.990919881333398367e-01	5.715564554447915002e-01
7.099999999999999645e-01	1.980831286431881944e-01	5.715563878400922171e-01
7.149999999999999689e-01	1.970671564349915916e-01	5.715563187008319002e-01
7.199999999999999734e-01	1.960440721143430765e-01	5.715562479824206621e-01
7.249999999999999778e-01	1.950138763011115273e-01	5.715561756384813785e-01
7.299999999999999822e-01	1.939765696371308357e-01	5.715561016209697032e-01
7.349999999999999867e-01	1.929321527796570290e-01	5.715560258798760840e-01
7.399999999999999911e-01	1.918806264095132275e-01	5.715559483633749771e-01
7.449999999999999956e-01	1.908219912242010152e-01	5.715558690174781242e-01
7.500000000000000000e-01	1.897562479465401131e-01	5.715557877862159630e-01
7.550000000000000044e-01	1.886833973174076307e-01	5.715557046112351713e-01
7.600000000000000089e-01	1.876034401049156697e-01	5.715556194320172700e-01
7.650000000000000133e-01	1.865163770967490364e-01	5.715555321854132176e-01
7.700000000000000178e-01	1.854222091099289316e-01	5.715554428059043124e-01
7.750000000000000222e-01	1.843209369827173982e-01	5.715553512250638457e-01
7.800000000000000266e-01	1.832125615850200839e-01	5.715552573718678531e-01
7.850000000000000311e-01	1.820970838098221745e-01	5.715551611720729452e-01
7.900000000000000355e-01	1.809745045842899580e-01	5.715550625485840142e-01
7.950000000000000400e-01	1.798448248606994149e-01	5.715549614207361406e-01
8.000000000000000444e-01	1.787080456283026142e-01	5.715548577047279144e-01
8.050000000000000488e-01	1.775641679037067433e-01	5.715547513127933188e-01
8.100000000000000533e-01	1.764131927435789171e-01	5.715546421537097688e-01
8.149999999999999467e-01	1.752551212344290454e-01	5.715545301318444293e-01
8.199999999999999512e-01	1.740899545062356835e-01	5.715544151477487400e-01
8.249999999999999556e-01	1.729176937215808063e-01	5.715542970970592940e-01
8.299999999999999600e-01	1.717383400902899038e-01	5.715541758711918385e-01
8.349999999999999645e-01	1.705518948578611527e-01	5.715540513560752878e-01
8.399999999999999689e-01	1.693583593212244220e-01	5.715539234329600760e-01
8.449999999999999734e-01	1.681577348164009500e-01	5.715537919769602127e-01
8.499999999999999778e-01	1.669500227354993871e-01	5.715536568579937526e-01
8.549999999999999822e-01	1.657352245135357560e-01	5.715535179391009191e-01
8.599999999999999867e-01	1.645133416467993437e-01	5.715533750775392274e-01
8.649999999999999911e-01	1.632843756787541734e-01	5.715532281228427047e-01
8.699999999999999956e-01	1.620483282199266795e-01	5.715530769180946491e-01
8.750000000000000000e-01	1.608052009328008458e-01	5.715529212976873108e-01
8.800000000000000044e-01	1.595549955533989428e-01	5.715527610888002652e-01
8.850000000000000089e-01	1.582977138750731039e-01	5.715525961088108176e-01
8.900000000000000133e-01	1.570333577719750795e-01	5.715524261670139605e-01
8.950000000000000178e-01	1.557619291816344509e-01	5.715522510616233287e-01
9.000000000000000222e-01	1.544834301305414992e-01	5.715520705817723757e-01
9.050000000000000266e-01	1.531978627153892936e-01	5.715518845040378215e-01
9.100000000000000311e-01	1.519052291310268032e-01	5.715516925947691229e-01
9.150000000000000355e-01	1.506055316502266095e-01	5.715514946060513690e-01
9.200000000000000400e-01	1.492987726543038296e-01	5.715512902784194438e-01
9.250000000000000444e-01	1.479849546112543823e-01	5.715510793361617825e-01
9.300000000000000488e-01	1.466640801093808677e-01	5.715508614904862839e-01
9.350000000000000533e-01	1.453361518336258040e-01	5.715506364340462442e-01
9.399999999999999467e-01	1.440011726025998973e-01	5.715504038446385104e-01
9.449999999999999512e-01	1.426591453429121858e-01	5.715501633788081515e-01
9.499999999999999556e-01	1.413100731300596657e-01	5.715499146761762184e-01
9.549999999999999600e-01	1.399539591605300781e-01	5.715496573519502910e-01
9.599999999999999645e-01	1.385908067970888780e-01	5.715493910019970869e-01
9.649999999999999689e-01	1.372206195383993410e-01	5.715491151940493841e-01
9.699999999999999734e-01	1.358434010693349292e-01	5.715488294736649211e-01
9.749999999999999778e-01	1.344591552278263658e-01	5.715485333538736779e-01
9.799999999999999822e-01	1.330678860609376402e-01	5.715482263221922654e-01
9.849999999999999867e-01	1.316695977886091773e-01	5.715479078284001480e-01
9.899999999999999911e-01	1.302642948663697842e-01	5.715475772928163556e-01
9.949999999999999956e-01	1.288519819455966331e-01	5.715472340918200667e-01
1.000000000000000000e+00	1.274326639438988495e-01	5.715468775676432189e-01
1.004999999999999893e+00	1.260063460014606007e-01	5.715465070111602763e-01
1.010000000000000009e+00	1.245730335603298239e-01	5.715461216735078231e-01
1.015000000000000124e+00	1.231327323163460552e-01	5.715457207455538757e-01
1.020000000000000018e+00	1.216854483088141148e-01	5.715453033717290410e-01
1.024999999999999911e+00	1.202311878674418577e-01	5.715448686254382960e-01
1.030000000000000027e+00	1.187699577141808627e-01	5.715444155255788861e-01
1.035000000000000142e+00	1.173017649045129951e-01	5.715439430069720883e-01
1.040000000000000036e+00	1.158266169436157067e-01	5.715434499401598201e-01
1.044999999999999929e+00	1.143445217212322867e-01	5.715429350956883203e-01
1.050000000000000044e+00	1.128554876447924876e-01	5.715423971679279846e-01
1.055000000000000160e+00	1.113595235669809919e-01	5.715418347317232639e-01
1.060000000000000053e+00	1.098566389390380760e-01	5.715412462711736419e-01
1.064999999999999947e+00	1.083468437299991566e-01	5.715406301267489386e-01
1.070000000000000062e+00	1.068301486041562526e-01	5.715399845302204795e-01
1.075000000000000178e+00	1.053065648307782431e-01	5.715393075397920963e-01
1.080000000000000071e+00	1.037761044906788943e-01	5.715385970826982742e-01
1.084999999999999964e+00	1.022387803750351570e-01	5.715378508751686182e-01
1.090000000000000080e+00	1.006946062272565529e-01	5.715370664746447504e-01
1.095000000000000195e+00	9.914359662929811412e-02	5.715362411804081333e-01
1.100000000000000089e+00	9.758576728664747346e-02	5.715353720979436947e-01
1.104999999999999982e+00	9.602113490027566756e-02	5.715344560147234132e-01
1.110000000000000098e+00	9.444971750469018101e-02	5.715334894800135901e-01
1.115000000000000213e+00	9.287153432338367265e-02	5.715324686484711814e-01
1.120000000000000107e+00	9.128660617272627009e-02	5.715313893797353550e-01
1.125000000000000000e+00	8.969495529845876447e-02	5.715302470399455936e-01
1.129999999999999893e+00	8.809660586198722609e-02	5.715290366268793720e-01
1.134999999999999787e+00	8.649158375514054420e-02	5.715277525159316863e-01
1.139999999999999902e+00	8.487991719056237061e-02	5.715263886185204534e-01
1.145000000000000018e+00	8.326163649163684233e-02	5.715249380539946245e-01
1.149999999999999911e+00	8.163677481571614269e-02	5.715233933517639420e-01
1.154999999999999805e+00	8.000536791586732033e-02	5.715217460232997482e-01
1.159999999999999920e+00	7.836745503545677893e-02	5.715199868223043156e-01
1.165000000000000036e+00	7.672307863829111452e-02	5.715181051803061019e-01
1.169999999999999929e+00	7.507228552686227852e-02	5.715160895446935729e-01
1.174999999999999822e+00	7.341512653772941377e-02	5.715139266255971906e-01
1.179999999999999938e+00	7.175165795544143077e-02	5.715116018395932640e-01
1.185000000000000053e+00	7.008194117098290321e-02	5.715090982917102602e-01
1.189999999999999947e+00	6.840604449204505666e-02	5.715063973643449424e-01
1.194999999999999840e+00	6.672404276465832007e-02	5.715034773215840191e-01
1.199999999999999956e+00	6.503601972287487154e-02	5.715003141004011411e-01
1.205000000000000071e+00	6.334206757848645508e-02	5.714968793670424096e-01
1.209999999999999964e+00	6.164229011710681272e-02	5.714931415942137161e-01
1.214999999999999858e+00	5.993680227023422125e-02	5.714890633072462478e-01
1.219999999999999973e+00	5.822573426315648393e-02	5.714846025722495337e-01
1.225000000000000089e+00	5.650923120152343687e-02	5.714797090187359041e-01
1.229999999999999982e+00	5.478745873155289881e-02	5.714743259289803978e-01
1.234999999999999876e+00	5.306060270724257538e-02	5.714683843692777154e-01
1.239999999999999991e+00	5.132887707375157621e-02	5.714618061763715451e-01
1.245000000000000107e+00	4.959252374599220498e-02	5.714544950879681950e-01
1.250000000000000000e+00	4.785182384152754376e-02	5.714463410974573998e-01
1.254999999999999893e+00	4.610709802544495778e-02	5.714372066831776564e-01
1.260000000000000009e+00	4.435872292913731890e-02	5.714269333023009878e-01
1.265000000000000124e+00	4.260713245880790728e-02	5.714153193494037053e-01
1.270000000000000018e+00	4.085284248930050321e-02	5.714021300896402478e-01
1.274999999999999911e+00	3.909645411670364945e-02	5.713870611400514443e-01
1.280000000000000027e+00	3.733869200342568306e-02	5.713697541140457803e-01
1.285000000000000142e+00	3.558041154044613852e-02	5.713497336963998530e-01
1.290000000000000036e+00	3.382266054422193580e-02	5.713264331429495080e-01
1.294999999999999929e+00	3.206669434922450324e-02	5.712990809213900345e-01
1.300000000000000044e+00	3.031407901389393186e-02	5.712667440438584654e-01
1.305000000000000160e+00	2.856672272465702461e-02	5.712281133638639208e-01
1.310000000000000053e+00	2.682705563586454400e-02	5.711815812582531349e-01
1.314999999999999947e+00	2.509809518482828197e-02	5.711248119743298490e-01
1.320000000000000062e+00	2.338377174586378157e-02	5.710548915926920710e-01
1.325000000000000178e+00	2.168906364391544675e-02	5.709674180214013850e-01
1.330000000000000071e+00	2.002060081804036759e-02	5.708568243918754614e-01
1.334999999999999964e+00	1.838693051325744968e-02	5.707143565930665741e-01
1.340000000000000080e+00	1.679960360950303461e-02	5.705288974139463010e-01
1.345000000000000195e+00	1.527358981601589782e-02	5.702824288528374197e-01
1.350000000000000089e+00	1.382883467062133616e-02	5.699526232602616371e-01
1.354999999999999982e+00	1.249022789702971051e-02	5.695037823788369202e-01
1.360000000000000098e+00	1.128761979862745977e-02	5.688961160579547593e-01
1.365000000000000213e+00	1.025215268593456484e-02	5.680750463253604332e-01
1.370000000000000107e+00	9.408387802673969652e-03	5.669977816827667105e-01
1.375000000000000000e+00	8.765584959312230223e-03	5.656350363687213667e-01
1.379999999999999893e+00	8.309052907563225024e-03	5.639956344505192565e-01
1.384999999999999787e+00	8.006070886127951078e-03	5.621257489211957115e-01
1.389999999999999902e+00	7.815608991502834627e-03	5.600811878940953337e-01
1.395000000000000018e+00	7.700400958297768002e-03	5.579249078731343126e-01
1.399999999999999911e+00	7.632698795344803298e-03	5.556978867859604376e-01
1.404999999999999805e+00	7.593346106799356635e-03	5.534336717035018838e-01
1.409999999999999920e+00	7.570801158485420367e-03	5.511496315632284926e-01
1.415000000000000036e+00	7.557836153450014915e-03	5.488584702883293476e-01
1.419999999999999929e+00	7.550428783872658277e-03	5.465662257478990371e-01
1.424999999999999822e+00	7.546138831644887482e-03	5.442771468168854376e-01
1.429999999999999938e+00	7.543644675173170368e-03	5.419931827161196258e-01
1.435000000000000053e+00	7.542152626303773484e-03	5.397156813293623179e-01
1.439999999999999947e+00	7.541236663523516286e-03	5.374452414445557435e-01
1.444999999999999840e+00	7.540641783539928956e-03	5.351822679200882726e-01
1.449999999999999956e+00	7.540231518697213323e-03	5.329269262486794334e-01
1.455000000000000071e+00	7.539924273275027539e-03	5.306793203923162450e-01
1.459999999999999964e+00	7.539676426006912402e-03	5.284394784630036535e-01
1.464999999999999858e+00	7.539461905063816333e-03	5.262074093380646467e-01
1.469999999999999973e+00	7.539266777638678474e-03	5.239830980778252822e-01
1.475000000000000089e+00	7.539082717025318361e-03	5.217665239384540188e-01
1.479999999999999982e+00	7.538905273576198413e-03	5.195576588666331874e-01
1.484999999999999876e+00	7.538731787536101341e-03	5.173564732551437784e-01
1.489999999999999991e+00	7.538560836906062386e-03	5.151629354138215211e-01
1.495000000000000107e+00	7.538391570980944138e-03	5.129770134367311885e-01
1.500000000000000000e+00	7.538223534104691176e-03	5.107986749841152418e-01
1.504999999999999893e+00	7.538056452932384750e-03	5.086278879159208399e-01
1.510000000000000009e+00	7.537890180185464854e-03	5.064646201737547093e-01
1.515000000000000124e+00	7.537724626765447689e-03	5.043088400224173817e-01
1.520000000000000018e+00	7.537559743806294434e-03	5.021605159648947492e-01
1.524999999999999911e+00	7.537395501019124311e-03	5.000196168586602541e-01
1.530000000000000027e+00	7.537231880963750005e-03	4.978861118424164900e-01
1.535000000000000142e+00	7.537068872144768797e-03	4.957599704117184314e-01
1.540000000000000036e+00	7.536906467180898468e-03	4.936411623506619106e-01
1.544999999999999929e+00	7.536744660606739185e-03	4.915296577936493772e-01
1.550000000000000044e+00	7.536583448285250411e-03	4.894254271598208472e-01
1.555000000000000160e+00	7.536422826710212526e-03	4.873284412094934237e-01
1.560000000000000053e+00	7.536262792815150505e-03	4.852386709805898146e-01
1.564999999999999947e+00	7.536103343754220127e-03	4.831560878424879246e-01
1.570000000000000062e+00	7.535944476837604274e-03	4.810806634341684984e-01
1.575000000000000178e+00	7.535786189464831891e-03	4.790123697163773397e-01
1.580000000000000071e+00	7.535628479100572527e-03	4.769511789113592970e-01
1.584999999999999964e+00	7.535471343256459897e-03	4.748970635536534091e-01
1.590000000000000080e+00	7.535314779479851746e-03	4.728499964313315762e-01
1.595000000000000195e+00	7.535158785351035206e-03	4.708099506355610808e-01
1.600000000000000089e+00	7.535003358476198565e-03	4.687768995032819408e-01
1.604999999999999982e+00	7.534848496489471303e-03	4.667508166656105795e-01
1.610000000000000098e+00	7.534694197047325272e-03	4.647316759918994622e-01
1.615000000000000213e+00	7.534540457832080568e-03	4.627194516370349842e-01
1.620000000000000107e+00	7.534387276546840144e-03	4.607141179868249337e-01
1.625000000000000000e+00	7.534234650919405078e-03	4.587156497042362835e-01
1.629999999999999893e+00	7.534082578697454645e-03	4.567240216760597438e-01
1.634999999999999787e+00	7.533931057652526637e-03	4.547392090581303115e-01
1.639999999999999902e+00	7.533780085575350963e-03	4.527611872232187307e-01
1.645000000000000018e+00	7.533629660279794402e-03	4.507899318052753235e-01
1.649999999999999911e+00	7.533479779598311298e-03	4.488254186485015618e-01
1.654999999999999805e+00	7.533330441385818928e-03	4.468676238506550380e-01
1.659999999999999920e+00	7.533181643515257479e-03	4.449165237132555184e-01
1.665000000000000036e+00	7.533033383881388226e-03	4.429720947839896894e-01
1.669999999999999929e+00	7.532885660396449780e-03	4.410343138080068393e-01
1.674999999999999822e+00	7.532738470993884279e-03	4.391031577694579080e-01
1.679999999999999938e+00	7.532591813624083844e-03	4.371786038438406630e-01
1.685000000000000053e+00	7.532445686258045642e-03	4.352606294387071362e-01
1.689999999999999947e+00	7.532300086883209414e-03	4.333492121470173264e-01
1.694999999999999840e+00	7.532155013507035347e-03	4.314443297870469429e-01
1.699999999999999956e+00	7.532010464152936145e-03	4.295459603567123863e-01
1.705000000000000071e+00	7.531866436863778567e-03	4.276540820727108838e-01
1.709999999999999964e+00	7.531722929697903975e-03	4.257686733257781131e-01
1.714999999999999858e+00	7.531579940732563948e-03	4.238897127190912051e-01
1.719999999999999973e+00	7.531437468060016294e-03	4.220171790244238719e-01
1.725000000000000089e+00	7.531295509790900816e-03	4.201510512198411429e-01
1.729999999999999982e+00	7.531154064050413384e-03	4.182913084467183573e-01
1.734999999999999876e+00	7.531013128981615783e-03	4.164379300467546674e-01
1.739999999999999991e+00	7.530872702741689580e-03	4.145908955198225887e-01
1.745000000000000107e+00	7.530732783505184394e-03	4.127501845603288033e-01
1.750000000000000000e+00	7.530593369460341149e-03	4.109157770158617384e-01
1.754999999999999893e+00	7.530454458812287435e-03	4.090876529229249825e-01
1.760000000000000009e+00	7.530316049779430150e-03	4.072657924663528051e-01
1.765000000000000124e+00	7.530178140596592747e-03	4.054501760144415545e-01
1.770000000000000018e+00	7.530040729511476398e-03	4.036407840791039203e-01
1.774999999999999911e+00	7.529903814787743468e-03	4.018375973504206833e-01
1.780000000000000027e+00	7.529767394701544596e-03	4.000405966575070194e-01
1.785000000000000142e+00	7.529631467544551857e-03	3.982497630025077506e-01
1.790000000000000036e+00	7.529496031620545697e-03	3.964650775221480461e-01
1.794999999999999929e+00	7.529361085248396923e-03	3.946865215211936562e-01
1.800000000000000044e+00	7.529226626758721286e-03	3.929140764346609194e-01
1.805000000000000160e+00	7.529092654496806827e-03	3.911477238607634077e-01
1.810000000000000053e+00	7.528959166819327448e-03	3.893874455237554821e-01
1.814999999999999947e+00	7.528826162097230351e-03	3.876332233063862209e-01
1.820000000000000062e+00	7.528693638712496451e-03	3.858850392133522100e-01
1.825000000000000178e+00	7.528561595060990520e-03	3.841428754032784609e-01
1.830000000000000071e+00	7.528430029549274503e-03	3.824067141527577318e-01
1.834999999999999964e+00	7.528298940597409096e-03	3.806765378878766426e-01
1.840000000000000080e+00	7.528168326635831242e-03	3.789523291488196000e-01
1.845000000000000195e+00	7.528038186108103672e-03	3.772340706209584282e-01
1.850000000000000089e+00	7.527908517467843570e-03	3.755217450999997486e-01
1.854999999999999982e+00	7.527779319181439159e-03	3.738153355226542796e-01
1.860000000000000098e+00	7.527650589725025203e-03	3.721148249323080193e-01
1.865000000000000213e+00	7.527522327587154484e-03	3.704201965092889792e-01
1.870000000000000107e+00	7.527394531265827089e-03	3.687314335370412977e-01
1.875000000000000000e+00	7.527267199271123720e-03	3.670485194320045608e-01
1.879999999999999893e+00	7.527140330122280079e-03	3.653714377102733057e-01
1.884999999999999787e+00	7.527013922350281154e-03	3.637001720171046393e-01
1.889999999999999902e+00	7.526887974494985041e-03	3.620347060940437567e-01
1.895000000000000018e+00	7.526762485107680797e-03	3.603750238080753454e-01
1.899999999999999911e+00	7.526637452748252168e-03	3.587211091191975787e-01
1.904999999999999805e+00	7.526512875987703341e-03	3.570729461092307933e-01
1.909999999999999920e+00	7.526388753405365180e-03	3.554305189498241369e-01
1.915000000000000036e+00	7.526265083591391486e-03	3.537938119309352314e-01
1.919999999999999929e+00	7.526141865143995587e-03	3.521628094292529321e-01
1.924999999999999822e+00	7.526019096671924917e-03	3.505374959363600773e-01
1.929999999999999938e+00	7.525896776791731434e-03	3.489178560275582042e-01
1.935000000000000053e+00	7.525774904130215839e-03	3.473038743897262082e-01
1.939999999999999947e+00	7.525653477321739629e-03	3.456955357905311943e-01
1.944999999999999840e+00	7.525532495010633753e-03	3.440928251059953147e-01
1.949999999999999956e+00	7.525411955848551430e-03	3.424957272900783223e-01
1.955000000000000071e+00	7.525291858496846453e-03	3.409042274019643548e-01
1.959999999999999964e+00	7.525172201623963296e-03	3.393183105760032015e-01
1.964999999999999858e+00	7.525052983907783329e-03	3.377379620487271361e-01
1.969999999999999973e+00	7.524934204033053957e-03	3.361631671291371304e-01
1.975000000000000089e+00	7.524815860693707080e-03	3.345939112254620595e-01
1.979999999999999982e+00	7.524697952590315986e-03	3.330301798157766502e-01
1.984999999999999876e+00	7.524580478432395594e-03	3.314719584745122738e-01
1.989999999999999991e+00	7.524463436935887976e-03	3.299192328433951937e-01
1.995000000000000107e+00	7.524346826825438310e-03	3.283719886577193270e-01
2.000000000000000000e+00	7.524230646831906420e-03	3.268302117175925781e-01
2.004999999999999893e+00	7.524114895694624522e-03	3.252938879139801176e-01
2.009999999999999787e+00	7.523999572158940850e-03	3.237630032002483671e-01
2.014999999999999680e+00	7.523884674978445312e-03	3.222375436179885089e-01
2.020000000000000018e+00	7.523770202912549547e-03	3.207174952688464642e-01
2.024999999999999911e+00	7.523656154728686554e-03	3.192028443401353499e-01
2.029999999999999805e+00	7.523542529199916777e-03	3.176935770769414025e-01
2.035000000000000142e+00	7.523429325107113853e-03	3.161896798075323201e-01
2.040000000000000036e+00	7.523316541236591513e-03	3.146911389157315275e-01
2.044999999999999929e+00	7.523204176382265046e-03	3.131979408661293429e-01
2.049999999999999822e+00	7.523092229343313758e-03	3.117100721767148142e-01
2.054999999999999716e+00	7.522980698926313818e-03	3.102275194438991468e-01
2.060000000000000053e+00	7.522869583942932807e-03	3.087502693153947875e-01
2.064999999999999947e+00	7.522758883212037409e-03	3.072783085150589399e-01
2.069999999999999840e+00	7.522648595557413984e-03	3.058116238160112910e-01
2.075000000000000178e+00	7.522538719809860643e-03	3.043502020653029438e-01
2.080000000000000071e+00	7.522429254804924303e-03	3.028940301572668470e-01
2.084999999999999964e+00	7.522320199384983225e-03	3.014430950580179180e-01
2.089999999999999858e+00	7.522211552397001406e-03	2.999973837790266828e-01
2.094999999999999751e+00	7.522103312694594646e-03	2.985568834014586392e-01
2.100000000000000089e+00	7.521995479135807489e-03	2.971215810499630017e-01
2.104999999999999982e+00	7.521888050585161939e-03	2.956914639168571335e-01
2.109999999999999876e+00	7.521781025911454359e-03	2.942665192361230142e-01
2.115000000000000213e+00	7.521674403989792902e-03	2.928467343074422358e-01
2.120000000000000107e+00	7.521568183699408293e-03	2.914320964703941419e-01
2.125000000000000000e+00	7.521462363925679982e-03	2.900225931283461067e-01
2.129999999999999893e+00	7.521356943557966877e-03	2.886182117228461297e-01
2.134999999999999787e+00	7.521251921491611814e-03	2.872189397573750580e-01
2.140000000000000124e+00	7.521147296625804377e-03	2.858247647719261431e-01
2.145000000000000018e+00	7.521043067865558485e-03	2.844356743666243137e-01
2.149999999999999911e+00	7.520939234119596896e-03	2.830516561764870320e-01
2.155000000000000249e+00	7.520835794302320118e-03	2.816726978949140037e-01
2.160000000000000142e+00	7.520732747331703057e-03	2.802987872486255583e-01
2.165000000000000036e+00	7.520630092131250048e-03	2.789299120210264049e-01
2.169999999999999929e+00	7.520527827627916662e-03	2.775660600273144873e-01
2.174999999999999822e+00	7.520425952754042180e-03	2.762072191377251129e-01
2.180000000000000160e+00	7.520324466445288750e-03	2.748533772528042873e-01
2.185000000000000053e+00	7.520223367642570392e-03	2.735045223265370473e-01
2.189999999999999947e+00	7.520122655290001693e-03	2.721606423417801679e-01
2.195000000000000284e+00	7.520022328336812070e-03	2.708217253332780294e-01
2.200000000000000178e+00	7.519922385735314414e-03	2.694877593632511448e-01
2.205000000000000071e+00	7.519822826442807209e-03	2.681587325443030578e-01
2.209999999999999964e+00	7.519723649419558786e-03	2.668346330151585288e-01
2.214999999999999858e+00	7.519624853630695570e-03	2.655154489634660164e-01
2.220000000000000195e+00	7.519526438044203676e-03	2.642011686016814132e-01
2.225000000000000089e+00	7.519428401632803280e-03	2.628917801897691087e-01
2.229999999999999982e+00	7.519330743371966698e-03	2.615872720112269456e-01
2.235000000000000320e+00	7.519233462241783211e-03	2.602876323956880289e-01
2.240000000000000213e+00	7.519136557224986687e-03	2.589928496950849035e-01
2.245000000000000107e+00	7.519040027308814336e-03	2.577029123061541083e-01
2.250000000000000000e+00	7.518943871483048207e-03	2.564178086467345796e-01
2.254999999999999893e+00	7.518848088741855729e-03	2.551375271781795573e-01
2.259999999999999787e+00	7.518752678081856364e-03	2.538620563817847176e-01
2.264999999999999680e+00	7.518657638503944800e-03	2.525913847811100399e-01
2.270000000000000018e+00	7.518562969011369744e-03	2.513255009185343392e-01
2.274999999999999911e+00	7.518468668611552781e-03	2.500643933774897576e-01
2.279999999999999805e+00	7.518374736314175841e-03	2.488080507591390600e-01
2.285000000000000142e+00	7.518281171132990513e-03	2.475564617045246663e-01
2.290000000000000036e+00	7.518187972083918529e-03	2.463096148713671274e-01
2.294999999999999929e+00	7.518095138186853266e-03	2.450674989561296979e-01
2.299999999999999822e+00	7.518002668463771507e-03	2.438301026709344677e-01
2.304999999999999716e+00	7.517910561940525406e-03	2.425974147655460544e-01
2.310000000000000053e+00	7.517818817644963784e-03	2.413694240044017281e-01
2.314999999999999947e+00	7.517727434608718895e-03	2.401461191885162771e-01
2.319999999999999840e+00	7.517636411865339860e-03	2.389274891326235717e-01
2.325000000000000178e+00	7.517545748452065558e-03	2.377135226870035478e-01
2.330000000000000071e+00	7.517455443407973677e-03	2.365042087147344041e-01
2.334999999999999964e+00	7.517365495775745789e-03	2.352995361134423702e-01
2.339999999999999858e+00	7.517275904599823345e-03	2.340994937926611785e-01
2.344999999999999751e+00	7.517186668928165817e-03	2.329040706955081419e-01
2.350000000000000089e+00	7.517097787810422295e-03	2.317132557761476253e-01
2.354999999999999982e+00	7.517009260299674020e-03	2.305270380213949311e-01
2.359999999999999876e+00	7.516921085450619863e-03	2.293454064282819393e-01
2.365000000000000213e+00	7.516833262321313651e-03	2.281683500255893005e-01
2.370000000000000107e+00	7.516745789971355715e-03	2.269958578515134384e-01
2.375000000000000000e+00	7.516658667463623281e-03	2.258279189751276894e-01
2.379999999999999893e+00	7.516571893862475894e-03	2.246645224741485036e-01
2.384999999999999787e+00	7.516485468235471062e-03	2.235056574563273890e-01
2.390000000000000124e+00	7.516399389651586167e-03	2.223513130373141189e-01
2.395000000000000018e+00	7.516313657182924560e-03	2.212014783619807023e-01
2.399999999999999911e+00	7.516228269902945278e-03	2.200561425823796546e-01
2.405000000000000249e+00	7.516143226888163942e-03	2.189152948790007713e-01
2.410000000000000142e+00	7.516058527216388542e-03	2.177789244388242951e-01
2.415000000000000036e+00	7.515974169968420333e-03	2.166470204765098273e-01
2.419999999999999929e+00	7.515890154226293959e-03	2.155195722125427538e-01
2.424999999999999822e+00	7.515806479074967072e-03	2.143965688943578196e-01
2.430000000000000160e+00	7.515723143600577805e-03	2.132779997745762601e-01
2.435000000000000053e+00	7.515640146892123112e-03	2.121638541320647331e-01
2.439999999999999947e+00	7.515557488039726654e-03	2.110541212502622388e-01
2.445000000000000284e+00	7.515475166136307596e-03	2.099487904381745207e-01
2.450000000000000178e+00	7.515393180275861500e-03	2.088478510087907469e-01
2.455000000000000071e+00	7.515311529555119587e-03	2.077512923000129907e-01
2.459999999999999964e+00	7.515230213071835697e-03	2.066591036531608694e-01
2.464999999999999858e+00	7.515149229926446420e-03	2.055712744338382691e-01
2.470000000000000195e+00	7.515068579220360659e-03	2.044877940105245540e-01
2.475000000000000089e+00	7.514988260057611953e-03	2.034086517753782575e-01
2.479999999999999982e+00	7.514908271543164521e-03	2.023338371229140287e-01
2.485000000000000320e+00	7.514828612784549972e-03	2.012633394707435130e-01
2.490000000000000213e+00	7.514749282890185490e-03	2.001971482383387013e-01
2.495000000000000107e+00	7.514670280971005346e-03	1.991352528677087508e-01
2.500000000000000000e+00	7.514591606138785150e-03	1.980776428022485436e-01
2.504999999999999893e+00	7.514513257507768156e-03	1.970243075073533634e-01
2.509999999999999787e+00	7.514435234192997325e-03	1.959752364493508869e-01
2.514999999999999680e+00	7.514357535311932956e-03	1.949304191160541044e-01
2.520000000000000018e+00	7.514280159982801230e-03	1.938898449957762171e-01
2.524999999999999911e+00	7.514203107326192753e-03	1.928535035978217738e-01
2.529999999999999805e+00	7.514126376463427584e-03	1.918213844315840300e-01
2.535000000000000142e+00	7.514049966518147709e-03	1.907934770269735514e-01
2.540000000000000036e+00	7.513973876614682933e-03	1.897697709135991728e-01
2.544999999999999929e+00	7.513898105879648556e-03	1.887502556411331800e-01
2.549999999999999822e+00	7.513822653440307801e-03	1.877349207585746194e-01
2.554999999999999716e+00	7.513747518426167754e-03	1.867237558345523907e-01
2.560000000000000053e+00	7.513672699967353930e-03	1.857167504366701305e-01
2.564999999999999947e+00	7.513598197196191472e-03	1.847138941517465771e-01
2.569999999999999840e+00	7.513524009245591863e-03	1.837151765652422220e-01
2.575000000000000178e+00	7.513450135250630650e-03	1.827205872814364473e-01
2.580000000000000071e+00	7.513376574346938494e-03	1.817301159029360569e-01
2.584999999999999964e+00	7.513303325672271091e-03	1.807437520507890472e-01
2.589999999999999858e+00	7.513230388364912360e-03	1.797614853440741844e-01
2.594999999999999751e+00	7.513157761565233961e-03	1.787833054199517713e-01
2.600000000000000089e+00	7.513085444414108020e-03	1.778092019133342139e-01
2.604999999999999982e+00	7.513013436054461446e-03	1.768391644768729232e-01
2.609999999999999876e+00	7.512941735629694723e-03	1.758731827607101506e-01
2.615000000000000213e+00	7.512870342285230159e-03	1.749112464324011629e-01
2.620000000000000107e+00	7.512799255166939354e-03	1.739533451567483457e-01
2.625000000000000000e+00	7.512728473422682768e-03	1.729994686156579864e-01
2.629999999999999893e+00	7.512657996200745002e-03	1.720496064880556453e-01
2.634999999999999787e+00	7.512587822651374363e-03	1.711037484696779909e-01
2.640000000000000124e+00	7.512517951925219012e-03	1.701618842530693843e-01
2.645000000000000018e+00	7.512448383174857858e-03	1.692240035473084880e-01
2.649999999999999911e+00	7.512379115553252315e-03	1.682900960580858418e-01
2.655000000000000249e+00	7.512310148215266790e-03	1.673601515073646628e-01
2.660000000000000142e+00	7.512241480316128248e-03	1.664341596135403833e-01
2.665000000000000036e+00	7.512173111012937152e-03	1.655121101110337001e-01
2.669999999999999929e+00	7.512105039463140045e-03	1.645939927305330175e-01
2.674999999999999822e+00	7.512037264826033553e-03	1.636797972185202177e-01
2.680000000000000160e+00	7.511969786261239561e-03	1.627695133175944553e-01
2.685000000000000053e+00	7.511902602930206618e-03	1.618631307859308976e-01
2.689999999999999947e+00	7.511835713994694658e-03	1.609606393776863709e-01
2.695000000000000284e+00	7.511769118618264254e-03	1.600620288623895993e-01
2.700000000000000178e+00	7.511702815964770887e-03	1.591672890054301182e-01
2.705000000000000071e+00	7.511636805199852461e-03	1.582764095873787913e-01
2.709999999999999964e+00	7.511571085489425308e-03	1.573893803845598793e-01
2.714999999999999858e+00	7.511505656001168235e-03	1.565061911883018908e-01
2.720000000000000195e+00	7.511440515903025465e-03	1.556268317855927508e-01
2.725000000000000089e+00	7.511375664364682014e-03	1.547512919782607910e-01
2.729999999999999982e+00	7.511311100556077036e-03	1.538795615637127967e-01
2.735000000000000320e+00	7.511246823648873132e-03	1.530116303540442202e-01
2.740000000000000213e+00	7.511182832814974029e-03	1.521474881568618542e-01
2.745000000000000107e+00	7.511119127227991292e-03	1.512871247943211872e-01
2.750000000000000000e+00	7.511055706061763731e-03	1.504305300840341753e-01
2.754999999999999893e+00	7.510992568491823250e-03	1.495776938580340998e-01
2.759999999999999787e+00	7.510929713693922059e-03	1.487286059437677443e-01
2.764999999999999680e+00	7.510867140845483778e-03	1.478832561829876158e-01
2.770000000000000018e+00	7.510804849124150598e-03	1.470416344128292196e-01
2.774999999999999911e+00	7.510742837709217905e-03	1.462037304846288688e-01
2.779999999999999805e+00	7.510681105780190117e-03	1.453695342450871952e-01
2.785000000000000142e+00	7.510619652518215304e-03	1.445390355550118244e-01
2.790000000000000036e+00	7.510558477104641029e-03	1.437122242705676789e-01
2.794999999999999929e+00	7.510497578722444625e-03	1.428890902619437964e-01
2.799999999999999822e+00	7.510436956554802056e-03	1.420696233946902864e-01
2.804999999999999716e+00	7.510376609786500839e-03	1.412538135483088486e-01
2.810000000000000053e+00	7.510316537602525384e-03	1.404416505976770202e-01
2.814999999999999947e+00	7.510256739189458651e-03	1.396331244315619502e-01
2.819999999999999840e+00	7.510197213734078753e-03	1.388282249341323271e-01
2.825000000000000178e+00	7.510137960424750209e-03	1.380269420033931882e-01
2.830000000000000071e+00	7.510078978450028357e-03	1.372292655327877198e-01
2.834999999999999964e+00	7.510020267000048003e-03	1.364351854295526023e-01
2.839999999999999858e+00	7.509961825265128697e-03	1.356446915964083788e-01
2.844999999999999751e+00	7.509903652437163388e-03	1.348577739498358907e-01
2.850000000000000089e+00	7.509845747708228034e-03	1.340744224018559916e-01
2.854999999999999982e+00	7.509788110271960714e-03	1.332946268782251864e-01
2.859999999999999876e+00	7.509730739322183386e-03	1.325183773003057175e-01
2.865000000000000213e+00	7.509673634054273191e-03	1.317456636031796580e-01
2.870000000000000107e+00	7.509616793663791146e-03	1.309764757176103411e-01
2.875000000000000000e+00	7.509560217347843042e-03	1.302108035880736037e-01
2.879999999999999893e+00	7.509503904303722020e-03	1.294486371548108639e-01
2.884999999999999787e+00	7.509447853730262523e-03	1.286899663717772646e-01
2.890000000000000124e+00	7.509392064826481139e-03	1.279347811887866782e-01
2.895000000000000018e+00	7.509336536792933156e-03	1.271830715693762492e-01
2.899999999999999911e+00	7.509281268830358610e-03	1.264348274730438537e-01
2.905000000000000249e+00	7.509226260141031034e-03	1.256900388730271267e-01
2.910000000000000142e+00	7.509171509927412176e-03	1.249486957386355540e-01
2.915000000000000036e+00	7.509117017393488608e-03	1.242107880529429581e-01
2.919999999999999929e+00	7.509062781743442924e-03	1.234763057952132231e-01
2.924999999999999822e+00	7.509008802182976471e-03	1.227452389585070303e-01
2.930000000000000160e+00	7.508955077917991820e-03	1.220175775322018125e-01
2.935000000000000053e+00	7.508901608155906827e-03	1.212933115195110184e-01
2.939999999999999947e+00	7.508848392104343177e-03	1.205724309200992966e-01
2.945000000000000284e+00	7.508795428972436965e-03	1.198549257475132468e-01
2.950000000000000178e+00	7.508742717969532458e-03	1.191407860118930129e-01
2.955000000000000071e+00	7.508690258306485732e-03	1.184300017373134256e-01
2.959999999999999964e+00	7.508638049194370570e-03	1.177225629445922406e-01
2.964999999999999858e+00	7.508586089845766497e-03	1.170184596685413525e-01
2.970000000000000195e+00	7.508534379473475948e-03	1.163176819408719004e-01
2.975000000000000089e+00	7.508482917291810568e-03	1.156202198073550680e-01
2.979999999999999982e+00	7.508431702515310120e-03	1.149260633108248747e-01
2.985000000000000320e+00	7.508380734360019237e-03	1.142352025082465777e-01
2.990000000000000213e+00	7.508330012042223681e-03	1.135476274538189390e-01
2.995000000000000107e+00	7.508279534779712348e-03	1.128633282159496459e-01
3.000000000000000000e+00	7.508229301790519603e-03	1.121822948604561526e-01
3.004999999999999893e+00	7.508179312294185545e-03	1.115045174674485218e-01
3.009999999999999787e+00	7.508129565510506150e-03	1.108299861146296861e-01
3.014999999999999680e+00	7.508080060660782262e-03	1.101586908940836995e-01
3.020000000000000018e+00	7.508030796966577540e-03	1.094906218956767929e-01
3.024999999999999911e+00	7.507981773650963982e-03	1.088257692237505903e-01
3.029999999999999805e+00	7.507932989937285938e-03	1.081641229806237781e-01
3.035000000000000142e+00	7.507884445050396968e-03	1.075056732831896900e-01
3.040000000000000036e+00	7.507836138215430791e-03	1.068504102465198807e-01
3.044999999999999929e+00	7.507788068659036404e-03	1.061983240003643442e-01
3.049999999999999822e+00	7.507740235608151638e-03	1.055494046728576302e-01
3.054999999999999716e+00	7.507692638291229605e-03	1.049036424069220569e-01
3.060000000000000053e+00	7.507645275937024389e-03	1.042610273440760515e-01
3.064999999999999947e+00	7.507598147775808826e-03	1.036215496407393022e-01
3.069999999999999840e+00	7.507551253038169739e-03	1.029851994521445158e-01
3.075000000000000178e+00	7.507504590956212698e-03	1.023519669485434408e-01
3.080000000000000071e+00	7.507458160762369402e-03	1.017218422992231391e-01
3.084999999999999964e+00	7.507411961690592904e-03	1.010948156886116583e-01
3.089999999999999858e+00	7.507365992975175394e-03	1.004708773003991362e-01
3.094999999999999751e+00	7.507320253851936485e-03	9.985001733354287312e-02
3.100000000000000089e+00	7.507274743557045341e-03	9.923222598649363013e-02
3.104999999999999982e+00	7.507229461328199412e-03	9.861749347309969882e-02
3.109999999999999876e+00	7.507184406403462178e-03	9.800581000693843470e-02
3.115000000000000213e+00	7.507139578022431481e-03	9.739716581711853338e-02
3.120000000000000107e+00	7.507094975425079864e-03	9.679155113271840916e-02
3.125000000000000000e+00	7.507050597852921170e-03	9.618895619848480405e-02
3.129999999999999893e+00	7.507006444547856955e-03	9.558937125937848334e-02
3.134999999999999787e+00	7.506962514753334412e-03	9.499278657616960775e-02
3.140000000000000124e+00	7.506918807713204057e-03	9.439919241009074591e-02
3.145000000000000018e+00	7.506875322672866384e-03	9.380857903832787170e-02
3.149999999999999911e+00	7.506832058878139084e-03	9.322093673878148468e-02
3.155000000000000249e+00	7.506789015576394164e-03	9.263625580545264970e-02
3.160000000000000142e+00	7.506746192015436442e-03	9.205452653331298862e-02
3.165000000000000036e+00	7.506703587444631121e-03	9.147573923358459647e-02
3.169999999999999929e+00	7.506661201113791829e-03	9.089988421871970925e-02
3.174999999999999822e+00	7.506619032274296915e-03	9.032695181757392777e-02
3.180000000000000160e+00	7.506577080177986167e-03	8.975693236049540891e-02
3.185000000000000053e+00	7.506535344078276231e-03	8.918981619439197983e-02
3.189999999999999947e+00	7.506493823229055604e-03	8.862559366792932547e-02
3.195000000000000284e+00	7.506452516885794846e-03	8.806425514649100783e-02
3.200000000000000178e+00	7.506411424304457181e-03	8.750579099748800882e-02
3.205000000000000071e+00	7.506370544742591369e-03	8.695019160520933710e-02
3.209999999999999964e+00	7.506329877458255313e-03	8.639744735624306504e-02
3.214999999999999858e+00	7.506289421711098524e-03	8.584754865421842518e-02
3.220000000000000195e+00	7.506249176761296132e-03	8.530048590533841069e-02
3.225000000000000089e+00	7.506209141870623554e-03	8.475624953301212627e-02
3.229999999999999982e+00	7.506169316301393966e-03	8.421482996349943795e-02
3.235000000000000320e+00	7.506129699317532107e-03	8.367621764043352284e-02
3.240000000000000213e+00	7.506090290183515222e-03	8.314040301057792903e-02
3.245000000000000107e+00	7.506051088165439054e-03	8.260737653823847781e-02
3.250000000000000000e+00	7.506012092529970071e-03	8.207712869113341358e-02
3.254999999999999893e+00	7.505973302545400176e-03	8.154964995469382583e-02
3.259999999999999787e+00	7.505934717480608476e-03	8.102493081804736097e-02
3.264999999999999680e+00	7.505896336606107319e-03	8.050296178820696980e-02
3.270000000000000018e+00	7.505858159193013607e-03	7.998373337616827838e-02
3.274999999999999911e+00	7.505820184514084420e-03	7.946723611098625850e-02
3.279999999999999805e+00	7.505782411842699606e-03	7.895346052598666009e-02
3.285000000000000142e+00	7.505744840453888733e-03	7.844239717272936951e-02
3.290000000000000036e+00	7.505707469623318015e-03	7.793403660733562444e-02
3.294999999999999929e+00	7.505670298628312927e-03	7.742836940433725501e-02
3.299999999999999822e+00	7.505633326746854669e-03	7.692538614311854317e-02
3.304999999999999716e+00	7.505596553258591513e-03	7.642507742165263740e-02
3.310000000000000053e+00	7.505559977443842200e-03	7.592743384305809806e-02
3.314999999999999947e+00	7.505523598584604682e-03	7.543244602922111186e-02
3.319999999999999840e+00	7.505487415963564730e-03	7.494010460746798608e-02
3.325000000000000178e+00	7.505451428865092534e-03	7.445040022407214964e-02
3.330000000000000071e+00	7.505415636574266913e-03	7.396332353104329016e-02
3.334999999999999964e+00	7.505380038377862384e-03	7.347886519951861428e-02
3.339999999999999858e+00	7.505344633563374238e-03	7.299701590666872464e-02
3.344999999999999751e+00	7.505309421420002999e-03	7.251776634897308393e-02
3.350000000000000089e+00	7.505274401237693391e-03	7.204110722924252086e-02
3.354999999999999982e+00	7.505239572308100571e-03	7.156702926977892565e-02
3.359999999999999876e+00	7.505204933923641242e-03	7.109552319951463473e-02
3.365000000000000213e+00	7.505170485378452952e-03	7.062657976705523366e-02
3.370000000000000107e+00	7.505136225967453008e-03	7.016018972793708341e-02
3.375000000000000000e+00	7.505102154987288235e-03	6.969634385755245354e-02
3.379999999999999893e+00	7.505068271735403432e-03	6.923503293852502349e-02
3.384999999999999787e+00	7.505034575510983325e-03	6.877624777351792895e-02
3.390000000000000124e+00	7.505001065614027959e-03	6.831997917272680798e-02
3.395000000000000018e+00	7.504967741346285116e-03	6.786621796657028860e-02
3.399999999999999911e+00	7.504934602010338712e-03	6.741495499330132923e-02
3.405000000000000249e+00	7.504901646910529071e-03	6.696618111157946751e-02
3.410000000000000142e+00	7.504868875352051737e-03	6.651988718820084356e-02
3.415000000000000036e+00	7.504836286641866465e-03	6.607606411055204354e-02
3.419999999999999929e+00	7.504803880087805579e-03	6.563470277445859757e-02
3.424999999999999822e+00	7.504771654999479492e-03	6.519579409652020985e-02
3.430000000000000160e+00	7.504739610687385931e-03	6.475932900207828635e-02
3.435000000000000053e+00	7.504707746463811988e-03	6.432529843743214903e-02
3.439999999999999947e+00	7.504676061641951147e-03	6.389369335792557947e-02
3.445000000000000284e+00	7.504644555536790600e-03	6.346450474004336484e-02
3.450000000000000178e+00	7.504613227464249949e-03	6.303772356961813428e-02
3.455000000000000071e+00	7.504582076742051175e-03	6.261334085380654280e-02
3.459999999999999964e+00	7.504551102688859082e-03	6.219134760941531781e-02
3.464999999999999858e+00	7.504520304625156464e-03	6.177173487475864921e-02
3.470000000000000195e+00	7.504489681872392355e-03	6.135449369810314080e-02
3.475000000000000089e+00	7.504459233753834647e-03	6.093961514940505336e-02
3.479999999999999982e+00	7.504428959593740026e-03	6.052709030887556269e-02
3.485000000000000320e+00	7.504398858718194440e-03	6.011691027859730752e-02
3.490000000000000213e+00	7.504368930454288246e-03	5.970906617120978060e-02
3.495000000000000107e+00	7.504339174130952340e-03	5.930354912140517465e-02
3.500000000000000000e+00	7.504309589078141975e-03	5.890035027473398965e-02
3.504999999999999893e+00	7.504280174627662482e-03	5.849946079898012824e-02
3.509999999999999787e+00	7.504250930112357429e-03	5.810087187308661527e-02
3.514999999999999680e+00	7.504221854866935208e-03	5.770457469840981762e-02
3.520000000000000018e+00	7.504192948227160660e-03	5.731056048776556056e-02
3.524999999999999911e+00	7.504164209530670392e-03	5.691882047656222215e-02
3.529999999999999805e+00	7.504135638116178272e-03	5.652934591196707298e-02
3.535000000000000142e+00	7.504107233324277745e-03	5.614212806391812027e-02
3.540000000000000036e+00	7.504078994496657731e-03	5.575715821441119824e-02
3.544999999999999929e+00	7.504050920976898867e-03	5.537442766839015956e-02
3.549999999999999822e+00	7.504023012109694614e-03	5.499392774315459836e-02
3.554999999999999716e+00	7.503995267241638824e-03	5.461564977912847924e-02
3.560000000000000053e+00	7.503967685720455520e-03	5.423958512938832632e-02
3.564999999999999947e+00	7.503940266895780392e-03	5.386572517031053969e-02
3.569999999999999840e+00	7.503913010118399250e-03	5.349406129121989789e-02
3.575000000000000178e+00	7.503885914741015642e-03	5.312458490491516611e-02
3.580000000000000071e+00	7.503858980117504053e-03	5.275728743743857141e-02
3.584999999999999964e+00	7.503832205603663645e-03	5.239216033847892556e-02
3.589999999999999858e+00	7.503805590556483600e-03	5.202919507126232274e-02
3.594999999999999751e+00	7.503779134334889918e-03	5.166838312283335982e-02
3.600000000000000089e+00	7.503752836299014232e-03	5.130971599406619621e-02
3.604999999999999982e+00	7.503726695810932802e-03	5.095318520982390631e-02
3.609999999999999876e+00	7.503700712233948335e-03	5.059878230909026220e-02
3.615000000000000213e+00	7.503674884933317704e-03	5.024649885500709345e-02
3.620000000000000107e+00	7.503649213275538979e-03	4.989632642512668165e-02
3.625000000000000000e+00	7.503623696629076537e-03	4.954825662132702341e-02
3.629999999999999893e+00	7.503598334363654164e-03	4.920228106018485759e-02
3.634999999999999787e+00	7.503573125850968029e-03	4.885839138276883153e-02
3.640000000000000124e+00	7.503548070463995391e-03	4.851657924513303605e-02
3.645000000000000018e+00	7.503523167577691964e-03	4.817683632798847038e-02
3.649999999999999911e+00	7.503498416568312769e-03	4.783915432731652290e-02
3.655000000000000249e+00	7.503473816814101686e-03	4.750352496391862384e-02
3.660000000000000142e+00	7.503449367694620120e-03	4.716993997415051126e-02
3.665000000000000036e+00	7.503425068591424406e-03	4.683839111934932214e-02
3.669999999999999929e+00	7.503400918887406616e-03	4.650887017668819956e-02
3.674999999999999822e+00	7.503376917967465032e-03	4.618136894848177965e-02
3.680000000000000160e+00	7.503353065217849283e-03	4.585587925316087637e-02
3.685000000000000053e+00	7.503329360026823880e-03	4.553239293445596886e-02
3.689999999999999947e+00	7.503305801784022899e-03	4.521090185249194288e-02
3.695000000000000284e+00	7.503282389881103104e-03	4.489139789284986998e-02
3.700000000000000178e+00	7.503259123711107301e-03	4.457387295778164615e-02
3.705000000000000071e+00	7.503236002669113995e-03	4.425831897515009744e-02
3.709999999999999964e+00	7.503213026151599012e-03	4.394472788976343941e-02
3.714999999999999858e+00	7.503190193557085150e-03	4.363309167219363294e-02
3.720000000000000195e+00	7.503167504285509874e-03	4.332340231023043553e-02
3.725000000000000089e+00	7.503144957738865431e-03	4.301565181757861095e-02
3.729999999999999982e+00	7.503122553320576080e-03	4.270983222543105889e-02
3.735000000000000320e+00	7.503100290436126932e-03	4.240593559104480909e-02
3.740000000000000213e+00	7.503078168492455929e-03	4.210395398943362483e-02
3.745000000000000107e+00	7.503056186898567938e-03	4.180387952182236522e-02
3.750000000000000000e+00	7.503034345064935398e-03	4.150570430745901401e-02
3.754999999999999893e+00	7.503012642404108951e-03	4.120942049194799284e-02
3.759999999999999787e+00	7.502991078330121556e-03	4.091502023918070635e-02
3.764999999999999680e+00	7.502969652259092181e-03	4.062249573954843096e-02
3.770000000000000018e+00	7.502948363608640328e-03	4.033183920199125139e-02
3.774999999999999911e+00	7.502927211798474973e-03	4.004304286209029590e-02
3.779999999999999805e+00	7.502906196249829046e-03	3.975609897423518224e-02
3.785000000000000142e+00	7.502885316386027556e-03	3.947099981959552306e-02
3.790000000000000036e+00	7.502864571631934210e-03	3.918773769840688814e-02
3.794999999999999929e+00	7.502843961414516934e-03	3.890630493782185062e-02
3.799999999999999822e+00	7.502823485162297100e-03	3.862669388431393125e-02
3.804999999999999716e+00	7.502803142305905504e-03	3.834889691140849766e-02
3.810000000000000053e+00	7.502782932277542866e-03	3.807290641220434368e-02
3.814999999999999947e+00	7.502762854511528870e-03	3.779871480698498987e-02
3.819999999999999840e+00	7.502742908443767872e-03	3.752631453585753701e-02
3.825000000000000178e+00	7.502723093512287528e-03	3.725569806624411812e-02
3.830000000000000071e+00	7.502703409156720980e-03	3.698685788563838006e-02
3.834999999999999964e+00	7.502683854818828144e-03	3.671978650897721186e-02
3.839999999999999858e+00	7.502664429941988296e-03	3.645447647151416753e-02
3.844999999999999751e+00	7.502645133971720497e-03	3.619092033607221315e-02
3.850000000000000089e+00	7.502625966355173578e-03	3.592911068603350799e-02
3.854999999999999982e+00	7.502606926541641359e-03	3.566904013247354510e-02
3.859999999999999876e+00	7.502588013982066512e-03	3.541070130726707565e-02
3.865000000000000213e+00	7.502569228129545367e-03	3.515408687010361521e-02
3.870000000000000107e+00	7.502550568438832654e-03	3.489918950170943501e-02
3.875000000000000000e+00	7.502532034366843697e-03	3.464600191074490576e-02
3.879999999999999893e+00	7.502513625372170432e-03	3.439451682714182723e-02
3.884999999999999787e+00	7.502495340915569730e-03	3.414472700888301210e-02
3.890000000000000124e+00	7.502477180459490684e-03	3.389662523545491912e-02
3.895000000000000018e+00	7.502459143468553394e-03	3.365020431450955335e-02
3.899999999999999911e+00	7.502441229409082327e-03	3.340545707543203513e-02
3.905000000000000249e+00	7.502423437749581626e-03	3.316237637588501097e-02
3.910000000000000142e+00	7.502405767960274550e-03	3.292095509549126248e-02
3.915000000000000036e+00	7.502388219513569240e-03	3.268118614226078744e-02
3.919999999999999929e+00	7.502370791883605089e-03	3.244306244638745645e-02
3.924999999999999822e+00	7.502353484546714184e-03	3.220657696656011038e-02
3.930000000000000160e+00	7.502336296980972874e-03	3.197172268387250132e-02
3.935000000000000053e+00	7.502319228666658006e-03	3.173849260801818450e-02
3.939999999999999947e+00	7.502302279085801967e-03	3.150687977131415990e-02
3.945000000000000284e+00	7.502285447722643712e-03	3.127687723477975273e-02
3.950000000000000178e+00	7.502268734063194215e-03	3.104847808227325159e-02
3.955000000000000071e+00	7.502252137595670153e-03	3.082167542645532915e-02
3.959999999999999964e+00	7.502235657810079304e-03	3.059646240303840956e-02
3.964999999999999858e+00	7.502219294198639483e-03	3.037283217663488272e-02
3.970000000000000195e+00	7.502203046255370884e-03	3.015077793511862503e-02
3.975000000000000089e+00	7.502186913476508942e-03	2.993029289535873230e-02
3.979999999999999982e+00	7.502170895360104480e-03	2.971137029769273241e-02
3.985000000000000320e+00	7.502154991406431370e-03	2.949400341154592015e-02
3.990000000000000213e+00	7.502139201117590146e-03	2.927818553001616114e-02
3.995000000000000107e+00	7.502123523997907863e-03	2.906390997537917908e-02
4.000000000000000000e+00	7.502107959553550379e-03	2.885117009378435071e-02
4.004999999999999893e+00	7.502092507292917878e-03	2.863995926064661496e-02
4.009999999999999787e+00	7.502077166726258892e-03	2.843027087545266923e-02
4.014999999999999680e+00	7.502061937366063214e-03	2.822209836703992031e-02
4.019999999999999574e+00	7.502046818726679396e-03	2.801543518851265513e-02
4.025000000000000355e+00	7.502031810324699852e-03	2.781027482240843590e-02
4.030000000000000249e+00	7.502016911678593969e-03	2.760661077572401992e-02
4.035000000000000142e+00	7.502002122309073262e-03	2.740443658496943477e-02
4.040000000000000036e+00	7.501987441738740096e-03	2.720374581130308861e-02
4.044999999999999929e+00	7.501972869492444171e-03	2.700453204547418468e-02
4.049999999999999822e+00	7.501958405096934707e-03	2.680678890306644260e-02
4.054999999999999716e+00	7.501944048081215198e-03	2.661051002932948370e-02
4.059999999999999609e+00	7.501929797976199937e-03	2.641568909453050409e-02
4.064999999999999503e+00	7.501915654315059225e-03	2.622231979867501936e-02
4.070000000000000284e+00	7.501901616632886301e-03	2.603039586696610092e-02
4.075000000000000178e+00	7.501887684467034752e-03	2.583991105441528491e-02
4.080000000000000071e+00	7.501873857356790645e-03	2.565085914140862941e-02
4.084999999999999964e+00	7.501860134843704730e-03	2.546323393820779449e-02
4.089999999999999858e+00	7.501846516471273249e-03	2.527702928062313184e-02
4.094999999999999751e+00	7.501833001785257991e-03	2.509223903440526912e-02
4.099999999999999645e+00	7.501819590333375781e-03	2.490885709102440282e-02
4.105000000000000426e+00	7.501806281665613328e-03	2.472687737195324725e-02
4.110000000000000320e+00	7.501793075333922783e-03	2.454629382455193742e-02
4.115000000000000213e+00	7.501779970892531388e-03	2.436710042624271391e-02
4.120000000000000107e+00	7.501766967897640498e-03	2.418929118049990140e-02
4.125000000000000000e+00	7.501754065907726560e-03	2.401286012091707195e-02
4.129999999999999893e+00	7.501741264483253145e-03	2.383780130730147467e-02
4.134999999999999787e+00	7.501728563186960651e-03	2.366410882963407639e-02
4.139999999999999680e+00	7.501715961583590477e-03	2.349177680426809550e-02
4.144999999999999574e+00	7.501703459240155643e-03	2.332079937778228085e-02
4.150000000000000355e+00	7.501691055725684919e-03	2.315117072328302592e-02
4.155000000000000249e+00	7.501678750611482163e-03	2.298288504415181219e-02
4.160000000000000142e+00	7.501666543470870453e-03	2.281593657044986984e-02
4.165000000000000036e+00	7.501654433879455762e-03	2.265031956256027129e-02
4.169999999999999929e+00	7.501642421414871954e-03	2.248602830769509675e-02
4.174999999999999822e+00	7.501630505657034056e-03	2.232305712343242432e-02
4.179999999999999716e+00	7.501618686187897997e-03	2.216140035432528910e-02
4.185000000000000497e+00	7.501606962591700865e-03	2.200105237533441643e-02
4.190000000000000391e+00	7.501595334454729327e-03	2.184200758853854438e-02
4.195000000000000284e+00	7.501583801365554680e-03	2.168426042646301455e-02
4.200000000000000178e+00	7.501572362914803865e-03	2.152780534889090283e-02
4.205000000000000071e+00	7.501561018695391062e-03	2.137263684608858502e-02
4.209999999999999964e+00	7.501549768302295633e-03	2.121874943571662106e-02
4.214999999999999858e+00	7.501538611332783310e-03	2.106613766595288872e-02
4.219999999999999751e+00	7.501527547386194553e-03	2.091479611250292303e-02
4.224999999999999645e+00	7.501516576064158788e-03	2.076471938162099962e-02
4.230000000000000426e+00	7.501505696970385377e-03	2.061590210721932562e-02
4.235000000000000320e+00	7.501494909710875250e-03	2.046833895378786725e-02
4.240000000000000213e+00	7.501484213893717078e-03	2.032202461360158030e-02
4.245000000000000107e+00	7.501473609129290232e-03	2.017695380953943643e-02
4.250000000000000000e+00	7.501463095030072234e-03	2.003312129238958919e-02
4.254999999999999893e+00	7.501452671210831306e-03	1.989052184356790431e-02
4.259999999999999787e+00	7.501442337288439025e-03	1.974915027252037089e-02
4.264999999999999680e+00	7.501432092882060268e-03	1.960900141934198565e-02
4.269999999999999574e+00	7.501421937612969340e-03	1.947007015227544477e-02
4.275000000000000355e+00	7.501411871104735583e-03	1.933235137023131892e-02
4.280000000000000249e+00	7.501401892983044703e-03	1.919584000038252261e-02
4.285000000000000142e+00	7.501392002875874841e-03	1.906053100058602984e-02
4.290000000000000036e+00	7.501382200413330911e-03	1.892641935707260401e-02
4.294999999999999929e+00	7.501372485227807661e-03	1.879350008677070291e-02
4.299999999999999822e+00	7.501362856953833549e-03	1.866176823509093502e-02
4.304999999999999716e+00	7.501353315228230338e-03	1.853121887815283725e-02
4.309999999999999609e+00	7.501343859689955235e-03	1.840184712066327000e-02
4.314999999999999503e+00	7.501334489980258750e-03	1.827364809804672002e-02
4.320000000000000284e+00	7.501325205742537250e-03	1.814661697441699237e-02
4.325000000000000178e+00	7.501316006622476065e-03	1.802074894461188834e-02
4.330000000000000071e+00	7.501306892267911586e-03	1.789603923225733390e-02
4.334999999999999964e+00	7.501297862328972638e-03	1.777248309170699828e-02
4.339999999999999858e+00	7.501288916457942574e-03	1.765007580619853272e-02
4.344999999999999751e+00	7.501280054309395449e-03	1.752881268969847320e-02
4.349999999999999645e+00	7.501271275540066785e-03	1.740868908515010721e-02
4.355000000000000426e+00	7.501262579808980202e-03	1.728970036622436146e-02
4.360000000000000320e+00	7.501253966777330327e-03	1.717184193565849532e-02
4.365000000000000213e+00	7.501245436108593817e-03	1.705510922691373318e-02
4.370000000000000107e+00	7.501236987468425273e-03	1.693949770260404566e-02
4.375000000000000000e+00	7.501228620524763059e-03	1.682500285606133156e-02
4.379999999999999893e+00	7.501220334947723486e-03	1.671162020985351299e-02
4.384999999999999787e+00	7.501212130409705761e-03	1.659934531725795748e-02
4.389999999999999680e+00	7.501204006585295708e-03	1.648817376086830766e-02
4.394999999999999574e+00	7.501195963151359447e-03	1.637810115397657015e-02
4.400000000000000355e+00	7.501187999786949716e-03	1.626912313926826698e-02
4.405000000000000249e+00	7.501180116173403016e-03	1.616123539011393717e-02
4.410000000000000142e+00	7.501172311994245938e-03	1.605443360935157604e-02
4.415000000000000036e+00	7.501164586935283630e-03	1.594871353048839258e-02
4.419999999999999929e+00	7.501156940684518271e-03	1.584407091657012018e-02
4.424999999999999822e+00	7.501149372932228859e-03	1.574050156129349828e-02
4.429999999999999716e+00	7.501141883370894027e-03	1.563800128796163230e-02
4.435000000000000497e+00	7.501134471695266627e-03	1.553656595050812057e-02
4.440000000000000391e+00	7.501127137602304346e-03	1.543619143253780086e-02
4.445000000000000284e+00	7.501119880791237357e-03	1.533687364826292511e-02
4.450000000000000178e+00	7.501112700963500669e-03	1.523860854162879461e-02
4.455000000000000071e+00	7.501105597822801778e-03	1.514139208716284470e-02
4.459999999999999964e+00	7.501098571075058216e-03	1.504522028918425444e-02
4.464999999999999858e+00	7.501091620428452199e-03	1.495008918256664730e-02
4.469999999999999751e+00	7.501084745593382917e-03	1.485599483203112539e-02
4.474999999999999645e+00	7.501077946282511642e-03	1.476293333282321929e-02
4.480000000000000426e+00	7.501071222210718356e-03	1.467090081008849169e-02
4.485000000000000320e+00	7.501064573095140783e-03	1.457989341946467135e-02
4.490000000000000213e+00	7.501057998655139697e-03	1.448990734653912704e-02
4.495000000000000107e+00	7.501051498612330143e-03	1.440093880735662281e-02
4.500000000000000000e+00	7.501045072690553685e-03	1.431298404795822848e-02
4.504999999999999893e+00	7.501038720615902690e-03	1.422603934480540407e-02
4.509999999999999787e+00	7.501032442116695176e-03	1.414010100439956966e-02
4.514999999999999680e+00	7.501026236923499096e-03	1.405516536362319199e-02
4.519999999999999574e+00	7.501020104769112393e-03	1.397122878943927136e-02
4.525000000000000355e+00	7.501014045388576003e-03	1.388828767915029939e-02
4.530000000000000249e+00	7.501008058519163454e-03	1.380633846017695690e-02
4.535000000000000142e+00	7.501002143900387803e-03	1.372537759023552233e-02
4.540000000000000036e+00	7.500996301273995560e-03	1.364540155719503288e-02
4.544999999999999929e+00	7.500990530383970165e-03	1.356640687917401965e-02
4.549999999999999822e+00	7.500984830976530245e-03	1.348839010447545547e-02
4.554999999999999716e+00	7.500979202800126151e-03	1.341134781160339441e-02
4.559999999999999609e+00	7.500973645605446029e-03	1.333527660927500552e-02
4.564999999999999503e+00	7.500968159145402804e-03	1.326017313635798923e-02
4.570000000000000284e+00	7.500962743175150667e-03	1.318603406195882448e-02
4.575000000000000178e+00	7.500957397452065988e-03	1.311285608528172872e-02
4.580000000000000071e+00	7.500952121735762930e-03	1.304063593579250606e-02
4.584999999999999964e+00	7.500946915788076104e-03	1.296937037299952453e-02
4.589999999999999858e+00	7.500941779373077045e-03	1.289905618669261178e-02
4.594999999999999751e+00	7.500936712257053399e-03	1.282969019664692914e-02
4.599999999999999645e+00	7.500931714208534939e-03	1.276126925293603540e-02
4.605000000000000426e+00	7.500926784998257144e-03	1.269379023555930464e-02
4.610000000000000320e+00	7.500921924399196750e-03	1.262725005482859438e-02
4.615000000000000213e+00	7.500917132186536197e-03	1.256164565091989413e-02
4.620000000000000107e+00	7.500912408137696587e-03	1.249697399433273744e-02
4.625000000000000000e+00	7.500907752032299515e-03	1.243323208536703875e-02
4.629999999999999893e+00	7.500903163652208709e-03	1.237041695465438719e-02
4.634999999999999787e+00	7.500898642781478852e-03	1.230852566256078300e-02
4.639999999999999680e+00	7.500894189206405889e-03	1.224755529978923708e-02
4.644999999999999574e+00	7.500889802715476722e-03	1.218750298670907319e-02
4.650000000000000355e+00	7.500885483099412575e-03	1.212836587402907687e-02
4.655000000000000249e+00	7.500881230151123895e-03	1.207014114205407634e-02
4.660000000000000142e+00	7.500877043665757186e-03	1.201282600142791930e-02
4.665000000000000036e+00	7.500872923440637767e-03	1.195641769231806616e-02
4.669999999999999929e+00	7.500868869275327880e-03	1.190091348522774942e-02
4.674999999999999822e+00	7.500864880971560775e-03	1.184631068010931487e-02
4.679999999999999716e+00	7.500860958333310964e-03	1.179260660724478806e-02
4.685000000000000497e+00	7.500857101166712691e-03	1.173979862628873883e-02
4.690000000000000391e+00	7.500853309280142329e-03	1.168788412721642050e-02
4.695000000000000284e+00	7.500849582484132513e-03	1.163686052929688297e-02
4.700000000000000178e+00	7.500845920591450201e-03	1.158672528210811029e-02
4.705000000000000071e+00	7.500842323417016878e-03	1.153747586444113168e-02
4.709999999999999964e+00	7.500838790777988353e-03	1.148910978538127473e-02
4.714999999999999858e+00	7.500835322493664553e-03	1.144162458314408777e-02
4.719999999999999751e+00	7.500831918385578861e-03	1.139501782622206159e-02
4.724999999999999645e+00	7.500828578277404443e-03	1.134928711215301561e-02
4.730000000000000426e+00	7.500825301995044450e-03	1.130443006873141365e-02
4.735000000000000320e+00	7.500822089366534010e-03	1.126044435271016456e-02
4.740000000000000213e+00	7.500818940222137368e-03	1.121732765107585385e-02
4.745000000000000107e+00	7.500815854394245544e-03	1.117507767968452422e-02
4.750000000000000000e+00	7.500812831717472602e-03	1.113369218460009448e-02
4.754999999999999893e+00	7.500809872028556778e-03	1.109316894066493184e-02
4.759999999999999787e+00	7.500806975166453283e-03	1.105350575290078158e-02
4.764999999999999680e+00	7.500804140972234559e-03	1.101470045501489609e-02
4.769999999999999574e+00	7.500801369289191757e-03	1.097675091086260622e-02
4.775000000000000355e+00	7.500798659962718516e-03	1.093965501288965067e-02
4.780000000000000249e+00	7.500796012840430654e-03	1.090341068365580264e-02
4.785000000000000142e+00	7.500793427772039536e-03	1.086801587421428773e-02
4.790000000000000036e+00	7.500790904609470032e-03	1.083346856569557606e-02
4.794999999999999929e+00	7.500788443206737356e-03	1.079976676762466059e-02
4.799999999999999822e+00	7.500786043420068494e-03	1.076690851956425485e-02
4.804999999999999716e+00	7.500783705107773834e-03	1.073489188937064298e-02
4.809999999999999609e+00	7.500781428130369466e-03	1.070371497489558919e-02
4.814999999999999503e+00	7.500779212350448810e-03	1.067337590218151062e-02
4.820000000000000284e+00	7.500777057632808387e-03	1.064387282722134391e-02
4.825000000000000178e+00	7.500774963844309903e-03	1.061520393409390653e-02
4.830000000000000071e+00	7.500772930854016432e-03	1.058736743678088607e-02
4.834999999999999964e+00	7.500770958533052764e-03	1.056036157724302149e-02
4.839999999999999858e+00	7.500769046754734645e-03	1.053418462729357151e-02
4.844999999999999751e+00	7.500767195394432603e-03	1.050883488661617793e-02
4.849999999999999645e+00	7.500765404329708987e-03	1.048431068469397355e-02
4.855000000000000426e+00	7.500763673440166181e-03	1.046061037876978329e-02
4.860000000000000320e+00	7.500762002607597526e-03	1.043773235583029049e-02
4.865000000000000213e+00	7.500760391715826855e-03	1.041567503050934602e-02
4.870000000000000107e+00	7.500758840650864623e-03	1.039443684712622676e-02
4.875000000000000000e+00	7.500757349300744836e-03	1.037401627753296342e-02
4.879999999999999893e+00	7.500755917555679449e-03	1.035441182320600249e-02
4.884999999999999787e+00	7.500754545307901366e-03	1.033562201303823633e-02
4.889999999999999680e+00	7.500753232451810165e-03	1.031764540548331041e-02
4.894999999999999574e+00	7.500751978883820302e-03	1.030048058629308774e-02
4.900000000000000355e+00	7.500750784502510302e-03	1.028412617071379140e-02
4.905000000000000249e+00	7.500749649208458825e-03	1.026858080116987808e-02
4.910000000000000142e+00	7.500748572904409467e-03	1.025384314951125267e-02
4.915000000000000036e+00	7.500747555495093817e-03	1.023991191464402109e-02
4.919999999999999929e+00	7.500746596887401460e-03	1.022678582482817837e-02
4.924999999999999822e+00	7.500745696990204769e-03	1.021446363525618101e-02
4.929999999999999716e+00	7.500744855714526309e-03	1.020294413040019610e-02
4.935000000000000497e+00	7.500744072973361022e-03	1.019222612153917844e-02
4.940000000000000391e+00	7.500743348681849706e-03	1.018230844915497119e-02
4.945000000000000284e+00	7.500742682757096866e-03	1.017318998040874813e-02
4.950000000000000178e+00	7.500742075118345051e-03	1.016486961158515751e-02
4.955000000000000071e+00	7.500741525686790978e-03	1.015734626551896558e-02
4.959999999999999964e+00	7.500741034385765074e-03	1.015061889408639534e-02
4.964999999999999858e+00	7.500740601140541523e-03	1.014468647558262361e-02
4.969999999999999751e+00	7.500740225878520413e-03	1.013954801725972833e-02
4.974999999999999645e+00	7.500739908529036049e-03	1.013520255265580768e-02
4.980000000000000426e+00	7.500739649023546035e-03	1.013164914417866158e-02
4.985000000000000320e+00	7.500739447295428318e-03	1.012888688038745405e-02
4.990000000000000213e+00	7.500739303280176337e-03	1.012691487862135351e-02
4.995000000000000107e+00	7.500739216915197800e-03	1.012573228223434020e-02
5.000000000000000000e+00	7.500739188140007237e-03	1.012533826326805254e-02
