# coordinate_x	h	p	@time=241.29
0.000000000000000000e+00	2.701857436090916442e-01	5.721576551105382880e-01
5.000000000000000104e-03	2.701821722047378360e-01	5.721576523628598698e-01
1.000000000000000021e-02	2.701714579929490601e-01	5.721576441189213380e-01
1.499999999999999944e-02	2.701536009750960532e-01	5.721576303777498040e-01
2.000000000000000042e-02	2.701286011545082633e-01	5.721576111369821582e-01
2.500000000000000139e-02	2.700964585350033587e-01	5.721575863939080131e-01
2.999999999999999889e-02	2.700571731223134209e-01	5.721575561444588454e-01
3.500000000000000333e-02	2.700107449226520906e-01	5.721575203842226287e-01
4.000000000000000083e-02	2.699571739441511964e-01	5.721574791074260924e-01
4.499999999999999833e-02	2.698964601954275122e-01	5.721574323079493540e-01
5.000000000000000278e-02	2.698286036870227722e-01	5.721573799783066239e-01
5.500000000000000028e-02	2.697536044299683189e-01	5.721573221106599494e-01
5.999999999999999778e-02	2.696714624372297253e-01	5.721572586957993645e-01
6.500000000000000222e-02	2.695821777222680571e-01	5.721571897241566340e-01
7.000000000000000666e-02	2.694857503004899346e-01	5.721571151847836267e-01
7.500000000000001110e-02	2.693821801878048539e-01	5.721570350663658377e-01
8.000000000000000167e-02	2.692714674020808552e-01	5.721569493562000952e-01
8.499999999999999223e-02	2.691536119616979028e-01	5.721568580412075278e-01
8.999999999999999667e-02	2.690286138870096599e-01	5.721567611069097170e-01
9.500000000000000111e-02	2.688964731988916501e-01	5.721566585384421089e-01
1.000000000000000056e-01	2.687571899202108594e-01	5.721565503195289448e-01
1.050000000000000100e-01	2.686107640743674585e-01	5.721564364334956743e-01
1.100000000000000006e-01	2.684571956867725651e-01	5.721563168622427753e-01
1.149999999999999911e-01	2.682964847833835820e-01	5.721561915872588333e-01
1.199999999999999956e-01	2.681286313921907305e-01	5.721560605885924744e-01
1.250000000000000000e-01	2.679536355417446170e-01	5.721559238458646668e-01
1.300000000000000044e-01	2.677714972626531464e-01	5.721557813372397661e-01
1.350000000000000089e-01	2.675822165861000967e-01	5.721556330404380386e-01
1.400000000000000133e-01	2.673857935453534673e-01	5.721554789317048195e-01
1.450000000000000178e-01	2.671822281742741723e-01	5.721553189868225919e-01
1.499999999999999944e-01	2.669715205088364907e-01	5.721551531800790347e-01
1.549999999999999989e-01	2.667536705856263790e-01	5.721549814852787685e-01
1.600000000000000033e-01	2.665286784433750222e-01	5.721548038747099607e-01
1.650000000000000078e-01	2.662965441214454332e-01	5.721546203201555159e-01
1.700000000000000122e-01	2.660572676613803256e-01	5.721544307918585703e-01
1.749999999999999889e-01	2.658108491053764455e-01	5.721542352595331282e-01
1.799999999999999933e-01	2.655572884978469328e-01	5.721540336913276681e-01
1.849999999999999978e-01	2.652965858838829960e-01	5.721538260548361121e-01
1.900000000000000022e-01	2.650287413108322609e-01	5.721536123160594345e-01
1.950000000000000067e-01	2.647537548267459573e-01	5.721533924404160754e-01
2.000000000000000111e-01	2.644716264819744200e-01	5.721531663917022170e-01
2.050000000000000155e-01	2.641823563275994546e-01	5.721529341331013097e-01
2.099999999999999922e-01	2.638859444170477686e-01	5.721526956261433483e-01
2.149999999999999967e-01	2.635823908045069608e-01	5.721524508317132884e-01
2.200000000000000011e-01	2.632716955465588815e-01	5.721521997090084355e-01
2.250000000000000056e-01	2.629538587005778028e-01	5.721519422165473046e-01
2.300000000000000100e-01	2.626288803263847060e-01	5.721516783111240123e-01
2.349999999999999867e-01	2.622967604846270784e-01	5.721514079488168036e-01
2.399999999999999911e-01	2.619574992384548495e-01	5.721511310839415554e-01
2.449999999999999956e-01	2.616110966518807590e-01	5.721508476700583046e-01
2.500000000000000000e-01	2.612575527914796081e-01	5.721505576589235309e-01
2.550000000000000044e-01	2.608968677247276990e-01	5.721502610014953527e-01
2.600000000000000089e-01	2.605290415217267341e-01	5.721499576468849213e-01
2.650000000000000133e-01	2.601540742535213280e-01	5.721496475433592854e-01
2.700000000000000178e-01	2.597719659938489967e-01	5.721493306372925636e-01
2.750000000000000222e-01	2.593827168174340780e-01	5.721490068741653667e-01
2.800000000000000266e-01	2.589863268017655873e-01	5.721486761975165258e-01
2.850000000000000311e-01	2.585827960253662683e-01	5.721483385499391838e-01
2.899999999999999800e-01	2.581721245695996481e-01	5.721479938720321901e-01
2.949999999999999845e-01	2.577543125169130533e-01	5.721476421033934168e-01
2.999999999999999889e-01	2.573293599526755293e-01	5.721472831815704874e-01
3.049999999999999933e-01	2.568972669633930450e-01	5.721469170430506512e-01
3.099999999999999978e-01	2.564580336385791082e-01	5.721465436222119560e-01
3.150000000000000022e-01	2.560116600689409938e-01	5.721461628523084597e-01
3.200000000000000067e-01	2.555581463482845539e-01	5.721457746644226239e-01
3.250000000000000111e-01	2.550974925716697483e-01	5.721453789884446417e-01
3.300000000000000155e-01	2.546296988373517589e-01	5.721449757520268298e-01
3.350000000000000200e-01	2.541547652449041572e-01	5.721445648815569607e-01
3.400000000000000244e-01	2.536726918971982658e-01	5.721441463011142092e-01
3.449999999999999734e-01	2.531834788984921869e-01	5.721437199334357127e-01
3.499999999999999778e-01	2.526871263564505754e-01	5.721432856988755145e-01
3.549999999999999822e-01	2.521836343801976965e-01	5.721428435163624648e-01
3.599999999999999867e-01	2.516730030823798314e-01	5.721423933023631614e-01
3.649999999999999911e-01	2.511552325771801986e-01	5.721419349718308567e-01
3.699999999999999956e-01	2.506303229824267120e-01	5.721414684371719517e-01
3.750000000000000000e-01	2.500982744175666017e-01	5.721409936091852444e-01
3.800000000000000044e-01	2.495590870058218280e-01	5.721405103960329752e-01
3.850000000000000089e-01	2.490127608721215968e-01	5.721400187041695284e-01
3.900000000000000133e-01	2.484592961453075399e-01	5.721395184373172516e-01
3.950000000000000178e-01	2.478986929560225150e-01	5.721390094973826113e-01
4.000000000000000222e-01	2.473309514389680497e-01	5.721384917834398953e-01
4.050000000000000266e-01	2.467560717307465956e-01	5.721379651926318255e-01
4.099999999999999756e-01	2.461740539721747612e-01	5.721374296191613640e-01
4.149999999999999800e-01	2.455848983060766322e-01	5.721368849551771163e-01
4.199999999999999845e-01	2.449886048796554028e-01	5.721363310897740195e-01
4.249999999999999889e-01	2.443851738422351261e-01	5.721357679098603155e-01
4.299999999999999933e-01	2.437746053476945729e-01	5.721351952991696743e-01
4.349999999999999978e-01	2.431568995521542764e-01	5.721346131391079615e-01
4.400000000000000022e-01	2.425320566164760050e-01	5.721340213077774628e-01
4.450000000000000067e-01	2.419000767038924637e-01	5.721334196808014472e-01
4.500000000000000111e-01	2.412609599825757956e-01	5.721328081303624913e-01
4.550000000000000155e-01	2.406147066232069975e-01	5.721321865260018402e-01
4.600000000000000200e-01	2.399613168016175857e-01	5.721315547336744967e-01
4.649999999999999689e-01	2.393007906962951736e-01	5.721309126165201597e-01
4.699999999999999734e-01	2.386331284911023531e-01	5.721302600339366329e-01
4.749999999999999778e-01	2.379583303727152988e-01	5.721295968423202316e-01
4.799999999999999822e-01	2.372763965334243608e-01	5.721289228941596194e-01
4.849999999999999867e-01	2.365873271685018653e-01	5.721282380387419098e-01
4.899999999999999911e-01	2.358911224790889993e-01	5.721275421212697054e-01
4.949999999999999956e-01	2.351877826694890872e-01	5.721268349835293421e-01
5.000000000000000000e-01	2.344773079501461244e-01	5.721261164630342400e-01
5.050000000000000044e-01	2.337596985348589229e-01	5.721253863936499595e-01
5.100000000000000089e-01	2.330349546438570119e-01	5.721246446047687506e-01
5.150000000000000133e-01	2.323030765009311271e-01	5.721238909218858693e-01
5.200000000000000178e-01	2.315640643366122520e-01	5.721231251658086547e-01
5.250000000000000222e-01	2.308179183852140659e-01	5.721223471531799998e-01
5.300000000000000266e-01	2.300646388881210092e-01	5.721215566957251752e-01
5.350000000000000311e-01	2.293042260907377228e-01	5.721207536007167915e-01
5.400000000000000355e-01	2.285366802458930480e-01	5.721199376702640338e-01
5.450000000000000400e-01	2.277620016106910172e-01	5.721191087017128973e-01
5.500000000000000444e-01	2.269801904500378664e-01	5.721182664869831624e-01
5.550000000000000488e-01	2.261912470333889424e-01	5.721174108128963542e-01
5.600000000000000533e-01	2.253951716384065829e-01	5.721165414605658972e-01
5.649999999999999467e-01	2.245919645475966120e-01	5.721156582056451390e-01
5.699999999999999512e-01	2.237816260521056089e-01	5.721147608177774568e-01
5.749999999999999556e-01	2.229641564482404137e-01	5.721138490607551308e-01
5.799999999999999600e-01	2.221395560414135550e-01	5.721129226920363964e-01
5.849999999999999645e-01	2.213078251425391052e-01	5.721119814628059519e-01
5.899999999999999689e-01	2.204689640721358701e-01	5.721110251175653971e-01
5.949999999999999734e-01	2.196229731565916832e-01	5.721100533940863819e-01
5.999999999999999778e-01	2.187698527324354603e-01	5.721090660230828684e-01
6.049999999999999822e-01	2.179096031424615498e-01	5.721080627280429320e-01
6.099999999999999867e-01	2.170422247401816440e-01	5.721070432249940607e-01
6.149999999999999911e-01	2.161677178858011084e-01	5.721060072222012849e-01
6.199999999999999956e-01	2.152860829508629059e-01	5.721049544200345061e-01
6.250000000000000000e-01	2.143973203140662476e-01	5.721038845105181903e-01
6.300000000000000044e-01	2.135014303661160184e-01	5.721027971773134935e-01
6.350000000000000089e-01	2.125984135053737289e-01	5.721016920951035312e-01
6.400000000000000133e-01	2.116882701429270153e-01	5.721005689297021801e-01
6.450000000000000178e-01	2.107710006980618167e-01	5.720994273372566052e-01
6.500000000000000222e-01	2.098466056035677707e-01	5.720982669644989471e-01
6.550000000000000266e-01	2.089150853010199871e-01	5.720970874477452339e-01
6.600000000000000311e-01	2.079764402463373241e-01	5.720958884133052758e-01
6.650000000000000355e-01	2.070306709048611860e-01	5.720946694762560902e-01
6.700000000000000400e-01	2.060777777571854430e-01	5.720934302410288774e-01
6.750000000000000444e-01	2.051177612940184580e-01	5.720921702999306468e-01
6.800000000000000488e-01	2.041506220223049950e-01	5.720908892339287011e-01
6.850000000000000533e-01	2.031763604598566531e-01	5.720895866108932637e-01
6.899999999999999467e-01	2.021949771417884123e-01	5.720882619866014540e-01
6.949999999999999512e-01	2.012064726149008220e-01	5.720869149026686085e-01
6.999999999999999556e-01	2.002108474444559694e-01	5.720855448877985028e-01
7.049999999999999600e-01	1.992081022082940189e-01	5.720841514553680618e-01
7.099999999999999645e-01	1.981982375039751110e-01	5.720827341049512516e-01
7.149999999999999689e-01	1.971812539426116284e-01	5.720812923195176536e-01
7.199999999999999734e-01	1.961571521564051124e-01	5.720798255672624455e-01
7.249999999999999778e-01	1.951259327921737452e-01	5.720783332983745417e-01
7.299999999999999822e-01	1.940875965193168684e-01	5.720768149472086339e-01
7.349999999999999867e-01	1.930421440230148111e-01	5.720752699285711618e-01
7.399999999999999911e-01	1.919895760126570650e-01	5.720736976402761575e-01
7.449999999999999956e-01	1.909298932146895611e-01	5.720720974588930918e-01
7.500000000000000000e-01	1.898630963815461925e-01	5.720704687427309310e-01
7.550000000000000044e-01	1.887891862841165336e-01	5.720688108269835759e-01
7.600000000000000089e-01	1.877081637212245080e-01	5.720671230271946461e-01
7.650000000000000133e-01	1.866200295116868801e-01	5.720654046337283472e-01
7.700000000000000178e-01	1.855247845043875576e-01	5.720636549157726014e-01
7.750000000000000222e-01	1.844224295698949079e-01	5.720618731150527436e-01
7.800000000000000266e-01	1.833129656111849581e-01	5.720600584504403896e-01
7.850000000000000311e-01	1.821963935547821767e-01	5.720582101108160344e-01
7.900000000000000355e-01	1.810727143621918278e-01	5.720563272603583771e-01
7.950000000000000400e-01	1.799419290205248323e-01	5.720544090304504614e-01
8.000000000000000444e-01	1.788040385547061129e-01	5.720524545257348326e-01
8.050000000000000488e-01	1.776590440175405128e-01	5.720504628149414295e-01
8.100000000000000533e-01	1.765069465027718221e-01	5.720484329378059396e-01
8.149999999999999467e-01	1.753477471345424865e-01	5.720463638946824414e-01
8.199999999999999512e-01	1.741814470813865257e-01	5.720442546544347584e-01
8.249999999999999556e-01	1.730080475450307409e-01	5.720421041426764219e-01
8.299999999999999600e-01	1.718275497754156722e-01	5.720399112507611461e-01
8.349999999999999645e-01	1.706399550587799629e-01	5.720376748224700325e-01
8.399999999999999689e-01	1.694452647338148821e-01	5.720353936642450510e-01
8.449999999999999734e-01	1.682434801789675360e-01	5.720330665301168738e-01
8.499999999999999778e-01	1.670346028298480834e-01	5.720306921333465633e-01
8.549999999999999822e-01	1.658186341656805451e-01	5.720282691293550048e-01
8.599999999999999867e-01	1.645955757280969378e-01	5.720257961289640924e-01
8.649999999999999911e-01	1.633654291066562181e-01	5.720232716790522032e-01
8.699999999999999956e-01	1.621281959591780175e-01	5.720206942776139281e-01
8.750000000000000000e-01	1.608838779962413756e-01	5.720180623518239527e-01
8.800000000000000044e-01	1.596324770032308826e-01	5.720153742751665771e-01
8.850000000000000089e-01	1.583739948237166406e-01	5.720126283425415181e-01
8.900000000000000133e-01	1.571084333834103508e-01	5.720098227897544296e-01
8.950000000000000178e-01	1.558357946723159249e-01	5.720069557652359693e-01
9.000000000000000222e-01	1.545560807708209750e-01	5.720040253522327145e-01
9.050000000000000266e-01	1.532692938304944241e-01	5.720010295366406705e-01
9.100000000000000311e-01	1.519754361025723866e-01	5.719979662322899339e-01
9.150000000000000355e-01	1.506745099172631386e-01	5.719948332443093308e-01
9.200000000000000400e-01	1.493665177149249845e-01	5.719916282979644606e-01
9.250000000000000444e-01	1.480514620237223522e-01	5.719883489968700108e-01
9.300000000000000488e-01	1.467293454938391473e-01	5.719849928559161967e-01
9.350000000000000533e-01	1.454001708733086429e-01	5.719815572535270620e-01
9.399999999999999467e-01	1.440639410456604208e-01	5.719780394693032566e-01
9.449999999999999512e-01	1.427206590037247147e-01	5.719744366293771920e-01
9.499999999999999556e-01	1.413703278911744299e-01	5.719707457495138980e-01
9.549999999999999600e-01	1.400129509740778710e-01	5.719669636724385997e-01
9.599999999999999645e-01	1.386485316868752427e-01	5.719630871172683984e-01
9.649999999999999689e-01	1.372770736014226611e-01	5.719591126074794474e-01
9.699999999999999734e-01	1.358985804780345752e-01	5.719550365277026316e-01
9.749999999999999778e-01	1.345130562317264911e-01	5.719508550407366165e-01
9.799999999999999822e-01	1.331205049890662184e-01	5.719465641529382083e-01
9.849999999999999867e-01	1.317209310512817699e-01	5.719421596183738021e-01
9.899999999999999911e-01	1.303143389577980649e-01	5.719376370142692512e-01
9.949999999999999956e-01	1.289007334458290022e-01	5.719329916300061045e-01
1.000000000000000000e+00	1.274801195216404559e-01	5.719282185543870245e-01
1.004999999999999893e+00	1.260525024161892882e-01	5.719233125467036993e-01
1.010000000000000009e+00	1.246178876653531997e-01	5.719182681379294531e-01
1.015000000000000124e+00	1.231762810611150560e-01	5.719130794804937468e-01
1.020000000000000018e+00	1.217276887422462789e-01	5.719077404659530517e-01
1.024999999999999911e+00	1.202721171404583234e-01	5.719022445493640028e-01
1.030000000000000027e+00	1.188095730833302471e-01	5.718965848865299462e-01
1.035000000000000142e+00	1.173400637347621761e-01	5.718907541279341089e-01
1.040000000000000036e+00	1.158635967123146648e-01	5.718847445793396878e-01
1.044999999999999929e+00	1.143801800211945857e-01	5.718785479590692278e-01
1.050000000000000044e+00	1.128898221886488473e-01	5.718721555865878825e-01
1.055000000000000160e+00	1.113925321905921001e-01	5.718655580954193907e-01
1.060000000000000053e+00	1.098883196062939716e-01	5.718587456554221626e-01
1.064999999999999947e+00	1.083771945366156370e-01	5.718517076317146675e-01
1.070000000000000062e+00	1.068591677829883180e-01	5.718444328477239047e-01
1.075000000000000178e+00	1.053342507560621061e-01	5.718369091780203251e-01
1.080000000000000071e+00	1.038024556839423351e-01	5.718291238609698457e-01
1.084999999999999964e+00	1.022637955098606721e-01	5.718210630101662195e-01
1.090000000000000080e+00	1.007182841358897352e-01	5.718127119877738362e-01
1.095000000000000195e+00	9.916593630802476855e-02	5.718040548150288283e-01
1.100000000000000089e+00	9.760676790322486696e-02	5.717950746202946632e-01
1.104999999999999982e+00	9.604079580003907490e-02	5.717857529235232938e-01
1.110000000000000098e+00	9.446803821896233855e-02	5.717760701768863640e-01
1.115000000000000213e+00	9.288851457645565246e-02	5.717660048906384462e-01
1.120000000000000107e+00	9.130224589144096681e-02	5.717555342892577386e-01
1.125000000000000000e+00	8.970925462025031161e-02	5.717446332361002526e-01
1.129999999999999893e+00	8.810956514588798305e-02	5.717332750347470238e-01
1.134999999999999787e+00	8.650320359111575430e-02	5.717214300961254159e-01
1.139999999999999902e+00	8.489019841226308483e-02	5.717090669238653611e-01
1.145000000000000018e+00	8.327058018733839162e-02	5.716961504486385293e-01
1.149999999999999911e+00	8.164438234323893873e-02	5.716826432487215337e-01
1.154999999999999805e+00	8.001164091552706581e-02	5.716685034498488749e-01
1.159999999999999920e+00	7.837239544771422428e-02	5.716536862492490600e-01
1.165000000000000036e+00	7.672668871926179024e-02	5.716381412418264363e-01
1.169999999999999929e+00	7.507456786945297667e-02	5.716218143397248097e-01
1.174999999999999822e+00	7.341608409045510819e-02	5.716046443317641668e-01
1.179999999999999938e+00	7.175129404809045541e-02	5.715865653241939404e-01
1.185000000000000053e+00	7.008025953778057593e-02	5.715675022615660517e-01
1.189999999999999947e+00	6.840304930330666500e-02	5.715473740625215404e-01
1.194999999999999840e+00	6.671973865577267293e-02	5.715260877132037898e-01
1.199999999999999956e+00	6.503041183403093783e-02	5.715035423420782301e-01
1.205000000000000071e+00	6.333516159160909598e-02	5.714796213195788566e-01
1.209999999999999964e+00	6.163409230670433003e-02	5.714541976198964646e-01
1.214999999999999858e+00	5.992731955144254413e-02	5.714271230860449302e-01
1.219999999999999973e+00	5.821497425826652194e-02	5.713982355834682503e-01
1.225000000000000089e+00	5.649720230392154402e-02	5.713673441551379018e-01
1.229999999999999982e+00	5.477417019492399758e-02	5.713342387137001488e-01
1.234999999999999876e+00	5.304606473286477275e-02	5.712986691056800570e-01
1.239999999999999991e+00	5.131310093341250739e-02	5.712603584703977999e-01
1.245000000000000107e+00	4.957552190459146857e-02	5.712189730545694788e-01
1.250000000000000000e+00	4.783361013164947467e-02	5.711741409836714745e-01
1.254999999999999893e+00	4.608768782503230160e-02	5.711254076406157010e-01
1.260000000000000009e+00	4.433813341785098477e-02	5.710722626239713717e-01
1.265000000000000124e+00	4.258538288456128335e-02	5.710140718926955961e-01
1.270000000000000018e+00	4.082995455880128466e-02	5.709501174574416194e-01
1.274999999999999911e+00	3.907245241073738912e-02	5.708794908128953516e-01
1.280000000000000027e+00	3.731360459615502140e-02	5.708011530803940303e-01
1.285000000000000142e+00	3.555427067371984967e-02	5.707137613704090784e-01
1.290000000000000036e+00	3.379550365312376792e-02	5.706157630422382665e-01
1.294999999999999929e+00	3.203856520656270246e-02	5.705051006715411432e-01
1.300000000000000044e+00	3.028502950818137696e-02	5.703793659022248219e-01
1.305000000000000160e+00	2.853681489427341289e-02	5.702352738226574846e-01
1.310000000000000053e+00	2.679636489708945787e-02	5.700689271333166941e-01
1.314999999999999947e+00	2.506671411127831678e-02	5.698748294615508803e-01
1.320000000000000062e+00	2.335181616998890236e-02	5.696463701567099358e-01
1.325000000000000178e+00	2.165667991380011703e-02	5.693738693236419790e-01
1.330000000000000071e+00	1.998797752867507299e-02	5.690455539503912474e-01
1.334999999999999964e+00	1.835431234092240946e-02	5.686435037364172551e-01
1.340000000000000080e+00	1.676731253972680788e-02	5.681458946355117945e-01
1.345000000000000195e+00	1.524204786130114141e-02	5.675185291129436482e-01
1.350000000000000089e+00	1.379858993697107537e-02	5.667209329236101434e-01
1.354999999999999982e+00	1.246196639652145943e-02	5.656906278114738340e-01
1.360000000000000098e+00	1.126213243888648553e-02	5.643616574561221011e-01
1.365000000000000213e+00	1.023022843412037079e-02	5.626473193782181026e-01
1.370000000000000107e+00	9.390584923593986444e-03	5.604857627308189594e-01
1.375000000000000000e+00	8.752004603905880892e-03	5.578422741713260358e-01
1.379999999999999893e+00	8.299253955645496256e-03	5.547431720357323126e-01
1.384999999999999787e+00	7.999238077540120687e-03	5.512741354343155820e-01
1.389999999999999902e+00	7.810859139779669467e-03	5.475289602461124172e-01
1.395000000000000018e+00	7.696980925426866182e-03	5.436113797098515166e-01
1.399999999999999911e+00	7.630063768802184537e-03	5.395863538633610679e-01
1.404999999999999805e+00	7.591136145322818947e-03	5.355074689084676764e-01
1.409999999999999920e+00	7.568789490707054229e-03	5.314017346805760544e-01
1.415000000000000036e+00	7.555886248543467430e-03	5.272892469640821922e-01
1.419999999999999929e+00	7.548458394451359674e-03	5.231793699996623026e-01
1.424999999999999822e+00	7.544100036479136316e-03	5.190788494052577251e-01
1.429999999999999938e+00	7.541509138728636277e-03	5.149907615753790413e-01
1.435000000000000053e+00	7.539904172611731382e-03	5.109173093566790058e-01
1.439999999999999947e+00	7.538865960089284612e-03	5.068595068815899829e-01
1.444999999999999840e+00	7.538143731326148698e-03	5.028180878202224147e-01
1.449999999999999956e+00	7.537603397496249816e-03	4.987934072473972358e-01
1.455000000000000071e+00	7.537164835886324410e-03	4.947857309993748953e-01
1.459999999999999964e+00	7.536785255036674777e-03	4.907952047433812304e-01
1.464999999999999858e+00	7.536439098634536982e-03	4.868219455064633494e-01
1.469999999999999973e+00	7.536112726004509307e-03	4.828660319086742758e-01
1.475000000000000089e+00	7.535797993238000855e-03	4.789275330047000345e-01
1.479999999999999982e+00	7.535490555681078999e-03	4.750065052145931999e-01
1.484999999999999876e+00	7.535187820419903502e-03	4.711030013713277120e-01
1.489999999999999991e+00	7.534888405112399358e-03	4.672170697702300868e-01
1.495000000000000107e+00	7.534591485341984689e-03	4.633487569813390383e-01
1.500000000000000000e+00	7.534296622196907933e-03	4.594981075649692825e-01
1.504999999999999893e+00	7.534003554351342662e-03	4.556651649270584969e-01
1.510000000000000009e+00	7.533712143156241769e-03	4.518499712398111323e-01
1.515000000000000124e+00	7.533422306433401779e-03	4.480525676883442832e-01
1.520000000000000018e+00	7.533134000995036876e-03	4.442729944501007111e-01
1.524999999999999911e+00	7.532847201573404303e-03	4.405112907572766856e-01
1.530000000000000027e+00	7.532561895256071650e-03	4.367674948886365871e-01
1.535000000000000142e+00	7.532278074785002733e-03	4.330416441811852368e-01
1.540000000000000036e+00	7.531995736783322383e-03	4.293337750197447900e-01
1.544999999999999929e+00	7.531714879627389274e-03	4.256439228397274066e-01
1.550000000000000044e+00	7.531435502879208280e-03	4.219721221099212438e-01
1.555000000000000160e+00	7.531157606613489604e-03	4.183184063394025931e-01
1.560000000000000053e+00	7.530881191233024761e-03	4.146828080521815507e-01
1.564999999999999947e+00	7.530606257258776366e-03	4.110653588022322169e-01
1.570000000000000062e+00	7.530332805266592815e-03	4.074660891396703621e-01
1.575000000000000178e+00	7.530060835824876203e-03	4.038850286350365026e-01
1.580000000000000071e+00	7.529790349469488685e-03	4.003222058370012326e-01
1.584999999999999964e+00	7.529521346688709815e-03	3.967776483061367099e-01
1.590000000000000080e+00	7.529253827909922550e-03	3.932513825642567351e-01
1.595000000000000195e+00	7.528987793499990547e-03	3.897434341376282418e-01
1.600000000000000089e+00	7.528723243755339016e-03	3.862538274980880093e-01
1.604999999999999982e+00	7.528460178907622063e-03	3.827825861155516596e-01
1.610000000000000098e+00	7.528198599114549472e-03	3.793297323910673757e-01
1.615000000000000213e+00	7.527938504467607955e-03	3.758952877184484898e-01
1.620000000000000107e+00	7.527679894982809011e-03	3.724792724094294072e-01
1.625000000000000000e+00	7.527422770609430193e-03	3.690817057642338250e-01
1.629999999999999893e+00	7.527167131220419485e-03	3.657026059890062242e-01
1.634999999999999787e+00	7.526912976621831335e-03	3.623419902751222055e-01
1.639999999999999902e+00	7.526660306542806017e-03	3.589998747090696884e-01
1.645000000000000018e+00	7.526409120645584198e-03	3.556762743603035792e-01
1.649999999999999911e+00	7.526159418515053490e-03	3.523712031837559766e-01
1.654999999999999805e+00	7.525911199669283423e-03	3.490846741160336109e-01
1.659999999999999920e+00	7.525664463548651338e-03	3.458166989707372463e-01
1.665000000000000036e+00	7.525419209526877824e-03	3.425672885428004411e-01
1.669999999999999929e+00	7.525175436899724998e-03	3.393364524968008888e-01
1.674999999999999822e+00	7.524933144896525476e-03	3.361241994792317223e-01
1.679999999999999938e+00	7.524692332668472990e-03	3.329305369999941977e-01
1.685000000000000053e+00	7.524452999300611927e-03	3.297554715523914881e-01
1.689999999999999947e+00	7.524215143799741976e-03	3.265990084879916711e-01
1.694999999999999840e+00	7.523978765106855218e-03	3.234611521441302928e-01
1.699999999999999956e+00	7.523743862084661740e-03	3.203419057123363389e-01
1.705000000000000071e+00	7.523510433530459542e-03	3.172412713731316281e-01
1.709999999999999964e+00	7.523278478163303654e-03	3.141592501582098351e-01
1.714999999999999858e+00	7.523047994637286316e-03	3.110958420923175538e-01
1.719999999999999973e+00	7.522818981528353946e-03	3.080510460493813274e-01
1.725000000000000089e+00	7.522591437347998441e-03	3.050248599012536088e-01
1.729999999999999982e+00	7.522365360529732412e-03	3.020172803679836426e-01
1.734999999999999876e+00	7.522140749443165589e-03	2.990283031732093311e-01
1.739999999999999991e+00	7.521917602380160869e-03	2.960579228887674774e-01
1.745000000000000107e+00	7.521695917569282824e-03	2.931061330965152867e-01
1.750000000000000000e+00	7.521475693161636285e-03	2.901729262274759802e-01
1.754999999999999893e+00	7.521256927245680880e-03	2.872582937298692740e-01
1.760000000000000009e+00	7.521039617832770384e-03	2.843622259029907062e-01
1.765000000000000124e+00	7.520823762872307257e-03	2.814847120712317130e-01
1.770000000000000018e+00	7.520609360236997498e-03	2.786257404128899551e-01
1.774999999999999911e+00	7.520396407738334787e-03	2.757852981399577796e-01
1.780000000000000027e+00	7.520184903111582116e-03	2.729633713220630531e-01
1.785000000000000142e+00	7.519974844031573381e-03	2.701599450718059625e-01
1.790000000000000036e+00	7.519766228097432212e-03	2.673750033640271973e-01
1.794999999999999929e+00	7.519559052848670197e-03	2.646085292264721001e-01
1.800000000000000044e+00	7.519353315749666318e-03	2.618605045545853161e-01
1.805000000000000160e+00	7.519149014206046207e-03	2.591309103072825804e-01
1.810000000000000053e+00	7.518946145548928255e-03	2.564197263174683439e-01
1.814999999999999947e+00	7.518744707051569151e-03	2.537269314926962616e-01
1.820000000000000062e+00	7.518544695913398357e-03	2.510525036216051387e-01
1.825000000000000178e+00	7.518346109276910841e-03	2.483964195792515706e-01
1.830000000000000071e+00	7.518148944211496855e-03	2.457586551296589705e-01
1.834999999999999964e+00	7.517953197730576666e-03	2.431391851356036748e-01
1.840000000000000080e+00	7.517758866775235173e-03	2.405379833574732007e-01
1.845000000000000195e+00	7.517565948231582154e-03	2.379550226672896285e-01
1.850000000000000089e+00	7.517374438914203004e-03	2.353902748440693249e-01
1.854999999999999982e+00	7.517184335583735819e-03	2.328437107918683024e-01
1.860000000000000098e+00	7.516995634930151264e-03	2.303153003318365588e-01
1.865000000000000213e+00	7.516808333590524818e-03	2.278050124240718066e-01
1.870000000000000107e+00	7.516622428132160513e-03	2.253128149565587768e-01
1.875000000000000000e+00	7.516437915070551395e-03	2.228386749706175451e-01
1.879999999999999893e+00	7.516254790852354081e-03	2.203825584469187859e-01
1.884999999999999787e+00	7.516073051873519220e-03	2.179444305343172239e-01
1.889999999999999902e+00	7.515892694462141151e-03	2.155242553331271627e-01
1.895000000000000018e+00	7.515713714896734080e-03	2.131219961271347552e-01
1.899999999999999911e+00	7.515536109388964645e-03	2.107376151643191586e-01
1.904999999999999805e+00	7.515359874102080749e-03	2.083710738918354011e-01
1.909999999999999920e+00	7.515185005133524429e-03	2.060223327343661814e-01
1.915000000000000036e+00	7.515011498533489924e-03	2.036913513318712177e-01
1.919999999999999929e+00	7.514839350287449808e-03	2.013780883157507418e-01
1.924999999999999822e+00	7.514668556334823217e-03	1.990825015491573813e-01
1.929999999999999938e+00	7.514499112551414374e-03	1.968045479011524823e-01
1.935000000000000053e+00	7.514331014768190972e-03	1.945441834893818500e-01
1.939999999999999947e+00	7.514164258753644639e-03	1.923013634523991211e-01
1.944999999999999840e+00	7.513998840232659522e-03	1.900760421945091039e-01
1.949999999999999956e+00	7.513834754868815510e-03	1.878681731564329216e-01
1.955000000000000071e+00	7.513671998283331412e-03	1.856777090621241355e-01
1.959999999999999964e+00	7.513510566037315264e-03	1.835046016879484099e-01
1.964999999999999858e+00	7.513350453650776903e-03	1.813488021112793225e-01
1.969999999999999973e+00	7.513191656584836640e-03	1.792102604783612219e-01
1.975000000000000089e+00	7.513034170260790741e-03	1.770889262544976805e-01
1.979999999999999982e+00	7.512877990042289740e-03	1.749847479907634951e-01
1.984999999999999876e+00	7.512723111254449894e-03	1.728976735755984595e-01
1.989999999999999991e+00	7.512569529166008946e-03	1.708276500005329046e-01
1.995000000000000107e+00	7.512417239008467064e-03	1.687746236130045485e-01
2.000000000000000000e+00	7.512266235958234804e-03	1.667385398812580855e-01
2.004999999999999893e+00	7.512116515155793130e-03	1.647193436482035644e-01
2.009999999999999787e+00	7.511968071687841371e-03	1.627169788956492336e-01
2.014999999999999680e+00	7.511820900606465921e-03	1.607313889990254485e-01
2.020000000000000018e+00	7.511674996911300341e-03	1.587625164911045661e-01
2.024999999999999911e+00	7.511530355568686243e-03	1.568103033174170768e-01
2.029999999999999805e+00	7.511386971493855085e-03	1.548746905996103151e-01
2.035000000000000142e+00	7.511244839570080378e-03	1.529556188913855641e-01
2.040000000000000036e+00	7.511103954630881166e-03	1.510530279416466282e-01
2.044999999999999929e+00	7.510964311479156018e-03	1.491668569507900166e-01
2.049999999999999822e+00	7.510825904869420332e-03	1.472970443337876800e-01
2.054999999999999716e+00	7.510688729526910842e-03	1.454435279766682632e-01
2.060000000000000053e+00	7.510552780129866289e-03	1.436062449996757528e-01
2.064999999999999947e+00	7.510418051328586822e-03	1.417851320137825388e-01
2.069999999999999840e+00	7.510284537727777120e-03	1.399801248840625567e-01
2.075000000000000178e+00	7.510152233905546815e-03	1.381911589860782552e-01
2.080000000000000071e+00	7.510021134395813459e-03	1.364181689696070121e-01
2.084999999999999964e+00	7.509891233707249175e-03	1.346610890147478257e-01
2.089999999999999858e+00	7.509762526305750405e-03	1.329198525961318711e-01
2.094999999999999751e+00	7.509635006633316040e-03	1.311943927386018949e-01
2.100000000000000089e+00	7.509508669090590900e-03	1.294846417820352813e-01
2.104999999999999982e+00	7.509383508055668399e-03	1.277905316364505439e-01
2.109999999999999876e+00	7.509259517866717290e-03	1.261119935475685794e-01
2.115000000000000213e+00	7.509136692840701066e-03	1.244489583512035646e-01
2.120000000000000107e+00	7.509015027256095778e-03	1.228013562396863823e-01
2.125000000000000000e+00	7.508894515371508822e-03	1.211691170154010344e-01
2.129999999999999893e+00	7.508775151408502574e-03	1.195521698581880898e-01
2.134999999999999787e+00	7.508656929570107358e-03	1.179504435778938043e-01
2.140000000000000124e+00	7.508539844023755239e-03	1.163638663828679559e-01
2.145000000000000018e+00	7.508423888919674161e-03	1.147923661313954291e-01
2.149999999999999911e+00	7.508309058373941434e-03	1.132358701014007374e-01
2.155000000000000249e+00	7.508195346486758182e-03	1.116943052406334652e-01
2.160000000000000142e+00	7.508082747325618179e-03	1.101675979376903897e-01
2.165000000000000036e+00	7.507971254943461743e-03	1.086556742708313095e-01
2.169999999999999929e+00	7.507860863361968604e-03	1.071584597804212807e-01
2.174999999999999822e+00	7.507751566589577347e-03	1.056758797162600794e-01
2.180000000000000160e+00	7.507643358604912734e-03	1.042078588115457893e-01
2.185000000000000053e+00	7.507536233374660292e-03	1.027543215286020467e-01
2.189999999999999947e+00	7.507430184837136748e-03	1.013151918344608188e-01
2.195000000000000284e+00	7.507325206920017167e-03	9.989039344487547767e-02
2.200000000000000178e+00	7.507221293524045033e-03	9.847984960161833279e-02
2.205000000000000071e+00	7.507118438540611935e-03	9.708348331467171743e-02
2.209999999999999964e+00	7.507016635835611629e-03	9.570121714133020263e-02
2.214999999999999858e+00	7.506915879266859264e-03	9.433297342646682071e-02
2.220000000000000195e+00	7.506816162668109374e-03	9.297867408352704366e-02
2.225000000000000089e+00	7.506717479866299898e-03	9.163824083277065380e-02
2.229999999999999982e+00	7.506619824665733236e-03	9.031159498424098930e-02
2.235000000000000320e+00	7.506523190865145058e-03	8.899865767388544235e-02
2.240000000000000213e+00	7.506427572242057970e-03	8.769934964858243365e-02
2.245000000000000107e+00	7.506332962569667311e-03	8.641359150004754297e-02
2.250000000000000000e+00	7.506239355601364814e-03	8.514130345199384664e-02
2.254999999999999893e+00	7.506146745087442264e-03	8.388240559173693045e-02
2.259999999999999787e+00	7.506055124759790365e-03	8.263681765956180925e-02
2.264999999999999680e+00	7.505964488348413309e-03	8.140445927794147385e-02
2.270000000000000018e+00	7.505874829566302857e-03	8.018524974318090581e-02
2.274999999999999911e+00	7.505786142125769889e-03	7.897910825216880593e-02
2.279999999999999805e+00	7.505698419723490222e-03	7.778595369636487344e-02
2.285000000000000142e+00	7.505611656056643613e-03	7.660570488600716710e-02
2.290000000000000036e+00	7.505525844808146052e-03	7.543828034650738867e-02
2.294999999999999929e+00	7.505440979662584070e-03	7.428359854003975526e-02
2.299999999999999822e+00	7.505357054291643057e-03	7.314157766440342046e-02
2.304999999999999716e+00	7.505274062369829934e-03	7.201213587192457910e-02
2.310000000000000053e+00	7.505191997560092289e-03	7.089519107084250871e-02
2.314999999999999947e+00	7.505110853529340688e-03	6.979066114145840438e-02
2.319999999999999840e+00	7.505030623934259501e-03	6.869846374009860868e-02
2.325000000000000178e+00	7.504951302436609767e-03	6.761851651244767114e-02
2.330000000000000071e+00	7.504872882689248188e-03	6.655073690014016996e-02
2.334999999999999964e+00	7.504795358351208819e-03	6.549504235121784979e-02
2.339999999999999858e+00	7.504718723073924153e-03	6.445135012939685881e-02
2.344999999999999751e+00	7.504642970516089105e-03	6.341957752159542439e-02
2.350000000000000089e+00	7.504568094330085065e-03	6.239964164991909645e-02
2.354999999999999982e+00	7.504494088176620961e-03	6.139145967620740496e-02
2.359999999999999876e+00	7.504420945711361146e-03	6.039494861677834059e-02
2.365000000000000213e+00	7.504348660599346153e-03	5.941002554394499147e-02
2.370000000000000107e+00	7.504277226501827013e-03	5.843660740355811900e-02
2.375000000000000000e+00	7.504206637090457023e-03	5.747461121344710905e-02
2.379999999999999893e+00	7.504136886034340308e-03	5.652395388379507363e-02
2.384999999999999787e+00	7.504067967013988531e-03	5.558455241246368361e-02
2.390000000000000124e+00	7.503999873708581958e-03	5.465632370823216707e-02
2.395000000000000018e+00	7.503932599809698054e-03	5.373918478296758200e-02
2.399999999999999911e+00	7.503866139008788516e-03	5.283305257775662567e-02
2.405000000000000249e+00	7.503800485010662415e-03	5.193784415188641007e-02
2.410000000000000142e+00	7.503735631521187867e-03	5.105347651189601904e-02
2.415000000000000036e+00	7.503671572260539255e-03	5.017986679733499322e-02
2.419999999999999929e+00	7.503608300951109672e-03	4.931693211275769984e-02
2.424999999999999822e+00	7.503545811330525686e-03	4.846458971023237527e-02
2.430000000000000160e+00	7.503484097139777494e-03	4.762275682429770174e-02
2.435000000000000053e+00	7.503423152135991689e-03	4.679135085119710130e-02
2.439999999999999947e+00	7.503362970080779126e-03	4.597028918681560217e-02
2.445000000000000284e+00	7.503303544752770032e-03	4.515948940261657607e-02
2.450000000000000178e+00	7.503244869936187382e-03	4.435886908657465239e-02
2.455000000000000071e+00	7.503186939433129608e-03	4.356834601579512301e-02
2.459999999999999964e+00	7.503129747052367758e-03	4.278783800045495023e-02
2.464999999999999858e+00	7.503073286621391412e-03	4.201726305308934456e-02
2.470000000000000195e+00	7.503017551975418344e-03	4.125653923555056696e-02
2.475000000000000089e+00	7.502962536969205384e-03	4.050558482494788504e-02
2.479999999999999982e+00	7.502908235466274924e-03	3.976431816363162203e-02
2.485000000000000320e+00	7.502854641350481177e-03	3.903265782177567367e-02
2.490000000000000213e+00	7.502801748515460466e-03	3.831052245039280602e-02
2.495000000000000107e+00	7.502749550875953757e-03	3.759783094055084429e-02
2.500000000000000000e+00	7.502698042357477254e-03	3.689450227942157878e-02
2.504999999999999893e+00	7.502647216907402071e-03	3.620045570612659414e-02
2.509999999999999787e+00	7.502597068484843403e-03	3.551561057081936007e-02
2.514999999999999680e+00	7.502547591071498205e-03	3.483988648715814762e-02
2.520000000000000018e+00	7.502498778661757274e-03	3.417320319441952137e-02
2.524999999999999911e+00	7.502450625273295731e-03	3.351548070659835649e-02
2.529999999999999805e+00	7.502403124937406277e-03	3.286663917754863162e-02
2.535000000000000142e+00	7.502356271709350287e-03	3.222659904671247577e-02
2.540000000000000036e+00	7.502310059658901832e-03	3.159528090728312005e-02
2.544999999999999929e+00	7.502264482880465456e-03	3.097260564856738410e-02
2.549999999999999822e+00	7.502219535483837902e-03	3.035849432716188068e-02
2.554999999999999716e+00	7.502175211604078693e-03	2.975286830595705312e-02
2.560000000000000053e+00	7.502131505392490435e-03	2.915564912831625222e-02
2.564999999999999947e+00	7.502088411026256072e-03	2.856675865373060202e-02
2.569999999999999840e+00	7.502045922699627362e-03	2.798611893498884756e-02
2.575000000000000178e+00	7.502004034633325338e-03	2.741365235049468552e-02
2.580000000000000071e+00	7.501962741065948230e-03	2.684928148441368193e-02
2.584999999999999964e+00	7.501922036263129062e-03	2.629292925566703229e-02
2.589999999999999858e+00	7.501881914509155209e-03	2.574451880103919080e-02
2.594999999999999751e+00	7.501842370115896150e-03	2.520397360086442870e-02
2.600000000000000089e+00	7.501803397414629447e-03	2.467121736507760579e-02
2.604999999999999982e+00	7.501764990764736921e-03	2.414617415561139818e-02
2.609999999999999876e+00	7.501727144545741396e-03	2.362876827537099128e-02
2.615000000000000213e+00	7.501689853165765219e-03	2.311892438736198180e-02
2.620000000000000107e+00	7.501653111053780375e-03	2.261656740656833864e-02
2.625000000000000000e+00	7.501616912667833682e-03	2.212162261583257641e-02
2.629999999999999893e+00	7.501581252487502481e-03	2.163401556061435999e-02
2.634999999999999787e+00	7.501546125021896043e-03	2.115367216164696501e-02
2.640000000000000124e+00	7.501511524802307283e-03	2.068051861255239612e-02
2.645000000000000018e+00	7.501477446389991262e-03	2.021448148930002700e-02
2.649999999999999911e+00	7.501443884369025060e-03	1.975548765065221826e-02
2.655000000000000249e+00	7.501410833353850359e-03	1.930346434445227854e-02
2.660000000000000142e+00	7.501378287982343220e-03	1.885833911087461331e-02
2.665000000000000036e+00	7.501346242923127676e-03	1.842003988556990129e-02
2.669999999999999929e+00	7.501314692868845009e-03	1.798849490569173065e-02
2.674999999999999822e+00	7.501283632543253102e-03	1.756363280993017417e-02
2.680000000000000160e+00	7.501253056694683063e-03	1.714538254728470434e-02
2.685000000000000053e+00	7.501222960102924345e-03	1.673367347401805150e-02
2.689999999999999947e+00	7.501193337572877387e-03	1.632843526514505747e-02
2.695000000000000284e+00	7.501164183941216694e-03	1.592959800833998463e-02
2.700000000000000178e+00	7.501135494070240370e-03	1.553709211810990962e-02
2.705000000000000071e+00	7.501107262854323290e-03	1.515084842668962609e-02
2.709999999999999964e+00	7.501079485213945318e-03	1.477079810086670379e-02
2.714999999999999858e+00	7.501052156101941509e-03	1.439687272990024941e-02
2.720000000000000195e+00	7.501025270497716814e-03	1.402900424496364602e-02
2.725000000000000089e+00	7.500998823413283778e-03	1.366712500412446685e-02
2.729999999999999982e+00	7.500972809887668062e-03	1.331116771436984328e-02
2.735000000000000320e+00	7.500947224992732774e-03	1.296106551368572841e-02
2.740000000000000213e+00	7.500922063827773940e-03	1.261675189562970652e-02
2.745000000000000107e+00	7.500897321525138405e-03	1.227816078854835485e-02
2.750000000000000000e+00	7.500872993244996241e-03	1.194522648266108100e-02
2.754999999999999893e+00	7.500849074180760898e-03	1.161788370645650340e-02
2.759999999999999787e+00	7.500825559554040282e-03	1.129606755624937980e-02
2.764999999999999680e+00	7.500802444619859149e-03	1.097971356979751852e-02
2.770000000000000018e+00	7.500779724661780189e-03	1.066875765829398276e-02
2.774999999999999911e+00	7.500757394996938193e-03	1.036313617724637925e-02
2.779999999999999805e+00	7.500735450971329418e-03	1.006278586086576526e-02
2.785000000000000142e+00	7.500713887964653194e-03	9.767643890251424127e-03
2.790000000000000036e+00	7.500692701385770420e-03	9.477647830137223353e-03
2.794999999999999929e+00	7.500671886677363030e-03	9.192735694425531456e-03
2.799999999999999822e+00	7.500651439311550352e-03	8.912845885251059058e-03
2.804999999999999716e+00	7.500631354794365553e-03	8.637917255908659012e-03
2.810000000000000053e+00	7.500611628661541137e-03	8.367889052194004210e-03
2.814999999999999947e+00	7.500592256482792840e-03	8.102700972770725957e-03
2.819999999999999840e+00	7.500573233857774254e-03	7.842293112747037581e-03
2.825000000000000178e+00	7.500554556420180319e-03	7.586606021527430091e-03
2.830000000000000071e+00	7.500536219833853734e-03	7.335580648584452169e-03
2.834999999999999964e+00	7.500518219796718442e-03	7.089158398841442429e-03
2.839999999999999858e+00	7.500500552037041302e-03	6.847281080597168897e-03
2.844999999999999751e+00	7.500483212317187766e-03	6.609890958486886424e-03
2.850000000000000089e+00	7.500466196430040540e-03	6.376930703517847548e-03
2.854999999999999982e+00	7.500449500202582657e-03	6.148343443655590254e-03
2.859999999999999876e+00	7.500433119492466195e-03	5.924072715928214126e-03
2.865000000000000213e+00	7.500417050191429680e-03	5.704062514685504480e-03
2.870000000000000107e+00	7.500401288222009917e-03	5.488257245729535536e-03
2.875000000000000000e+00	7.500385829540803274e-03	5.276601772294517087e-03
2.879999999999999893e+00	7.500370670135312820e-03	5.069041371160934277e-03
2.884999999999999787e+00	7.500355806027054345e-03	4.865521776404491301e-03
2.890000000000000124e+00	7.500341233268542282e-03	4.665989137450691181e-03
2.895000000000000018e+00	7.500326947946240469e-03	4.470390060641553712e-03
2.899999999999999911e+00	7.500312946177683376e-03	4.278671569187789299e-03
2.905000000000000249e+00	7.500299224114276818e-03	4.090781142601451412e-03
2.910000000000000142e+00	7.500285777938551883e-03	3.906666678503021607e-03
2.915000000000000036e+00	7.500272603866815595e-03	3.726276529968838500e-03
2.919999999999999929e+00	7.500259698146534079e-03	3.549559469149681217e-03
2.924999999999999822e+00	7.500247057058841843e-03	3.376464722582113529e-03
2.930000000000000160e+00	7.500234676916051578e-03	3.206941936575568881e-03
2.935000000000000053e+00	7.500222554064015987e-03	3.040941210536226170e-03
2.939999999999999947e+00	7.500210684879769427e-03	2.878413064079678434e-03
2.945000000000000284e+00	7.500199065773749223e-03	2.719308468416261650e-03
2.950000000000000178e+00	7.500187693187551803e-03	2.563578815146556542e-03
2.955000000000000071e+00	7.500176563596027378e-03	2.411175945756838940e-03
2.959999999999999964e+00	7.500165673505154035e-03	2.262052122054603476e-03
2.964999999999999858e+00	7.500155019453995375e-03	2.116160053822941506e-03
2.970000000000000195e+00	7.500144598012689970e-03	1.973452870853429405e-03
2.975000000000000089e+00	7.500134405784287563e-03	1.833884148808088716e-03
2.979999999999999982e+00	7.500124439402846080e-03	1.697407882807296835e-03
2.985000000000000320e+00	7.500114695535138598e-03	1.563978511547464700e-03
2.990000000000000213e+00	7.500105170878870915e-03	1.433550892402017532e-03
2.995000000000000107e+00	7.500095862164258415e-03	1.306080323843001722e-03
3.000000000000000000e+00	7.500086766152347720e-03	1.181522522012997452e-03
3.004999999999999893e+00	7.500077879636484271e-03	1.059833641498854296e-03
3.009999999999999787e+00	7.500069199440731992e-03	9.409702533329113551e-04
3.014999999999999680e+00	7.500060722421228974e-03	8.248893641662078053e-04
3.020000000000000018e+00	7.500052445464699957e-03	7.115483956579389188e-04
3.024999999999999911e+00	7.500044365489708792e-03	6.009052020955705240e-04
3.029999999999999805e+00	7.500036479445270667e-03	4.929180511313071547e-04
3.035000000000000142e+00	7.500028784311983145e-03	3.875456398962533254e-04
3.040000000000000036e+00	7.500021277100745939e-03	2.847470770434435273e-04
3.044999999999999929e+00	7.500013954853785268e-03	1.844818974022131527e-04
3.049999999999999822e+00	7.500006814643455158e-03	8.671004528780981301e-05
3.054999999999999716e+00	7.499999853573174197e-03	-8.608112257600853516e-06
3.060000000000000053e+00	7.499993068776309238e-03	-1.015118009287346141e-04
3.064999999999999947e+00	7.499986457417008937e-03	-1.920398272838070739e-04
3.069999999999999840e+00	7.499980016689183730e-03	-2.802305930211164441e-04
3.075000000000000178e+00	7.499973743817237026e-03	-3.661220844280480241e-04
3.080000000000000071e+00	7.499967636055129318e-03	-4.497518855091438999e-04
3.084999999999999964e+00	7.499961690687021766e-03	-5.311571687128078135e-04
3.089999999999999858e+00	7.499955905026414044e-03	-6.103747069492225855e-04
3.094999999999999751e+00	7.499950276416707251e-03	-6.874408655505616621e-04
3.100000000000000089e+00	7.499944802230412884e-03	-7.623916132167703977e-04
3.104999999999999982e+00	7.499939479869629881e-03	-8.352625151653286090e-04
3.109999999999999876e+00	7.499934306765335991e-03	-9.060887430422844826e-04
3.115000000000000213e+00	7.499929280377776349e-03	-9.749050692185822322e-04
3.120000000000000107e+00	7.499924398195826833e-03	-1.041745875703128021e-03
3.125000000000000000e+00	7.499919657737307184e-03	-1.106645149543161559e-03
3.129999999999999893e+00	7.499915056548409412e-03	-1.169636490775547528e-03
3.134999999999999787e+00	7.499910592203937187e-03	-1.230753108889262419e-03
3.140000000000000124e+00	7.499906262306803642e-03	-1.290027829850690999e-03
3.145000000000000018e+00	7.499902064488194429e-03	-1.347493093586867160e-03
3.149999999999999911e+00	7.499897996407126240e-03	-1.403180960119915612e-03
3.155000000000000249e+00	7.499894055750549147e-03	-1.457123108030426674e-03
3.160000000000000142e+00	7.499890240232959769e-03	-1.509350839735542618e-03
3.165000000000000036e+00	7.499886547596435957e-03	-1.559895080892387351e-03
3.169999999999999929e+00	7.499882975610314140e-03	-1.608786384853824443e-03
3.174999999999999822e+00	7.499879522071156365e-03	-1.656054932972601638e-03
3.180000000000000160e+00	7.499876184802484018e-03	-1.701730538268097668e-03
3.185000000000000053e+00	7.499872961654685012e-03	-1.745842646592432211e-03
3.189999999999999947e+00	7.499869850504800421e-03	-1.788420339541009442e-03
3.195000000000000284e+00	7.499866849256373556e-03	-1.829492336442759557e-03
3.200000000000000178e+00	7.499863955839291239e-03	-1.869086996546292156e-03
3.205000000000000071e+00	7.499861168209568697e-03	-1.907232321797060594e-03
3.209999999999999964e+00	7.499858484349250683e-03	-1.943955958330822716e-03
3.214999999999999858e+00	7.499855902266137388e-03	-1.979285200000993963e-03
3.220000000000000195e+00	7.499853419993733269e-03	-2.013246989210172762e-03
3.225000000000000089e+00	7.499851035590922657e-03	-2.045867921152047259e-03
3.229999999999999982e+00	7.499848747141961945e-03	-2.077174244010997813e-03
3.235000000000000320e+00	7.499846552756113567e-03	-2.107191863883512480e-03
3.240000000000000213e+00	7.499844450567672016e-03	-2.135946344375473128e-03
3.245000000000000107e+00	7.499842438735557920e-03	-2.163462912168623298e-03
3.250000000000000000e+00	7.499840515443386563e-03	-2.189766456044416314e-03
3.254999999999999893e+00	7.499838678899010784e-03	-2.214881533062072923e-03
3.259999999999999787e+00	7.499836927334636340e-03	-2.238832367037024967e-03
3.264999999999999680e+00	7.499835259006320566e-03	-2.261642855297821188e-03
3.270000000000000018e+00	7.499833672194124168e-03	-2.283336566646729932e-03
3.274999999999999911e+00	7.499832165201571720e-03	-2.303936748663370365e-03
3.279999999999999805e+00	7.499830736355839016e-03	-2.323466325174304743e-03
3.285000000000000142e+00	7.499829384007177142e-03	-2.341947904072164827e-03
3.290000000000000036e+00	7.499828106529130185e-03	-2.359403774320368609e-03
3.294999999999999929e+00	7.499826902317930678e-03	-2.375855914257217309e-03
3.299999999999999822e+00	7.499825769792743332e-03	-2.391325988161326337e-03
3.304999999999999716e+00	7.499824707395029259e-03	-2.405835355010944952e-03
3.310000000000000053e+00	7.499823713588821793e-03	-2.419405064634889795e-03
3.314999999999999947e+00	7.499822786860056885e-03	-2.432055866898121671e-03
3.319999999999999840e+00	7.499821925716881887e-03	-2.443808207462312091e-03
3.325000000000000178e+00	7.499821128688951254e-03	-2.454682237369562071e-03
3.330000000000000071e+00	7.499820394327767412e-03	-2.464697808436101117e-03
3.334999999999999964e+00	7.499819721205946976e-03	-2.473874483206665691e-03
3.339999999999999858e+00	7.499819107917585041e-03	-2.482231530004171301e-03
3.344999999999999751e+00	7.499818553077499707e-03	-2.489787933228162099e-03
3.350000000000000089e+00	7.499818055321620658e-03	-2.496562388082700437e-03
3.354999999999999982e+00	7.499817613306208539e-03	-2.502573311192811227e-03
3.359999999999999876e+00	7.499817225708260877e-03	-2.507838835032089996e-03
3.365000000000000213e+00	7.499816891224721054e-03	-2.512376818832264339e-03
3.370000000000000107e+00	7.499816608572896365e-03	-2.516204842731363175e-03
3.375000000000000000e+00	7.499816376489647045e-03	-2.519340218951827276e-03
3.379999999999999893e+00	7.499816193731832087e-03	-2.521799985689522107e-03
3.384999999999999787e+00	7.499816059075468770e-03	-2.523600918536830339e-03
3.390000000000000124e+00	7.499815971316203637e-03	-2.524759524132165305e-03
3.395000000000000018e+00	7.499815929268456409e-03	-2.525292051805199181e-03
3.399999999999999911e+00	7.499815931765900501e-03	-2.525214487005655005e-03
3.405000000000000249e+00	7.499815977660599133e-03	-2.524542563148550640e-03
3.410000000000000142e+00	7.499816065823497122e-03	-2.523291754840810940e-03
3.415000000000000036e+00	7.499816195143544847e-03	-2.521477289905087616e-03
3.419999999999999929e+00	7.499816364528205659e-03	-2.519114142421768638e-03
3.424999999999999822e+00	7.499816572902565960e-03	-2.516217044910765924e-03
3.430000000000000160e+00	7.499816819209853894e-03	-2.512800481206061039e-03
3.435000000000000053e+00	7.499817102410540753e-03	-2.508878698775529603e-03
3.439999999999999947e+00	7.499817421482872677e-03	-2.504465701444495360e-03
3.445000000000000284e+00	7.499817775421959917e-03	-2.499575261834346279e-03
3.450000000000000178e+00	7.499818163240322411e-03	-2.494220913950985757e-03
3.455000000000000071e+00	7.499818583966968641e-03	-2.488415965723798570e-03
3.459999999999999964e+00	7.499819036647949015e-03	-2.482173491474272149e-03
3.464999999999999858e+00	7.499819520345432124e-03	-2.475506344537430417e-03
3.470000000000000195e+00	7.499820034138265056e-03	-2.468427149625371589e-03
3.475000000000000089e+00	7.499820577121045322e-03	-2.460948315514064223e-03
3.479999999999999982e+00	7.499821148404683772e-03	-2.453082027315985070e-03
3.485000000000000320e+00	7.499821747115476521e-03	-2.444840259215775788e-03
3.490000000000000213e+00	7.499822372395673932e-03	-2.436234766665535973e-03
3.495000000000000107e+00	7.499823023402548208e-03	-2.427277099153657327e-03
3.500000000000000000e+00	7.499823699308971053e-03	-2.417978592335771025e-03
3.504999999999999893e+00	7.499824399302475186e-03	-2.408350380821532369e-03
3.509999999999999787e+00	7.499825122585834607e-03	-2.398403390253771479e-03
3.514999999999999680e+00	7.499825868376133048e-03	-2.388148350098785126e-03
3.520000000000000018e+00	7.499826635905342508e-03	-2.377595785685731027e-03
3.524999999999999911e+00	7.499827424419390834e-03	-2.366756030986425906e-03
3.529999999999999805e+00	7.499828233178746327e-03	-2.355639220626295962e-03
3.535000000000000142e+00	7.499829061457486193e-03	-2.344255302640763095e-03
3.540000000000000036e+00	7.499829908543879410e-03	-2.332614030468620463e-03
3.544999999999999929e+00	7.499830773739459520e-03	-2.320724975672214165e-03
3.549999999999999822e+00	7.499831656359610965e-03	-2.308597519923758033e-03
3.554999999999999716e+00	7.499832555732643610e-03	-2.296240867677322526e-03
3.560000000000000053e+00	7.499833471200373879e-03	-2.283664038158007056e-03
3.564999999999999947e+00	7.499834402117209683e-03	-2.270875877974288647e-03
3.569999999999999840e+00	7.499835347850732428e-03	-2.257885053119489116e-03
3.575000000000000178e+00	7.499836307780780205e-03	-2.244700061513742531e-03
3.580000000000000071e+00	7.499837281300032396e-03	-2.231329225026649002e-03
3.584999999999999964e+00	7.499838267813097210e-03	-2.217780701938481223e-03
3.589999999999999858e+00	7.499839266737095417e-03	-2.204062478992686782e-03
3.594999999999999751e+00	7.499840277500755686e-03	-2.190182383766543003e-03
3.600000000000000089e+00	7.499841299544993123e-03	-2.176148076761557325e-03
3.604999999999999982e+00	7.499842332322011543e-03	-2.161967063674566369e-03
3.609999999999999876e+00	7.499843375295880271e-03	-2.147646687533494997e-03
3.615000000000000213e+00	7.499844427941645963e-03	-2.133194140860120592e-03
3.620000000000000107e+00	7.499845489745899860e-03	-2.118616457858530852e-03
3.625000000000000000e+00	7.499846560205904351e-03	-2.103920526461411367e-03
3.629999999999999893e+00	7.499847638830153297e-03	-2.089113080578007021e-03
3.634999999999999787e+00	7.499848725137507263e-03	-2.074200712016256287e-03
3.640000000000000124e+00	7.499849818657747767e-03	-2.059189862796577571e-03
3.645000000000000018e+00	7.499850918930727264e-03	-2.044086836942765172e-03
3.649999999999999911e+00	7.499852025506911248e-03	-2.028897792867611401e-03
3.655000000000000249e+00	7.499853137946541244e-03	-2.013628755025757572e-03
3.660000000000000142e+00	7.499854255820177784e-03	-1.998285606376782805e-03
3.665000000000000036e+00	7.499855378707863396e-03	-1.982874099893877813e-03
3.669999999999999929e+00	7.499856506199662105e-03	-1.967399851109680013e-03
3.674999999999999822e+00	7.499857637894836310e-03	-1.951868349474845813e-03
3.680000000000000160e+00	7.499858773402382807e-03	-1.936284950991461282e-03
3.685000000000000053e+00	7.499859912340215741e-03	-1.920654889416308552e-03
3.689999999999999947e+00	7.499861054335693090e-03	-1.904983268986392038e-03
3.695000000000000284e+00	7.499862199024819563e-03	-1.889275075461924192e-03
3.700000000000000178e+00	7.499863346052760074e-03	-1.873535168948120859e-03
3.705000000000000071e+00	7.499864495073056518e-03	-1.857768294773386782e-03
3.709999999999999964e+00	7.499865645748136911e-03	-1.841979076411386865e-03
3.714999999999999858e+00	7.499866797748538233e-03	-1.826172026190230361e-03
3.720000000000000195e+00	7.499867950753412102e-03	-1.810351538318276431e-03
3.725000000000000089e+00	7.499869104449759759e-03	-1.794521899420651982e-03
3.729999999999999982e+00	7.499870258532929067e-03	-1.778687281672008350e-03
3.735000000000000320e+00	7.499871412705862508e-03	-1.762851753157044935e-03
3.740000000000000213e+00	7.499872566679590714e-03	-1.747019271113272069e-03
3.745000000000000107e+00	7.499873720172483930e-03	-1.731193692112366128e-03
3.750000000000000000e+00	7.499874872910743812e-03	-1.715378765415601818e-03
3.754999999999999893e+00	7.499876024627668766e-03	-1.699578142973467033e-03
3.759999999999999787e+00	7.499877175064133608e-03	-1.683795372896148505e-03
3.764999999999999680e+00	7.499878323967874849e-03	-1.668033909269045880e-03
3.770000000000000018e+00	7.499879471093952137e-03	-1.652297105740477626e-03
3.774999999999999911e+00	7.499880616204052629e-03	-1.636588225151030867e-03
3.779999999999999805e+00	7.499881759066946360e-03	-1.620910433240321802e-03
3.785000000000000142e+00	7.499882899457801892e-03	-1.605266808088571476e-03
3.790000000000000036e+00	7.499884037158628669e-03	-1.589660333944152180e-03
3.794999999999999929e+00	7.499885171957610883e-03	-1.574093910475748981e-03
3.799999999999999822e+00	7.499886303649543756e-03	-1.558570346722155118e-03
3.804999999999999716e+00	7.499887432035174349e-03	-1.543092370154035275e-03
3.810000000000000053e+00	7.499888556921631769e-03	-1.527662620747030761e-03
3.814999999999999947e+00	7.499889678121784455e-03	-1.512283659852308327e-03
3.819999999999999840e+00	7.499890795454659982e-03	-1.496957964393995149e-03
3.825000000000000178e+00	7.499891908744811021e-03	-1.481687935547780499e-03
3.830000000000000071e+00	7.499893017822736006e-03	-1.466475893063470901e-03
3.834999999999999964e+00	7.499894122524252034e-03	-1.451324083751349536e-03
3.839999999999999858e+00	7.499895222690905125e-03	-1.436234675930541131e-03
3.844999999999999751e+00	7.499896318169362204e-03	-1.421209767722918325e-03
3.850000000000000089e+00	7.499897408811810086e-03	-1.406251381627531731e-03
3.854999999999999982e+00	7.499898494475361332e-03	-1.391361472622315663e-03
3.859999999999999876e+00	7.499899575022445433e-03	-1.376541922864870683e-03
3.865000000000000213e+00	7.499900650320225938e-03	-1.361794549602143682e-03
3.870000000000000107e+00	7.499901720240981229e-03	-1.347121099997570506e-03
3.875000000000000000e+00	7.499902784661540735e-03	-1.332523258849414513e-03
3.879999999999999893e+00	7.499903843463655295e-03	-1.318002643544194689e-03
3.884999999999999787e+00	7.499904896533444651e-03	-1.303560811584226304e-03
3.890000000000000124e+00	7.499905943761759133e-03	-1.289199255667127864e-03
3.895000000000000018e+00	7.499906985043641033e-03	-1.274919411023613157e-03
3.899999999999999911e+00	7.499908020278681087e-03	-1.260722650622541664e-03
3.905000000000000249e+00	7.499909049370485914e-03	-1.246610292319993507e-03
3.910000000000000142e+00	7.499910072227031037e-03	-1.232583594189386265e-03
3.915000000000000036e+00	7.499911088760146533e-03	-1.218643761483146010e-03
3.919999999999999929e+00	7.499912098885847499e-03	-1.204791942087227652e-03
3.924999999999999822e+00	7.499913102523843127e-03	-1.191029233296661853e-03
3.930000000000000160e+00	7.499914099597856758e-03	-1.177356677393701090e-03
3.935000000000000053e+00	7.499915090035148835e-03	-1.163775268238901499e-03
3.939999999999999947e+00	7.499916073766826549e-03	-1.150285946971984575e-03
3.945000000000000284e+00	7.499917050727378069e-03	-1.136889608420096724e-03
3.950000000000000178e+00	7.499918020854975248e-03	-1.123587096920335149e-03
3.955000000000000071e+00	7.499918984091026065e-03	-1.110379212547066416e-03
3.959999999999999964e+00	7.499919940380459990e-03	-1.097266707055028845e-03
3.964999999999999858e+00	7.499920889671296900e-03	-1.084250289927547826e-03
3.970000000000000195e+00	7.499921831914928977e-03	-1.071330624439090174e-03
3.975000000000000089e+00	7.499922767065692226e-03	-1.058508333526431188e-03
3.979999999999999982e+00	7.499923695081146639e-03	-1.045783995969301388e-03
3.985000000000000320e+00	7.499924615921660723e-03	-1.033158152086796882e-03
3.990000000000000213e+00	7.499925529550682986e-03	-1.020631300034742853e-03
3.995000000000000107e+00	7.499926435934335146e-03	-1.008203901329397020e-03
4.000000000000000000e+00	7.499927335041675809e-03	-9.958763772602015167e-04
4.004999999999999893e+00	7.499928226844311020e-03	-9.836491142432362503e-04
4.009999999999999787e+00	7.499929111316645802e-03	-9.715224603477368723e-04
4.014999999999999680e+00	7.499929988435509454e-03	-9.594967304817399872e-04
4.019999999999999574e+00	7.499930858180393206e-03	-9.475722030307286636e-04
4.025000000000000355e+00	7.499931720533093739e-03	-9.357491248780389417e-04
4.030000000000000249e+00	7.499932575477942162e-03	-9.240277081540834497e-04
4.035000000000000142e+00	7.499933423001455338e-03	-9.124081350939341637e-04
4.040000000000000036e+00	7.499934263092561393e-03	-9.008905548954721301e-04
4.044999999999999929e+00	7.499935095742257980e-03	-8.894750884168573088e-04
4.049999999999999822e+00	7.499935920943834322e-03	-8.781618251418365009e-04
4.054999999999999716e+00	7.499936738692540746e-03	-8.669508277197566799e-04
4.059999999999999609e+00	7.499937548985800319e-03	-8.558421290362247351e-04
4.064999999999999503e+00	7.499938351822889662e-03	-8.448357365984609894e-04
4.070000000000000284e+00	7.499939147205146248e-03	-8.339316297095483894e-04
4.075000000000000178e+00	7.499939935135659617e-03	-8.231297637018327026e-04
4.080000000000000071e+00	7.499940715619464807e-03	-8.124300672128350687e-04
4.084999999999999964e+00	7.499941488663253511e-03	-8.018324462696131043e-04
4.089999999999999858e+00	7.499942254275558835e-03	-7.913367816645638193e-04
4.094999999999999751e+00	7.499943012466470799e-03	-7.809429328934346668e-04
4.099999999999999645e+00	7.499943763247818480e-03	-7.706507356291168688e-04
4.105000000000000426e+00	7.499944506632894199e-03	-7.604600055162228072e-04
4.110000000000000320e+00	7.499945242636632189e-03	-7.503705357409464925e-04
4.115000000000000213e+00	7.499945971275341454e-03	-7.403821006852043555e-04
4.120000000000000107e+00	7.499946692566873165e-03	-7.304944535905115487e-04
4.125000000000000000e+00	7.499947406530369128e-03	-7.207073300745713094e-04
4.129999999999999893e+00	7.499948113186419643e-03	-7.110204458873140834e-04
4.134999999999999787e+00	7.499948812556822379e-03	-7.014335002927422425e-04
4.139999999999999680e+00	7.499949504664739364e-03	-6.919461739152234009e-04
4.144999999999999574e+00	7.499950189534451521e-03	-6.825581319896253853e-04
4.150000000000000355e+00	7.499950867191520001e-03	-6.732690222957986650e-04
4.155000000000000249e+00	7.499951537662552861e-03	-6.640784782799679514e-04
4.160000000000000142e+00	7.499952200975350779e-03	-6.549861170754732106e-04
4.165000000000000036e+00	7.499952857158685010e-03	-6.459915424982400718e-04
4.169999999999999929e+00	7.499953506242443106e-03	-6.370943431518048729e-04
4.174999999999999822e+00	7.499954148257413807e-03	-6.282940952999604674e-04
4.179999999999999716e+00	7.499954783235418011e-03	-6.195903610540134509e-04
4.185000000000000497e+00	7.499955411209113625e-03	-6.109826911254180029e-04
4.190000000000000391e+00	7.499956032212116985e-03	-6.024706230934823246e-04
4.195000000000000284e+00	7.499956646278811180e-03	-5.940536840408180063e-04
4.200000000000000178e+00	7.499957253444470076e-03	-5.857313888995203683e-04
4.205000000000000071e+00	7.499957853745071838e-03	-5.775032429723827090e-04
4.209999999999999964e+00	7.499958447217412554e-03	-5.693687403555557254e-04
4.214999999999999858e+00	7.499959033898933626e-03	-5.613273663484749133e-04
4.219999999999999751e+00	7.499959613827828463e-03	-5.533785959510149769e-04
4.224999999999999645e+00	7.499960187042876807e-03	-5.455218961649940844e-04
4.230000000000000426e+00	7.499960753583547086e-03	-5.377567245638885081e-04
4.235000000000000320e+00	7.499961313489840291e-03	-5.300825314887977133e-04
4.240000000000000213e+00	7.499961866802381909e-03	-5.224987586888987443e-04
4.245000000000000107e+00	7.499962413562276213e-03	-5.150048414144820386e-04
4.250000000000000000e+00	7.499962953811197333e-03	-5.076002071263156432e-04
4.254999999999999893e+00	7.499963487591241804e-03	-5.002842774886372482e-04
4.259999999999999787e+00	7.499964014945023974e-03	-4.930564671455448661e-04
4.264999999999999680e+00	7.499964535915532027e-03	-4.859161856167335458e-04
4.269999999999999574e+00	7.499965050546212111e-03	-4.788628361389308630e-04
4.275000000000000355e+00	7.499965558880842577e-03	-4.718958174670242556e-04
4.280000000000000249e+00	7.499966060963608565e-03	-4.650145227789831653e-04
4.285000000000000142e+00	7.499966556838977977e-03	-4.582183413850658151e-04
4.290000000000000036e+00	7.499967046551781272e-03	-4.515066576942313348e-04
4.294999999999999929e+00	7.499967530147086565e-03	-4.448788528341786623e-04
4.299999999999999822e+00	7.499968007670275959e-03	-4.383343036774891557e-04
4.304999999999999716e+00	7.499968479166930178e-03	-4.318723843750121535e-04
4.309999999999999609e+00	7.499968944682899701e-03	-4.254924654401276538e-04
4.314999999999999503e+00	7.499969404264192861e-03	-4.191939151980515082e-04
4.320000000000000284e+00	7.499969857957044378e-03	-4.129760989264230544e-04
4.325000000000000178e+00	7.499970305807812133e-03	-4.068383802230472984e-04
4.330000000000000071e+00	7.499970747863036157e-03	-4.007801202011792457e-04
4.334999999999999964e+00	7.499971184169346682e-03	-3.948006787782269321e-04
4.339999999999999858e+00	7.499971614773515323e-03	-3.888994139240018496e-04
4.344999999999999751e+00	7.499972039722370941e-03	-3.830756828728863576e-04
4.349999999999999645e+00	7.499972459062847346e-03	-3.773288414234939395e-04
4.355000000000000426e+00	7.499972872841902637e-03	-3.716582450765424728e-04
4.360000000000000320e+00	7.499973281106563430e-03	-3.660632483843515744e-04
4.365000000000000213e+00	7.499973683903851142e-03	-3.605432060168472521e-04
4.370000000000000107e+00	7.499974081280822748e-03	-3.550974721593856101e-04
4.375000000000000000e+00	7.499974473284501397e-03	-3.497254015091229361e-04
4.379999999999999893e+00	7.499974859961909372e-03	-3.444263487196440885e-04
4.384999999999999787e+00	7.499975241360011709e-03	-3.391996693300430941e-04
4.389999999999999680e+00	7.499975617525743952e-03	-3.340447192547563149e-04
4.394999999999999574e+00	7.499975988505953178e-03	-3.289608556475712370e-04
4.400000000000000355e+00	7.499976354347430950e-03	-3.239474364352963706e-04
4.405000000000000249e+00	7.499976715096856941e-03	-3.190038211188151894e-04
4.410000000000000142e+00	7.499977070800825825e-03	-3.141293703491880715e-04
4.415000000000000036e+00	7.499977421505795230e-03	-3.093234466678012359e-04
4.419999999999999929e+00	7.499977767258116969e-03	-3.045854141235568020e-04
4.424999999999999822e+00	7.499978108103983257e-03	-2.999146389542914153e-04
4.429999999999999716e+00	7.499978444089448401e-03	-2.953104892435906982e-04
4.435000000000000497e+00	7.499978775260394970e-03	-2.907723355454645831e-04
4.440000000000000391e+00	7.499979101662542467e-03	-2.862995505795260941e-04
4.445000000000000284e+00	7.499979423341414375e-03	-2.818915098007959133e-04
4.450000000000000178e+00	7.499979740342354630e-03	-2.775475911321011722e-04
4.455000000000000071e+00	7.499980052710492062e-03	-2.732671754809611942e-04
4.459999999999999964e+00	7.499980360490753409e-03	-2.690496465078262155e-04
4.464999999999999858e+00	7.499980663727832085e-03	-2.648943910919612267e-04
4.469999999999999751e+00	7.499980962466202064e-03	-2.608007991343484267e-04
4.474999999999999645e+00	7.499981256750090121e-03	-2.567682639743126155e-04
4.480000000000000426e+00	7.499981546623479302e-03	-2.527961822259193144e-04
4.485000000000000320e+00	7.499981832130093312e-03	-2.488839541471804637e-04
4.490000000000000213e+00	7.499982113313397383e-03	-2.450309835088132666e-04
4.495000000000000107e+00	7.499982390216577456e-03	-2.412366779176805206e-04
4.500000000000000000e+00	7.499982662882550589e-03	-2.375004487168459603e-04
4.504999999999999893e+00	7.499982931353939807e-03	-2.338217112648650084e-04
4.509999999999999787e+00	7.499983195673079299e-03	-2.301998848660754551e-04
4.514999999999999680e+00	7.499983455882003151e-03	-2.266343930074209037e-04
4.519999999999999574e+00	7.499983712022440137e-03	-2.231246633179102834e-04
4.525000000000000355e+00	7.499983964135805044e-03	-2.196701277645388736e-04
4.530000000000000249e+00	7.499984212263198675e-03	-2.162702226399182350e-04
4.535000000000000142e+00	7.499984456445394840e-03	-2.129243887188651981e-04
4.540000000000000036e+00	7.499984696722837747e-03	-2.096320712732120922e-04
4.544999999999999929e+00	7.499984933135637674e-03	-2.063927201903870210e-04
4.549999999999999822e+00	7.499985165723567493e-03	-2.032057900145667621e-04
4.554999999999999716e+00	7.499985394526053131e-03	-2.000707400287520638e-04
4.559999999999999609e+00	7.499985619582169236e-03	-1.969870343213485277e-04
4.564999999999999503e+00	7.499985840930640038e-03	-1.939541418331322141e-04
4.570000000000000284e+00	7.499986058609828081e-03	-1.909715364483176910e-04
4.575000000000000178e+00	7.499986272657733349e-03	-1.880386970076973181e-04
4.580000000000000071e+00	7.499986483111989802e-03	-1.851551074234562778e-04
4.584999999999999964e+00	7.499986690009862768e-03	-1.823202566597638928e-04
4.589999999999999858e+00	7.499986893388236806e-03	-1.795336388705282070e-04
4.594999999999999751e+00	7.499987093283623507e-03	-1.767947533486295469e-04
4.599999999999999645e+00	7.499987289732151091e-03	-1.741031046858543827e-04
4.605000000000000426e+00	7.499987482769563535e-03	-1.714582026920386199e-04
4.610000000000000320e+00	7.499987672431214503e-03	-1.688595625764223408e-04
4.615000000000000213e+00	7.499987858752070816e-03	-1.663067048377906071e-04
4.620000000000000107e+00	7.499988041766697706e-03	-1.637991554665283042e-04
4.625000000000000000e+00	7.499988221509274432e-03	-1.613364458069131019e-04
4.629999999999999893e+00	7.499988398013569986e-03	-1.589181127792088763e-04
4.634999999999999787e+00	7.499988571312960449e-03	-1.565436987152280456e-04
4.639999999999999680e+00	7.499988741440410771e-03	-1.542127515997177727e-04
4.644999999999999574e+00	7.499988908428487783e-03	-1.519248248800937054e-04
4.650000000000000355e+00	7.499989072309338513e-03	-1.496794777267149319e-04
4.655000000000000249e+00	7.499989233114711003e-03	-1.474762748178032887e-04
4.660000000000000142e+00	7.499989390875931757e-03	-1.453147866178027534e-04
4.665000000000000036e+00	7.499989545623923087e-03	-1.431945891383794908e-04
4.669999999999999929e+00	7.499989697389178832e-03	-1.411152642345519701e-04
4.674999999999999822e+00	7.499989846201789503e-03	-1.390763993426961671e-04
4.679999999999999716e+00	7.499989992091412802e-03	-1.370775877936491376e-04
4.685000000000000497e+00	7.499990135087299635e-03	-1.351184285286595953e-04
4.690000000000000391e+00	7.499990275218268963e-03	-1.331985264290686660e-04
4.695000000000000284e+00	7.499990412512725149e-03	-1.313174920109153705e-04
4.700000000000000178e+00	7.499990546998638007e-03	-1.294749417707226325e-04
4.705000000000000071e+00	7.499990678703567087e-03	-1.276704978596328625e-04
4.709999999999999964e+00	7.499990807654633058e-03	-1.259037884447048871e-04
4.714999999999999858e+00	7.499990933878541120e-03	-1.241744473633400378e-04
4.719999999999999751e+00	7.499991057401556721e-03	-1.224821144998316104e-04
4.724999999999999645e+00	7.499991178249530710e-03	-1.208264354206236950e-04
4.730000000000000426e+00	7.499991296447873317e-03	-1.192070617656204221e-04
4.735000000000000320e+00	7.499991412021574967e-03	-1.176236508651411835e-04
4.740000000000000213e+00	7.499991524995187203e-03	-1.160758661455889832e-04
4.745000000000000107e+00	7.499991635392844365e-03	-1.145633767286614304e-04
4.750000000000000000e+00	7.499991743238233234e-03	-1.130858578509846439e-04
4.754999999999999893e+00	7.499991848554625126e-03	-1.116429904462477082e-04
4.759999999999999787e+00	7.499991951364847267e-03	-1.102344615784680762e-04
4.764999999999999680e+00	7.499992051691309683e-03	-1.088599640075469614e-04
4.769999999999999574e+00	7.499992149555973972e-03	-1.075191966359105962e-04
4.775000000000000355e+00	7.499992244980388002e-03	-1.062118640581037295e-04
4.780000000000000249e+00	7.499992337985650348e-03	-1.049376770203028854e-04
4.785000000000000142e+00	7.499992428592445852e-03	-1.036963519545861667e-04
4.790000000000000036e+00	7.499992516821008329e-03	-1.024876114510680646e-04
4.794999999999999929e+00	7.499992602691158729e-03	-1.013111837771529529e-04
4.799999999999999822e+00	7.499992686222269576e-03	-1.001668033622170713e-04
4.804999999999999716e+00	7.499992767433298797e-03	-9.905421030230924888e-05
4.809999999999999609e+00	7.499992846342755023e-03	-9.797315085696112441e-05
4.814999999999999503e+00	7.499992922968734890e-03	-9.692337693990873645e-05
4.820000000000000284e+00	7.499992997328886607e-03	-9.590464662770275335e-05
4.825000000000000178e+00	7.499993069440444651e-03	-9.491672363686501314e-05
4.830000000000000071e+00	7.499993139320195075e-03	-9.395937784418481326e-05
4.834999999999999964e+00	7.499993206984516270e-03	-9.303238475062498207e-05
4.839999999999999858e+00	7.499993272449333864e-03	-9.213552601301438019e-05
4.844999999999999751e+00	7.499993335730167562e-03	-9.126858889504195081e-05
4.849999999999999645e+00	7.499993396842086039e-03	-9.043136681025789702e-05
4.855000000000000426e+00	7.499993455799753780e-03	-8.962365876064872471e-05
4.860000000000000320e+00	7.499993512617382507e-03	-8.884526989057200247e-05
4.865000000000000213e+00	7.499993567308782354e-03	-8.809601091314929542e-05
4.870000000000000107e+00	7.499993619887312425e-03	-8.737569867502359379e-05
4.875000000000000000e+00	7.499993670365931106e-03	-8.668415557088470522e-05
4.879999999999999893e+00	7.499993718757145753e-03	-8.602121011896353756e-05
4.884999999999999787e+00	7.499993765073065602e-03	-8.538669636392066790e-05
4.889999999999999680e+00	7.499993809325348863e-03	-8.478045446282919716e-05
4.894999999999999574e+00	7.499993851525256494e-03	-8.420233007677337285e-05
4.900000000000000355e+00	7.499993891683601026e-03	-8.365217496717307897e-05
4.905000000000000249e+00	7.499993929810797738e-03	-8.312984637631603429e-05
4.910000000000000142e+00	7.499993965916816954e-03	-8.263520763388375735e-05
4.915000000000000036e+00	7.499994000011232613e-03	-8.216812752670392200e-05
4.919999999999999929e+00	7.499994032103171962e-03	-8.172848091524356914e-05
4.924999999999999822e+00	7.499994062201369334e-03	-8.131614809279547843e-05
4.929999999999999716e+00	7.499994090314114972e-03	-8.093101541194086296e-05
4.935000000000000497e+00	7.499994116449307073e-03	-8.057297463322410272e-05
4.940000000000000391e+00	7.499994140614399743e-03	-8.024192356144077749e-05
4.945000000000000284e+00	7.499994162816458511e-03	-7.993776538419369057e-05
4.950000000000000178e+00	7.499994183062104816e-03	-7.966040931772438798e-05
4.955000000000000071e+00	7.499994201357571520e-03	-7.940976993555965563e-05
4.959999999999999964e+00	7.499994217708653467e-03	-7.918576782383503882e-05
4.964999999999999858e+00	7.499994232120756055e-03	-7.898832890000855673e-05
4.969999999999999751e+00	7.499994244598845797e-03	-7.881738507764503787e-05
4.974999999999999645e+00	7.499994255147505832e-03	-7.867287357544809883e-05
4.980000000000000426e+00	7.499994263770877814e-03	-7.855473759136192354e-05
4.985000000000000320e+00	7.499994270472723490e-03	-7.846292560209454500e-05
4.990000000000000213e+00	7.499994275256367457e-03	-7.839739204626317167e-05
4.995000000000000107e+00	7.499994278124750939e-03	-7.835809661461017636e-05
5.000000000000000000e+00	7.499994279080381479e-03	-7.834500494219984374e-05
