# coordinate_x	h	p	@time=771.29
0.000000000000000000e+00	2.699930406951381867e-01	5.715600000016313187e-01
5.000000000000000104e-03	2.699894730359578277e-01	5.715599999112285223e-01
1.000000000000000021e-02	2.699787700595850382e-01	5.715599996399733929e-01
1.499999999999999944e-02	2.699609317672783670e-01	5.715599991878158592e-01
2.000000000000000042e-02	2.699359581620947579e-01	5.715599985546342410e-01
2.500000000000000139e-02	2.699038492475394069e-01	5.715599977402886500e-01
2.999999999999999889e-02	2.698646050288753262e-01	5.715599967445694762e-01
3.500000000000000333e-02	2.698182255118078410e-01	5.715599955672491239e-01
4.000000000000000083e-02	2.697647107038037562e-01	5.715599942080298312e-01
4.499999999999999833e-02	2.697040606127754092e-01	5.715599926665958508e-01
5.000000000000000278e-02	2.696362752484032232e-01	5.715599909425608249e-01
5.500000000000000028e-02	2.695613546208177058e-01	5.715599890355199664e-01
5.999999999999999778e-02	2.694792987419259989e-01	5.715599869449975445e-01
6.500000000000000222e-02	2.693901076240913794e-01	5.715599846704988440e-01
7.000000000000000666e-02	2.692937812814645282e-01	5.715599822114578732e-01
7.500000000000001110e-02	2.691903197286590332e-01	5.715599795672889893e-01
8.000000000000000167e-02	2.690797229820888203e-01	5.715599767373343854e-01
8.499999999999999223e-02	2.689619910586391605e-01	5.715599737209164921e-01
8.999999999999999667e-02	2.688371239770101506e-01	5.715599705172844658e-01
9.500000000000000111e-02	2.687051217563830030e-01	5.715599671256668124e-01
1.000000000000000056e-01	2.685659844177706312e-01	5.715599635452183191e-01
1.050000000000000100e-01	2.684197119826779443e-01	5.715599597750720129e-01
1.100000000000000006e-01	2.682663044744604819e-01	5.715599558142860914e-01
1.149999999999999911e-01	2.681057619169781026e-01	5.715599516618964371e-01
1.199999999999999956e-01	2.679380843359623898e-01	5.715599473168628819e-01
1.250000000000000000e-01	2.677632717576627908e-01	5.715599427781219433e-01
1.300000000000000044e-01	2.675813242102240141e-01	5.715599380445324229e-01
1.350000000000000089e-01	2.673922417223236203e-01	5.715599331149290308e-01
1.400000000000000133e-01	2.671960243245600775e-01	5.715599279880674288e-01
1.450000000000000178e-01	2.669926720480812476e-01	5.715599226626778551e-01
1.499999999999999944e-01	2.667821849259838785e-01	5.715599171374102783e-01
1.549999999999999989e-01	2.665645629919321524e-01	5.715599114108873557e-01
1.600000000000000033e-01	2.663398062815696687e-01	5.715599054816499214e-01
1.650000000000000078e-01	2.661079148311269460e-01	5.715598993482103873e-01
1.700000000000000122e-01	2.658688886788471706e-01	5.715598930089974550e-01
1.749999999999999889e-01	2.656227278635814315e-01	5.715598864624096276e-01
1.799999999999999933e-01	2.653694324262290682e-01	5.715598797067595882e-01
1.849999999999999978e-01	2.651090024083206376e-01	5.715598727403284895e-01
1.900000000000000022e-01	2.648414378534730829e-01	5.715598655613094436e-01
1.950000000000000067e-01	2.645667388059589897e-01	5.715598581678618118e-01
2.000000000000000111e-01	2.642849053121789638e-01	5.715598505580548050e-01
2.050000000000000155e-01	2.639959374192157315e-01	5.715598427299221074e-01
2.099999999999999922e-01	2.636998351763240600e-01	5.715598346814049213e-01
2.149999999999999967e-01	2.633965986334694254e-01	5.715598264104060355e-01
2.200000000000000011e-01	2.630862278428365286e-01	5.715598179147334257e-01
2.250000000000000056e-01	2.627687228573514777e-01	5.715598091921544333e-01
2.300000000000000100e-01	2.624440837322098985e-01	5.715598002403387001e-01
2.349999999999999867e-01	2.621123105233816308e-01	5.715597910569126805e-01
2.399999999999999911e-01	2.617734032891599893e-01	5.715597816394017983e-01
2.449999999999999956e-01	2.614273620886471972e-01	5.715597719852858472e-01
2.500000000000000000e-01	2.610741869833265172e-01	5.715597620919403710e-01
2.550000000000000044e-01	2.607138780355274799e-01	5.715597519566921747e-01
2.600000000000000089e-01	2.603464353100217177e-01	5.715597415767603717e-01
2.650000000000000133e-01	2.599718588724669321e-01	5.715597309493118949e-01
2.700000000000000178e-01	2.595901487910280969e-01	5.715597200714025439e-01
2.750000000000000222e-01	2.592013051347985542e-01	5.715597089400326070e-01
2.800000000000000266e-01	2.588053279754481961e-01	5.715596975520869094e-01
2.850000000000000311e-01	2.584022173856205806e-01	5.715596859043909905e-01
2.899999999999999800e-01	2.579919734406093124e-01	5.715596739936513737e-01
2.949999999999999845e-01	2.575745962167299008e-01	5.715596618165104115e-01
2.999999999999999889e-01	2.571500857930259509e-01	5.715596493694873326e-01
3.049999999999999933e-01	2.567184422496143759e-01	5.715596366490330871e-01
3.099999999999999978e-01	2.562796656694231179e-01	5.715596236514703943e-01
3.150000000000000022e-01	2.558337561365083834e-01	5.715596103730489208e-01
3.200000000000000067e-01	2.553807137378250047e-01	5.715595968098851065e-01
3.250000000000000111e-01	2.549205385615147534e-01	5.715595829580175646e-01
3.300000000000000155e-01	2.544532306987113968e-01	5.715595688133455754e-01
3.350000000000000200e-01	2.539787902417975918e-01	5.715595543716859295e-01
3.400000000000000244e-01	2.534972172862472450e-01	5.715595396287098673e-01
3.449999999999999734e-01	2.530085119288493778e-01	5.715595245799999224e-01
3.499999999999999778e-01	2.525126742695893989e-01	5.715595092209876382e-01
3.549999999999999822e-01	2.520097044098382755e-01	5.715594935470088567e-01
3.599999999999999867e-01	2.514996024542751618e-01	5.715594775532422123e-01
3.649999999999999911e-01	2.509823685090396550e-01	5.715594612347637549e-01
3.699999999999999956e-01	2.504580026836980000e-01	5.715594445864849993e-01
3.750000000000000000e-01	2.499265050893571538e-01	5.715594276032077703e-01
3.800000000000000044e-01	2.493878758406763152e-01	5.715594102795616971e-01
3.850000000000000089e-01	2.488421150539406046e-01	5.715593926100590583e-01
3.900000000000000133e-01	2.482892228491209718e-01	5.715593745890311661e-01
3.950000000000000178e-01	2.477291993479051602e-01	5.715593562106842107e-01
4.000000000000000222e-01	2.471620446758085177e-01	5.715593374690344231e-01
4.050000000000000266e-01	2.465877589601601083e-01	5.715593183579638081e-01
4.099999999999999756e-01	2.460063423322672305e-01	5.715592988711549749e-01
4.149999999999999800e-01	2.454177949253540381e-01	5.715592790021463143e-01
4.199999999999999845e-01	2.448221168767831801e-01	5.715592587442669403e-01
4.249999999999999889e-01	2.442193083259443787e-01	5.715592380906915349e-01
4.299999999999999933e-01	2.436093694165359647e-01	5.715592170343742895e-01
4.349999999999999978e-01	2.429923002944008315e-01	5.715591955681034175e-01
4.400000000000000022e-01	2.423681011098716420e-01	5.715591736844355397e-01
4.450000000000000067e-01	2.417367720155510491e-01	5.715591513757483089e-01
4.500000000000000111e-01	2.410983131687240433e-01	5.715591286341759059e-01
4.550000000000000155e-01	2.404527247290797476e-01	5.715591054516601099e-01
4.600000000000000200e-01	2.398000068611945701e-01	5.715590818198857948e-01
4.649999999999999689e-01	2.391401597321922978e-01	5.715590577303306663e-01
4.699999999999999734e-01	2.384731835143022727e-01	5.715590331742016472e-01
4.749999999999999778e-01	2.377990783824545651e-01	5.715590081424829494e-01
4.799999999999999822e-01	2.371178445169172533e-01	5.715589826258719031e-01
4.849999999999999867e-01	2.364294821008229852e-01	5.715589566148268075e-01
4.899999999999999911e-01	2.357339913228904960e-01	5.715589300995023159e-01
4.949999999999999956e-01	2.350313723748784778e-01	5.715589030697952877e-01
5.000000000000000000e-01	2.343216254543961929e-01	5.715588755152815059e-01
5.050000000000000044e-01	2.336047507622807662e-01	5.715588474252590867e-01
5.100000000000000089e-01	2.328807485055021942e-01	5.715588187886855298e-01
5.150000000000000133e-01	2.321496188944597305e-01	5.715587895942187968e-01
5.200000000000000178e-01	2.314113621459870651e-01	5.715587598301558048e-01
5.250000000000000222e-01	2.306659784805630553e-01	5.715587294844703958e-01
5.300000000000000266e-01	2.299134681254232648e-01	5.715586985447527191e-01
5.350000000000000311e-01	2.291538313116802117e-01	5.715586669982443135e-01
5.400000000000000355e-01	2.283870682775477057e-01	5.715586348317788223e-01
5.450000000000000400e-01	2.276131792653655894e-01	5.715586020318129679e-01
5.500000000000000444e-01	2.268321645249438134e-01	5.715585685843698194e-01
5.550000000000000488e-01	2.260440243104857860e-01	5.715585344750652164e-01
5.600000000000000533e-01	2.252487588840602073e-01	5.715584996890524794e-01
5.649999999999999467e-01	2.244463685124170327e-01	5.715584642110447255e-01
5.699999999999999512e-01	2.236368534705949485e-01	5.715584280252616889e-01
5.749999999999999556e-01	2.228202140386236485e-01	5.715583911154468177e-01
5.799999999999999600e-01	2.219964505052759163e-01	5.715583534648168706e-01
5.849999999999999645e-01	2.211655631646492759e-01	5.715583150560723524e-01
5.899999999999999689e-01	2.203275523200721453e-01	5.715582758713511069e-01
5.949999999999999734e-01	2.194824182805574231e-01	5.715582358922312034e-01
5.999999999999999778e-01	2.186301613648732600e-01	5.715581950996888594e-01
6.049999999999999822e-01	2.177707818978604770e-01	5.715581534740931113e-01
6.099999999999999867e-01	2.169042802146789739e-01	5.715581109951678451e-01
6.149999999999999911e-01	2.160306566569807352e-01	5.715580676419780293e-01
6.199999999999999956e-01	2.151499115773440329e-01	5.715580233928967413e-01
6.250000000000000000e-01	2.142620453352924725e-01	5.715579782255810759e-01
6.300000000000000044e-01	2.133670583019301459e-01	5.715579321169451665e-01
6.350000000000000089e-01	2.124649508557971411e-01	5.715578850431241031e-01
6.400000000000000133e-01	2.115557233877198851e-01	5.715578369794550584e-01
6.450000000000000178e-01	2.106393762964920702e-01	5.715577879004266615e-01
6.500000000000000222e-01	2.097159099939558402e-01	5.715577377796686731e-01
6.550000000000000266e-01	2.087853249004968381e-01	5.715576865898864822e-01
6.600000000000000311e-01	2.078476214503729991e-01	5.715576343028597739e-01
6.650000000000000355e-01	2.069028000870110906e-01	5.715575808893603726e-01
6.700000000000000400e-01	2.059508612686017648e-01	5.715575263191612354e-01
6.750000000000000444e-01	2.049918054631840181e-01	5.715574705609343109e-01
6.800000000000000488e-01	2.040256331545265422e-01	5.715574135822729662e-01
6.850000000000000533e-01	2.030523448369856432e-01	5.715573553495674197e-01
6.899999999999999467e-01	2.020719410216949008e-01	5.715572958280406013e-01
6.949999999999999512e-01	2.010844222311805596e-01	5.715572349815992714e-01
6.999999999999999556e-01	2.000897890058836170e-01	5.715571727728856466e-01
7.049999999999999600e-01	1.990880418985156719e-01	5.715571091631002076e-01
7.099999999999999645e-01	1.980791814809398643e-01	5.715570441120719769e-01
7.149999999999999689e-01	1.970632083382481692e-01	5.715569775780490192e-01
7.199999999999999734e-01	1.960401230760306646e-01	5.715569095177889247e-01
7.249999999999999778e-01	1.950099263141536476e-01	5.715568398863136723e-01
7.299999999999999822e-01	1.939726186944492892e-01	5.715567686370244260e-01
7.349999999999999867e-01	1.929282008741724230e-01	5.715566957214137656e-01
7.399999999999999911e-01	1.918766735341458918e-01	5.715566210892082388e-01
7.449999999999999956e-01	1.908180373718715850e-01	5.715565446880338518e-01
7.500000000000000000e-01	1.897522931101706389e-01	5.715564664635898184e-01
7.550000000000000044e-01	1.886794414899222727e-01	5.715563863592593163e-01
7.600000000000000089e-01	1.875994832792418909e-01	5.715563043163204293e-01
7.650000000000000133e-01	1.865124192658184077e-01	5.715562202734942865e-01
7.700000000000000178e-01	1.854182502666784915e-01	5.715561341671981932e-01
7.750000000000000222e-01	1.843169771200907081e-01	5.715560459310227159e-01
7.800000000000000266e-01	1.832086006959685875e-01	5.715559554960324418e-01
7.850000000000000311e-01	1.820931218873064750e-01	5.715558627901629052e-01
7.900000000000000355e-01	1.809705416212813722e-01	5.715557677385750823e-01
7.950000000000000400e-01	1.798408608501814165e-01	5.715556702629601693e-01
8.000000000000000444e-01	1.787040805632726936e-01	5.715555702819575812e-01
8.050000000000000488e-01	1.775602017771779895e-01	5.715554677103521497e-01
8.100000000000000533e-01	1.764092255485820715e-01	5.715553624595657300e-01
8.149999999999999467e-01	1.752511529640143895e-01	5.715552544367318299e-01
8.199999999999999512e-01	1.740859851534753977e-01	5.715551435452705942e-01
8.249999999999999556e-01	1.729137232795709689e-01	5.715550296838225464e-01
8.299999999999999600e-01	1.717343685521533769e-01	5.715549127469204960e-01
8.349999999999999645e-01	1.705479222167498865e-01	5.715547926237605214e-01
8.399999999999999689e-01	1.693543855703225076e-01	5.715546691989852324e-01
8.449999999999999734e-01	1.681537599489274226e-01	5.715545423512676804e-01
8.499999999999999778e-01	1.669460467447117236e-01	5.715544119542230739e-01
8.549999999999999822e-01	1.657312473927329832e-01	5.715542778747753072e-01
8.599999999999999867e-01	1.645093633893260632e-01	5.715541399742183337e-01
8.649999999999999911e-01	1.632803962780041973e-01	5.715539981063313402e-01
8.699999999999999956e-01	1.620443476693475826e-01	5.715538521186125376e-01
8.750000000000000000e-01	1.608012192258980455e-01	5.715537018501022359e-01
8.800000000000000044e-01	1.595510126837411113e-01	5.715535471328174744e-01
8.850000000000000089e-01	1.582937298362966372e-01	5.715533877892351455e-01
8.900000000000000133e-01	1.570293725577903976e-01	5.715532236339604388e-01
8.950000000000000178e-01	1.557579427858311327e-01	5.715530544708122829e-01
9.000000000000000222e-01	1.544794425469954713e-01	5.715528800947652366e-01
9.050000000000000266e-01	1.531938739380687975e-01	5.715527002885695262e-01
9.100000000000000311e-01	1.519012391540006390e-01	5.715525148250126808e-01
9.150000000000000355e-01	1.506015404676709912e-01	5.715523234629940053e-01
9.200000000000000400e-01	1.492947802605118224e-01	5.715521259501595841e-01
9.250000000000000444e-01	1.479809610006439513e-01	5.715519220183353788e-01
9.300000000000000488e-01	1.466600852765056751e-01	5.715517113866019905e-01
9.350000000000000533e-01	1.453321557731845348e-01	5.715514937559695863e-01
9.399999999999999467e-01	1.439971753094486662e-01	5.715512688129708030e-01
9.449999999999999512e-01	1.426551468120754451e-01	5.715510362234387243e-01
9.499999999999999556e-01	1.413060733567445826e-01	5.715507956367118503e-01
9.549999999999999600e-01	1.399499581401391912e-01	5.715505466783461497e-01
9.599999999999999645e-01	1.385868045252367231e-01	5.715502889550453380e-01
9.649999999999999689e-01	1.372166160109272171e-01	5.715500220461032788e-01
9.699999999999999734e-01	1.358393962823303547e-01	5.715497455091953505e-01
9.749999999999999778e-01	1.344551491776400931e-01	5.715494588703027290e-01
9.799999999999999822e-01	1.330638787442066096e-01	5.715491616305308220e-01
9.849999999999999867e-01	1.316655892022763619e-01	5.715488532542093436e-01
9.899999999999999911e-01	1.302602850077108632e-01	5.715485331769405430e-01
9.949999999999999956e-01	1.288479708122436396e-01	5.715482007915011486e-01
1.000000000000000000e+00	1.274286515338713122e-01	5.715478554573651948e-01
1.004999999999999893e+00	1.260023323131932715e-01	5.715474964839454275e-01
1.010000000000000009e+00	1.245690185927096350e-01	5.715471231418949305e-01
1.015000000000000124e+00	1.231287160687447590e-01	5.715467346431114537e-01
1.020000000000000018e+00	1.216814307811319579e-01	5.715463301541924279e-01
1.024999999999999911e+00	1.202271690601463688e-01	5.715459087724835685e-01
1.030000000000000027e+00	1.187659376283586865e-01	5.715454695421517961e-01
1.035000000000000142e+00	1.172977435419160913e-01	5.715450114253761704e-01
1.040000000000000036e+00	1.158225943067230923e-01	5.715445333216160329e-01
1.044999999999999929e+00	1.143404978133054084e-01	5.715440340328051816e-01
1.050000000000000044e+00	1.128514624699490099e-01	5.715435122865404338e-01
1.055000000000000160e+00	1.113554971302613550e-01	5.715429666938297570e-01
1.060000000000000053e+00	1.098526112464943139e-01	5.715423957771149643e-01
1.064999999999999947e+00	1.083428147887752213e-01	5.715417979187196185e-01
1.070000000000000062e+00	1.068261184225953592e-01	5.715411713948642669e-01
1.075000000000000178e+00	1.053025334185203471e-01	5.715405143124222542e-01
1.080000000000000071e+00	1.037720718587911012e-01	5.715398246504090896e-01
1.084999999999999964e+00	1.022347465361307939e-01	5.715391001819370986e-01
1.090000000000000080e+00	1.006905711956544297e-01	5.715383385250835113e-01
1.095000000000000195e+00	9.913956042116874035e-02	5.715375370459728765e-01
1.100000000000000089e+00	9.758172992020891501e-02	5.715366929214887870e-01
1.104999999999999982e+00	9.601709639597419410e-02	5.715358030181054705e-01
1.110000000000000098e+00	9.444567788544266929e-02	5.715348639696609112e-01
1.115000000000000213e+00	9.286749361480231557e-02	5.715338720247656878e-01
1.120000000000000107e+00	9.128256440342077949e-02	5.715328231438725481e-01
1.125000000000000000e+00	8.969091250031804852e-02	5.715317128056000007e-01
1.129999999999999893e+00	8.809256207055889132e-02	5.715305361287230657e-01
1.134999999999999787e+00	8.648753900998674971e-02	5.715292876242608067e-01
1.139999999999999902e+00	8.487587153574054077e-02	5.715279613499258948e-01
1.145000000000000018e+00	8.325758997615316515e-02	5.715265505898652343e-01
1.149999999999999911e+00	8.163272749413977292e-02	5.715250480517793941e-01
1.154999999999999805e+00	8.000131984891374615e-02	5.715234454490670801e-01
1.159999999999999920e+00	7.836340629078039632e-02	5.715217337545913656e-01
1.165000000000000036e+00	7.671902929124330139e-02	5.715199026495555445e-01
1.169999999999999929e+00	7.506823566152490135e-02	5.715179408532771177e-01
1.174999999999999822e+00	7.341107624791086417e-02	5.715158353876603758e-01
1.179999999999999938e+00	7.174760734604011814e-02	5.715135720101374162e-01
1.185000000000000053e+00	7.007789035931176469e-02	5.715111342192753519e-01
1.189999999999999947e+00	6.840199360965319719e-02	5.715085038295104614e-01
1.194999999999999840e+00	6.671999195911575142e-02	5.715056596075833717e-01
1.199999999999999956e+00	6.503196916024024665e-02	5.715025780448228510e-01
1.205000000000000071e+00	6.333801744574711623e-02	5.714992314579094845e-01
1.209999999999999964e+00	6.163824062557304168e-02	5.714955890405026828e-01
1.214999999999999858e+00	5.993275365892897916e-02	5.714916141717953924e-01
1.219999999999999973e+00	5.822168680356360621e-02	5.714872658696166230e-01
1.225000000000000089e+00	5.650518520238025089e-02	5.714824949024492895e-01
1.229999999999999982e+00	5.478341454561752588e-02	5.714772458299490765e-01
1.234999999999999876e+00	5.305656073820431279e-02	5.714714512650335143e-01
1.239999999999999991e+00	5.132483778607761782e-02	5.714650347910282813e-01
1.245000000000000107e+00	4.958848767511113420e-02	5.714579022882706472e-01
1.250000000000000000e+00	4.784779160849110535e-02	5.714499461885718112e-01
1.254999999999999893e+00	4.610307035230380712e-02	5.714410320063482152e-01
1.260000000000000009e+00	4.435470066134188094e-02	5.714310046841429847e-01
1.265000000000000124e+00	4.260311658906113658e-02	5.714196670301572301e-01
1.270000000000000018e+00	4.084883419277994532e-02	5.714067894262385705e-01
1.274999999999999911e+00	3.909245478919883693e-02	5.713920740956348610e-01
1.280000000000000027e+00	3.733470331851600904e-02	5.713751703955972649e-01
1.285000000000000142e+00	3.557643551254958958e-02	5.713556132349845162e-01
1.290000000000000036e+00	3.381869962473126739e-02	5.713328480050329228e-01
1.294999999999999929e+00	3.206275153460354244e-02	5.713061196158119026e-01
1.300000000000000044e+00	3.031015801351025912e-02	5.712745148702371711e-01
1.305000000000000160e+00	2.856282815331366229e-02	5.712367522539015807e-01
1.310000000000000053e+00	2.682319331806745991e-02	5.711912579149546199e-01
1.314999999999999947e+00	2.509427251027967695e-02	5.711357449124331298e-01
1.320000000000000062e+00	2.337999823851210149e-02	5.710673599319275873e-01
1.325000000000000178e+00	2.168535163369184407e-02	5.709817919472187642e-01
1.330000000000000071e+00	2.001696651071620259e-02	5.708735887283972188e-01
1.334999999999999964e+00	1.838339523229504460e-02	5.707341755021403396e-01
1.340000000000000080e+00	1.679619564708657864e-02	5.705526619543136446e-01
1.345000000000000195e+00	1.527034633570731326e-02	5.703113963570843881e-01
1.350000000000000089e+00	1.382580366541226458e-02	5.699885043228065662e-01
1.354999999999999982e+00	1.248746861057997530e-02	5.695490124079102268e-01
1.360000000000000098e+00	1.128519855811818164e-02	5.689539425331836542e-01
1.365000000000000213e+00	1.025013199132334719e-02	5.681498439398493527e-01
1.370000000000000107e+00	9.406804935228375159e-03	5.670948316437564030e-01
1.375000000000000000e+00	8.764432614478137595e-03	5.657602851090975937e-01
1.379999999999999893e+00	8.308274984672145078e-03	5.641549069231781566e-01
1.384999999999999787e+00	8.005581039083926528e-03	5.623239605687958553e-01
1.389999999999999902e+00	7.815319986357259149e-03	5.603220989083944614e-01
1.395000000000000018e+00	7.700241781133925802e-03	5.582109430061060751e-01
1.399999999999999911e+00	7.632619916043723723e-03	5.560305888562374621e-01
1.404999999999999805e+00	7.593315998261779450e-03	5.538138545792833378e-01
1.409999999999999920e+00	7.570800618474152026e-03	5.515777297672950219e-01
1.415000000000000036e+00	7.557854061731993783e-03	5.493346395162876927e-01
1.419999999999999929e+00	7.550458669351793953e-03	5.470904886603701334e-01
1.424999999999999822e+00	7.546177068955943652e-03	5.448494319369828753e-01
1.429999999999999938e+00	7.543689184560184099e-03	5.426133748653703126e-01
1.435000000000000053e+00	7.542202253228190607e-03	5.403836347224861836e-01
1.439999999999999947e+00	7.541290745727248154e-03	5.381607961150847164e-01
1.444999999999999840e+00	7.540699950944944850e-03	5.359452539436694307e-01
1.449999999999999956e+00	7.540293555304842035e-03	5.337371689871296399e-01
1.455000000000000071e+00	7.539990054134789420e-03	5.315366418369179558e-01
1.459999999999999964e+00	7.539745873922860768e-03	5.293436988970799950e-01
1.464999999999999858e+00	7.539534970966508230e-03	5.271583477624225411e-01
1.469999999999999973e+00	7.539343427143002825e-03	5.249805727363083818e-01
1.475000000000000089e+00	7.539162924366963475e-03	5.228103524528223689e-01
1.479999999999999982e+00	7.538989017469363042e-03	5.206476584024347654e-01
1.484999999999999876e+00	7.538819049313983008e-03	5.184924605649358087e-01
1.489999999999999991e+00	7.538651599253699126e-03	5.163447268895390296e-01
1.495000000000000107e+00	7.538485817369291325e-03	5.142044251241150166e-01
1.500000000000000000e+00	7.538321248406008174e-03	5.120715225993941466e-01
1.504999999999999893e+00	7.538157619249443581e-03	5.099459868512817851e-01
1.510000000000000009e+00	7.537994782735818987e-03	5.078277855029069698e-01
1.515000000000000124e+00	7.537832649830386068e-03	5.057168865033514482e-01
1.520000000000000018e+00	7.537671171696353443e-03	5.036132580420772387e-01
1.524999999999999911e+00	7.537510318059008688e-03	5.015168686650458563e-01
1.530000000000000027e+00	7.537350071482174299e-03	4.994276872007110679e-01
1.535000000000000142e+00	7.537190420470068521e-03	4.973456828362590731e-01
1.540000000000000036e+00	7.537031357638084537e-03	4.952708250485134966e-01
1.544999999999999929e+00	7.536872877516260193e-03	4.932030836665410312e-01
1.550000000000000044e+00	7.536714975962162562e-03	4.911424288053138909e-01
1.555000000000000160e+00	7.536557649463856978e-03	4.890888309230305153e-01
1.560000000000000053e+00	7.536400894948943469e-03	4.870422607568058448e-01
1.564999999999999947e+00	7.536244709565604293e-03	4.850026893773861092e-01
1.570000000000000062e+00	7.536089090618019320e-03	4.829700881265932000e-01
1.575000000000000178e+00	7.535934035499746581e-03	4.809444286703184468e-01
1.580000000000000071e+00	7.535779541669519396e-03	4.789256829375902469e-01
1.584999999999999964e+00	7.535625606633100312e-03	4.769138231721612997e-01
1.590000000000000080e+00	7.535472227932028810e-03	4.749088218731176148e-01
1.595000000000000195e+00	7.535319403140859629e-03	4.729106518451925978e-01
1.600000000000000089e+00	7.535167129860119786e-03	4.709192861408524333e-01
1.604999999999999982e+00	7.535015405718372902e-03	4.689346981094091316e-01
1.610000000000000098e+00	7.534864228366607367e-03	4.669568613405259971e-01
1.615000000000000213e+00	7.534713595481767369e-03	4.649857497121832051e-01
1.620000000000000107e+00	7.534563504761678833e-03	4.630213373355485107e-01
1.625000000000000000e+00	7.534413953928977697e-03	4.610635986018412069e-01
1.629999999999999893e+00	7.534264940726291722e-03	4.591125081285178378e-01
1.634999999999999787e+00	7.534116462920229483e-03	4.571680408050766142e-01
1.639999999999999902e+00	7.533968518296714836e-03	4.552301717405081716e-01
1.645000000000000018e+00	7.533821104664942085e-03	4.532988763080814665e-01
1.649999999999999911e+00	7.533674219852825801e-03	4.513741300940126155e-01
1.654999999999999805e+00	7.533527861710887473e-03	4.494559089412700770e-01
1.659999999999999920e+00	7.533382028107814612e-03	4.475441888994157180e-01
1.665000000000000036e+00	7.533236716934266740e-03	4.456389462674683055e-01
1.669999999999999929e+00	7.533091926098538574e-03	4.437401575448721713e-01
1.674999999999999822e+00	7.532947653530281881e-03	4.418477994734535397e-01
1.679999999999999938e+00	7.532803897176271017e-03	4.399618489894759898e-01
1.685000000000000053e+00	7.532660655004046711e-03	4.380822832647241483e-01
1.689999999999999947e+00	7.532517924997770078e-03	4.362090796596058140e-01
1.694999999999999840e+00	7.532375705161798753e-03	4.343422157633940461e-01
1.699999999999999956e+00	7.532233993516622428e-03	4.324816693483383712e-01
1.705000000000000071e+00	7.532092788102374807e-03	4.306274184090985169e-01
1.709999999999999964e+00	7.531952086974852412e-03	4.287794411178257326e-01
1.714999999999999858e+00	7.531811888208952803e-03	4.269377158628182567e-01
1.719999999999999973e+00	7.531672189894784465e-03	4.251022212045376669e-01
1.725000000000000089e+00	7.531532990141029567e-03	4.232729359135155023e-01
1.729999999999999982e+00	7.531394287071144049e-03	4.214498389272707812e-01
1.734999999999999876e+00	7.531256078826644926e-03	4.196329093874948679e-01
1.739999999999999991e+00	7.531118363563397110e-03	4.178221265978364074e-01
1.745000000000000107e+00	7.530981139454833058e-03	4.160174700603935793e-01
1.750000000000000000e+00	7.530844404688312455e-03	4.142189194343340319e-01
1.754999999999999893e+00	7.530708157468291551e-03	4.124264545717196140e-01
1.760000000000000009e+00	7.530572396012744432e-03	4.106400554769312206e-01
1.765000000000000124e+00	7.530437118556278578e-03	4.088597023418513166e-01
1.770000000000000018e+00	7.530302323346626386e-03	4.070853755060643286e-01
1.774999999999999911e+00	7.530168008647703491e-03	4.053170554914202195e-01
1.780000000000000027e+00	7.530034172736167070e-03	4.035547229629827259e-01
1.785000000000000142e+00	7.529900813904422119e-03	4.017983587629980202e-01
1.790000000000000036e+00	7.529767930457243949e-03	4.000479438725629833e-01
1.794999999999999929e+00	7.529635520714732418e-03	3.983034594450198251e-01
1.800000000000000044e+00	7.529503583008995138e-03	3.965648867683196355e-01
1.805000000000000160e+00	7.529372115687051406e-03	3.948322072978649455e-01
1.810000000000000053e+00	7.529241117107583064e-03	3.931054026195424100e-01
1.814999999999999947e+00	7.529110585643779448e-03	3.913844544820340166e-01
1.820000000000000062e+00	7.528980519680149829e-03	3.896693447604945848e-01
1.825000000000000178e+00	7.528850917615330200e-03	3.879600554883523844e-01
1.830000000000000071e+00	7.528721777858939958e-03	3.862565688216076376e-01
1.834999999999999964e+00	7.528593098834347047e-03	3.845588670701405309e-01
1.840000000000000080e+00	7.528464878975586229e-03	3.828669326626096270e-01
1.845000000000000195e+00	7.528337116730071318e-03	3.811807481772861994e-01
1.850000000000000089e+00	7.528209810555570695e-03	3.795002963075296831e-01
1.854999999999999982e+00	7.528082958922876176e-03	3.778255598921655967e-01
1.860000000000000098e+00	7.527956560312829698e-03	3.761565218815187128e-01
1.865000000000000213e+00	7.527830613218952291e-03	3.744931653673514993e-01
1.870000000000000107e+00	7.527705116144519336e-03	3.728354735494343597e-01
1.875000000000000000e+00	7.527580067605149639e-03	3.711834297650601910e-01
1.879999999999999893e+00	7.527455466125928391e-03	3.695370174561338206e-01
1.884999999999999787e+00	7.527331310243955478e-03	3.678962201982789448e-01
1.889999999999999902e+00	7.527207598505524823e-03	3.662610216684263342e-01
1.895000000000000018e+00	7.527084329468624983e-03	3.646314056735296405e-01
1.899999999999999911e+00	7.526961501700161865e-03	3.630073561186344389e-01
1.904999999999999805e+00	7.526839113778434169e-03	3.613888570352164487e-01
1.909999999999999920e+00	7.526717164290392531e-03	3.597758925497156479e-01
1.915000000000000036e+00	7.526595651834081142e-03	3.581684469115109515e-01
1.919999999999999929e+00	7.526474575015935052e-03	3.565665044619020230e-01
1.924999999999999822e+00	7.526353932453199239e-03	3.549700496617333445e-01
1.929999999999999938e+00	7.526233722771257136e-03	3.533790670608092932e-01
1.935000000000000053e+00	7.526113944606015009e-03	3.517935413251806476e-01
1.939999999999999947e+00	7.525994596601280791e-03	3.502134572069766083e-01
1.944999999999999840e+00	7.525875677411105955e-03	3.486387995713663979e-01
1.949999999999999956e+00	7.525757185697210319e-03	3.470695533667937926e-01
1.955000000000000071e+00	7.525639120131289231e-03	3.455057036516259172e-01
1.959999999999999964e+00	7.525521479392476530e-03	3.439472355647765212e-01
1.964999999999999858e+00	7.525404262169623111e-03	3.423941343520528480e-01
1.969999999999999973e+00	7.525287467158791113e-03	3.408463853371533347e-01
1.975000000000000089e+00	7.525171093065511664e-03	3.393039739477251571e-01
1.979999999999999982e+00	7.525055138602308562e-03	3.377668856867233060e-01
1.984999999999999876e+00	7.524939602490926527e-03	3.362351061581883016e-01
1.989999999999999991e+00	7.524824483459894783e-03	3.347086210389542127e-01
1.995000000000000107e+00	7.524709780246725821e-03	3.331874161041574189e-01
2.000000000000000000e+00	7.524595491595506731e-03	3.316714771992817501e-01
2.004999999999999893e+00	7.524481616259078021e-03	3.301607902654070670e-01
2.009999999999999787e+00	7.524368152996657039e-03	3.286553413115801403e-01
2.014999999999999680e+00	7.524255100575985566e-03	3.271551164398133205e-01
2.020000000000000018e+00	7.524142457770987939e-03	3.256601018177694429e-01
2.024999999999999911e+00	7.524030223363896083e-03	3.241702837035195794e-01
2.029999999999999805e+00	7.523918396142933659e-03	3.226856484185313678e-01
2.035000000000000142e+00	7.523806974904418549e-03	3.212061823721937270e-01
2.040000000000000036e+00	7.523695958450475618e-03	3.197318720350997845e-01
2.044999999999999929e+00	7.523585345591119258e-03	3.182627039633463828e-01
2.049999999999999822e+00	7.523475135141990434e-03	3.167986647721008353e-01
2.054999999999999716e+00	7.523365325926414937e-03	3.153397411596843281e-01
2.060000000000000053e+00	7.523255916773175130e-03	3.138859198814120122e-01
2.064999999999999947e+00	7.523146906518541309e-03	3.124371877734690717e-01
2.069999999999999840e+00	7.523038294004069475e-03	3.109935317270145494e-01
2.075000000000000178e+00	7.522930078078614476e-03	3.095549387118560203e-01
2.080000000000000071e+00	7.522822257596149462e-03	3.081213957508108781e-01
2.084999999999999964e+00	7.522714831417764286e-03	3.066928899431856648e-01
2.089999999999999858e+00	7.522607798409504908e-03	3.052694084393849927e-01
2.094999999999999751e+00	7.522501157444353576e-03	3.038509384642041899e-01
2.100000000000000089e+00	7.522394907400094255e-03	3.024374672916771423e-01
2.104999999999999982e+00	7.522289047161271995e-03	3.010289822681886385e-01
2.109999999999999876e+00	7.522183575617079170e-03	2.996254707875534162e-01
2.115000000000000213e+00	7.522078491663300101e-03	2.982269203139535918e-01
2.120000000000000107e+00	7.521973794200219852e-03	2.968333183572427481e-01
2.125000000000000000e+00	7.521869482134549770e-03	2.954446524957144438e-01
2.129999999999999893e+00	7.521765554377357957e-03	2.940609103516227396e-01
2.134999999999999787e+00	7.521662009845976604e-03	2.926820796137885594e-01
2.140000000000000124e+00	7.521558847461955882e-03	2.913081480133299372e-01
2.145000000000000018e+00	7.521456066152955658e-03	2.899391033461111711e-01
2.149999999999999911e+00	7.521353664850714132e-03	2.885749334486762963e-01
2.155000000000000249e+00	7.521251642492929150e-03	2.872156262205455279e-01
2.160000000000000142e+00	7.521149998021245918e-03	2.858611696003475755e-01
2.165000000000000036e+00	7.521048730383117498e-03	2.845115515879673707e-01
2.169999999999999929e+00	7.520947838529820281e-03	2.831667602208695067e-01
2.174999999999999822e+00	7.520847321418291063e-03	2.818267835961045797e-01
2.180000000000000160e+00	7.520747178009167672e-03	2.804916098468168140e-01
2.185000000000000053e+00	7.520647407268607823e-03	2.791612271641132903e-01
2.189999999999999947e+00	7.520548008166347970e-03	2.778356237737509837e-01
2.195000000000000284e+00	7.520448979677510012e-03	2.765147879578720436e-01
2.200000000000000178e+00	7.520350320780674024e-03	2.751987080318659684e-01
2.205000000000000071e+00	7.520252030459675420e-03	2.738873723659753789e-01
2.209999999999999964e+00	7.520154107701692431e-03	2.725807693623269468e-01
2.214999999999999858e+00	7.520056551499031995e-03	2.712788874764119340e-01
2.220000000000000195e+00	7.519959360847230240e-03	2.699817151942817683e-01
2.225000000000000089e+00	7.519862534746826234e-03	2.686892410539073461e-01
2.229999999999999982e+00	7.519766072201481549e-03	2.674014536225333694e-01
2.235000000000000320e+00	7.519669972219741004e-03	2.661183415179197431e-01
2.240000000000000213e+00	7.519574233813162631e-03	2.648398933858520099e-01
2.245000000000000107e+00	7.519478855998071483e-03	2.635660979212674504e-01
2.250000000000000000e+00	7.519383837793705214e-03	2.622969438459164526e-01
2.254999999999999893e+00	7.519289178223953138e-03	2.610324199293775349e-01
2.259999999999999787e+00	7.519194876315515690e-03	2.597725149668654310e-01
2.264999999999999680e+00	7.519100931099634809e-03	2.585172178001381993e-01
2.270000000000000018e+00	7.519007341610268146e-03	2.572665172954474166e-01
2.274999999999999911e+00	7.518914106885806435e-03	2.560204023643414262e-01
2.279999999999999805e+00	7.518821225967260713e-03	2.547788619417533096e-01
2.285000000000000142e+00	7.518728697899969282e-03	2.535418850067021612e-01
2.290000000000000036e+00	7.518636521731804009e-03	2.523094605605173402e-01
2.294999999999999929e+00	7.518544696514859078e-03	2.510815776474392691e-01
2.299999999999999822e+00	7.518453221303672898e-03	2.498582253329756087e-01
2.304999999999999716e+00	7.518362095156909050e-03	2.486393927244057445e-01
2.310000000000000053e+00	7.518271317135586870e-03	2.474250689492652755e-01
2.314999999999999947e+00	7.518180886304756325e-03	2.462152431757561044e-01
2.319999999999999840e+00	7.518090801731742469e-03	2.450099045913559925e-01
2.325000000000000178e+00	7.518001062487802977e-03	2.438090424231367792e-01
2.330000000000000071e+00	7.517911667646390815e-03	2.426126459164970606e-01
2.334999999999999964e+00	7.517822616284801363e-03	2.414207043553891763e-01
2.339999999999999858e+00	7.517733907482448096e-03	2.402332070411721254e-01
2.344999999999999751e+00	7.517645540322496697e-03	2.390501433127509290e-01
2.350000000000000089e+00	7.517557513890155488e-03	2.378715025255460080e-01
2.354999999999999982e+00	7.517469827274299993e-03	2.366972740715470036e-01
2.359999999999999876e+00	7.517382479565773781e-03	2.355274473583959527e-01
2.365000000000000213e+00	7.517295469859005229e-03	2.343620118293571475e-01
2.370000000000000107e+00	7.517208797250318764e-03	2.332009569425128326e-01
2.375000000000000000e+00	7.517122460839542955e-03	2.320442721906496308e-01
2.379999999999999893e+00	7.517036459728332169e-03	2.308919470805644303e-01
2.384999999999999787e+00	7.516950793021769453e-03	2.297439711528699025e-01
2.390000000000000124e+00	7.516865459826694261e-03	2.286003339614077201e-01
2.395000000000000018e+00	7.516780459253297533e-03	2.274610250929749444e-01
2.399999999999999911e+00	7.516695790413466770e-03	2.263260341468422976e-01
2.405000000000000249e+00	7.516611452422360291e-03	2.251953507544023625e-01
2.410000000000000142e+00	7.516527444396773130e-03	2.240689645587924661e-01
2.415000000000000036e+00	7.516443765456702619e-03	2.229468652344647472e-01
2.419999999999999929e+00	7.516360414723716882e-03	2.218290424669110139e-01
2.424999999999999822e+00	7.516277391322520422e-03	2.207154859721581486e-01
2.430000000000000160e+00	7.516194694379328689e-03	2.196061854765919974e-01
2.435000000000000053e+00	7.516112323023424122e-03	2.185011307363786404e-01
2.439999999999999947e+00	7.516030276385545460e-03	2.174003115173865075e-01
2.445000000000000284e+00	7.515948553599432515e-03	2.163037176145342355e-01
2.450000000000000178e+00	7.515867153800226755e-03	2.152113388318099563e-01
2.455000000000000071e+00	7.515786076126007402e-03	2.141231650015460730e-01
2.459999999999999964e+00	7.515705319716199824e-03	2.130391859645338060e-01
2.464999999999999858e+00	7.515624883713109029e-03	2.119593915892271918e-01
2.470000000000000195e+00	7.515544767260331528e-03	2.108837717519508326e-01
2.475000000000000089e+00	7.515464969504287093e-03	2.098123163560336180e-01
2.479999999999999982e+00	7.515385489592637559e-03	2.087450153121087337e-01
2.485000000000000320e+00	7.515306326675806441e-03	2.076818585571773013e-01
2.490000000000000213e+00	7.515227479905412476e-03	2.066228360350006454e-01
2.495000000000000107e+00	7.515148948435784043e-03	2.055679377150936016e-01
2.500000000000000000e+00	7.515070731422395303e-03	2.045171535732074886e-01
2.504999999999999893e+00	7.514992828023375412e-03	2.034704736102548872e-01
2.509999999999999787e+00	7.514915237397957679e-03	2.024278878328814868e-01
2.514999999999999680e+00	7.514837958707974025e-03	2.013893862723231398e-01
2.520000000000000018e+00	7.514760991116323230e-03	2.003549589650654439e-01
2.524999999999999911e+00	7.514684333788445442e-03	1.993245959716338500e-01
2.529999999999999805e+00	7.514607985890809499e-03	1.982982873573399807e-01
2.535000000000000142e+00	7.514531946592379642e-03	1.972760232110042089e-01
2.540000000000000036e+00	7.514456215063101095e-03	1.962577936257895450e-01
2.544999999999999929e+00	7.514380790475373717e-03	1.952435887178565477e-01
2.549999999999999822e+00	7.514305672002541056e-03	1.942333986072828644e-01
2.554999999999999716e+00	7.514230858820348385e-03	1.932272134366521399e-01
2.560000000000000053e+00	7.514156350105450841e-03	1.922250233520582940e-01
2.564999999999999947e+00	7.514082145036866250e-03	1.912268185216282057e-01
2.569999999999999840e+00	7.514008242794479805e-03	1.902325891166101457e-01
2.575000000000000178e+00	7.513934642560498624e-03	1.892423253298303187e-01
2.580000000000000071e+00	7.513861343517965093e-03	1.882560173568657014e-01
2.584999999999999964e+00	7.513788344852199291e-03	1.872736554144339705e-01
2.589999999999999858e+00	7.513715645749327078e-03	1.862952297216497466e-01
2.594999999999999751e+00	7.513643245397709503e-03	1.853207305183490472e-01
2.600000000000000089e+00	7.513571142986481301e-03	1.843501480464279918e-01
2.604999999999999982e+00	7.513499337706976838e-03	1.833834725681016131e-01
2.609999999999999876e+00	7.513427828751273810e-03	1.824206943473247466e-01
2.615000000000000213e+00	7.513356615313610508e-03	1.814618036679850888e-01
2.620000000000000107e+00	7.513285696588937329e-03	1.805067908154066592e-01
2.625000000000000000e+00	7.513215071774335778e-03	1.795556460944765509e-01
2.629999999999999893e+00	7.513144740067569105e-03	1.786083598112300219e-01
2.634999999999999787e+00	7.513074700668494373e-03	1.776649222909115200e-01
2.640000000000000124e+00	7.513004952777627837e-03	1.767253238596412368e-01
2.645000000000000018e+00	7.512935495597545740e-03	1.757895548624104909e-01
2.649999999999999911e+00	7.512866328331455762e-03	1.748576056448288285e-01
2.655000000000000249e+00	7.512797450184594342e-03	1.739294665710535981e-01
2.660000000000000142e+00	7.512728860362809409e-03	1.730051280056187357e-01
2.665000000000000036e+00	7.512660558073942958e-03	1.720845803312966160e-01
2.669999999999999929e+00	7.512592542526424187e-03	1.711678139310086610e-01
2.674999999999999822e+00	7.512524812930649470e-03	1.702548192056211329e-01
2.680000000000000160e+00	7.512457368497581570e-03	1.693455865559354567e-01
2.685000000000000053e+00	7.512390208440121800e-03	1.684401064004181214e-01
2.689999999999999947e+00	7.512323331971713578e-03	1.675383691572711886e-01
2.695000000000000284e+00	7.512256738307713719e-03	1.666403652620951081e-01
2.700000000000000178e+00	7.512190426664003794e-03	1.657460851500407173e-01
2.705000000000000071e+00	7.512124396258348415e-03	1.648555192734040276e-01
2.709999999999999964e+00	7.512058646309020468e-03	1.639686580838589369e-01
2.714999999999999858e+00	7.511993176036152464e-03	1.630854920499846816e-01
2.720000000000000195e+00	7.511927984660365237e-03	1.622060116395789009e-01
2.725000000000000089e+00	7.511863071404114960e-03	1.613302073371178091e-01
2.729999999999999982e+00	7.511798435490330515e-03	1.604580696261491413e-01
2.735000000000000320e+00	7.511734076143753575e-03	1.595895890066844625e-01
2.740000000000000213e+00	7.511669992589582040e-03	1.587247559776733818e-01
2.745000000000000107e+00	7.511606184054805783e-03	1.578635610543260848e-01
2.750000000000000000e+00	7.511542649766853562e-03	1.570059947506692311e-01
2.754999999999999893e+00	7.511479388954927019e-03	1.561520475967996258e-01
2.759999999999999787e+00	7.511416400848652808e-03	1.553017101215203033e-01
2.764999999999999680e+00	7.511353684679409649e-03	1.544549728695255031e-01
2.770000000000000018e+00	7.511291239678990865e-03	1.536118263841176057e-01
2.774999999999999911e+00	7.511229065080917561e-03	1.527722612243221645e-01
2.779999999999999805e+00	7.511167160119119370e-03	1.519362679476863320e-01
2.785000000000000142e+00	7.511105524029232892e-03	1.511038371273232261e-01
2.790000000000000036e+00	7.511044156047289380e-03	1.502749593347924018e-01
2.794999999999999929e+00	7.510983055411013173e-03	1.494496251570731071e-01
2.799999999999999822e+00	7.510922221358512854e-03	1.486278251795263572e-01
2.804999999999999716e+00	7.510861653129571013e-03	1.478095500027969411e-01
2.810000000000000053e+00	7.510801349964349276e-03	1.469947902258576522e-01
2.814999999999999947e+00	7.510741311104663330e-03	1.461835364628396583e-01
2.819999999999999840e+00	7.510681535792699225e-03	1.453757793261587217e-01
2.825000000000000178e+00	7.510622023272287527e-03	1.445715094432726278e-01
2.830000000000000071e+00	7.510562772787615290e-03	1.437707174398912546e-01
2.834999999999999964e+00	7.510503783584503677e-03	1.429733939566603662e-01
2.839999999999999858e+00	7.510445054909121662e-03	1.421795296324540325e-01
2.844999999999999751e+00	7.510386586009256717e-03	1.413891151209861474e-01
2.850000000000000089e+00	7.510328376133044125e-03	1.406021410741852828e-01
2.854999999999999982e+00	7.510270424530219452e-03	1.398185981587322102e-01
2.859999999999999876e+00	7.510212730450862607e-03	1.390384770395184377e-01
2.865000000000000213e+00	7.510155293146642506e-03	1.382617683961089028e-01
2.870000000000000107e+00	7.510098111869564601e-03	1.374884629062850805e-01
2.875000000000000000e+00	7.510041185873216410e-03	1.367185512624316535e-01
2.879999999999999893e+00	7.509984514411515918e-03	1.359520241551642195e-01
2.884999999999999787e+00	7.509928096739951035e-03	1.351888722896402717e-01
2.890000000000000124e+00	7.509871932114338400e-03	1.344290863692712001e-01
2.895000000000000018e+00	7.509816019792055902e-03	1.336726571119574714e-01
2.899999999999999911e+00	7.509760359030804959e-03	1.329195752338852843e-01
2.905000000000000249e+00	7.509704949089839564e-03	1.321698314656841178e-01
2.910000000000000142e+00	7.509649789228738104e-03	1.314234165363100393e-01
2.915000000000000036e+00	7.509594878708619400e-03	1.306803211891250371e-01
2.919999999999999929e+00	7.509540216790925801e-03	1.299405361658655944e-01
2.924999999999999822e+00	7.509485802738633149e-03	1.292040522226448329e-01
2.930000000000000160e+00	7.509431635815039946e-03	1.284708601140068518e-01
2.935000000000000053e+00	7.509377715284971250e-03	1.277409506088497959e-01
2.939999999999999947e+00	7.509324040413573910e-03	1.270143144745670138e-01
2.945000000000000284e+00	7.509270610467514394e-03	1.262909424928906621e-01
2.950000000000000178e+00	7.509217424713780960e-03	1.255708254441201543e-01
2.955000000000000071e+00	7.509164482420874545e-03	1.248539541228853439e-01
2.959999999999999964e+00	7.509111782857623950e-03	1.241403193224625140e-01
2.964999999999999858e+00	7.509059325294359377e-03	1.234299118504569998e-01
2.970000000000000195e+00	7.509007109001741495e-03	1.227227225132068306e-01
2.975000000000000089e+00	7.508955133251931507e-03	1.220187421313844167e-01
2.979999999999999982e+00	7.508903397317415879e-03	1.213179615244885517e-01
2.985000000000000320e+00	7.508851900472181609e-03	1.206203715263632487e-01
2.990000000000000213e+00	7.508800641990546164e-03	1.199259629697797397e-01
2.995000000000000107e+00	7.508749621148318870e-03	1.192347267018722262e-01
3.000000000000000000e+00	7.508698837221641255e-03	1.185466535688085438e-01
3.004999999999999893e+00	7.508648289488148442e-03	1.178617344311436443e-01
3.009999999999999787e+00	7.508597977225810356e-03	1.171799601485796205e-01
3.014999999999999680e+00	7.508547899714085316e-03	1.165013215952348247e-01
3.020000000000000018e+00	7.508498056232769911e-03	1.158258096444946261e-01
3.024999999999999911e+00	7.508448446063147388e-03	1.151534151841960840e-01
3.029999999999999805e+00	7.508399068486847940e-03	1.144841291015688128e-01
3.035000000000000142e+00	7.508349922786980608e-03	1.138179422983347788e-01
3.040000000000000036e+00	7.508301008247009189e-03	1.131548456757406618e-01
3.044999999999999929e+00	7.508252324151873727e-03	1.124948301495711650e-01
3.049999999999999822e+00	7.508203869786874221e-03	1.118378866352731510e-01
3.054999999999999716e+00	7.508155644438787787e-03	1.111840060628829646e-01
3.060000000000000053e+00	7.508107647394756702e-03	1.105331793622420927e-01
3.064999999999999947e+00	7.508059877943396021e-03	1.098853974778375431e-01
3.069999999999999840e+00	7.508012335373697235e-03	1.092406513541101520e-01
3.075000000000000178e+00	7.507965018976123749e-03	1.085989319502069367e-01
3.080000000000000071e+00	7.507917928041518002e-03	1.079602302253829388e-01
3.084999999999999964e+00	7.507871061862196951e-03	1.073245371536649256e-01
3.089999999999999858e+00	7.507824419730864396e-03	1.066918437093465066e-01
3.094999999999999751e+00	7.507778000941699517e-03	1.060621408815630995e-01
3.100000000000000089e+00	7.507731804789275279e-03	1.054354196598809162e-01
3.104999999999999982e+00	7.507685830569636558e-03	1.048116710487826259e-01
3.109999999999999876e+00	7.507640077579235890e-03	1.041908860533499875e-01
3.115000000000000213e+00	7.507594545115997726e-03	1.035730556936599878e-01
3.120000000000000107e+00	7.507549232478259379e-03	1.029581709905624115e-01
3.125000000000000000e+00	7.507504138965836148e-03	1.023462229799844275e-01
3.129999999999999893e+00	7.507459263878958795e-03	1.017372026988039579e-01
3.134999999999999787e+00	7.507414606519342143e-03	1.011311011990630587e-01
3.140000000000000124e+00	7.507370166189127753e-03	1.005279095339367268e-01
3.145000000000000018e+00	7.507325942191936906e-03	9.992761877185431241e-02
3.149999999999999911e+00	7.507281933831829769e-03	9.933021998256447160e-02
3.155000000000000249e+00	7.507238140414351432e-03	9.873570425116411087e-02
3.160000000000000142e+00	7.507194561245492809e-03	9.814406266426009551e-02
3.165000000000000036e+00	7.507151195632731470e-03	9.755528632390468580e-02
3.169999999999999929e+00	7.507108042884002956e-03	9.696936633385463966e-02
3.174999999999999822e+00	7.507065102308732064e-03	9.638629381341275171e-02
3.180000000000000160e+00	7.507022373216811102e-03	9.580605988378423921e-02
3.185000000000000053e+00	7.506979854919625106e-03	9.522865568182496687e-02
3.189999999999999947e+00	7.506937546729037028e-03	9.465407234649428347e-02
3.195000000000000284e+00	7.506895447958406020e-03	9.408230103250922460e-02
3.200000000000000178e+00	7.506853557921583028e-03	9.351333289689617301e-02
3.205000000000000071e+00	7.506811875933913462e-03	9.294715911254874952e-02
3.209999999999999964e+00	7.506770401311250139e-03	9.238377085487831097e-02
3.214999999999999858e+00	7.506729133370942074e-03	9.182315931527647301e-02
3.220000000000000195e+00	7.506688071430857832e-03	9.126531568786459825e-02
3.225000000000000089e+00	7.506647214810367383e-03	9.071023118285967413e-02
3.229999999999999982e+00	7.506606562829369785e-03	9.015789701342308282e-02
3.235000000000000320e+00	7.506566114809272439e-03	8.960830440893016724e-02
3.240000000000000213e+00	7.506525870072021378e-03	8.906144460191851853e-02
3.245000000000000107e+00	7.506485827941077049e-03	8.851730884126017551e-02
3.250000000000000000e+00	7.506445987740450673e-03	8.797588837921015148e-02
3.254999999999999893e+00	7.506406348795672222e-03	8.743717448448079521e-02
3.259999999999999787e+00	7.506366910432835451e-03	8.690115842939082069e-02
3.264999999999999680e+00	7.506327671979558941e-03	8.636783150284137178e-02
3.270000000000000018e+00	7.506288632764034595e-03	8.583718499756587406e-02
3.274999999999999911e+00	7.506249792115985212e-03	8.530921022300767820e-02
3.279999999999999805e+00	7.506211149365725130e-03	8.478389849267077560e-02
3.285000000000000142e+00	7.506172703845097847e-03	8.426124113689792416e-02
3.290000000000000036e+00	7.506134454886552280e-03	8.374122949032382357e-02
3.294999999999999929e+00	7.506096401824078647e-03	8.322385490455307122e-02
3.299999999999999822e+00	7.506058543992279522e-03	8.270910873571472866e-02
3.304999999999999716e+00	7.506020880727306589e-03	8.219698235704113454e-02
3.310000000000000053e+00	7.505983411365936032e-03	8.168746714652408425e-02
3.314999999999999947e+00	7.505946135246500082e-03	8.118055449939329260e-02
3.319999999999999840e+00	7.505909051707971950e-03	8.067623581587514414e-02
3.325000000000000178e+00	7.505872160090880894e-03	8.017450251356977864e-02
3.330000000000000071e+00	7.505835459736417102e-03	7.967534601531339744e-02
3.334999999999999964e+00	7.505798949987330278e-03	7.917875776145349986e-02
3.339999999999999858e+00	7.505762630187042331e-03	7.868472919781441255e-02
3.344999999999999751e+00	7.505726499680545095e-03	7.819325178787087105e-02
3.350000000000000089e+00	7.505690557813516489e-03	7.770431700081674442e-02
3.354999999999999982e+00	7.505654803933207823e-03	7.721791632363676772e-02
3.359999999999999876e+00	7.505619237387572973e-03	7.673404124927896142e-02
3.365000000000000213e+00	7.505583857526147012e-03	7.625268328862333522e-02
3.370000000000000107e+00	7.505548663699180591e-03	7.577383395875907091e-02
3.375000000000000000e+00	7.505513655258509893e-03	7.529748479484969781e-02
3.379999999999999893e+00	7.505478831556703159e-03	7.482362733851474768e-02
3.384999999999999787e+00	7.505444191947922838e-03	7.435225314959185983e-02
3.390000000000000124e+00	7.505409735787077312e-03	7.388335379462264429e-02
3.395000000000000018e+00	7.505375462430673508e-03	7.341692085851135585e-02
3.399999999999999911e+00	7.505341371235981635e-03	7.295294593311549280e-02
3.405000000000000249e+00	7.505307461561876517e-03	7.249142062880038762e-02
3.410000000000000142e+00	7.505273732768010138e-03	7.203233656313497157e-02
3.415000000000000036e+00	7.505240184215649507e-03	7.157568537234222650e-02
3.419999999999999929e+00	7.505206815266850066e-03	7.112145870009980997e-02
3.424999999999999822e+00	7.505173625285290959e-03	7.066964820888603505e-02
3.430000000000000160e+00	7.505140613635456238e-03	7.022024556888621649e-02
3.435000000000000053e+00	7.505107779683457998e-03	6.977324246923359563e-02
3.439999999999999947e+00	7.505075122796228855e-03	6.932863060702126878e-02
3.445000000000000284e+00	7.505042642342339872e-03	6.888640169843762706e-02
3.450000000000000178e+00	7.505010337691195646e-03	6.844654746788497723e-02
3.455000000000000071e+00	7.504978208213846161e-03	6.800905965900899686e-02
3.459999999999999964e+00	7.504946253282191414e-03	6.757393002392297898e-02
3.464999999999999858e+00	7.504914472269781991e-03	6.714115033413250999e-02
3.470000000000000195e+00	7.504882864551037577e-03	6.671071236986537978e-02
3.475000000000000089e+00	7.504851429502034516e-03	6.628260793089012226e-02
3.479999999999999982e+00	7.504820166499730390e-03	6.585682882595275678e-02
3.485000000000000320e+00	7.504789074922749853e-03	6.543336688348878882e-02
3.490000000000000213e+00	7.504758154150615278e-03	6.501221394116667163e-02
3.495000000000000107e+00	7.504727403564522177e-03	6.459336185649322548e-02
3.500000000000000000e+00	7.504696822546579396e-03	6.417680249646393054e-02
3.504999999999999893e+00	7.504666410480579329e-03	6.376252774806155654e-02
3.509999999999999787e+00	7.504636166751237243e-03	6.335052950801328686e-02
3.514999999999999680e+00	7.504606090744962363e-03	6.294079969318253087e-02
3.520000000000000018e+00	7.504576181849105000e-03	6.253333023043301797e-02
3.524999999999999911e+00	7.504546439452713762e-03	6.212811306691353591e-02
3.529999999999999805e+00	7.504516862945798290e-03	6.172514016002894621e-02
3.535000000000000142e+00	7.504487451720069126e-03	6.132440348761775128e-02
3.540000000000000036e+00	7.504458205168214324e-03	6.092589503803044759e-02
3.544999999999999929e+00	7.504429122684634114e-03	6.052960682019943583e-02
3.549999999999999822e+00	7.504400203664718383e-03	6.013553085382478125e-02
3.554999999999999716e+00	7.504371447505577865e-03	5.974365917933645298e-02
3.560000000000000053e+00	7.504342853605330300e-03	5.935398384818734580e-02
3.564999999999999947e+00	7.504314421363816878e-03	5.896649693270811232e-02
3.569999999999999840e+00	7.504286150181908345e-03	5.858119051650728659e-02
3.575000000000000178e+00	7.504258039462204100e-03	5.819805670421827198e-02
3.580000000000000071e+00	7.504230088608346110e-03	5.781708761200735763e-02
3.584999999999999964e+00	7.504202297025715403e-03	5.743827537721202942e-02
3.589999999999999858e+00	7.504174664120749454e-03	5.706161214895703188e-02
3.594999999999999751e+00	7.504147189301635205e-03	5.668709009768452961e-02
3.600000000000000089e+00	7.504119871977628191e-03	5.631470140587752776e-02
3.604999999999999982e+00	7.504092711559743820e-03	5.594443827748198095e-02
3.609999999999999876e+00	7.504065707460082571e-03	5.557629292873780130e-02
3.615000000000000213e+00	7.504038859092507403e-03	5.521025759749263739e-02
3.620000000000000107e+00	7.504012165871987161e-03	5.484632453414062248e-02
3.625000000000000000e+00	7.503985627215258372e-03	5.448448601082764992e-02
3.629999999999999893e+00	7.503959242540179930e-03	5.412473431249786165e-02
3.634999999999999787e+00	7.503933011266387086e-03	5.376706174599042709e-02
3.640000000000000124e+00	7.503906932814648732e-03	5.341146063119353582e-02
3.645000000000000018e+00	7.503881006607523128e-03	5.305792331003311713e-02
3.649999999999999911e+00	7.503855232068714319e-03	5.270644213773403863e-02
3.655000000000000249e+00	7.503829608623721788e-03	5.235700949170030150e-02
3.660000000000000142e+00	7.503804135699212487e-03	5.200961776288436089e-02
3.665000000000000036e+00	7.503778812723652276e-03	5.166425936455816548e-02
3.669999999999999929e+00	7.503753639126686630e-03	5.132092672379016257e-02
3.674999999999999822e+00	7.503728614339772070e-03	5.097961229010804229e-02
3.680000000000000160e+00	7.503703737795562080e-03	5.064030852708326091e-02
3.685000000000000053e+00	7.503679008928523797e-03	5.030300792088493456e-02
3.689999999999999947e+00	7.503654427174335194e-03	4.996770297197188071e-02
3.695000000000000284e+00	7.503629991970502643e-03	4.963438620353812641e-02
3.700000000000000178e+00	7.503605702755753760e-03	4.930305015331224588e-02
3.705000000000000071e+00	7.503581558970648900e-03	4.897368738189437215e-02
3.709999999999999964e+00	7.503557560056992211e-03	4.864629046466282386e-02
3.714999999999999858e+00	7.503533705458424914e-03	4.832085200000260650e-02
3.720000000000000195e+00	7.503509994619844171e-03	4.799736460131918958e-02
3.725000000000000089e+00	7.503486426987993757e-03	4.767582090515886523e-02
3.729999999999999982e+00	7.503463002010888998e-03	4.735621356332935655e-02
3.735000000000000320e+00	7.503439719138397905e-03	4.703853525091167970e-02
3.740000000000000213e+00	7.503416577821676522e-03	4.672277865848832590e-02
3.745000000000000107e+00	7.503393577513739650e-03	4.640893650004609960e-02
3.750000000000000000e+00	7.503370717668903130e-03	4.609700150531155505e-02
3.754999999999999893e+00	7.503347997743353703e-03	4.578696642754572638e-02
3.759999999999999787e+00	7.503325417194589564e-03	4.547882403598595136e-02
3.764999999999999680e+00	7.503302975481985874e-03	4.517256712353285436e-02
3.770000000000000018e+00	7.503280672066249199e-03	4.486818849929850861e-02
3.774999999999999911e+00	7.503258506409964806e-03	4.456568099618544304e-02
3.779999999999999805e+00	7.503236477977066714e-03	4.426503746354139984e-02
3.785000000000000142e+00	7.503214586233375449e-03	4.396625077463010151e-02
3.790000000000000036e+00	7.503192830646070698e-03	4.366931381939268692e-02
3.794999999999999929e+00	7.503171210684229930e-03	4.337421951181043289e-02
3.799999999999999822e+00	7.503149725818301918e-03	4.308096078277241781e-02
3.804999999999999716e+00	7.503128375520639291e-03	4.278953058733048209e-02
3.810000000000000053e+00	7.503107159264982458e-03	4.249992189767288348e-02
3.814999999999999947e+00	7.503086076526980890e-03	4.221212771027188504e-02
3.819999999999999840e+00	7.503065126783685715e-03	4.192614103896308980e-02
3.825000000000000178e+00	7.503044309514063197e-03	4.164195492198544818e-02
3.830000000000000071e+00	7.503023624198500337e-03	4.135956241516655640e-02
3.834999999999999964e+00	7.503003070319298404e-03	4.107895659885504175e-02
3.839999999999999858e+00	7.502982647360196752e-03	4.080013057121150560e-02
3.844999999999999751e+00	7.502962354806856811e-03	4.052307745503385544e-02
3.850000000000000089e+00	7.502942192146389369e-03	4.024779039115326806e-02
3.854999999999999982e+00	7.502922158867835964e-03	3.997426254515279442e-02
3.859999999999999876e+00	7.502902254461698769e-03	3.970248710086821120e-02
3.865000000000000213e+00	7.502882478420420248e-03	3.943245726699991238e-02
3.870000000000000107e+00	7.502862830237913040e-03	3.916416627071857975e-02
3.875000000000000000e+00	7.502843309410037013e-03	3.889760736417058329e-02
3.879999999999999893e+00	7.502823915434139561e-03	3.863277381818798484e-02
3.884999999999999787e+00	7.502804647809517904e-03	3.836965892868774569e-02
3.890000000000000124e+00	7.502785506036969802e-03	3.810825601048607736e-02
3.895000000000000018e+00	7.502766489619250648e-03	3.784855840359160201e-02
3.899999999999999911e+00	7.502747598060629380e-03	3.759055946712359236e-02
3.905000000000000249e+00	7.502728830867335177e-03	3.733425258549908504e-02
3.910000000000000142e+00	7.502710187547129844e-03	3.707963116245540508e-02
3.915000000000000036e+00	7.502691667609737158e-03	3.682668862713135011e-02
3.919999999999999929e+00	7.502673270566423067e-03	3.657541842819294481e-02
3.924999999999999822e+00	7.502654995930428498e-03	3.632581403980981311e-02
3.930000000000000160e+00	7.502636843216546093e-03	3.607786895588372539e-02
3.935000000000000053e+00	7.502618811941547811e-03	3.583157669591992278e-02
3.939999999999999947e+00	7.502600901623772064e-03	3.558693079935866532e-02
3.945000000000000284e+00	7.502583111783539191e-03	3.534392483134175117e-02
3.950000000000000178e+00	7.502565441942750726e-03	3.510255237714664245e-02
3.955000000000000071e+00	7.502547891625296200e-03	3.486280704784826961e-02
3.959999999999999964e+00	7.502530460356655884e-03	3.462468247485563783e-02
3.964999999999999858e+00	7.502513147664306714e-03	3.438817231546931891e-02
3.970000000000000195e+00	7.502495953077325044e-03	3.415327024751993457e-02
3.975000000000000089e+00	7.502478876126789965e-03	3.391996997482194659e-02
3.979999999999999982e+00	7.502461916345394728e-03	3.368826522191352424e-02
3.985000000000000320e+00	7.502445073267837057e-03	3.345814973940663961e-02
3.990000000000000213e+00	7.502428346430442714e-03	3.322961729882860371e-02
3.995000000000000107e+00	7.502411735371544536e-03	3.300266169786853637e-02
4.000000000000000000e+00	7.502395239631118144e-03	3.277727675531980078e-02
4.004999999999999893e+00	7.502378858751147968e-03	3.255345631622367369e-02
4.009999999999999787e+00	7.502362592275275098e-03	3.233119424691230370e-02
4.014999999999999680e+00	7.502346439749155507e-03	3.211048444004977603e-02
4.019999999999999574e+00	7.502330400720107900e-03	3.189132080977515743e-02
4.025000000000000355e+00	7.502314474737471935e-03	3.167369729664137185e-02
4.030000000000000249e+00	7.502298661352266480e-03	3.145760786285818622e-02
4.035000000000000142e+00	7.502282960117532228e-03	3.124304649712894219e-02
4.040000000000000036e+00	7.502267370587998620e-03	3.103000720999316009e-02
4.044999999999999929e+00	7.502251892320422125e-03	3.081848403856155341e-02
4.049999999999999822e+00	7.502236524873260107e-03	3.060847104195778615e-02
4.054999999999999716e+00	7.502221267806999556e-03	3.039996230595245347e-02
4.059999999999999609e+00	7.502206120683840504e-03	3.019295193850330891e-02
4.064999999999999503e+00	7.502191083068017810e-03	2.998743407428848193e-02
4.070000000000000284e+00	7.502176154525486314e-03	2.978340287034494244e-02
4.075000000000000178e+00	7.502161334624241756e-03	2.958085251050158321e-02
4.080000000000000071e+00	7.502146622934009398e-03	2.937977720111515853e-02
4.084999999999999964e+00	7.502132019026559739e-03	2.918017117540341182e-02
4.089999999999999858e+00	7.502117522475406676e-03	2.898202868927882148e-02
4.094999999999999751e+00	7.502103132856106742e-03	2.878534402558169392e-02
4.099999999999999645e+00	7.502088849745971143e-03	2.859011149001105742e-02
4.105000000000000426e+00	7.502074672724360661e-03	2.839632541525858450e-02
4.110000000000000320e+00	7.502060601372398559e-03	2.820398015703621739e-02
4.115000000000000213e+00	7.502046635273262876e-03	2.801307009811110013e-02
4.120000000000000107e+00	7.502032774011900204e-03	2.782358964442937718e-02
4.125000000000000000e+00	7.502019017175316253e-03	2.763553322905295054e-02
4.129999999999999893e+00	7.502005364352299158e-03	2.744889530837876443e-02
4.134999999999999787e+00	7.501991815133692704e-03	2.726367036597776225e-02
4.139999999999999680e+00	7.501978369112137848e-03	2.707985290890952551e-02
4.144999999999999574e+00	7.501965025882332064e-03	2.689743747146346176e-02
4.150000000000000355e+00	7.501951785040777802e-03	2.671641861156852371e-02
4.155000000000000249e+00	7.501938646186040970e-03	2.653679091443741922e-02
4.160000000000000142e+00	7.501925608918495920e-03	2.635854898907036281e-02
4.165000000000000036e+00	7.501912672840586535e-03	2.618168747180284542e-02
4.169999999999999929e+00	7.501899837556575551e-03	2.600620102290339061e-02
4.174999999999999822e+00	7.501887102672795231e-03	2.583208433002511309e-02
4.179999999999999716e+00	7.501874467797405369e-03	2.565933210489684466e-02
4.185000000000000497e+00	7.501861932540636151e-03	2.548793908667904007e-02
4.190000000000000391e+00	7.501849496514560907e-03	2.531790003874801950e-02
4.195000000000000284e+00	7.501837159333317288e-03	2.514920975195638481e-02
4.200000000000000178e+00	7.501824920612896498e-03	2.498186304150988926e-02
4.205000000000000071e+00	7.501812779971362734e-03	2.481585475013324202e-02
4.209999999999999964e+00	7.501800737028632877e-03	2.465117974503865800e-02
4.214999999999999858e+00	7.501788791406702010e-03	2.448783292099765072e-02
4.219999999999999751e+00	7.501776942729429173e-03	2.432580919740106110e-02
4.224999999999999645e+00	7.501765190622750740e-03	2.416510352123706420e-02
4.230000000000000426e+00	7.501753534714472246e-03	2.400571086424203859e-02
4.235000000000000320e+00	7.501741974634483501e-03	2.384762622578560573e-02
4.240000000000000213e+00	7.501730510014547812e-03	2.369084463011175007e-02
4.245000000000000107e+00	7.501719140488512759e-03	2.353536112913107506e-02
4.250000000000000000e+00	7.501707865692113300e-03	2.338117079975214618e-02
4.254999999999999893e+00	7.501696685263162592e-03	2.322826874658123764e-02
4.259999999999999787e+00	7.501685598841372447e-03	2.307665009934325648e-02
4.264999999999999680e+00	7.501674606068536345e-03	2.292631001548985428e-02
4.269999999999999574e+00	7.501663706588346421e-03	2.277724367770898178e-02
4.275000000000000355e+00	7.501652900046583416e-03	2.262944629644203509e-02
4.280000000000000249e+00	7.501642186090933667e-03	2.248291310748175287e-02
4.285000000000000142e+00	7.501631564371167779e-03	2.233763937439875100e-02
4.290000000000000036e+00	7.501621034538974962e-03	2.219362038622712044e-02
4.294999999999999929e+00	7.501610596248127830e-03	2.205085145980088812e-02
4.299999999999999822e+00	7.501600249154320200e-03	2.190932793752698240e-02
4.304999999999999716e+00	7.501589992915332766e-03	2.176904518963205734e-02
4.309999999999999609e+00	7.501579827190877833e-03	2.162999861202223595e-02
4.314999999999999503e+00	7.501569751642748508e-03	2.149218362844089805e-02
4.320000000000000284e+00	7.501559765934677319e-03	2.135559568841449360e-02
4.325000000000000178e+00	7.501549869732481932e-03	2.122023026932217532e-02
4.330000000000000071e+00	7.501540062703919431e-03	2.108608287442690146e-02
4.334999999999999964e+00	7.501530344518836380e-03	2.095314903485725327e-02
4.339999999999999858e+00	7.501520714849024829e-03	2.082142430772373695e-02
4.344999999999999751e+00	7.501511173368362838e-03	2.069090427801310861e-02
4.349999999999999645e+00	7.501501719752682630e-03	2.056158455678923011e-02
4.355000000000000426e+00	7.501492353679901567e-03	2.043346078300058155e-02
4.360000000000000320e+00	7.501483074829897249e-03	2.030652862176513321e-02
4.365000000000000213e+00	7.501473882884630677e-03	2.018078376609155206e-02
4.370000000000000107e+00	7.501464777528027428e-03	2.005622193524740637e-02
4.375000000000000000e+00	7.501455758446100817e-03	1.993283887639491284e-02
4.379999999999999893e+00	7.501446825326829604e-03	1.981063036304167926e-02
4.384999999999999787e+00	7.501437977860278550e-03	1.968959219659163068e-02
4.389999999999999680e+00	7.501429215738488268e-03	1.956972020487779754e-02
4.394999999999999574e+00	7.501420538655579305e-03	1.945101024362872952e-02
4.400000000000000355e+00	7.501411946307654996e-03	1.933345819508295801e-02
4.405000000000000249e+00	7.501403438392898609e-03	1.921705996937167482e-02
4.410000000000000142e+00	7.501395014611480540e-03	1.910181150321400498e-02
4.415000000000000036e+00	7.501386674665645911e-03	1.898770876121642220e-02
4.419999999999999929e+00	7.501378418259637380e-03	1.887474773464849209e-02
4.424999999999999822e+00	7.501370245099769733e-03	1.876292444265963838e-02
4.429999999999999716e+00	7.501362154894354421e-03	1.865223493113462444e-02
4.435000000000000497e+00	7.501354147353780227e-03	1.854267527382836775e-02
4.440000000000000391e+00	7.501346222190431734e-03	1.843424157130048313e-02
4.445000000000000284e+00	7.501338379118772590e-03	1.832692995196867625e-02
4.450000000000000178e+00	7.501330617855265712e-03	1.822073657112185593e-02
4.455000000000000071e+00	7.501322938118447879e-03	1.811565761189276938e-02
4.459999999999999964e+00	7.501315339628863814e-03	1.801168928434901742e-02
4.464999999999999858e+00	7.501307822109126895e-03	1.790882782638553855e-02
4.469999999999999751e+00	7.501300385283862782e-03	1.780706950289286453e-02
4.474999999999999645e+00	7.501293028879764922e-03	1.770641060657007076e-02
4.480000000000000426e+00	7.501285752625540780e-03	1.760684745716971714e-02
4.485000000000000320e+00	7.501278556251963874e-03	1.750837640223200029e-02
4.490000000000000213e+00	7.501271439491824337e-03	1.741099381640555041e-02
4.495000000000000107e+00	7.501264402079976627e-03	1.731469610210337878e-02
4.500000000000000000e+00	7.501257443753296152e-03	1.721947968889918010e-02
4.504999999999999893e+00	7.501250564250716568e-03	1.712534103410544295e-02
4.509999999999999787e+00	7.501243763313197692e-03	1.703227662224464714e-02
4.514999999999999680e+00	7.501237040683756720e-03	1.694028296555039406e-02
4.519999999999999574e+00	7.501230396107437873e-03	1.684935660351269404e-02
4.525000000000000355e+00	7.501223829331335816e-03	1.675949410330283482e-02
4.530000000000000249e+00	7.501217340104580911e-03	1.667069205939207543e-02
4.535000000000000142e+00	7.501210928178350494e-03	1.658294709390071425e-02
4.540000000000000036e+00	7.501204593305852396e-03	1.649625585628966898e-02
4.544999999999999929e+00	7.501198335242345756e-03	1.641061502363466013e-02
4.549999999999999822e+00	7.501192153745122812e-03	1.632602130038990004e-02
4.554999999999999716e+00	7.501186048573520171e-03	1.624247141858780469e-02
4.559999999999999609e+00	7.501180019488909272e-03	1.615996213767428163e-02
4.564999999999999503e+00	7.501174066254703322e-03	1.607849024463468141e-02
4.570000000000000284e+00	7.501168188636352097e-03	1.599805255389995587e-02
4.575000000000000178e+00	7.501162386401345403e-03	1.591864590739962629e-02
4.580000000000000071e+00	7.501156659319209614e-03	1.584026717453804536e-02
4.584999999999999964e+00	7.501151007161506803e-03	1.576291325217502731e-02
4.589999999999999858e+00	7.501145429701834740e-03	1.568658106467166538e-02
4.594999999999999751e+00	7.501139926715826023e-03	1.561126756379917907e-02
4.599999999999999645e+00	7.501134497981154156e-03	1.553696972885372160e-02
4.605000000000000426e+00	7.501129143277516197e-03	1.546368456649403408e-02
4.610000000000000320e+00	7.501123862386651839e-03	1.539140911092461497e-02
4.615000000000000213e+00	7.501118655092323464e-03	1.532014042366289415e-02
4.620000000000000107e+00	7.501113521180336093e-03	1.524987559378987445e-02
4.625000000000000000e+00	7.501108460438510490e-03	1.518061173764780059e-02
4.629999999999999893e+00	7.501103472656714399e-03	1.511234599915757537e-02
4.634999999999999787e+00	7.501098557626825238e-03	1.504507554944735370e-02
4.639999999999999680e+00	7.501093715142765662e-03	1.497879758723618185e-02
4.644999999999999574e+00	7.501088945000466274e-03	1.491350933839431618e-02
4.650000000000000355e+00	7.501084246997899441e-03	1.484920805639234828e-02
4.655000000000000249e+00	7.501079620935046342e-03	1.478589102179380874e-02
4.660000000000000142e+00	7.501075066613926458e-03	1.472355554276918999e-02
4.665000000000000036e+00	7.501070583838562005e-03	1.466219895452156204e-02
4.669999999999999929e+00	7.501066172415016102e-03	1.460181861986473845e-02
4.674999999999999822e+00	7.501061832151345934e-03	1.454241192858265683e-02
4.679999999999999716e+00	7.501057562857653058e-03	1.448397629807101315e-02
4.685000000000000497e+00	7.501053364346026153e-03	1.442650917263100380e-02
4.690000000000000391e+00	7.501049236430598274e-03	1.437000802417376898e-02
4.695000000000000284e+00	7.501045178927484396e-03	1.431447035144922664e-02
4.700000000000000178e+00	7.501041191654838659e-03	1.425989368081260512e-02
4.705000000000000071e+00	7.501037274432797129e-03	1.420627556538916862e-02
4.709999999999999964e+00	7.501033427083535904e-03	1.415361358590209832e-02
4.714999999999999858e+00	7.501029649431199993e-03	1.410190534977368189e-02
4.719999999999999751e+00	7.501025941301977043e-03	1.405114849201391340e-02
4.724999999999999645e+00	7.501022302524021010e-03	1.400134067425886850e-02
4.730000000000000426e+00	7.501018732927519812e-03	1.395247958571938125e-02
4.735000000000000320e+00	7.501015232344628546e-03	1.390456294215738041e-02
4.740000000000000213e+00	7.501011800609532799e-03	1.385758848689376196e-02
4.745000000000000107e+00	7.501008437558377533e-03	1.381155398972336648e-02
4.750000000000000000e+00	7.501005143029337331e-03	1.376645724798146453e-02
4.754999999999999893e+00	7.501001916862539212e-03	1.372229608539810540e-02
4.759999999999999787e+00	7.500998758900141554e-03	1.367906835322247813e-02
4.764999999999999680e+00	7.500995668986243890e-03	1.363677192901727696e-02
4.769999999999999574e+00	7.500992646966978851e-03	1.359540471784030820e-02
4.775000000000000355e+00	7.500989692690411548e-03	1.355496465097958368e-02
4.780000000000000249e+00	7.500986806006637586e-03	1.351544968719142759e-02
4.785000000000000142e+00	7.500983986767682452e-03	1.347685781137707844e-02
4.790000000000000036e+00	7.500981234827593450e-03	1.343918703587648929e-02
4.794999999999999929e+00	7.500978550042344296e-03	1.340243539908717030e-02
4.799999999999999822e+00	7.500975932269929661e-03	1.336660096681307683e-02
4.804999999999999716e+00	7.500973381370261081e-03	1.333168183082630680e-02
4.809999999999999609e+00	7.500970897205267579e-03	1.329767611027035494e-02
4.814999999999999503e+00	7.500968479638790709e-03	1.326458195016548200e-02
4.820000000000000284e+00	7.500966128536686907e-03	1.323239752286564826e-02
4.825000000000000178e+00	7.500963843766712998e-03	1.320112102650816167e-02
4.830000000000000071e+00	7.500961625198641555e-03	1.317075068652350141e-02
4.834999999999999964e+00	7.500959472704138604e-03	1.314128475403013308e-02
4.839999999999999858e+00	7.500957386156879847e-03	1.311272150739652316e-02
4.844999999999999751e+00	7.500955365432428364e-03	1.308505925058172335e-02
4.849999999999999645e+00	7.500953410408356045e-03	1.305829631474883512e-02
4.855000000000000426e+00	7.500951520964109151e-03	1.303243105655219232e-02
4.860000000000000320e+00	7.500949696981142750e-03	1.300746185980160979e-02
4.865000000000000213e+00	7.500947938342778475e-03	1.298338713369673152e-02
4.870000000000000107e+00	7.500946244934338959e-03	1.296020531454142311e-02
4.875000000000000000e+00	7.500944616643012534e-03	1.293791486392613550e-02
4.879999999999999893e+00	7.500943053357977258e-03	1.291651427049147517e-02
4.884999999999999787e+00	7.500941554970274282e-03	1.289600204805939863e-02
4.889999999999999680e+00	7.500940121372927545e-03	1.287637673744534278e-02
4.894999999999999574e+00	7.500938752460814540e-03	1.285763690453886089e-02
4.900000000000000355e+00	7.500937448130795548e-03	1.283978114216364173e-02
4.905000000000000249e+00	7.500936208281570525e-03	1.282280806810837462e-02
4.910000000000000142e+00	7.500935032813823081e-03	1.280671632703387318e-02
4.915000000000000036e+00	7.500933921630065226e-03	1.279150458845481134e-02
4.919999999999999929e+00	7.500932874634786557e-03	1.277717154869332378e-02
4.924999999999999822e+00	7.500931891734298994e-03	1.276371592881247324e-02
4.929999999999999716e+00	7.500930972836885972e-03	1.275113647661542220e-02
4.935000000000000497e+00	7.500930117852645448e-03	1.273943196453128889e-02
4.940000000000000391e+00	7.500929326693639952e-03	1.272860119165930386e-02
4.945000000000000284e+00	7.500928599273740463e-03	1.271864298160785972e-02
4.950000000000000178e+00	7.500927935508772994e-03	1.270955618458288403e-02
4.955000000000000071e+00	7.500927335316365935e-03	1.270133967518073323e-02
4.959999999999999964e+00	7.500926798616100108e-03	1.269399235452000133e-02
4.964999999999999858e+00	7.500926325329342233e-03	1.268751314798913926e-02
4.969999999999999751e+00	7.500925915379409725e-03	1.268190100742092562e-02
4.974999999999999645e+00	7.500925568691399828e-03	1.267715490879548629e-02
4.980000000000000426e+00	7.500925285192350071e-03	1.267327385445678536e-02
4.985000000000000320e+00	7.500925064811070006e-03	1.267025687077178407e-02
4.990000000000000213e+00	7.500924907478301665e-03	1.266810301038817470e-02
4.995000000000000107e+00	7.500924813126553896e-03	1.266681134985040563e-02
5.000000000000000000e+00	7.500924781690258489e-03	1.266638099189793670e-02
