# coordinate_x	h	p	@time=751.29
0.000000000000000000e+00	2.699949599408793532e-01	5.715596835131486753e-01
5.000000000000000104e-03	2.699913922835790459e-01	5.715596834207250510e-01
1.000000000000000021e-02	2.699806893128467999e-01	5.715596831434069935e-01
1.499999999999999944e-02	2.699628510299409978e-01	5.715596826811434328e-01
2.000000000000000042e-02	2.699378774379188051e-01	5.715596820338102457e-01
2.500000000000000139e-02	2.699057685402855289e-01	5.715596812012653238e-01
2.999999999999999889e-02	2.698665243423043480e-01	5.715596801832951712e-01
3.500000000000000333e-02	2.698201448496808652e-01	5.715596789796680843e-01
4.000000000000000083e-02	2.697666300698821629e-01	5.715596775900808613e-01
4.499999999999999833e-02	2.697059800108209116e-01	5.715596760142120925e-01
5.000000000000000278e-02	2.696381946821779230e-01	5.715596742516684259e-01
5.500000000000000028e-02	2.695632740940840932e-01	5.715596723020379688e-01
5.999999999999999778e-02	2.694812182584471749e-01	5.715596701648361089e-01
6.500000000000000222e-02	2.693920271876307226e-01	5.715596678395593599e-01
7.000000000000000666e-02	2.692957008957860832e-01	5.715596653256314053e-01
7.500000000000001110e-02	2.691922393975274552e-01	5.715596626224562771e-01
8.000000000000000167e-02	2.690816427092694307e-01	5.715596597293641778e-01
8.499999999999999223e-02	2.689639108478978913e-01	5.715596566456652150e-01
8.999999999999999667e-02	2.688390438321137110e-01	5.715596533705952220e-01
9.500000000000000111e-02	2.687070416810988793e-01	5.715596499033688271e-01
1.000000000000000056e-01	2.685679044158670870e-01	5.715596462431252744e-01
1.050000000000000100e-01	2.684216320579241311e-01	5.715596423889823807e-01
1.100000000000000006e-01	2.682682246306264950e-01	5.715596383399812463e-01
1.149999999999999911e-01	2.681076821578348701e-01	5.715596340951404342e-01
1.199999999999999956e-01	2.679400046652820055e-01	5.715596296534010134e-01
1.250000000000000000e-01	2.677651921792182921e-01	5.715596250136804057e-01
1.300000000000000044e-01	2.675832447277895487e-01	5.715596201748170957e-01
1.350000000000000089e-01	2.673941623396744460e-01	5.715596151356248100e-01
1.400000000000000133e-01	2.671979450454726734e-01	5.715596098948368953e-01
1.450000000000000178e-01	2.669945928763332588e-01	5.715596044511607188e-01
1.499999999999999944e-01	2.667841058653543374e-01	5.715595988032220465e-01
1.549999999999999989e-01	2.665664840462012020e-01	5.715595929496191108e-01
1.600000000000000033e-01	2.663417274545190061e-01	5.715595868888665443e-01
1.650000000000000078e-01	2.661098361265395451e-01	5.715595806194501138e-01
1.700000000000000122e-01	2.658708101005074487e-01	5.715595741397704321e-01
1.749999999999999889e-01	2.656246494152754156e-01	5.715595674481973587e-01
1.799999999999999933e-01	2.653713541117442287e-01	5.715595605430134896e-01
1.849999999999999978e-01	2.651109242314459991e-01	5.715595534224693353e-01
1.900000000000000022e-01	2.648433598179993909e-01	5.715595460847259224e-01
1.950000000000000067e-01	2.645686609156785996e-01	5.715595385279097496e-01
2.000000000000000111e-01	2.642868275708859516e-01	5.715595307500557221e-01
2.050000000000000155e-01	2.639978598307060054e-01	5.715595227491624408e-01
2.099999999999999922e-01	2.637017577443952487e-01	5.715595145231345819e-01
2.149999999999999967e-01	2.633985213619209897e-01	5.715595060698377416e-01
2.200000000000000011e-01	2.630881507354699833e-01	5.715594973870410378e-01
2.250000000000000056e-01	2.627706459179701692e-01	5.715594884724721769e-01
2.300000000000000100e-01	2.624460069646192828e-01	5.715594793237595006e-01
2.349999999999999867e-01	2.621142339313890512e-01	5.715594699384876076e-01
2.399999999999999911e-01	2.617753268765749541e-01	5.715594603141380681e-01
2.449999999999999956e-01	2.614292858592813795e-01	5.715594504481462668e-01
2.500000000000000000e-01	2.610761109409936997e-01	5.715594403378414512e-01
2.550000000000000044e-01	2.607158021840436657e-01	5.715594299805031309e-01
2.600000000000000089e-01	2.603483596532051858e-01	5.715594193733016803e-01
2.650000000000000133e-01	2.599737834141383486e-01	5.715594085133539615e-01
2.700000000000000178e-01	2.595920735350103481e-01	5.715593973976643705e-01
2.750000000000000222e-01	2.592032300849170801e-01	5.715593860231802381e-01
2.800000000000000266e-01	2.588072531355307127e-01	5.715593743867318777e-01
2.850000000000000311e-01	2.584041427594975793e-01	5.715593624850892063e-01
2.899999999999999800e-01	2.579938990321135606e-01	5.715593503149010157e-01
2.949999999999999845e-01	2.575765220296968860e-01	5.715593378727511498e-01
2.999999999999999889e-01	2.571520118312937142e-01	5.715593251550981080e-01
3.049999999999999933e-01	2.567203685170237337e-01	5.715593121583306679e-01
3.099999999999999978e-01	2.562815921698176069e-01	5.715592988787074891e-01
3.150000000000000022e-01	2.558356828737342048e-01	5.715592853124134010e-01
3.200000000000000067e-01	2.553826407157313017e-01	5.715592714554967868e-01
3.250000000000000111e-01	2.549224657839534447e-01	5.715592573039278701e-01
3.300000000000000155e-01	2.544551581695373432e-01	5.715592428535348768e-01
3.350000000000000200e-01	2.539807179648686519e-01	5.715592281000618780e-01
3.400000000000000244e-01	2.534991452654242194e-01	5.715592130391053960e-01
3.449999999999999734e-01	2.530104401679961201e-01	5.715591976661715812e-01
3.499999999999999778e-01	2.525146027725729270e-01	5.715591819766132620e-01
3.549999999999999822e-01	2.520116331805286602e-01	5.715591659656860113e-01
3.599999999999999867e-01	2.515015314965455828e-01	5.715591496284851969e-01
3.649999999999999911e-01	2.509842978267666780e-01	5.715591329600026027e-01
3.699999999999999956e-01	2.504599322807613548e-01	5.715591159550621470e-01
3.750000000000000000e-01	2.499284349696399288e-01	5.715590986083768366e-01
3.800000000000000044e-01	2.493898060080649293e-01	5.715590809144841522e-01
3.850000000000000089e-01	2.488440455123248629e-01	5.715590628678025586e-01
3.900000000000000133e-01	2.482911536023941490e-01	5.715590444625670008e-01
3.950000000000000178e-01	2.477311303999639169e-01	5.715590256928845259e-01
4.000000000000000222e-01	2.471639760305532063e-01	5.715590065526697794e-01
4.050000000000000266e-01	2.465896906214944950e-01	5.715589870357006275e-01
4.099999999999999756e-01	2.460082743040987729e-01	5.715589671355524315e-01
4.149999999999999800e-01	2.454197272115938300e-01	5.715589468456544475e-01
4.199999999999999845e-01	2.448240494813460066e-01	5.715589261592227688e-01
4.249999999999999889e-01	2.442212412527487164e-01	5.715589050693165030e-01
4.299999999999999933e-01	2.436113026695040651e-01	5.715588835687714919e-01
4.349999999999999978e-01	2.429942338774587485e-01	5.715588616502540464e-01
4.400000000000000022e-01	2.423700350269492876e-01	5.715588393061957762e-01
4.450000000000000067e-01	2.417387062705821932e-01	5.715588165288465472e-01
4.500000000000000111e-01	2.411002477656463971e-01	5.715587933102085350e-01
4.550000000000000155e-01	2.404546596718349361e-01	5.715587696420887376e-01
4.600000000000000200e-01	2.398019421537282425e-01	5.715587455160330288e-01
4.649999999999999689e-01	2.391420953784541004e-01	5.715587209233771171e-01
4.699999999999999734e-01	2.384751195182459316e-01	5.715586958551811536e-01
4.749999999999999778e-01	2.378010147480378311e-01	5.715586703022796922e-01
4.799999999999999822e-01	2.371197812481019851e-01	5.715586442552156310e-01
4.849999999999999867e-01	2.364314192015752325e-01	5.715586177042891736e-01
4.899999999999999911e-01	2.357359287971804440e-01	5.715585906394918814e-01
4.949999999999999956e-01	2.350333102266805030e-01	5.715585630505541914e-01
5.000000000000000000e-01	2.343235636876889183e-01	5.715585349268796911e-01
5.050000000000000044e-01	2.336066893810469780e-01	5.715585062575904152e-01
5.100000000000000089e-01	2.328826875137290364e-01	5.715584770314624530e-01
5.150000000000000133e-01	2.321515582961385660e-01	5.715584472369679148e-01
5.200000000000000178e-01	2.314133019451135309e-01	5.715584168622119821e-01
5.250000000000000222e-01	2.306679186811371463e-01	5.715583858949718765e-01
5.300000000000000266e-01	2.299154087314492501e-01	5.715583543226354646e-01
5.350000000000000311e-01	2.291557723271667457e-01	5.715583221322364516e-01
5.400000000000000355e-01	2.283890097065077729e-01	5.715582893103944295e-01
5.450000000000000400e-01	2.276151211118165041e-01	5.715582558433465188e-01
5.500000000000000444e-01	2.268341067929072474e-01	5.715582217168894141e-01
5.550000000000000488e-01	2.260459670039877966e-01	5.715581869164064743e-01
5.600000000000000533e-01	2.252507020071311261e-01	5.715581514268113228e-01
5.649999999999999467e-01	2.244483120690916045e-01	5.715581152325709402e-01
5.699999999999999512e-01	2.236387974649121924e-01	5.715580783176515967e-01
5.749999999999999556e-01	2.228221584746269412e-01	5.715580406655357271e-01
5.799999999999999600e-01	2.219983953870129367e-01	5.715580022591715270e-01
5.849999999999999645e-01	2.211675084961719495e-01	5.715579630809830558e-01
5.899999999999999689e-01	2.203294981054366997e-01	5.715579231128230520e-01
5.949999999999999734e-01	2.194843645238242769e-01	5.715578823359765970e-01
5.999999999999999778e-01	2.186321080701070230e-01	5.715578407311174836e-01
6.049999999999999822e-01	2.177727290691298945e-01	5.715577982783035527e-01
6.099999999999999867e-01	2.169062278560568990e-01	5.715577549569378357e-01
6.149999999999999911e-01	2.160326047725440735e-01	5.715577107457545658e-01
6.199999999999999956e-01	2.151518601711736867e-01	5.715576656227863150e-01
6.250000000000000000e-01	2.142639944114732575e-01	5.715576195653383484e-01
6.300000000000000044e-01	2.133690078645507637e-01	5.715575725499625337e-01
6.350000000000000089e-01	2.124669009089500682e-01	5.715575245524202597e-01
6.400000000000000133e-01	2.115576739355012337e-01	5.715574755476630076e-01
6.450000000000000178e-01	2.106413273430015887e-01	5.715574255097816136e-01
6.500000000000000222e-01	2.097178615432967463e-01	5.715573744119951671e-01
6.550000000000000266e-01	2.087872769567757358e-01	5.715573222265850628e-01
6.600000000000000311e-01	2.078495740176997397e-01	5.715572689248936689e-01
6.650000000000000355e-01	2.069047531694986897e-01	5.715572144772403940e-01
6.700000000000000400e-01	2.059528148703661521e-01	5.715571588529316793e-01
6.750000000000000444e-01	2.049937595883440100e-01	5.715571020201570818e-01
6.800000000000000488e-01	2.040275878072035642e-01	5.715570439460115892e-01
6.850000000000000533e-01	2.030543000213035909e-01	5.715569845963701656e-01
6.899999999999999467e-01	2.020738967417800291e-01	5.715569239359234999e-01
6.949999999999999512e-01	2.010863784911610663e-01	5.715568619280271268e-01
6.999999999999999556e-01	2.000917458098896429e-01	5.715567985347540514e-01
7.049999999999999600e-01	1.990899992506788840e-01	5.715567337167150042e-01
7.099999999999999645e-01	1.980811393853933733e-01	5.715566674331297170e-01
7.149999999999999689e-01	1.970651667991260847e-01	5.715565996416139827e-01
7.199999999999999734e-01	1.960420820974679013e-01	5.715565302982725804e-01
7.249999999999999778e-01	1.950118859002855642e-01	5.715564593574499197e-01
7.299999999999999822e-01	1.939745788494112999e-01	5.715563867718463920e-01
7.349999999999999867e-01	1.929301616020997479e-01	5.715563124922269367e-01
7.399999999999999911e-01	1.918786348391730290e-01	5.715562364675660367e-01
7.449999999999999956e-01	1.908199992581320614e-01	5.715561586447075459e-01
7.500000000000000000e-01	1.897542555817964549e-01	5.715560789685419918e-01
7.550000000000000044e-01	1.886814045510434024e-01	5.715559973816108918e-01
7.600000000000000089e-01	1.876014469339857826e-01	5.715559138243216930e-01
7.650000000000000133e-01	1.865143835183095677e-01	5.715558282344892493e-01
7.700000000000000178e-01	1.854202151210377902e-01	5.715557405475922836e-01
7.750000000000000222e-01	1.843189425804347137e-01	5.715556506962440331e-01
7.800000000000000266e-01	1.832105667664090387e-01	5.715555586104963393e-01
7.850000000000000311e-01	1.820950885719495038e-01	5.715554642172286925e-01
7.900000000000000355e-01	1.809725089242267548e-01	5.715553674405083884e-01
7.950000000000000400e-01	1.798428287755218236e-01	5.715552682008844254e-01
8.000000000000000444e-01	1.787060491150927743e-01	5.715551664158129430e-01
8.050000000000000488e-01	1.775621709595534559e-01	5.715550619988418735e-01
8.100000000000000533e-01	1.764111953655787268e-01	5.715549548601112084e-01
8.149999999999999467e-01	1.752531234196871845e-01	5.715548449054130842e-01
8.199999999999999512e-01	1.740879562518671264e-01	5.715547320367763140e-01
8.249999999999999556e-01	1.729156950247113800e-01	5.715546161513851420e-01
8.299999999999999600e-01	1.717363409480576475e-01	5.715544971422605869e-01
8.349999999999999645e-01	1.705498952674174007e-01	5.715543748970144389e-01
8.399999999999999689e-01	1.693563592797353301e-01	5.715542492986441792e-01
8.449999999999999734e-01	1.681557343210488831e-01	5.715541202240964624e-01
8.499999999999999778e-01	1.669480217834846958e-01	5.715539875451934870e-01
8.549999999999999822e-01	1.657332231020781643e-01	5.715538511269752098e-01
8.599999999999999867e-01	1.645113397731400307e-01	5.715537108287777057e-01
8.649999999999999911e-01	1.632823733401576050e-01	5.715535665023208090e-01
8.699999999999999956e-01	1.620463254136826903e-01	5.715534179929609992e-01
8.750000000000000000e-01	1.608031976562268317e-01	5.715532651374833906e-01
8.800000000000000044e-01	1.595529918038423867e-01	5.715531077655583436e-01
8.850000000000000089e-01	1.582957096499138516e-01	5.715529456971881750e-01
8.900000000000000133e-01	1.570313530686285319e-01	5.715527787444016905e-01
8.950000000000000178e-01	1.557599239975538952e-01	5.715526067082976613e-01
9.000000000000000222e-01	1.544814244632218281e-01	5.715524293810161360e-01
9.050000000000000266e-01	1.531958565623698920e-01	5.715522465423115150e-01
9.100000000000000311e-01	1.519032224898956285e-01	5.715520579618466046e-01
9.150000000000000355e-01	1.506035245186236604e-01	5.715518633952135774e-01
9.200000000000000400e-01	1.492967650299256710e-01	5.715516625866069456e-01
9.250000000000000444e-01	1.479829464918582249e-01	5.715514552641939305e-01
9.300000000000000488e-01	1.466620714927898972e-01	5.715512411432336348e-01
9.350000000000000533e-01	1.453341427177338718e-01	5.715510199206791375e-01
9.399999999999999467e-01	1.439991629853775157e-01	5.715507912788223566e-01
9.449999999999999512e-01	1.426571352224120792e-01	5.715505548789868717e-01
9.499999999999999556e-01	1.413080625044238758e-01	5.715503103657929573e-01
9.549999999999999600e-01	1.399519480279961814e-01	5.715500573597721568e-01
9.599999999999999645e-01	1.385887951559982845e-01	5.715497954623657284e-01
9.649999999999999689e-01	1.372186073872046219e-01	5.715495242472533599e-01
9.699999999999999734e-01	1.358413884066095034e-01	5.715492432662258038e-01
9.749999999999999778e-01	1.344571420522729377e-01	5.715489520389741562e-01
9.799999999999999822e-01	1.330658723713995517e-01	5.715486500600038822e-01
9.849999999999999867e-01	1.316675835840803443e-01	5.715483367865774600e-01
9.899999999999999911e-01	1.302622801460079360e-01	5.715480116468732996e-01
9.949999999999999956e-01	1.288499667087350808e-01	5.715476740257025012e-01
1.000000000000000000e+00	1.274306481900619736e-01	5.715473232741630216e-01
1.004999999999999893e+00	1.260043297303776177e-01	5.715469586926608114e-01
1.010000000000000009e+00	1.245710167719532163e-01	5.715465795423669837e-01
1.015000000000000124e+00	1.231307150108677945e-01	5.715461850249610176e-01
1.020000000000000018e+00	1.216834304866874217e-01	5.715457742962688492e-01
1.024999999999999911e+00	1.202291695294005341e-01	5.715453464420026108e-01
1.030000000000000027e+00	1.187679388612650766e-01	5.715449004940486022e-01
1.035000000000000142e+00	1.172997455380922899e-01	5.715444354012897410e-01
1.040000000000000036e+00	1.158245970654197959e-01	5.715439500491303892e-01
1.044999999999999929e+00	1.143425013333786155e-01	5.715434432242479934e-01
1.050000000000000044e+00	1.128534667498230643e-01	5.715429136380880681e-01
1.055000000000000160e+00	1.113575021678954863e-01	5.715423598840785324e-01
1.060000000000000053e+00	1.098546170393381732e-01	5.715417804660208878e-01
1.064999999999999947e+00	1.083448213337285665e-01	5.715411737458895303e-01
1.070000000000000062e+00	1.068281257159542641e-01	5.715405379782932949e-01
1.075000000000000178e+00	1.053045414559283660e-01	5.715398712464397901e-01
1.080000000000000071e+00	1.037740806351738626e-01	5.715391715041642229e-01
1.084999999999999964e+00	1.022367560456363816e-01	5.715384364969162689e-01
1.090000000000000080e+00	1.006925814315735579e-01	5.715376638132833031e-01
1.095000000000000195e+00	9.914157137586153412e-02	5.715368507868788805e-01
1.100000000000000089e+00	9.758374158500678075e-02	5.715359945598574853e-01
1.104999999999999982e+00	9.601910876108936399e-02	5.715350919602635305e-01
1.110000000000000098e+00	9.444769093984679842e-02	5.715341395807930214e-01
1.115000000000000213e+00	9.286950734611394698e-02	5.715331336243475446e-01
1.120000000000000107e+00	9.128457879775404848e-02	5.715320700023297507e-01
1.125000000000000000e+00	8.969292754214165664e-02	5.715309441386292599e-01
1.129999999999999893e+00	8.809457774250614714e-02	5.715297510931426350e-01
1.134999999999999787e+00	8.648955529267741971e-02	5.715284853108889562e-01
1.139999999999999902e+00	8.487788840754020847e-02	5.715271407783830693e-01
1.145000000000000018e+00	8.325960741294634315e-02	5.715257106995637049e-01
1.149999999999999911e+00	8.163474546902246831e-02	5.715241876953497391e-01
1.154999999999999805e+00	8.000333833190155508e-02	5.715225633808466155e-01
1.159999999999999920e+00	7.836542524841193236e-02	5.715208286222275280e-01
1.165000000000000036e+00	7.672104868620087392e-02	5.715189729791431139e-01
1.169999999999999929e+00	7.507025545211745698e-02	5.715169850385137806e-01
1.174999999999999822e+00	7.341309638757564926e-02	5.715148516704366966e-01
1.179999999999999938e+00	7.174962778266061325e-02	5.715125584663640623e-01
1.185000000000000053e+00	7.007991103455510351e-02	5.715100887332156265e-01
1.189999999999999947e+00	6.840401445805896485e-02	5.715074240750147583e-01
1.194999999999999840e+00	6.672201290720326805e-02	5.715045430136818094e-01
1.199999999999999956e+00	6.503399012527426304e-02	5.715014217705222110e-01
1.205000000000000071e+00	6.334003833451745669e-02	5.714980323453721089e-01
1.209999999999999964e+00	6.164026133269699670e-02	5.714943435806663086e-01
1.214999999999999858e+00	5.993477406515602957e-02	5.714903184395963009e-01
1.219999999999999973e+00	5.822370677340082262e-02	5.714859154762754745e-01
1.225000000000000089e+00	5.650720458169554428e-02	5.714810849041972451e-01
1.229999999999999982e+00	5.478543315825543797e-02	5.714757706605325671e-01
1.234999999999999876e+00	5.305857838253034975e-02	5.714699046044579012e-01
1.239999999999999991e+00	5.132685423005420994e-02	5.714634094680368648e-01
1.245000000000000107e+00	4.959050265120535511e-02	5.714561900872450195e-01
1.250000000000000000e+00	4.784980480634299510e-02	5.714481377052570421e-01
1.254999999999999893e+00	4.610508141103777241e-02	5.714391163564184195e-01
1.260000000000000009e+00	4.435670915836522482e-02	5.714289692840293089e-01
1.265000000000000124e+00	4.260512202813664800e-02	5.714174971443469753e-01
1.270000000000000018e+00	4.085083598641324476e-02	5.714044678242682362e-01
1.274999999999999911e+00	3.909445223956793669e-02	5.713895803255762962e-01
1.280000000000000027e+00	3.733669558887942747e-02	5.713724802289746885e-01
1.285000000000000142e+00	3.557842159571859841e-02	5.713526974568805539e-01
1.290000000000000036e+00	3.382067829499572909e-02	5.713296714814010135e-01
1.294999999999999929e+00	3.206472129367633761e-02	5.713026391922177982e-01
1.300000000000000044e+00	3.031211700659732985e-02	5.712706777377181133e-01
1.305000000000000160e+00	2.856477407283076683e-02	5.712324921229379182e-01
1.310000000000000053e+00	2.682512325147403537e-02	5.711864920189736461e-01
1.314999999999999947e+00	2.509618276228955946e-02	5.711303666682153723e-01
1.320000000000000062e+00	2.338188404648862059e-02	5.710612331827381594e-01
1.325000000000000178e+00	2.168720683167292898e-02	5.709747360964351204e-01
1.330000000000000071e+00	2.001878299428696065e-02	5.708653672307889559e-01
1.334999999999999964e+00	1.838516233739978176e-02	5.707244642831599268e-01
1.340000000000000080e+00	1.679789922404847577e-02	5.705410261862342569e-01
1.345000000000000195e+00	1.527196779733244573e-02	5.702972224140068214e-01
1.350000000000000089e+00	1.382731900714444240e-02	5.699709572856613837e-01
1.354999999999999982e+00	1.248884819921120340e-02	5.695269034437150379e-01
1.360000000000000098e+00	1.128640921524954113e-02	5.689256861920295449e-01
1.365000000000000213e+00	1.025114244990739908e-02	5.681133040826114033e-01
1.370000000000000107e+00	9.407596538082568793e-03	5.670474290034819287e-01
1.375000000000000000e+00	8.765009000184151994e-03	5.656991148284177262e-01
1.379999999999999893e+00	8.308664193536123219e-03	5.640771228773661106e-01
1.384999999999999787e+00	8.005826237325574732e-03	5.622271604509968546e-01
1.389999999999999902e+00	7.815464787386747214e-03	5.602044447046624631e-01
1.395000000000000018e+00	7.700321691586163760e-03	5.580712492487608367e-01
1.399999999999999911e+00	7.632659702969113447e-03	5.558681011457095034e-01
1.404999999999999805e+00	7.593331428391780422e-03	5.536281748404572323e-01
1.409999999999999920e+00	7.570801296176011934e-03	5.513686453768463780e-01
1.415000000000000036e+00	7.557845549983397034e-03	5.491020741598523491e-01
1.419999999999999929e+00	7.550444205927346261e-03	5.468344310595492086e-01
1.424999999999999822e+00	7.546158468168151674e-03	5.445699168293786085e-01
1.429999999999999938e+00	7.543667487404542502e-03	5.423104583459589234e-01
1.435000000000000053e+00	7.542178037695054620e-03	5.400573878401215833e-01
1.439999999999999947e+00	7.541264343376949918e-03	5.378112968414640038e-01
1.444999999999999840e+00	7.540671547039107248e-03	5.355725851080345157e-01
1.449999999999999956e+00	7.540263257923695596e-03	5.333414157122053911e-01
1.455000000000000071e+00	7.539957925736101400e-03	5.311178908820421984e-01
1.459999999999999964e+00	7.539711953023026970e-03	5.289020378453080928e-01
1.464999999999999858e+00	7.539499281975080291e-03	5.266938648125492062e-01
1.469999999999999973e+00	7.539305987099599593e-03	5.244933564459481889e-01
1.475000000000000089e+00	7.539123745982078198e-03	5.223004916725462188e-01
1.479999999999999982e+00	7.538948111202369538e-03	5.201152421947364823e-01
1.484999999999999876e+00	7.538776424306695319e-03	5.179375781832019632e-01
1.489999999999999991e+00	7.538607263966796458e-03	5.157674677525231344e-01
1.495000000000000107e+00	7.538439779866830046e-03	5.136048788089925266e-01
1.500000000000000000e+00	7.538273516548872968e-03	5.114497788336908046e-01
1.504999999999999893e+00	7.538108200781359382e-03	5.093021355103104497e-01
1.510000000000000009e+00	7.537943685341669774e-03	5.071619166071350548e-01
1.515000000000000124e+00	7.537779881161983317e-03	5.050290902171638008e-01
1.520000000000000018e+00	7.537616739389853618e-03	5.029036246727927040e-01
1.524999999999999911e+00	7.537454229742552095e-03	5.007854886620457524e-01
1.530000000000000027e+00	7.537292334781038952e-03	4.986746511549121075e-01
1.535000000000000142e+00	7.537131043008901861e-03	4.965710814793061201e-01
1.540000000000000036e+00	7.536970347042412643e-03	4.944747492523349219e-01
1.544999999999999929e+00	7.536810241413122689e-03	4.923856244425137696e-01
1.550000000000000044e+00	7.536650721980546301e-03	4.903036773037844354e-01
1.555000000000000160e+00	7.536491785234871246e-03	4.882288784324249065e-01
1.560000000000000053e+00	7.536333428105937079e-03	4.861611987030813875e-01
1.564999999999999947e+00	7.536175647744196814e-03	4.841006093230789675e-01
1.570000000000000062e+00	7.536018441456127093e-03	4.820470817701916766e-01
1.575000000000000178e+00	7.535861806637577515e-03	4.800005878452476282e-01
1.580000000000000071e+00	7.535705740749562564e-03	4.779610996115052357e-01
1.584999999999999964e+00	7.535550241300101662e-03	4.759285894458702426e-01
1.590000000000000080e+00	7.535395305832976419e-03	4.739030299797959978e-01
1.595000000000000195e+00	7.535240931924947275e-03	4.718843941492462113e-01
1.600000000000000089e+00	7.535087117178721795e-03	4.698726551370547844e-01
1.604999999999999982e+00	7.534933859225004249e-03	4.678677864217063442e-01
1.610000000000000098e+00	7.534781155716891582e-03	4.658697617210990072e-01
1.615000000000000213e+00	7.534629004333393172e-03	4.638785550401972047e-01
1.620000000000000107e+00	7.534477402774357631e-03	4.618941406161414243e-01
1.625000000000000000e+00	7.534326348764400216e-03	4.599164929648199007e-01
1.629999999999999893e+00	7.534175840048076833e-03	4.579455868272747088e-01
1.634999999999999787e+00	7.534025874393874764e-03	4.559813972152342854e-01
1.639999999999999902e+00	7.533876449589541925e-03	4.540238993587669691e-01
1.645000000000000018e+00	7.533727563446041171e-03	4.520730687508137113e-01
1.649999999999999911e+00	7.533579213792998379e-03	4.501288810960428211e-01
1.654999999999999805e+00	7.533431398482583023e-03	4.481913123544213340e-01
1.659999999999999920e+00	7.533284115385070756e-03	4.462603386912241676e-01
1.665000000000000036e+00	7.533137362392641583e-03	4.443359365196833388e-01
1.669999999999999929e+00	7.532991137415040450e-03	4.424180824521068978e-01
1.674999999999999822e+00	7.532845438383303435e-03	4.405067533416407444e-01
1.679999999999999938e+00	7.532700263245512874e-03	4.386019262344567626e-01
1.685000000000000053e+00	7.532555609970446354e-03	4.367035784106608753e-01
1.689999999999999947e+00	7.532411476543422919e-03	4.348116873375104663e-01
1.694999999999999840e+00	7.532267860969877465e-03	4.329262307095003148e-01
1.699999999999999956e+00	7.532124761271301490e-03	4.310471864025715583e-01
1.705000000000000071e+00	7.531982175488742028e-03	4.291745325134082023e-01
1.709999999999999964e+00	7.531840101678826532e-03	4.273082473145983773e-01
1.714999999999999858e+00	7.531698537917195027e-03	4.254483092931725663e-01
1.719999999999999973e+00	7.531557482294610854e-03	4.235946971066820721e-01
1.725000000000000089e+00	7.531416932920319968e-03	4.217473896210072182e-01
1.729999999999999982e+00	7.531276887918248418e-03	4.199063658673196087e-01
1.734999999999999876e+00	7.531137345430292257e-03	4.180716050791877247e-01
1.739999999999999991e+00	7.530998303612591351e-03	4.162430866503892268e-01
1.745000000000000107e+00	7.530859760638766373e-03	4.144207901713427566e-01
1.750000000000000000e+00	7.530721714696255072e-03	4.126046953877379742e-01
1.754999999999999893e+00	7.530584163989496350e-03	4.107947822363183232e-01
1.760000000000000009e+00	7.530447106736341996e-03	4.089910308042991605e-01
1.765000000000000124e+00	7.530310541171173107e-03	4.071934213645269085e-01
1.770000000000000018e+00	7.530174465541387280e-03	4.054019343356553562e-01
1.774999999999999911e+00	7.530038878110461263e-03	4.036165503167046809e-01
1.780000000000000027e+00	7.529903777154498858e-03	4.018372500479684417e-01
1.785000000000000142e+00	7.529769160965248467e-03	4.000640144449962299e-01
1.790000000000000036e+00	7.529635027846709114e-03	3.982968245602033219e-01
1.794999999999999929e+00	7.529501376118094211e-03	3.965356616162979964e-01
1.800000000000000044e+00	7.529368204110506967e-03	3.947805069685697554e-01
1.805000000000000160e+00	7.529235510169852118e-03	3.930313421377824579e-01
1.810000000000000053e+00	7.529103292653569444e-03	3.912881487731149632e-01
1.814999999999999947e+00	7.528971549933497799e-03	3.895509086845410640e-01
1.820000000000000062e+00	7.528840280392665868e-03	3.878196038063982942e-01
1.825000000000000178e+00	7.528709482428115433e-03	3.860942162292749225e-01
1.830000000000000071e+00	7.528579154447739841e-03	3.843747281641837210e-01
1.834999999999999964e+00	7.528449294873068229e-03	3.826611219739738390e-01
1.840000000000000080e+00	7.528319902136158641e-03	3.809533801380880491e-01
1.845000000000000195e+00	7.528190974682333683e-03	3.792514852835187078e-01
1.850000000000000089e+00	7.528062510967132616e-03	3.775554201501257201e-01
1.854999999999999982e+00	7.527934509458998440e-03	3.758651676211536841e-01
1.860000000000000098e+00	7.527806968636285498e-03	3.741807106890911450e-01
1.865000000000000213e+00	7.527679886989907532e-03	3.725020324857657439e-01
1.870000000000000107e+00	7.527553263020386916e-03	3.708291162487245551e-01
1.875000000000000000e+00	7.527427095240472356e-03	3.691619453509225046e-01
1.879999999999999893e+00	7.527301382172229757e-03	3.675005032676063044e-01
1.884999999999999787e+00	7.527176122349620892e-03	3.658447736056116284e-01
1.889999999999999902e+00	7.527051314315648042e-03	3.641947400707306604e-01
1.895000000000000018e+00	7.526926956624890169e-03	3.625503864966347356e-01
1.899999999999999911e+00	7.526803047840690923e-03	3.609116968127071834e-01
1.904999999999999805e+00	7.526679586537660116e-03	3.592786550726051464e-01
1.909999999999999920e+00	7.526556571298909440e-03	3.576512454225420634e-01
1.915000000000000036e+00	7.526434000718516641e-03	3.560294521295020997e-01
1.919999999999999929e+00	7.526311873398799403e-03	3.544132595499556726e-01
1.924999999999999822e+00	7.526190187952751763e-03	3.528026521577390384e-01
1.929999999999999938e+00	7.526068943001354428e-03	3.511976145131883720e-01
1.935000000000000053e+00	7.525948137175983432e-03	3.495981312906977778e-01
1.939999999999999947e+00	7.525827769115753414e-03	3.480041872482551590e-01
1.944999999999999840e+00	7.525707837469900255e-03	3.464157672546916977e-01
1.949999999999999956e+00	7.525588340895162515e-03	3.448328562596053581e-01
1.955000000000000071e+00	7.525469278058127647e-03	3.432554393203129384e-01
1.959999999999999964e+00	7.525350647632658534e-03	3.416835015721483848e-01
1.964999999999999858e+00	7.525232448302205009e-03	3.401170282551276847e-01
1.969999999999999973e+00	7.525114678757265953e-03	3.385560046846080584e-01
1.975000000000000089e+00	7.524997337697677396e-03	3.370004162776784051e-01
1.979999999999999982e+00	7.524880423830101507e-03	3.354502485241655507e-01
1.984999999999999876e+00	7.524763935870293872e-03	3.339054870127602381e-01
1.989999999999999991e+00	7.524647872540625448e-03	3.323661174023584408e-01
1.995000000000000107e+00	7.524532232572318617e-03	3.308321254479331119e-01
2.000000000000000000e+00	7.524417014703002962e-03	3.293034969721989058e-01
2.004999999999999893e+00	7.524302217678930510e-03	3.277802178912381237e-01
2.009999999999999787e+00	7.524187840252559260e-03	3.262622741864782405e-01
2.014999999999999680e+00	7.524073881184739805e-03	3.247496519300818729e-01
2.020000000000000018e+00	7.523960339242337890e-03	3.232423372572251208e-01
2.024999999999999911e+00	7.523847213200389808e-03	3.217403163912611053e-01
2.029999999999999805e+00	7.523734501839754452e-03	3.202435756162881342e-01
2.035000000000000142e+00	7.523622203949252227e-03	3.187521013020942484e-01
2.040000000000000036e+00	7.523510318323338789e-03	3.172658798770077726e-01
2.044999999999999929e+00	7.523398843764224873e-03	3.157848978526295869e-01
2.049999999999999822e+00	7.523287779079575188e-03	3.143091417969548496e-01
2.054999999999999716e+00	7.523177123084606559e-03	3.128385983589032637e-01
2.060000000000000053e+00	7.523066874599819778e-03	3.113732542417014804e-01
2.064999999999999947e+00	7.522957032453067398e-03	3.099130962272187984e-01
2.069999999999999840e+00	7.522847595477315068e-03	3.084581111496015882e-01
2.075000000000000178e+00	7.522738562512694578e-03	3.070082859194205871e-01
2.080000000000000071e+00	7.522629932404280816e-03	3.055636074975505712e-01
2.084999999999999964e+00	7.522521704004129194e-03	3.041240629191351297e-01
2.089999999999999858e+00	7.522413876169081227e-03	3.026896392677024816e-01
2.094999999999999751e+00	7.522306447762776814e-03	3.012603236989555566e-01
2.100000000000000089e+00	7.522199417653484092e-03	2.998361034151158511e-01
2.104999999999999982e+00	7.522092784716098712e-03	2.984169656885449218e-01
2.109999999999999876e+00	7.521986547829986706e-03	2.970028978363083993e-01
2.115000000000000213e+00	7.521880705880975085e-03	2.955938872436345566e-01
2.120000000000000107e+00	7.521775257759212921e-03	2.941899213386927614e-01
2.125000000000000000e+00	7.521670202361145467e-03	2.927909876158940050e-01
2.129999999999999893e+00	7.521565538587394323e-03	2.913970736108755788e-01
2.134999999999999787e+00	7.521461265344717671e-03	2.900081669236510562e-01
2.140000000000000124e+00	7.521357381543912132e-03	2.886242551937934775e-01
2.145000000000000018e+00	7.521253886101751315e-03	2.872453261234402810e-01
2.149999999999999911e+00	7.521150777938912825e-03	2.858713674526687232e-01
2.155000000000000249e+00	7.521048055981900335e-03	2.845023669823593115e-01
2.160000000000000142e+00	7.520945719160988807e-03	2.831383125497600184e-01
2.165000000000000036e+00	7.520843766412130954e-03	2.817791920512116577e-01
2.169999999999999929e+00	7.520742196674923274e-03	2.804249934178935089e-01
2.174999999999999822e+00	7.520641008894497770e-03	2.790757046384177431e-01
2.180000000000000160e+00	7.520540202019503594e-03	2.777313137347497407e-01
2.185000000000000053e+00	7.520439775003985756e-03	2.763918087846752858e-01
2.189999999999999947e+00	7.520339726805386725e-03	2.750571778978912474e-01
2.195000000000000284e+00	7.520240056386410382e-03	2.737274092383490953e-01
2.200000000000000178e+00	7.520140762713038371e-03	2.724024910005108935e-01
2.205000000000000071e+00	7.520041844756382779e-03	2.710824114315734112e-01
2.209999999999999964e+00	7.519943301490718095e-03	2.697671588078840998e-01
2.214999999999999858e+00	7.519845131895321749e-03	2.684567214570496851e-01
2.220000000000000195e+00	7.519747334952526022e-03	2.671510877345072976e-01
2.225000000000000089e+00	7.519649909649538631e-03	2.658502460455219318e-01
2.229999999999999982e+00	7.519552854976512858e-03	2.645541848219073455e-01
2.235000000000000320e+00	7.519456169928361196e-03	2.632628925439149392e-01
2.240000000000000213e+00	7.519359853502833278e-03	2.619763577171027036e-01
2.245000000000000107e+00	7.519263904702319992e-03	2.606945688941171846e-01
2.250000000000000000e+00	7.519168322531952220e-03	2.594175146517052055e-01
2.254999999999999893e+00	7.519073106001386737e-03	2.581451836123941912e-01
2.259999999999999787e+00	7.518978254122918835e-03	2.568775644216423348e-01
2.264999999999999680e+00	7.518883765913260409e-03	2.556146457694188356e-01
2.270000000000000018e+00	7.518789640391668194e-03	2.543564163674893464e-01
2.274999999999999911e+00	7.518695876581707113e-03	2.531028649709003431e-01
2.279999999999999805e+00	7.518602473509391516e-03	2.518539803553946355e-01
2.285000000000000142e+00	7.518509430204943327e-03	2.506097513388019227e-01
2.290000000000000036e+00	7.518416745700941088e-03	2.493701667585834503e-01
2.294999999999999929e+00	7.518324419034070304e-03	2.481352154931295850e-01
2.299999999999999822e+00	7.518232449243287228e-03	2.469048864394297604e-01
2.304999999999999716e+00	7.518140835371555329e-03	2.456791685342809839e-01
2.310000000000000053e+00	7.518049576464024691e-03	2.444580507320791296e-01
2.314999999999999947e+00	7.517958671569755467e-03	2.432415220259408206e-01
2.319999999999999840e+00	7.517868119739913764e-03	2.420295714256129049e-01
2.325000000000000178e+00	7.517777920029485549e-03	2.408221879785094333e-01
2.330000000000000071e+00	7.517688071495477742e-03	2.396193607477382637e-01
2.334999999999999964e+00	7.517598573198629522e-03	2.384210788330533293e-01
2.339999999999999858e+00	7.517509424201626426e-03	2.372273313489954571e-01
2.344999999999999751e+00	7.517420623570795178e-03	2.360381074457636730e-01
2.350000000000000089e+00	7.517332170374336868e-03	2.348533962874662651e-01
2.354999999999999982e+00	7.517244063684009638e-03	2.336731870729132632e-01
2.359999999999999876e+00	7.517156302573368802e-03	2.324974690139756384e-01
2.365000000000000213e+00	7.517068886119448665e-03	2.313262313562995665e-01
2.370000000000000107e+00	7.516981813401011313e-03	2.301594633577728755e-01
2.375000000000000000e+00	7.516895083500214556e-03	2.289971543091619821e-01
2.379999999999999893e+00	7.516808695500878934e-03	2.278392935126829222e-01
2.384999999999999787e+00	7.516722648490144383e-03	2.266858703025633193e-01
2.390000000000000124e+00	7.516636941556745048e-03	2.255368740237156389e-01
2.395000000000000018e+00	7.516551573792659008e-03	2.243922940522253551e-01
2.399999999999999911e+00	7.516466544291398703e-03	2.232521197741244579e-01
2.405000000000000249e+00	7.516381852149646783e-03	2.221163406058068446e-01
2.410000000000000142e+00	7.516297496465556942e-03	2.209849459729017196e-01
2.415000000000000036e+00	7.516213476340383691e-03	2.198579253306156278e-01
2.419999999999999929e+00	7.516129790876793608e-03	2.187352681427038870e-01
2.424999999999999822e+00	7.516046439180486434e-03	2.176169639017423441e-01
2.430000000000000160e+00	7.515963420358515862e-03	2.165030021081935929e-01
2.435000000000000053e+00	7.515880733520901961e-03	2.153933722906095916e-01
2.439999999999999947e+00	7.515798377778964978e-03	2.142880639847917768e-01
2.445000000000000284e+00	7.515716352246925615e-03	2.131870667539246256e-01
2.450000000000000178e+00	7.515634656040253575e-03	2.120903701678292230e-01
2.455000000000000071e+00	7.515553288277256570e-03	2.109979638230279897e-01
2.459999999999999964e+00	7.515472248077437536e-03	2.099098373220898428e-01
2.464999999999999858e+00	7.515391534563079304e-03	2.088259802936277831e-01
2.470000000000000195e+00	7.515311146857607885e-03	2.077463823717342895e-01
2.475000000000000089e+00	7.515231084087177146e-03	2.066710332159122365e-01
2.479999999999999982e+00	7.515151345379031227e-03	2.055999224905991074e-01
2.485000000000000320e+00	7.515071929863084872e-03	2.045330398850314924e-01
2.490000000000000213e+00	7.514992836670298000e-03	2.034703750928588128e-01
2.495000000000000107e+00	7.514914064934249960e-03	2.024119178319404022e-01
2.500000000000000000e+00	7.514835613789519302e-03	2.013576578240471593e-01
2.504999999999999893e+00	7.514757482373249364e-03	2.003075848145936255e-01
2.509999999999999787e+00	7.514679669823539319e-03	1.992616885524254866e-01
2.514999999999999680e+00	7.514602175281004555e-03	1.982199588094867571e-01
2.520000000000000018e+00	7.514524997887176393e-03	1.971823853606929078e-01
2.524999999999999911e+00	7.514448136786051197e-03	1.961489580035336300e-01
2.529999999999999805e+00	7.514371591122501366e-03	1.951196665380304229e-01
2.535000000000000142e+00	7.514295360043817505e-03	1.940945007862745209e-01
2.540000000000000036e+00	7.514219442698128089e-03	1.930734505724698846e-01
2.544999999999999929e+00	7.514143838235933827e-03	1.920565057424056254e-01
2.549999999999999822e+00	7.514068545808538606e-03	1.910436561435829850e-01
2.554999999999999716e+00	7.513993564569570842e-03	1.900348916446237824e-01
2.560000000000000053e+00	7.513918893673430036e-03	1.890302021154804391e-01
2.564999999999999947e+00	7.513844532276797716e-03	1.880295774467800052e-01
2.569999999999999840e+00	7.513770479537090069e-03	1.870330075301171457e-01
2.575000000000000178e+00	7.513696734613967143e-03	1.860404822773334410e-01
2.580000000000000071e+00	7.513623296667788949e-03	1.850519916008935561e-01
2.584999999999999964e+00	7.513550164861121199e-03	1.840675254330996491e-01
2.589999999999999858e+00	7.513477338357200074e-03	1.830870737065494191e-01
2.594999999999999751e+00	7.513404816321426691e-03	1.821106263732866770e-01
2.600000000000000089e+00	7.513332597919844882e-03	1.811381733853409115e-01
2.604999999999999982e+00	7.513260682320625251e-03	1.801697047138131336e-01
2.609999999999999876e+00	7.513189068692553360e-03	1.792052103294970999e-01
2.615000000000000213e+00	7.513117756206508582e-03	1.782446802219000981e-01
2.620000000000000107e+00	7.513046744033954893e-03	1.772881043799462986e-01
2.625000000000000000e+00	7.512976031348418855e-03	1.763354728109319536e-01
2.629999999999999893e+00	7.512905617323983876e-03	1.753867755213101010e-01
2.634999999999999787e+00	7.512835501136763856e-03	1.744420025355804538e-01
2.640000000000000124e+00	7.512765681963406127e-03	1.735011438771554004e-01
2.645000000000000018e+00	7.512696158982556417e-03	1.725641895871845299e-01
2.649999999999999911e+00	7.512626931373371335e-03	1.716311297055011786e-01
2.655000000000000249e+00	7.512557998316973795e-03	1.707019542893814801e-01
2.660000000000000142e+00	7.512489358994979376e-03	1.697766533945724576e-01
2.665000000000000036e+00	7.512421012590937003e-03	1.688552170939836283e-01
2.669999999999999929e+00	7.512352958288868315e-03	1.679376354587970854e-01
2.674999999999999822e+00	7.512285195274703148e-03	1.670238985770926554e-01
2.680000000000000160e+00	7.512217722734822363e-03	1.661139965350385828e-01
2.685000000000000053e+00	7.512150539857488131e-03	1.652079194354501290e-01
2.689999999999999947e+00	7.512083645831395436e-03	1.643056573790610819e-01
2.695000000000000284e+00	7.512017039847096282e-03	1.634072004830150193e-01
2.700000000000000178e+00	7.511950721095556407e-03	1.625125388622187805e-01
2.705000000000000071e+00	7.511884688769574284e-03	1.616216626477650631e-01
2.709999999999999964e+00	7.511818942062347369e-03	1.607345619683677451e-01
2.714999999999999858e+00	7.511753480168880705e-03	1.598512269687160647e-01
2.720000000000000195e+00	7.511688302284562704e-03	1.589716477909915993e-01
2.725000000000000089e+00	7.511623407606571150e-03	1.580958145931540271e-01
2.729999999999999982e+00	7.511558795332448114e-03	1.572237175305391255e-01
2.735000000000000320e+00	7.511494464661502488e-03	1.563553467740756708e-01
2.740000000000000213e+00	7.511430414793400512e-03	1.554906924919660371e-01
2.745000000000000107e+00	7.511366644929551827e-03	1.546297448678319586e-01
2.750000000000000000e+00	7.511303154271708679e-03	1.537724940824784503e-01
2.754999999999999893e+00	7.511239942023351102e-03	1.529189303319690441e-01
2.759999999999999787e+00	7.511177007388286989e-03	1.520690438094716712e-01
2.764999999999999680e+00	7.511114349572035540e-03	1.512228247232637046e-01
2.770000000000000018e+00	7.511051967780434276e-03	1.503802632786603310e-01
2.774999999999999911e+00	7.510989861221012941e-03	1.495413496959477895e-01
2.779999999999999805e+00	7.510928029101610059e-03	1.487060741923954543e-01
2.785000000000000142e+00	7.510866470631741634e-03	1.478744270001162153e-01
2.790000000000000036e+00	7.510805185021220305e-03	1.470463983481628822e-01
2.794999999999999929e+00	7.510744171481522312e-03	1.462219784803153455e-01
2.799999999999999822e+00	7.510683429224414460e-03	1.454011576372607195e-01
2.804999999999999716e+00	7.510622957463310677e-03	1.445839260743071730e-01
2.810000000000000053e+00	7.510562755411908514e-03	1.437702740436484494e-01
2.814999999999999947e+00	7.510502822285537901e-03	1.429601918120036730e-01
2.819999999999999840e+00	7.510443157299807188e-03	1.421536696429665791e-01
2.825000000000000178e+00	7.510383759671942355e-03	1.413506978145697424e-01
2.830000000000000071e+00	7.510324628619445206e-03	1.405512666017201817e-01
2.834999999999999964e+00	7.510265763361422160e-03	1.397553662936873720e-01
2.839999999999999858e+00	7.510207163117247654e-03	1.389629871766240865e-01
2.844999999999999751e+00	7.510148827107892069e-03	1.381741195509790798e-01
2.850000000000000089e+00	7.510090754554590332e-03	1.373887537141036397e-01
2.854999999999999982e+00	7.510032944680161172e-03	1.366068799775869702e-01
2.859999999999999876e+00	7.509975396707684395e-03	1.358284886499496191e-01
2.865000000000000213e+00	7.509918109861814933e-03	1.350535700539010897e-01
2.870000000000000107e+00	7.509861083367463594e-03	1.342821145091205592e-01
2.875000000000000000e+00	7.509804316451108505e-03	1.335141123494357762e-01
2.879999999999999893e+00	7.509747808339485402e-03	1.327495539056914309e-01
2.884999999999999787e+00	7.509691558260883464e-03	1.319884295228488935e-01
2.890000000000000124e+00	7.509635565443849477e-03	1.312307295429423759e-01
2.895000000000000018e+00	7.509579829118477601e-03	1.304764443220995107e-01
2.899999999999999911e+00	7.509524348515117867e-03	1.297255642135857479e-01
2.905000000000000249e+00	7.509469122865659874e-03	1.289780795847433881e-01
2.910000000000000142e+00	7.509414151402251693e-03	1.282339808001265458e-01
2.915000000000000036e+00	7.509359433358572290e-03	1.274932582383580537e-01
2.919999999999999929e+00	7.509304967968559973e-03	1.267559022753536602e-01
2.924999999999999822e+00	7.509250754467677869e-03	1.260219033010977208e-01
2.930000000000000160e+00	7.509196792091648448e-03	1.252912517029569073e-01
2.935000000000000053e+00	7.509143080077717268e-03	1.245639378823734239e-01
2.939999999999999947e+00	7.509089617663391829e-03	1.238399522382690049e-01
2.945000000000000284e+00	7.509036404087692310e-03	1.231192851836544061e-01
2.950000000000000178e+00	7.508983438589906037e-03	1.224019271291253569e-01
2.955000000000000071e+00	7.508930720410829547e-03	1.216878684993871612e-01
2.959999999999999964e+00	7.508878248791529993e-03	1.209770997168422985e-01
2.964999999999999858e+00	7.508826022974580267e-03	1.202696112180302729e-01
2.970000000000000195e+00	7.508774042202826481e-03	1.195653934373071409e-01
2.975000000000000089e+00	7.508722305720617017e-03	1.188644368232000259e-01
2.979999999999999982e+00	7.508670812772577814e-03	1.181667318221792246e-01
2.985000000000000320e+00	7.508619562604834478e-03	1.174722688949256383e-01
2.990000000000000213e+00	7.508568554463797978e-03	1.167810385001971513e-01
2.995000000000000107e+00	7.508517787597372879e-03	1.160930311110083546e-01
3.000000000000000000e+00	7.508467261253755180e-03	1.154082371985902106e-01
3.004999999999999893e+00	7.508416974682633610e-03	1.147266472484829852e-01
3.009999999999999787e+00	7.508366927133994402e-03	1.140482517445897126e-01
3.014999999999999680e+00	7.508317117859315652e-03	1.133730411851798930e-01
3.020000000000000018e+00	7.508267546110377298e-03	1.127010060670385894e-01
3.024999999999999911e+00	7.508218211140452007e-03	1.120321369013808216e-01
3.029999999999999805e+00	7.508169112203122095e-03	1.113664241980954484e-01
3.035000000000000142e+00	7.508120248553458269e-03	1.107038584815697724e-01
3.040000000000000036e+00	7.508071619446852162e-03	1.100444302750298586e-01
3.044999999999999929e+00	7.508023224140184665e-03	1.093881301162733938e-01
3.049999999999999822e+00	7.507975061890659330e-03	1.087349485421069545e-01
3.054999999999999716e+00	7.507927131956975905e-03	1.080848761039877454e-01
3.060000000000000053e+00	7.507879433598162004e-03	1.074379033525573873e-01
3.064999999999999947e+00	7.507831966074741438e-03	1.067940208531914931e-01
3.069999999999999840e+00	7.507784728647578024e-03	1.061532191706311412e-01
3.075000000000000178e+00	7.507737720579030043e-03	1.055154888844393457e-01
3.080000000000000071e+00	7.507690941131805323e-03	1.048808205737309929e-01
3.084999999999999964e+00	7.507644389570107893e-03	1.042492048325352610e-01
3.089999999999999858e+00	7.507598065158501734e-03	1.036206322546243397e-01
3.094999999999999751e+00	7.507551967163047894e-03	1.029950934487815911e-01
3.100000000000000089e+00	7.507506094850177787e-03	1.023725790237293432e-01
3.104999999999999982e+00	7.507460447487819891e-03	1.017530796033023349e-01
3.109999999999999876e+00	7.507415024344288659e-03	1.011365858114745830e-01
3.115000000000000213e+00	7.507369824689394747e-03	1.005230882874374315e-01
3.120000000000000107e+00	7.507324847793344323e-03	9.991257767072714291e-02
3.125000000000000000e+00	7.507280092927844962e-03	9.930504461620566492e-02
3.129999999999999893e+00	7.507235559365007561e-03	9.870047977928940452e-02
3.134999999999999787e+00	7.507191246378451359e-03	9.809887383083311374e-02
3.140000000000000124e+00	7.507147153242211060e-03	9.750021744245958299e-02
3.145000000000000018e+00	7.507103279231828845e-03	9.690450130134600770e-02
3.149999999999999911e+00	7.507059623623275370e-03	9.631171609565536418e-02
3.155000000000000249e+00	7.507016185694034838e-03	9.572185252922435494e-02
3.160000000000000142e+00	7.506972964722030336e-03	9.513490130709723047e-02
3.165000000000000036e+00	7.506929959986702837e-03	9.455085315011438341e-02
3.169999999999999929e+00	7.506887170767943471e-03	9.396969878054931002e-02
3.174999999999999822e+00	7.506844596347168191e-03	9.339142893659738154e-02
3.180000000000000160e+00	7.506802236006252654e-03	9.281603435811570935e-02
3.185000000000000053e+00	7.506760089028604276e-03	9.224350580101267627e-02
3.189999999999999947e+00	7.506718154698102316e-03	9.167383402309015050e-02
3.195000000000000284e+00	7.506676432300160400e-03	9.110700979833284696e-02
3.200000000000000178e+00	7.506634921120683077e-03	9.054302390285522140e-02
3.205000000000000071e+00	7.506593620447107526e-03	8.998186712908841367e-02
3.209999999999999964e+00	7.506552529567379201e-03	8.942353027183193304e-02
3.214999999999999858e+00	7.506511647770981385e-03	8.886800414233908540e-02
3.220000000000000195e+00	7.506470974347916048e-03	8.831527955447354694e-02
3.225000000000000089e+00	7.506430508589735130e-03	8.776534733869188754e-02
3.229999999999999982e+00	7.506390249788517065e-03	8.721819832830568497e-02
3.235000000000000320e+00	7.506350197237896330e-03	8.667382337336117237e-02
3.240000000000000213e+00	7.506310350232052106e-03	8.613221332700694843e-02
3.245000000000000107e+00	7.506270708066722225e-03	8.559335905927017984e-02
3.250000000000000000e+00	7.506231270038204832e-03	8.505725144353042111e-02
3.254999999999999893e+00	7.506192035444361928e-03	8.452388137019166414e-02
3.259999999999999787e+00	7.506153003583632306e-03	8.399323973326283665e-02
3.264999999999999680e+00	7.506114173756024688e-03	8.346531744392521324e-02
3.270000000000000018e+00	7.506075545262136731e-03	8.294010541721984209e-02
3.274999999999999911e+00	7.506037117404142957e-03	8.241759458550998452e-02
3.279999999999999805e+00	7.505998889484825909e-03	8.189777588527573371e-02
3.285000000000000142e+00	7.505960860808548463e-03	8.138064027047038629e-02
3.290000000000000036e+00	7.505923030680294525e-03	8.086617869942387682e-02
3.294999999999999929e+00	7.505885398406641346e-03	8.035438214809242918e-02
3.299999999999999822e+00	7.505847963294797615e-03	7.984524159706953006e-02
3.304999999999999716e+00	7.505810724653572304e-03	7.933874804473009523e-02
3.310000000000000053e+00	7.505773681792423171e-03	7.883489249434909307e-02
3.314999999999999947e+00	7.505736834022415198e-03	7.833366596713889352e-02
3.319999999999999840e+00	7.505700180655277762e-03	7.783505948947685993e-02
3.325000000000000178e+00	7.505663721004354402e-03	7.733906410583471502e-02
3.330000000000000071e+00	7.505627454383669538e-03	7.684567086611587827e-02
3.334999999999999964e+00	7.505591380108867817e-03	7.635487083847647405e-02
3.339999999999999858e+00	7.505555497496290383e-03	7.586665509677227581e-02
3.344999999999999751e+00	7.505519805863908149e-03	7.538101473327135649e-02
3.350000000000000089e+00	7.505484304530404133e-03	7.489794084621057002e-02
3.354999999999999982e+00	7.505448992816098931e-03	7.441742455239983012e-02
3.359999999999999876e+00	7.505413870042038256e-03	7.393945697488846225e-02
3.365000000000000213e+00	7.505378935530915806e-03	7.346402925545995888e-02
3.370000000000000107e+00	7.505344188606167741e-03	7.299113254240943705e-02
3.375000000000000000e+00	7.505309628592884280e-03	7.252075800292806518e-02
3.379999999999999893e+00	7.505275254816916319e-03	7.205289681099151522e-02
3.384999999999999787e+00	7.505241066605774017e-03	7.158754015963461614e-02
3.390000000000000124e+00	7.505207063287744687e-03	7.112467924895043980e-02
3.395000000000000018e+00	7.505173244192787051e-03	7.066430529825469542e-02
3.399999999999999911e+00	7.505139608651649995e-03	7.020640953419604591e-02
3.405000000000000249e+00	7.505106155996761619e-03	6.975098320280982700e-02
3.410000000000000142e+00	7.505072885561359271e-03	6.929801755773977445e-02
3.415000000000000036e+00	7.505039796680364715e-03	6.884750387218090129e-02
3.419999999999999929e+00	7.505006888689528914e-03	6.839943342721258035e-02
3.424999999999999822e+00	7.504974160926294185e-03	6.795379752363014947e-02
3.430000000000000160e+00	7.504941612728948525e-03	6.751058747039019592e-02
3.435000000000000053e+00	7.504909243437478221e-03	6.706979459633033436e-02
3.439999999999999947e+00	7.504877052392734324e-03	6.663141023872655444e-02
3.445000000000000284e+00	7.504845038937273116e-03	6.619542575490078296e-02
3.450000000000000178e+00	7.504813202414534722e-03	6.576183251089130766e-02
3.455000000000000071e+00	7.504781542169672304e-03	6.533062189294765176e-02
3.459999999999999964e+00	7.504750057548734143e-03	6.490178529631303317e-02
3.464999999999999858e+00	7.504718747899497173e-03	6.447531413660763377e-02
3.470000000000000195e+00	7.504687612570649924e-03	6.405119983872330225e-02
3.475000000000000089e+00	7.504656650912614781e-03	6.362943384809398306e-02
3.479999999999999982e+00	7.504625862276742207e-03	6.321000761970342607e-02
3.485000000000000320e+00	7.504595246016129532e-03	6.279291262924252548e-02
3.490000000000000213e+00	7.504564801484816042e-03	6.237814036223020969e-02
3.495000000000000107e+00	7.504534528038595692e-03	6.196568232505737794e-02
3.500000000000000000e+00	7.504504425034223478e-03	6.155553003422103292e-02
3.504999999999999893e+00	7.504474491830216872e-03	6.114767502725474563e-02
3.509999999999999787e+00	7.504444727786071731e-03	6.074210885207592669e-02
3.514999999999999680e+00	7.504415132263054199e-03	6.033882307780284032e-02
3.520000000000000018e+00	7.504385704623427016e-03	5.993780928421533344e-02
3.524999999999999911e+00	7.504356444231229280e-03	5.953905907245793383e-02
3.529999999999999805e+00	7.504327350451517505e-03	5.914256405461394001e-02
3.535000000000000142e+00	7.504298422651131499e-03	5.874831586429458269e-02
3.540000000000000036e+00	7.504269660197944100e-03	5.835630614632683622e-02
3.544999999999999929e+00	7.504241062461621849e-03	5.796652656722836583e-02
3.549999999999999822e+00	7.504212628812880793e-03	5.757896880500899817e-02
3.554999999999999716e+00	7.504184358624239361e-03	5.719362455953135027e-02
3.560000000000000053e+00	7.504156251269281097e-03	5.681048554242590365e-02
3.564999999999999947e+00	7.504128306123403203e-03	5.642954348733754399e-02
3.569999999999999840e+00	7.504100522563083610e-03	5.605079013995409309e-02
3.575000000000000178e+00	7.504072899966622578e-03	5.567421726813839844e-02
3.580000000000000071e+00	7.504045437713417581e-03	5.529981665207101688e-02
3.584999999999999964e+00	7.504018135184697957e-03	5.492758009426695204e-02
3.589999999999999858e+00	7.503990991762805873e-03	5.455749940983280893e-02
3.594999999999999751e+00	7.503964006831924036e-03	5.418956643636876208e-02
3.600000000000000089e+00	7.503937179777366191e-03	5.382377302433926508e-02
3.604999999999999982e+00	7.503910509986295302e-03	5.346011104686036047e-02
3.609999999999999876e+00	7.503883996847020982e-03	5.309857239018433289e-02
3.615000000000000213e+00	7.503857639749709867e-03	5.273914896337206920e-02
3.620000000000000107e+00	7.503831438085694326e-03	5.238183268889165523e-02
3.625000000000000000e+00	7.503805391248169823e-03	5.202661551217574454e-02
3.629999999999999893e+00	7.503779498631515769e-03	5.167348939233404326e-02
3.634999999999999787e+00	7.503753759631984210e-03	5.132244631159571524e-02
3.640000000000000124e+00	7.503728173647025018e-03	5.097347826613569249e-02
3.645000000000000018e+00	7.503702740075969373e-03	5.062657727540231106e-02
3.649999999999999911e+00	7.503677458319365362e-03	5.028173537305696134e-02
3.655000000000000249e+00	7.503652327779649321e-03	4.993894461618694075e-02
3.660000000000000142e+00	7.503627347860490106e-03	4.959819707635924196e-02
3.665000000000000036e+00	7.503602517967455227e-03	4.925948484871781052e-02
3.669999999999999929e+00	7.503577837507358593e-03	4.892280004315114478e-02
3.674999999999999822e+00	7.503553305888921443e-03	4.858813479327482587e-02
3.680000000000000160e+00	7.503528922522131363e-03	4.825548124771272124e-02
3.685000000000000053e+00	7.503504686818888471e-03	4.792483157896432200e-02
3.689999999999999947e+00	7.503480598192373112e-03	4.759617797479948759e-02
3.695000000000000284e+00	7.503456656057690306e-03	4.726951264701099303e-02
3.700000000000000178e+00	7.503432859831241780e-03	4.694482782292274531e-02
3.705000000000000071e+00	7.503409208931357405e-03	4.662211575402733926e-02
3.709999999999999964e+00	7.503385702777684574e-03	4.630136870760761386e-02
3.714999999999999858e+00	7.503362340791805765e-03	4.598257897525945270e-02
3.720000000000000195e+00	7.503339122396634857e-03	4.566573886462644422e-02
3.725000000000000089e+00	7.503316047017029485e-03	4.535084070780819043e-02
3.729999999999999982e+00	7.503293114079197766e-03	4.503787685320783524e-02
3.735000000000000320e+00	7.503270323011294179e-03	4.472683967382565240e-02
3.740000000000000213e+00	7.503247673242844501e-03	4.441772155921987209e-02
3.745000000000000107e+00	7.503225164205326071e-03	4.411051492368527061e-02
3.750000000000000000e+00	7.503202795331601407e-03	4.380521219832708701e-02
3.754999999999999893e+00	7.503180566056496734e-03	4.350180583912524601e-02
3.759999999999999787e+00	7.503158475816235594e-03	4.320028831912059442e-02
3.764999999999999680e+00	7.503136524049013913e-03	4.290065213636509028e-02
3.770000000000000018e+00	7.503114710194440547e-03	4.260288980622036620e-02
3.774999999999999911e+00	7.503093033694103672e-03	4.230699386919378052e-02
3.779999999999999805e+00	7.503071493991020878e-03	4.201295688334930750e-02
3.785000000000000142e+00	7.503050090530196878e-03	4.172077143202935351e-02
3.790000000000000036e+00	7.503028822758077941e-03	4.143043011637807110e-02
3.794999999999999929e+00	7.503007690123107871e-03	4.114192556294903047e-02
3.799999999999999822e+00	7.502986692075185905e-03	4.085525041634050641e-02
3.804999999999999716e+00	7.502965828066215752e-03	4.057039734668948378e-02
3.810000000000000053e+00	7.502945097549573901e-03	4.028735904241848020e-02
3.814999999999999947e+00	7.502924499980645652e-03	4.000612821761627413e-02
3.819999999999999840e+00	7.502904034816303830e-03	3.972669760489606905e-02
3.825000000000000178e+00	7.502883701515437875e-03	3.944905996266265258e-02
3.830000000000000071e+00	7.502863499538442102e-03	3.917320806808224920e-02
3.834999999999999964e+00	7.502843428347731776e-03	3.889913472423608271e-02
3.839999999999999858e+00	7.502823487407240047e-03	3.862683275320143161e-02
3.844999999999999751e+00	7.502803676182931425e-03	3.835629500309239298e-02
3.850000000000000089e+00	7.502783994142301315e-03	3.808751434125143970e-02
3.854999999999999982e+00	7.502764440754879950e-03	3.782048366117762850e-02
3.859999999999999876e+00	7.502745015491748409e-03	3.755519587582859670e-02
3.865000000000000213e+00	7.502725717826027804e-03	3.729164392443622134e-02
3.870000000000000107e+00	7.502706547232400498e-03	3.702982076591892352e-02
3.875000000000000000e+00	7.502687503187598431e-03	3.676971938558511177e-02
3.879999999999999893e+00	7.502668585169928669e-03	3.651133278865528742e-02
3.884999999999999787e+00	7.502649792659754797e-03	3.625465400685367462e-02
3.890000000000000124e+00	7.502631125139028537e-03	3.599967609203984925e-02
3.895000000000000018e+00	7.502612582091762461e-03	3.574639212268876376e-02
3.899999999999999911e+00	7.502594163003573763e-03	3.549479519763171914e-02
3.905000000000000249e+00	7.502575867362146558e-03	3.524487844242469442e-02
3.910000000000000142e+00	7.502557694656783460e-03	3.499663500319884907e-02
3.915000000000000036e+00	7.502539644378856606e-03	3.475005805291731670e-02
3.919999999999999929e+00	7.502521716021373979e-03	3.450514078533430812e-02
3.924999999999999822e+00	7.502503909079417423e-03	3.426187642114157661e-02
3.930000000000000160e+00	7.502486223049715901e-03	3.402025820203548323e-02
3.935000000000000053e+00	7.502468657431082648e-03	3.378027939675302960e-02
3.939999999999999947e+00	7.502451211723988427e-03	3.354193329524709360e-02
3.945000000000000284e+00	7.502433885430993474e-03	3.330521321461210604e-02
3.950000000000000178e+00	7.502416678056328565e-03	3.307011249336702652e-02
3.955000000000000071e+00	7.502399589106319155e-03	3.283662449727111493e-02
3.959999999999999964e+00	7.502382618088977717e-03	3.260474261371438393e-02
3.964999999999999858e+00	7.502365764514412269e-03	3.237446025742358319e-02
3.970000000000000195e+00	7.502349027894432594e-03	3.214577086495971903e-02
3.975000000000000089e+00	7.502332407742949225e-03	3.191866790031513967e-02
3.979999999999999982e+00	7.502315903575584866e-03	3.169314484951731709e-02
3.985000000000000320e+00	7.502299514910070778e-03	3.146919522611697773e-02
3.990000000000000213e+00	7.502283241265863406e-03	3.124681256589853864e-02
3.995000000000000107e+00	7.502267082164529484e-03	3.102599043225947109e-02
4.000000000000000000e+00	7.502251037129373940e-03	3.080672241102653738e-02
4.004999999999999893e+00	7.502235105685818931e-03	3.058900211572723390e-02
4.009999999999999787e+00	7.502219287361035216e-03	3.037282318251144711e-02
4.014999999999999680e+00	7.502203581684315989e-03	3.015817927531502796e-02
4.019999999999999574e+00	7.502187988186713452e-03	2.994506408088656521e-02
4.025000000000000355e+00	7.502172506401408314e-03	2.973347131384368805e-02
4.030000000000000249e+00	7.502157135863352436e-03	2.952339471180452646e-02
4.035000000000000142e+00	7.502141876109628786e-03	2.931482804033681486e-02
4.040000000000000036e+00	7.502126726679104497e-03	2.910776508819377592e-02
4.044999999999999929e+00	7.502111687112781278e-03	2.890219967215658728e-02
4.049999999999999822e+00	7.502096756953456277e-03	2.869812563237409200e-02
4.054999999999999716e+00	7.502081935746064689e-03	2.849553683709929452e-02
4.059999999999999609e+00	7.502067223037351025e-03	2.829442717813221778e-02
4.064999999999999503e+00	7.502052618376199578e-03	2.809479057545085506e-02
4.070000000000000284e+00	7.502038121313314364e-03	2.789662097275674713e-02
4.075000000000000178e+00	7.502023731401545256e-03	2.769991234200101446e-02
4.080000000000000071e+00	7.502009448195568787e-03	2.750465867903208531e-02
4.084999999999999964e+00	7.501995271252214284e-03	2.731085400801683272e-02
4.089999999999999858e+00	7.501981200130150747e-03	2.711849237719078654e-02
4.094999999999999751e+00	7.501967234390198233e-03	2.692756786317447928e-02
4.099999999999999645e+00	7.501953373595027751e-03	2.673807456682526090e-02
4.105000000000000426e+00	7.501939617309467435e-03	2.655000661744985613e-02
4.110000000000000320e+00	7.501925965100205047e-03	2.636335816875729626e-02
4.115000000000000213e+00	7.501912416536088077e-03	2.617812340296788581e-02
4.120000000000000107e+00	7.501898971187836648e-03	2.599429652686674821e-02
4.125000000000000000e+00	7.501885628628329750e-03	2.581187177580989561e-02
4.129999999999999893e+00	7.501872388432328544e-03	2.563084340987777099e-02
4.134999999999999787e+00	7.501859250176760863e-03	2.545120571777886864e-02
4.139999999999999680e+00	7.501846213440445388e-03	2.527295301310300210e-02
4.144999999999999574e+00	7.501833277804365735e-03	2.509607963812278408e-02
4.150000000000000355e+00	7.501820442851408512e-03	2.492057996014603732e-02
4.155000000000000249e+00	7.501807708166629597e-03	2.474644837521592852e-02
4.160000000000000142e+00	7.501795073336993934e-03	2.457367930456177268e-02
4.165000000000000036e+00	7.501782537951640073e-03	2.440226719819815066e-02
4.169999999999999929e+00	7.501770101601626037e-03	2.423220653147392309e-02
4.174999999999999822e+00	7.501757763880184324e-03	2.406349180857084158e-02
4.179999999999999716e+00	7.501745524382473843e-03	2.389611755915018246e-02
4.185000000000000497e+00	7.501733382705832315e-03	2.373007834175127131e-02
4.190000000000000391e+00	7.501721338449536015e-03	2.356536874053528907e-02
4.195000000000000284e+00	7.501709391215033960e-03	2.340198336858414704e-02
4.200000000000000178e+00	7.501697540605728465e-03	2.323991686474100385e-02
4.205000000000000071e+00	7.501685786227196319e-03	2.307916389681018837e-02
4.209999999999999964e+00	7.501674127686971949e-03	2.291971915849354974e-02
4.214999999999999858e+00	7.501662564594770329e-03	2.276157737249218452e-02
4.219999999999999751e+00	7.501651096562269271e-03	2.260473328753818262e-02
4.224999999999999645e+00	7.501639723203330605e-03	2.244918168139842934e-02
4.230000000000000426e+00	7.501628444133786808e-03	2.229491735800117475e-02
4.235000000000000320e+00	7.501617258971653504e-03	2.214193515034278137e-02
4.240000000000000213e+00	7.501606167336927374e-03	2.199022991770848215e-02
4.245000000000000107e+00	7.501595168851787378e-03	2.183979654848228202e-02
4.250000000000000000e+00	7.501584263140403941e-03	2.169062995746176906e-02
4.254999999999999893e+00	7.501573449829128035e-03	2.154272508857152379e-02
4.259999999999999787e+00	7.501562728546310767e-03	2.139607691227137995e-02
4.264999999999999680e+00	7.501552098922486395e-03	2.125068042817414293e-02
4.269999999999999574e+00	7.501541560590191914e-03	2.110653066254634252e-02
4.275000000000000355e+00	7.501531113184153540e-03	2.096362267083116612e-02
4.280000000000000249e+00	7.501520756341103699e-03	2.082195153524117603e-02
4.285000000000000142e+00	7.501510489699964902e-03	2.068151236718665867e-02
4.290000000000000036e+00	7.501500312901675412e-03	2.054230030495999768e-02
4.294999999999999929e+00	7.501490225589361842e-03	2.040431051606997337e-02
4.299999999999999822e+00	7.501480227408172628e-03	2.026753819501718804e-02
4.304999999999999716e+00	7.501470318005445427e-03	2.013197856553501641e-02
4.309999999999999609e+00	7.501460497030548388e-03	1.999762687845537540e-02
4.314999999999999503e+00	7.501450764135035414e-03	1.986447841385685295e-02
4.320000000000000284e+00	7.501441118972500439e-03	1.973252847902022544e-02
4.325000000000000178e+00	7.501431561198721419e-03	1.960177241048464622e-02
4.330000000000000071e+00	7.501422090471520678e-03	1.947220557209207448e-02
4.334999999999999964e+00	7.501412706450907159e-03	1.934382335695200225e-02
4.339999999999999858e+00	7.501403408798940249e-03	1.921662118557456583e-02
4.344999999999999751e+00	7.501394197179863353e-03	1.909059450774416161e-02
4.349999999999999645e+00	7.501385071259978124e-03	1.896573880074061552e-02
4.355000000000000426e+00	7.501376030707769364e-03	1.884204957112237122e-02
4.360000000000000320e+00	7.501367075193782728e-03	1.871952235303510348e-02
4.365000000000000213e+00	7.501358204390749622e-03	1.859815270990515176e-02
4.370000000000000107e+00	7.501349417973468374e-03	1.847793623283480735e-02
4.375000000000000000e+00	7.501340715618919595e-03	1.835886854220675560e-02
4.379999999999999893e+00	7.501332097006156892e-03	1.824094528616539840e-02
4.384999999999999787e+00	7.501323561816413549e-03	1.812416214213283250e-02
4.389999999999999680e+00	7.501315109733003653e-03	1.800851481537570076e-02
4.394999999999999574e+00	7.501306740441418368e-03	1.789399904043323039e-02
4.400000000000000355e+00	7.501298453629234864e-03	1.778061057976904058e-02
4.405000000000000249e+00	7.501290248986207387e-03	1.766834522511198657e-02
4.410000000000000142e+00	7.501282126204176191e-03	1.755719879619208404e-02
4.415000000000000036e+00	7.501274084977159473e-03	1.744716714199481822e-02
4.419999999999999929e+00	7.501266125001270109e-03	1.733824613958076521e-02
4.424999999999999822e+00	7.501258245974792849e-03	1.723043169525387275e-02
4.429999999999999716e+00	7.501250447598108856e-03	1.712371974346401163e-02
4.435000000000000497e+00	7.501242729573774637e-03	1.701810624788999485e-02
4.440000000000000391e+00	7.501235091606445714e-03	1.691358720042444169e-02
4.445000000000000284e+00	7.501227533402948615e-03	1.681015862217222906e-02
4.450000000000000178e+00	7.501220054672214956e-03	1.670781656251698125e-02
4.455000000000000071e+00	7.501212655125344755e-03	1.660655710003550514e-02
4.459999999999999964e+00	7.501205334475546591e-03	1.650637634164528467e-02
4.464999999999999858e+00	7.501198092438194839e-03	1.640727042343557637e-02
4.469999999999999751e+00	7.501190928730776773e-03	1.630923550989540546e-02
4.474999999999999645e+00	7.501183843072941997e-03	1.621226779466186999e-02
4.480000000000000426e+00	7.501176835186455609e-03	1.611636349982775371e-02
4.485000000000000320e+00	7.501169904795245043e-03	1.602151887660808322e-02
4.490000000000000213e+00	7.501163051625354093e-03	1.592773020472660825e-02
4.495000000000000107e+00	7.501156275404986286e-03	1.583499379300102108e-02
4.500000000000000000e+00	7.501149575864464979e-03	1.574330597880793658e-02
4.504999999999999893e+00	7.501142952736269791e-03	1.565266312858725958e-02
4.509999999999999787e+00	7.501136405755003643e-03	1.556306163738506096e-02
4.514999999999999680e+00	7.501129934657422248e-03	1.547449792927788059e-02
4.519999999999999574e+00	7.501123539182407221e-03	1.538696845699263037e-02
4.525000000000000355e+00	7.501117219070988634e-03	1.530046970225161160e-02
4.530000000000000249e+00	7.501110974066326799e-03	1.521499817546887248e-02
4.535000000000000142e+00	7.501104803913725277e-03	1.513055041601648644e-02
4.540000000000000036e+00	7.501098708360619607e-03	1.504712299199652964e-02
4.544999999999999929e+00	7.501092687156586843e-03	1.496471250042957085e-02
4.549999999999999822e+00	7.501086740053336879e-03	1.488331556710169312e-02
4.554999999999999716e+00	7.501080866804718528e-03	1.480292884667561842e-02
4.559999999999999609e+00	7.501075067166713441e-03	1.472354902261207264e-02
4.564999999999999503e+00	7.501069340897438716e-03	1.464517280720434127e-02
4.570000000000000284e+00	7.501063687757147762e-03	1.456779694157329420e-02
4.575000000000000178e+00	7.501058107508222494e-03	1.449141819562618783e-02
4.580000000000000071e+00	7.501052599915182875e-03	1.441603336812453777e-02
4.584999999999999964e+00	7.501047164744677372e-03	1.434163928656767215e-02
4.589999999999999858e+00	7.501041801765487294e-03	1.426823280733298741e-02
4.594999999999999751e+00	7.501036510748521589e-03	1.419581081548498998e-02
4.599999999999999645e+00	7.501031291466826387e-03	1.412437022498721877e-02
4.605000000000000426e+00	7.501026143695563309e-03	1.405390797843738410e-02
4.610000000000000320e+00	7.501021067212036361e-03	1.398442104735024387e-02
4.615000000000000213e+00	7.501016061795661577e-03	1.391590643181964473e-02
4.620000000000000107e+00	7.501011127227994769e-03	1.384836116087155740e-02
4.625000000000000000e+00	7.501006263292701176e-03	1.378178229205382667e-02
4.629999999999999893e+00	7.501001469775586683e-03	1.371616691185866335e-02
4.634999999999999787e+00	7.500996746464559661e-03	1.365151213524074154e-02
4.639999999999999680e+00	7.500992093149669131e-03	1.358781510610845844e-02
4.644999999999999574e+00	7.500987509623063994e-03	1.352507299677108837e-02
4.650000000000000355e+00	7.500982995679032067e-03	1.346328300849814266e-02
4.655000000000000249e+00	7.500978551113954979e-03	1.340244237089622571e-02
4.660000000000000142e+00	7.500974175726356739e-03	1.334254834253584786e-02
4.665000000000000036e+00	7.500969869316847366e-03	1.328359821025881272e-02
4.669999999999999929e+00	7.500965631688176656e-03	1.322558928987160702e-02
4.674999999999999822e+00	7.500961462645177810e-03	1.316851892538398010e-02
4.679999999999999716e+00	7.500957361994822943e-03	1.311238448976832609e-02
4.685000000000000497e+00	7.500953329546161501e-03	1.305718338413015996e-02
4.690000000000000391e+00	7.500949365110380976e-03	1.300291303853279810e-02
4.695000000000000284e+00	7.500945468500741856e-03	1.294957091110046470e-02
4.700000000000000178e+00	7.500941639532639205e-03	1.289715448890743112e-02
4.705000000000000071e+00	7.500937878023535010e-03	1.284566128701454014e-02
4.709999999999999964e+00	7.500934183793028440e-03	1.279508884942222140e-02
4.714999999999999858e+00	7.500930556662776909e-03	1.274543474804096244e-02
4.719999999999999751e+00	7.500926996456571544e-03	1.269669658370751325e-02
4.724999999999999645e+00	7.500923503000259118e-03	1.264887198509020635e-02
4.730000000000000426e+00	7.500920076121818381e-03	1.260195860976743958e-02
4.735000000000000320e+00	7.500916715651275921e-03	1.255595414306865353e-02
4.740000000000000213e+00	7.500913421420788568e-03	1.251085629921444217e-02
4.745000000000000107e+00	7.500910193264554056e-03	1.246666282009372718e-02
4.750000000000000000e+00	7.500907031018900356e-03	1.242337147646483710e-02
4.754999999999999893e+00	7.500903934522188538e-03	1.238098006666975281e-02
4.759999999999999787e+00	7.500900903614906440e-03	1.233948641789537129e-02
4.764999999999999680e+00	7.500897938139571529e-03	1.229888838482542414e-02
4.769999999999999574e+00	7.500895037940824572e-03	1.225918385096128049e-02
4.775000000000000355e+00	7.500892202865325556e-03	1.222037072721238529e-02
4.780000000000000249e+00	7.500889432761860369e-03	1.218244695327581201e-02
4.785000000000000142e+00	7.500886727481225445e-03	1.214541049616580694e-02
4.790000000000000036e+00	7.500884086876337918e-03	1.210925935165138925e-02
4.794999999999999929e+00	7.500881510802120261e-03	1.207399154272599355e-02
4.799999999999999822e+00	7.500878999115613045e-03	1.203960512110227241e-02
4.804999999999999716e+00	7.500876551675856110e-03	1.200609816562236629e-02
4.809999999999999609e+00	7.500874168344002189e-03	1.197346878380933614e-02
4.814999999999999503e+00	7.500871848983195478e-03	1.194171511021888815e-02
4.820000000000000284e+00	7.500869593458690462e-03	1.191083530804662276e-02
4.825000000000000178e+00	7.500867401637727021e-03	1.188082756742194282e-02
4.830000000000000071e+00	7.500865273389650985e-03	1.185169010707034024e-02
4.834999999999999964e+00	7.500863208585785771e-03	1.182342117255027331e-02
4.839999999999999858e+00	7.500861207099555547e-03	1.179601903796982480e-02
4.844999999999999751e+00	7.500859268806355992e-03	1.176948200416725286e-02
4.849999999999999645e+00	7.500857393583680935e-03	1.174380840048123639e-02
4.855000000000000426e+00	7.500855581310985308e-03	1.171899658287575870e-02
4.860000000000000320e+00	7.500853831869818723e-03	1.169504493576337123e-02
4.865000000000000213e+00	7.500852145143684091e-03	1.167195187007527210e-02
4.870000000000000107e+00	7.500850521018176398e-03	1.164971582513655082e-02
4.875000000000000000e+00	7.500848959380831786e-03	1.162833526668228569e-02
4.879999999999999893e+00	7.500847460121278475e-03	1.160780868878416063e-02
4.884999999999999787e+00	7.500846023131076297e-03	1.158813461181320940e-02
4.889999999999999680e+00	7.500844648303869357e-03	1.156931158441708123e-02
4.894999999999999574e+00	7.500843335535229903e-03	1.155133818143028179e-02
4.900000000000000355e+00	7.500842084722806648e-03	1.153421300590127749e-02
4.905000000000000249e+00	7.500840895766165174e-03	1.151793468695085434e-02
4.910000000000000142e+00	7.500839768566949263e-03	1.150250188184843807e-02
4.915000000000000036e+00	7.500838703028708289e-03	1.148791327381948855e-02
4.919999999999999929e+00	7.500837699057061152e-03	1.147416757417008513e-02
4.924999999999999822e+00	7.500836756559527141e-03	1.146126352004401237e-02
4.929999999999999716e+00	7.500835875445688132e-03	1.144919987659508143e-02
4.935000000000000497e+00	7.500835055627019451e-03	1.143797543469463052e-02
4.940000000000000391e+00	7.500834297017051205e-03	1.142758901315077749e-02
4.945000000000000284e+00	7.500833599531200879e-03	1.141803945636711386e-02
4.950000000000000178e+00	7.500832963086929463e-03	1.140932563660804026e-02
4.955000000000000071e+00	7.500832387603579253e-03	1.140144645160952146e-02
4.959999999999999964e+00	7.500831873002535184e-03	1.139440082688975703e-02
4.964999999999999858e+00	7.500831419207046151e-03	1.138818771331271372e-02
4.969999999999999751e+00	7.500831026142401083e-03	1.138280608944343929e-02
4.974999999999999645e+00	7.500830693735743328e-03	1.137825495906507819e-02
4.980000000000000426e+00	7.500830421916250199e-03	1.137453335357804275e-02
4.985000000000000320e+00	7.500830210614944753e-03	1.137164032947135354e-02
4.990000000000000213e+00	7.500830059764875338e-03	1.136957497076493059e-02
4.995000000000000107e+00	7.500829969300927373e-03	1.136833638643589342e-02
5.000000000000000000e+00	7.500829939160005497e-03	1.136792371290324538e-02
