# coordinate_x	h	p	@time=971.29
0.000000000000000000e+00	2.699757245584861187e-01	5.715670937332060220e-01
5.000000000000000104e-03	2.699721568558533513e-01	5.715670936572064820e-01
1.000000000000000021e-02	2.699614537491232813e-01	5.715670934291673388e-01
1.499999999999999944e-02	2.699436152395539579e-01	5.715670930490449608e-01
2.000000000000000042e-02	2.699186413302018250e-01	5.715670925167339878e-01
2.500000000000000139e-02	2.698865320245711352e-01	5.715670918321128502e-01
2.999999999999999889e-02	2.698472873279237350e-01	5.715670909949996936e-01
3.500000000000000333e-02	2.698009072459637281e-01	5.715670900051972314e-01
4.000000000000000083e-02	2.697473917861562542e-01	5.715670888624466706e-01
4.499999999999999833e-02	2.696867409564118745e-01	5.715670875664742301e-01
5.000000000000000278e-02	2.696189547664087915e-01	5.715670861169445116e-01
5.500000000000000028e-02	2.695440332262752370e-01	5.715670845135062406e-01
5.999999999999999778e-02	2.694619763479157992e-01	5.715670827557465250e-01
6.500000000000000222e-02	2.693727841436908688e-01	5.715670808432360417e-01
7.000000000000000666e-02	2.692764566277480176e-01	5.715670787754834059e-01
7.500000000000001110e-02	2.691729938146976697e-01	5.715670765519803576e-01
8.000000000000000167e-02	2.690623957209499761e-01	5.715670741721559089e-01
8.499999999999999223e-02	2.689446623633864886e-01	5.715670716354217529e-01
8.999999999999999667e-02	2.688197937607032517e-01	5.715670689411262995e-01
9.500000000000000111e-02	2.686877899320772034e-01	5.715670660885996401e-01
1.000000000000000056e-01	2.685486508985165943e-01	5.715670630771078065e-01
1.050000000000000100e-01	2.684023766815216705e-01	5.715670599058985113e-01
1.100000000000000006e-01	2.682489673044428091e-01	5.715670565741536313e-01
1.149999999999999911e-01	2.680884227911346507e-01	5.715670530810361694e-01
1.199999999999999956e-01	2.679207431673232276e-01	5.715670494256427370e-01
1.250000000000000000e-01	2.677459284592523803e-01	5.715670456070498506e-01
1.300000000000000044e-01	2.675639786950605448e-01	5.715670416242665253e-01
1.350000000000000089e-01	2.673748939034192307e-01	5.715670374762804595e-01
1.400000000000000133e-01	2.671786741149203559e-01	5.715670331620110733e-01
1.450000000000000178e-01	2.669753193607050101e-01	5.715670286803551381e-01
1.499999999999999944e-01	2.667648296738630020e-01	5.715670240301399252e-01
1.549999999999999989e-01	2.665472050880512422e-01	5.715670192101688363e-01
1.600000000000000033e-01	2.663224456389060024e-01	5.715670142191741077e-01
1.650000000000000078e-01	2.660905513626500851e-01	5.715670090558629957e-01
1.700000000000000122e-01	2.658515222975185721e-01	5.715670037188701480e-01
1.749999999999999889e-01	2.656053584823545588e-01	5.715669982068036781e-01
1.799999999999999933e-01	2.653520599580490025e-01	5.715669925181970923e-01
1.849999999999999978e-01	2.650916267661236891e-01	5.715669866515561415e-01
1.900000000000000022e-01	2.648240589501867359e-01	5.715669806053104152e-01
1.950000000000000067e-01	2.645493565545016801e-01	5.715669743778595269e-01
2.000000000000000111e-01	2.642675196254597458e-01	5.715669679675247083e-01
2.050000000000000155e-01	2.639785482101341119e-01	5.715669613725959941e-01
2.099999999999999922e-01	2.636824423577697196e-01	5.715669545912829275e-01
2.149999999999999967e-01	2.633792021183220533e-01	5.715669476217616340e-01
2.200000000000000011e-01	2.630688275439654333e-01	5.715669404621253058e-01
2.250000000000000056e-01	2.627513186876156981e-01	5.715669331104317186e-01
2.300000000000000100e-01	2.624266756044576487e-01	5.715669255646532720e-01
2.349999999999999867e-01	2.620948983504501340e-01	5.715669178227247293e-01
2.399999999999999911e-01	2.617559869838754216e-01	5.715669098824928129e-01
2.449999999999999956e-01	2.614099415638242996e-01	5.715669017417638331e-01
2.500000000000000000e-01	2.610567621517684289e-01	5.715668933982535060e-01
2.550000000000000044e-01	2.606964488100255717e-01	5.715668848496346932e-01
2.600000000000000089e-01	2.603290016033552035e-01	5.715668760934859982e-01
2.650000000000000133e-01	2.599544205974029798e-01	5.715668671273407275e-01
2.700000000000000178e-01	2.595727058603212734e-01	5.715668579486348211e-01
2.750000000000000222e-01	2.591838574611908808e-01	5.715668485547553690e-01
2.800000000000000266e-01	2.587878754716687046e-01	5.715668389429887641e-01
2.850000000000000311e-01	2.583847599643853687e-01	5.715668291105695520e-01
2.899999999999999800e-01	2.579745110146210996e-01	5.715668190546276950e-01
2.949999999999999845e-01	2.575571286986779729e-01	5.715668087722373114e-01
2.999999999999999889e-01	2.571326130955858824e-01	5.715667982603644948e-01
3.049999999999999933e-01	2.567009642854479745e-01	5.715667875159154976e-01
3.099999999999999978e-01	2.562621823511780916e-01	5.715667765356841068e-01
3.150000000000000022e-01	2.558162673768182849e-01	5.715667653164006046e-01
3.200000000000000067e-01	2.553632194493088980e-01	5.715667538546777005e-01
3.250000000000000111e-01	2.549030386567771034e-01	5.715667421470601584e-01
3.300000000000000155e-01	2.544357250903419576e-01	5.715667301899710617e-01
3.350000000000000200e-01	2.539612788423711853e-01	5.715667179797601083e-01
3.400000000000000244e-01	2.534797000083235385e-01	5.715667055126499863e-01
3.449999999999999734e-01	2.529909886849728839e-01	5.715666927847853351e-01
3.499999999999999778e-01	2.524951449722891428e-01	5.715666797921781228e-01
3.549999999999999822e-01	2.519921689716277946e-01	5.715666665307564953e-01
3.599999999999999867e-01	2.514820607876521175e-01	5.715666529963101539e-01
3.649999999999999911e-01	2.509648205264861098e-01	5.715666391845389827e-01
3.699999999999999956e-01	2.504404482976798629e-01	5.715666250909980928e-01
3.750000000000000000e-01	2.499089442123242910e-01	5.715666107111464500e-01
3.800000000000000044e-01	2.493703083850623836e-01	5.715665960402911416e-01
3.850000000000000089e-01	2.488245409321629409e-01	5.715665810736363373e-01
3.900000000000000133e-01	2.482716419735803981e-01	5.715665658062272225e-01
3.950000000000000178e-01	2.477116116309860394e-01	5.715665502329985159e-01
4.000000000000000222e-01	2.471444500298785873e-01	5.715665343487179584e-01
4.050000000000000266e-01	2.465701572975703970e-01	5.715665181480351631e-01
4.099999999999999756e-01	2.459887335653519469e-01	5.715665016254239950e-01
4.149999999999999800e-01	2.454001789664306543e-01	5.715664847752316424e-01
4.199999999999999845e-01	2.448044936381522374e-01	5.715664675916208859e-01
4.249999999999999889e-01	2.442016777198894595e-01	5.715664500686180594e-01
4.299999999999999933e-01	2.435917313553237207e-01	5.715664322000557629e-01
4.349999999999999978e-01	2.429746546902809834e-01	5.715664139796198251e-01
4.400000000000000022e-01	2.423504478750768687e-01	5.715663954007920156e-01
4.450000000000000067e-01	2.417191110622970984e-01	5.715663764568966743e-01
4.500000000000000111e-01	2.410806444092097045e-01	5.715663571410429800e-01
4.550000000000000155e-01	2.404350480754869068e-01	5.715663374461704693e-01
4.600000000000000200e-01	2.397823222256882103e-01	5.715663173649918605e-01
4.649999999999999689e-01	2.391224670269206376e-01	5.715662968900374619e-01
4.699999999999999734e-01	2.384554826513968495e-01	5.715662760135981069e-01
4.749999999999999778e-01	2.377813692740302354e-01	5.715662547277681194e-01
4.799999999999999822e-01	2.371001270750723589e-01	5.715662330243886924e-01
4.849999999999999867e-01	2.364117562376395754e-01	5.715662108950894105e-01
4.899999999999999911e-01	2.357162569504343275e-01	5.715661883312317393e-01
4.949999999999999956e-01	2.350136294051993757e-01	5.715661653239497708e-01
5.000000000000000000e-01	2.343038737995280785e-01	5.715661418640932689e-01
5.050000000000000044e-01	2.335869903342419895e-01	5.715661179422663052e-01
5.100000000000000089e-01	2.328629792162957290e-01	5.715660935487725247e-01
5.150000000000000133e-01	2.321318406560735070e-01	5.715660686736500073e-01
5.200000000000000178e-01	2.313935748703941087e-01	5.715660433066176438e-01
5.250000000000000222e-01	2.306481820797220694e-01	5.715660174371082203e-01
5.300000000000000266e-01	2.298956625112787422e-01	5.715659910542153499e-01
5.350000000000000311e-01	2.291360163961629892e-01	5.715659641467234486e-01
5.400000000000000355e-01	2.283692439725753254e-01	5.715659367030562210e-01
5.450000000000000400e-01	2.275953454828427425e-01	5.715659087113034165e-01
5.500000000000000444e-01	2.268143211767628398e-01	5.715658801591706473e-01
5.550000000000000488e-01	2.260261713085272572e-01	5.715658510340025922e-01
5.600000000000000533e-01	2.252308961401934262e-01	5.715658213227341466e-01
5.649999999999999467e-01	2.244284959385006717e-01	5.715657910119098517e-01
5.699999999999999512e-01	2.236189709784776880e-01	5.715657600876371536e-01
5.749999999999999556e-01	2.228023215401449542e-01	5.715657285356007256e-01
5.799999999999999600e-01	2.219785479122667604e-01	5.715656963410181701e-01
5.849999999999999645e-01	2.211476503889328871e-01	5.715656634886494558e-01
5.899999999999999689e-01	2.203096292734649519e-01	5.715656299627547288e-01
5.949999999999999734e-01	2.194644848748698585e-01	5.715655957470975324e-01
5.999999999999999778e-01	2.186122175119108446e-01	5.715655608249072817e-01
6.049999999999999822e-01	2.177528275094248456e-01	5.715655251788740454e-01
6.099999999999999867e-01	2.168863152025689578e-01	5.715654887911149062e-01
6.149999999999999911e-01	2.160126809329935560e-01	5.715654516431618593e-01
6.199999999999999956e-01	2.151319250532765515e-01	5.715654137159318360e-01
6.250000000000000000e-01	2.142440479229424655e-01	5.715653749897058322e-01
6.300000000000000044e-01	2.133490499130978879e-01	5.715653354441039280e-01
6.350000000000000089e-01	2.124469314022867095e-01	5.715652950580543123e-01
6.400000000000000133e-01	2.115376927813408803e-01	5.715652538097749646e-01
6.450000000000000178e-01	2.106213344490611983e-01	5.715652116767295787e-01
6.500000000000000222e-01	2.096978568172988833e-01	5.715651686356173489e-01
6.550000000000000266e-01	2.087672603064502919e-01	5.715651246623155712e-01
6.600000000000000311e-01	2.078295453507863766e-01	5.715650797318768683e-01
6.650000000000000355e-01	2.068847123937488375e-01	5.715650338184574686e-01
6.700000000000000400e-01	2.059327618935456461e-01	5.715649868953234236e-01
6.750000000000000444e-01	2.049736943182353666e-01	5.715649389347611242e-01
6.800000000000000488e-01	2.040075101516090061e-01	5.715648899080953971e-01
6.850000000000000533e-01	2.030342098880476565e-01	5.715648397855798146e-01
6.899999999999999467e-01	2.020537940387127085e-01	5.715647885364270042e-01
6.949999999999999512e-01	2.010662631261609656e-01	5.715647361286773087e-01
6.999999999999999556e-01	2.000716176908675370e-01	5.715646825292429734e-01
7.049999999999999600e-01	1.990698582855811305e-01	5.715646277037512712e-01
7.099999999999999645e-01	1.980609854822059090e-01	5.715645716166056767e-01
7.149999999999999689e-01	1.970449998658782564e-01	5.715645142307996807e-01
7.199999999999999734e-01	1.960219020422370451e-01	5.715644555079966160e-01
7.249999999999999778e-01	1.949916926312012244e-01	5.715643954083116096e-01
7.299999999999999822e-01	1.939543722746605026e-01	5.715643338904117243e-01
7.349999999999999867e-01	1.929099416299314695e-01	5.715642709112612740e-01
7.399999999999999911e-01	1.918584013779043307e-01	5.715642064262462796e-01
7.449999999999999956e-01	1.907997522161530290e-01	5.715641403888775951e-01
7.500000000000000000e-01	1.897339948675770271e-01	5.715640727509434527e-01
7.550000000000000044e-01	1.886611300731390883e-01	5.715640034621641830e-01
7.600000000000000089e-01	1.875811586010451837e-01	5.715639324703764013e-01
7.650000000000000133e-01	1.864940812390808167e-01	5.715638597211334382e-01
7.700000000000000178e-01	1.853998988043770169e-01	5.715637851579260520e-01
7.750000000000000222e-01	1.842986121353133167e-01	5.715637087217193546e-01
7.800000000000000266e-01	1.831902221019230947e-01	5.715636303512164895e-01
7.850000000000000311e-01	1.820747295973280389e-01	5.715635499823229493e-01
7.900000000000000355e-01	1.809521355488423466e-01	5.715634675484595473e-01
7.950000000000000400e-01	1.798224409088997611e-01	5.715633829799430243e-01
8.000000000000000444e-01	1.786856466669231314e-01	5.715632962043554199e-01
8.050000000000000488e-01	1.775417538397013606e-01	5.715632071458301988e-01
8.100000000000000533e-01	1.763907634840980176e-01	5.715631157254850159e-01
8.149999999999999467e-01	1.752326766868318175e-01	5.715630218605993740e-01
8.199999999999999512e-01	1.740674945781067462e-01	5.715629254651213298e-01
8.249999999999999556e-01	1.728952183207441429e-01	5.715628264487195853e-01
8.299999999999999600e-01	1.717158491248276520e-01	5.715627247173757919e-01
8.349999999999999645e-01	1.705293882361294255e-01	5.715626201722909805e-01
8.399999999999999689e-01	1.693358369518743745e-01	5.715625127105782299e-01
8.449999999999999734e-01	1.681351966083968197e-01	5.715624022239996771e-01
8.499999999999999778e-01	1.669274685981425033e-01	5.715622885997749814e-01
8.549999999999999822e-01	1.657126543564846344e-01	5.715621717191242679e-01
8.599999999999999867e-01	1.644907553800970534e-01	5.715620514582080425e-01
8.649999999999999911e-01	1.632617732128513743e-01	5.715619276864464249e-01
8.699999999999999956e-01	1.620257094657124031e-01	5.715618002676124965e-01
8.750000000000000000e-01	1.607825658016287240e-01	5.715616690578895209e-01
8.800000000000000044e-01	1.595323439571224022e-01	5.715615339071437040e-01
8.850000000000000089e-01	1.582750457260750920e-01	5.715613946566764358e-01
8.900000000000000133e-01	1.570106729832081160e-01	5.715612511407059948e-01
8.950000000000000178e-01	1.557392276666546282e-01	5.715611031837625200e-01
9.000000000000000222e-01	1.544607118035541404e-01	5.715609506024145192e-01
9.050000000000000266e-01	1.531751274912878658e-01	5.715607932022463977e-01
9.100000000000000311e-01	1.518824769254450979e-01	5.715606307798696273e-01
9.150000000000000355e-01	1.505827623795833181e-01	5.715604631194107776e-01
9.200000000000000400e-01	1.492759862358622458e-01	5.715602899948576399e-01
9.250000000000000444e-01	1.479621509631736109e-01	5.715601111659696087e-01
9.300000000000000488e-01	1.466412591507844920e-01	5.715599263810176023e-01
9.350000000000000533e-01	1.453133134846607000e-01	5.715597353720135443e-01
9.399999999999999467e-01	1.439783167845151424e-01	5.715595378579138020e-01
9.449999999999999512e-01	1.426362719781271160e-01	5.715593335390413143e-01
9.499999999999999556e-01	1.412871821422548024e-01	5.715591221008383682e-01
9.549999999999999600e-01	1.399310504747258155e-01	5.715589032073292719e-01
9.599999999999999645e-01	1.385678803397505654e-01	5.715586765055228335e-01
9.649999999999999689e-01	1.371976752375286823e-01	5.715584416177322824e-01
9.699999999999999734e-01	1.358204388545918295e-01	5.715581981467502404e-01
9.749999999999999778e-01	1.344361750306350967e-01	5.715579456668001823e-01
9.799999999999999822e-01	1.330448878146286984e-01	5.715576837296343360e-01
9.849999999999999867e-01	1.316465814285431024e-01	5.715574118538404580e-01
9.899999999999999911e-01	1.302412603301025817e-01	5.715571295320439615e-01
9.949999999999999956e-01	1.288289291730248531e-01	5.715568362182322781e-01
1.000000000000000000e+00	1.274095928774531816e-01	5.715565313362830357e-01
1.004999999999999893e+00	1.259832565862761544e-01	5.715562142648864530e-01
1.010000000000000009e+00	1.245499257444735997e-01	5.715558843476739037e-01
1.015000000000000124e+00	1.231096060510177836e-01	5.715555408752174271e-01
1.020000000000000018e+00	1.216623035486143756e-01	5.715551830970955205e-01
1.024999999999999911e+00	1.202080245706097505e-01	5.715548102003205067e-01
1.030000000000000027e+00	1.187467758429114478e-01	5.715544213237598870e-01
1.035000000000000142e+00	1.172785644252397064e-01	5.715540155321737759e-01
1.040000000000000036e+00	1.158033978273876885e-01	5.715535918335148402e-01
1.044999999999999929e+00	1.143212839440515688e-01	5.715531491475435155e-01
1.050000000000000044e+00	1.128322311880644996e-01	5.715526863266597868e-01
1.055000000000000160e+00	1.113362484179189066e-01	5.715522021177835699e-01
1.060000000000000053e+00	1.098333450912033632e-01	5.715516951875450058e-01
1.064999999999999947e+00	1.083235311837889986e-01	5.715511640757459100e-01
1.070000000000000062e+00	1.068068173674553145e-01	5.715506072259586290e-01
1.075000000000000178e+00	1.052832149195493117e-01	5.715500229283968503e-01
1.080000000000000071e+00	1.037527359297531898e-01	5.715494093572628387e-01
1.084999999999999964e+00	1.022153931988320774e-01	5.715487645002066408e-01
1.090000000000000080e+00	1.006712004807475830e-01	5.715480862041442123e-01
1.095000000000000195e+00	9.912017236888920335e-02	5.715473720876078634e-01
1.100000000000000089e+00	9.756232458136213093e-02	5.715466195972674912e-01
1.104999999999999982e+00	9.599767383284370237e-02	5.715458258982850648e-01
1.110000000000000098e+00	9.442623817300964395e-02	5.715449879444546299e-01
1.115000000000000213e+00	9.284803684187357964e-02	5.715441023400391618e-01
1.120000000000000107e+00	9.126309067414623000e-02	5.715431654273693818e-01
1.125000000000000000e+00	8.967142193560245778e-02	5.715421731113743409e-01
1.129999999999999893e+00	8.807305480996474589e-02	5.715411209697405237e-01
1.134999999999999787e+00	8.646801521351558939e-02	5.715400040281682914e-01
1.139999999999999902e+00	8.485633138623922822e-02	5.715388168999308016e-01
1.145000000000000018e+00	8.323803368158125271e-02	5.715375534953681669e-01
1.149999999999999911e+00	8.161315529064026852e-02	5.715362072001153315e-01
1.154999999999999805e+00	7.998173200372638014e-02	5.715347704958352315e-01
1.159999999999999920e+00	7.834380310619931675e-02	5.715332351898101404e-01
1.165000000000000036e+00	7.669941110839874343e-02	5.715315919144053902e-01
1.169999999999999929e+00	7.504860286553892423e-02	5.715298304256171136e-01
1.174999999999999822e+00	7.339142927286140816e-02	5.715279389346430428e-01
1.179999999999999938e+00	7.172794668175623556e-02	5.715259045000787852e-01
1.185000000000000053e+00	7.005821655796942715e-02	5.715237121236703688e-01
1.189999999999999947e+00	6.838230729484635895e-02	5.715213452712916142e-01
1.194999999999999840e+00	6.670029383473770335e-02	5.715187846322047349e-01
1.199999999999999956e+00	6.501226002276307148e-02	5.715160088195567756e-01
1.205000000000000071e+00	6.331829819635653722e-02	5.715129926411116612e-01
1.209999999999999964e+00	6.161851228704861433e-02	5.715097080537354657e-01
1.214999999999999858e+00	5.991301739249275254e-02	5.715061217112215042e-01
1.219999999999999973e+00	5.820194393248150772e-02	5.715021962840135528e-01
1.225000000000000089e+00	5.648543723577512110e-02	5.714978869145294071e-01
1.229999999999999982e+00	5.476366321209259758e-02	5.714931430715760596e-01
1.234999999999999876e+00	5.303680802016838558e-02	5.714879033155801924e-01
1.239999999999999991e+00	5.130508596865442084e-02	5.714820979513943744e-01
1.245000000000000107e+00	4.956873939671165019e-02	5.714756411100327949e-01
1.250000000000000000e+00	4.782804993362659712e-02	5.714684346201278631e-01
1.254999999999999893e+00	4.608333884793428675e-02	5.714603557031016079e-01
1.260000000000000009e+00	4.433498350811359429e-02	5.714512627512179366e-01
1.265000000000000124e+00	4.258341869974623106e-02	5.714409756145167885e-01
1.270000000000000018e+00	4.082916138718511306e-02	5.714292844464815557e-01
1.274999999999999911e+00	3.907281398355074570e-02	5.714159170124573084e-01
1.280000000000000027e+00	3.731510280943724917e-02	5.714005526332455176e-01
1.285000000000000142e+00	3.555688529021116401e-02	5.713827658003236554e-01
1.290000000000000036e+00	3.379921185043201909e-02	5.713620489231681088e-01
1.294999999999999929e+00	3.204334107783069624e-02	5.713377106515393766e-01
1.300000000000000044e+00	3.029084328598922668e-02	5.713089145669127955e-01
1.305000000000000160e+00	2.854363206598101860e-02	5.712744864082316409e-01
1.310000000000000053e+00	2.680414479387897148e-02	5.712329835066166650e-01
1.314999999999999947e+00	2.507540825216481029e-02	5.711823086175079611e-01
1.320000000000000062e+00	2.336136556046189069e-02	5.711198441381748481e-01
1.325000000000000178e+00	2.166701180383215700e-02	5.710416333822619928e-01
1.330000000000000071e+00	1.999900007821288350e-02	5.709426705501223775e-01
1.334999999999999964e+00	1.836590821326386860e-02	5.708150795670372535e-01
1.340000000000000080e+00	1.677932875052928069e-02	5.706488549561641310e-01
1.345000000000000195e+00	1.525428445287598488e-02	5.704277742119185923e-01
1.350000000000000089e+00	1.381078564937603288e-02	5.701317339848356314e-01
1.354999999999999982e+00	1.247378940660816629e-02	5.697285962042131224e-01
1.360000000000000098e+00	1.127318849371098698e-02	5.691825671828836253e-01
1.365000000000000213e+00	1.024010248396301642e-02	5.684446291108069538e-01
1.370000000000000107e+00	9.398942090010497727e-03	5.674764831432800305e-01
1.375000000000000000e+00	8.758701013584422462e-03	5.662521741138482056e-01
1.379999999999999893e+00	8.304396921686094113e-03	5.647799770859686097e-01
1.384999999999999787e+00	8.003128713030802782e-03	5.631016202319649722e-01
1.389999999999999902e+00	7.813861099421103365e-03	5.612672201536313965e-01
1.395000000000000018e+00	7.699424288821300928e-03	5.593331343952758772e-01
1.399999999999999911e+00	7.632198122177686131e-03	5.573359730188334193e-01
1.404999999999999805e+00	7.593133359006589388e-03	5.553056702674120659e-01
1.409999999999999920e+00	7.570761676289918668e-03	5.532577133235389022e-01
1.415000000000000036e+00	7.557903451009705641e-03	5.512034231003719587e-01
1.419999999999999929e+00	7.550564122179178293e-03	5.491481776208035903e-01
1.424999999999999822e+00	7.546320473647540918e-03	5.470957591717144908e-01
1.429999999999999938e+00	7.543860134731297622e-03	5.450479007332436066e-01
1.435000000000000053e+00	7.542394962917024770e-03	5.430057990445700256e-01
1.439999999999999947e+00	7.541501894365791429e-03	5.409699833107561862e-01
1.444999999999999840e+00	7.540927684496979283e-03	5.389408098063842578e-01
1.449999999999999956e+00	7.540536795917319492e-03	5.369184214852746884e-01
1.455000000000000071e+00	7.540248183915104763e-03	5.349029064470942618e-01
1.459999999999999964e+00	7.540018517337521674e-03	5.328942851977898076e-01
1.464999999999999858e+00	7.539821895743507515e-03	5.308925611185316695e-01
1.469999999999999973e+00	7.539644476246803138e-03	5.288977163801803494e-01
1.475000000000000089e+00	7.539477985143941408e-03	5.269097280129441119e-01
1.479999999999999982e+00	7.539318000508378644e-03	5.249285665562761771e-01
1.484999999999999876e+00	7.539161878892581062e-03	5.229542012027159625e-01
1.489999999999999991e+00	7.539008206804423233e-03	5.209865993160650577e-01
1.495000000000000107e+00	7.538856138537510486e-03	5.190257281078592966e-01
1.500000000000000000e+00	7.538705221041556298e-03	5.170715544324029356e-01
1.504999999999999893e+00	7.538555182505578961e-03	5.151240453625552940e-01
1.510000000000000009e+00	7.538405876455316935e-03	5.131831680740283064e-01
1.515000000000000124e+00	7.538257214271070102e-03	5.112488900710751016e-01
1.520000000000000018e+00	7.538109147344396535e-03	5.093211791004953470e-01
1.524999999999999911e+00	7.537961645545637919e-03	5.074000032652200565e-01
1.530000000000000027e+00	7.537814691527039077e-03	5.054853309490860980e-01
1.535000000000000142e+00	7.537668273855904072e-03	5.035771308937900814e-01
1.540000000000000036e+00	7.537522385193421923e-03	5.016753721283740974e-01
1.544999999999999929e+00	7.537377020107542853e-03	4.997800240335048549e-01
1.550000000000000044e+00	7.537232174488292351e-03	4.978910562737045575e-01
1.555000000000000160e+00	7.537087844853549573e-03	4.960084388565809688e-01
1.560000000000000053e+00	7.536944028158827115e-03	4.941321420671363485e-01
1.564999999999999947e+00	7.536800721579149480e-03	4.922621365243987079e-01
1.570000000000000062e+00	7.536657922444726064e-03	4.903983931175553423e-01
1.575000000000000178e+00	7.536515628174569360e-03	4.885408830607973485e-01
1.580000000000000071e+00	7.536373836252403119e-03	4.866895778311551291e-01
1.584999999999999964e+00	7.536232544208584794e-03	4.848444492218464408e-01
1.590000000000000080e+00	7.536091749608922648e-03	4.830054692817357109e-01
1.595000000000000195e+00	7.535951450051927951e-03	4.811726103673111821e-01
1.600000000000000089e+00	7.535811643161833585e-03	4.793458450837044804e-01
1.604999999999999982e+00	7.535672326590650560e-03	4.775251463353661907e-01
1.610000000000000098e+00	7.535533498012625571e-03	4.757104872685909980e-01
1.615000000000000213e+00	7.535395155127749475e-03	4.739018413209435954e-01
1.620000000000000107e+00	7.535257295656750884e-03	4.720991821652360532e-01
1.625000000000000000e+00	7.535119917345006225e-03	4.703024837577488015e-01
1.629999999999999893e+00	7.534983017957784003e-03	4.685117202836109884e-01
1.634999999999999787e+00	7.534846595284216443e-03	4.667268662038581151e-01
1.639999999999999902e+00	7.534710647132697274e-03	4.649478962021665329e-01
1.645000000000000018e+00	7.534575171334809141e-03	4.631747852307877555e-01
1.649999999999999911e+00	7.534440165740850619e-03	4.614075084585914643e-01
1.654999999999999805e+00	7.534305628223684700e-03	4.596460413159141334e-01
1.659999999999999920e+00	7.534171556674377698e-03	4.578903594438645808e-01
1.665000000000000036e+00	7.534037949005961861e-03	4.561404387381260972e-01
1.669999999999999929e+00	7.533904803149183566e-03	4.543962552994810777e-01
1.674999999999999822e+00	7.533772117056180065e-03	4.526577854765996833e-01
1.679999999999999938e+00	7.533639888696328293e-03	4.509250058177443066e-01
1.685000000000000053e+00	7.533508116059840082e-03	4.491978931125793495e-01
1.689999999999999947e+00	7.533376797153705506e-03	4.474764243450146117e-01
1.694999999999999840e+00	7.533245930005210041e-03	4.457605767340681591e-01
1.699999999999999956e+00	7.533115512657973314e-03	4.440503276878117189e-01
1.705000000000000071e+00	7.532985543175385601e-03	4.423456548433185587e-01
1.709999999999999964e+00	7.532856019636737649e-03	4.406465360216730853e-01
1.714999999999999858e+00	7.532726940140584311e-03	4.389529492670338762e-01
1.719999999999999973e+00	7.532598302800960245e-03	4.372648728026728437e-01
1.725000000000000089e+00	7.532470105750670684e-03	4.355822850691826176e-01
1.729999999999999982e+00	7.532342347137597344e-03	4.339051646815108576e-01
1.734999999999999876e+00	7.532215025127906791e-03	4.322334904663402977e-01
1.739999999999999991e+00	7.532088137902450027e-03	4.305672414200846787e-01
1.745000000000000107e+00	7.531961683659900604e-03	4.289063967454699311e-01
1.750000000000000000e+00	7.531835660613227061e-03	4.272509358104598087e-01
1.754999999999999893e+00	7.531710066992772928e-03	4.256008381840631905e-01
1.760000000000000009e+00	7.531584901042804626e-03	4.239560835961597718e-01
1.765000000000000124e+00	7.531460161024522079e-03	4.223166519725594092e-01
1.770000000000000018e+00	7.531335845212685544e-03	4.206825233956974497e-01
1.774999999999999911e+00	7.531211951898566376e-03	4.190536781389701537e-01
1.780000000000000027e+00	7.531088479386641513e-03	4.174300966282725733e-01
1.785000000000000142e+00	7.530965425997486994e-03	4.158117594756334801e-01
1.790000000000000036e+00	7.530842790064542699e-03	4.141986474415676467e-01
1.794999999999999929e+00	7.530720569936943422e-03	4.125907414680324292e-01
1.800000000000000044e+00	7.530598763976359064e-03	4.109880226415695281e-01
1.805000000000000160e+00	7.530477370559762393e-03	4.093904722256048734e-01
1.810000000000000053e+00	7.530356388076336026e-03	4.077980716243538306e-01
1.814999999999999947e+00	7.530235814930189009e-03	4.062108024144859275e-01
1.820000000000000062e+00	7.530115649537326254e-03	4.046286463097681363e-01
1.825000000000000178e+00	7.529995890328311341e-03	4.030515851921162018e-01
1.830000000000000071e+00	7.529876535745294065e-03	4.014796010769521306e-01
1.834999999999999964e+00	7.529757584244626406e-03	3.999126761436602173e-01
1.840000000000000080e+00	7.529639034293955126e-03	3.983507927016373129e-01
1.845000000000000195e+00	7.529520884374776152e-03	3.967939332201732006e-01
1.850000000000000089e+00	7.529403132979588763e-03	3.952420802951702172e-01
1.854999999999999982e+00	7.529285778614408335e-03	3.936952166784660201e-01
1.860000000000000098e+00	7.529168819795969969e-03	3.921533252452026330e-01
1.865000000000000213e+00	7.529052255054198735e-03	3.906163890226094781e-01
1.870000000000000107e+00	7.528936082929461870e-03	3.890843911580004200e-01
1.875000000000000000e+00	7.528820301974999130e-03	3.875573149470330492e-01
1.879999999999999893e+00	7.528704910754228756e-03	3.860351438023161275e-01
1.884999999999999787e+00	7.528589907843124922e-03	3.845178612811617214e-01
1.889999999999999902e+00	7.528475291827586152e-03	3.830054510547816204e-01
1.895000000000000018e+00	7.528361061305764192e-03	3.814978969355499738e-01
1.899999999999999911e+00	7.528247214885481001e-03	3.799951828467705850e-01
1.904999999999999805e+00	7.528133751186518591e-03	3.784972928494636513e-01
1.909999999999999920e+00	7.528020668838086328e-03	3.770042111126874484e-01
1.915000000000000036e+00	7.527907966481066533e-03	3.755159219398646053e-01
1.919999999999999929e+00	7.527795642765526020e-03	3.740324097396400260e-01
1.924999999999999822e+00	7.527683696352931338e-03	3.725536590517602997e-01
1.929999999999999938e+00	7.527572125913700209e-03	3.710796545184526507e-01
1.935000000000000053e+00	7.527460930129380341e-03	3.696103809098714721e-01
1.939999999999999947e+00	7.527350107690241633e-03	3.681458230959810951e-01
1.944999999999999840e+00	7.527239657297420290e-03	3.666859660715834912e-01
1.949999999999999956e+00	7.527129577660559602e-03	3.652307949286893729e-01
1.955000000000000071e+00	7.527019867499908957e-03	3.637802948811399428e-01
1.959999999999999964e+00	7.526910525544010591e-03	3.623344512374517268e-01
1.964999999999999858e+00	7.526801550531763904e-03	3.608932494250443046e-01
1.969999999999999973e+00	7.526692941210151241e-03	3.594566749635441094e-01
1.975000000000000089e+00	7.526584696336273590e-03	3.580247134886312965e-01
1.979999999999999982e+00	7.526476814675107582e-03	3.565973507257882980e-01
1.984999999999999876e+00	7.526369295001511701e-03	3.551745725137769316e-01
1.989999999999999991e+00	7.526262136098024920e-03	3.537563647788183885e-01
1.995000000000000107e+00	7.526155336756835609e-03	3.523427135577119618e-01
2.000000000000000000e+00	7.526048895777621810e-03	3.509336049724341988e-01
2.004999999999999893e+00	7.525942811969487181e-03	3.495290252529087427e-01
2.009999999999999787e+00	7.525837084148834233e-03	3.481289607120123808e-01
2.014999999999999680e+00	7.525731711141275121e-03	3.467333977680077672e-01
2.020000000000000018e+00	7.525626691779538704e-03	3.453423229199431010e-01
2.024999999999999911e+00	7.525522024905350119e-03	3.439557227697581099e-01
2.029999999999999805e+00	7.525417709367372525e-03	3.425735839980659780e-01
2.035000000000000142e+00	7.525313744023057194e-03	3.411958933859409182e-01
2.040000000000000036e+00	7.525210127736625156e-03	3.398226377910731344e-01
2.044999999999999929e+00	7.525106859380879983e-03	3.384538041692471411e-01
2.049999999999999822e+00	7.525003937835225004e-03	3.370893795508567159e-01
2.054999999999999716e+00	7.524901361987451805e-03	3.357293510620852905e-01
2.060000000000000053e+00	7.524799130731786058e-03	3.343737059017700686e-01
2.064999999999999947e+00	7.524697242970650873e-03	3.330224313622925369e-01
2.069999999999999840e+00	7.524595697612744723e-03	3.316755148067818126e-01
2.075000000000000178e+00	7.524494493574776163e-03	3.303329436897232685e-01
2.080000000000000071e+00	7.524393629779568653e-03	3.289947055344926707e-01
2.084999999999999964e+00	7.524293105157778792e-03	3.276607879536908019e-01
2.089999999999999858e+00	7.524192918646027163e-03	3.263311786269974535e-01
2.094999999999999751e+00	7.524093069188586211e-03	3.250058653212409832e-01
2.100000000000000089e+00	7.523993555735545777e-03	3.236848358685634475e-01
2.104999999999999982e+00	7.523894377244478432e-03	3.223680781862324762e-01
2.109999999999999876e+00	7.523795532678622354e-03	3.210555802551082194e-01
2.115000000000000213e+00	7.523697021008534519e-03	3.197473301392045331e-01
2.120000000000000107e+00	7.523598841210298732e-03	3.184433159644504685e-01
2.125000000000000000e+00	7.523500992267152798e-03	3.171435259380077087e-01
2.129999999999999893e+00	7.523403473167719971e-03	3.158479483273172184e-01
2.134999999999999787e+00	7.523306282907622246e-03	3.145565714791809242e-01
2.140000000000000124e+00	7.523209420487732627e-03	3.132693837990847552e-01
2.145000000000000018e+00	7.523112884915764999e-03	3.119863737700518946e-01
2.149999999999999911e+00	7.523016675204555886e-03	3.107075299322346607e-01
2.155000000000000249e+00	7.522920790373632642e-03	3.094328409015439929e-01
2.160000000000000142e+00	7.522825229447513418e-03	3.081622953495050665e-01
2.165000000000000036e+00	7.522729991457262344e-03	3.068958820216686756e-01
2.169999999999999929e+00	7.522635075438812921e-03	3.056335897177217542e-01
2.174999999999999822e+00	7.522540480434496309e-03	3.043754073096883173e-01
2.180000000000000160e+00	7.522446205491393340e-03	3.031213237222875057e-01
2.185000000000000053e+00	7.522352249662842862e-03	3.018713279509298575e-01
2.189999999999999947e+00	7.522258612006814567e-03	3.006254090423160497e-01
2.195000000000000284e+00	7.522165291587401721e-03	2.993835561122335509e-01
2.200000000000000178e+00	7.522072287473212208e-03	2.981457583263907307e-01
2.205000000000000071e+00	7.521979598738843045e-03	2.969120049180191123e-01
2.209999999999999964e+00	7.521887224463293109e-03	2.956822851689352438e-01
2.214999999999999858e+00	7.521795163731424642e-03	2.944565884269552680e-01
2.220000000000000195e+00	7.521703415632389859e-03	2.932349040871777834e-01
2.225000000000000089e+00	7.521611979261075970e-03	2.920172216092161155e-01
2.229999999999999982e+00	7.521520853716556938e-03	2.908035304986963387e-01
2.235000000000000320e+00	7.521430038103516826e-03	2.895938203243105247e-01
2.240000000000000213e+00	7.521339531530721496e-03	2.883880806995268720e-01
2.245000000000000107e+00	7.521249333112428950e-03	2.871863012994678166e-01
2.250000000000000000e+00	7.521159441966876642e-03	2.859884718428249428e-01
2.254999999999999893e+00	7.521069857217674466e-03	2.847945821085686169e-01
2.259999999999999787e+00	7.520980577992317229e-03	2.836046219180620165e-01
2.264999999999999680e+00	7.520891603423554214e-03	2.824185811516059519e-01
2.270000000000000018e+00	7.520802932647925078e-03	2.812364497307469624e-01
2.274999999999999911e+00	7.520714564807114665e-03	2.800582176346624874e-01
2.279999999999999805e+00	7.520626499046499311e-03	2.788838748826577563e-01
2.285000000000000142e+00	7.520538734516495592e-03	2.777134115503939737e-01
2.290000000000000036e+00	7.520451270371117901e-03	2.765468177525711724e-01
2.294999999999999929e+00	7.520364105769314182e-03	2.753840836590027985e-01
2.299999999999999822e+00	7.520277239873546064e-03	2.742251994774788093e-01
2.304999999999999716e+00	7.520190671851101176e-03	2.730701554696921551e-01
2.310000000000000053e+00	7.520104400872693225e-03	2.719189419342767366e-01
2.314999999999999947e+00	7.520018426113763907e-03	2.707715492225893916e-01
2.319999999999999840e+00	7.519932746753094262e-03	2.696279677219184934e-01
2.325000000000000178e+00	7.519847361974095305e-03	2.684881878711249392e-01
2.330000000000000071e+00	7.519762270963434130e-03	2.673522001440182816e-01
2.334999999999999964e+00	7.519677472912314128e-03	2.662199950648586055e-01
2.339999999999999858e+00	7.519592967015113240e-03	2.650915631918961402e-01
2.344999999999999751e+00	7.519508752470651161e-03	2.639668951327391877e-01
2.350000000000000089e+00	7.519424828480844071e-03	2.628459815280517198e-01
2.354999999999999982e+00	7.519341194251958835e-03	2.617288130667910218e-01
2.359999999999999876e+00	7.519257848993284206e-03	2.606153804700594434e-01
2.365000000000000213e+00	7.519174791918369419e-03	2.595056745062143677e-01
2.370000000000000107e+00	7.519092022243708401e-03	2.583996859748718955e-01
2.375000000000000000e+00	7.519009539189971426e-03	2.572974057218908039e-01
2.379999999999999893e+00	7.518927341980701472e-03	2.561988246235247235e-01
2.384999999999999787e+00	7.518845429843531991e-03	2.551039336012836944e-01
2.390000000000000124e+00	7.518763802008898885e-03	2.540127236062310057e-01
2.395000000000000018e+00	7.518682457711245264e-03	2.529251856337254023e-01
2.399999999999999911e+00	7.518601396187749031e-03	2.518413107078588120e-01
2.405000000000000249e+00	7.518520616679515503e-03	2.507610898960817014e-01
2.410000000000000142e+00	7.518440118430313665e-03	2.496845142937798856e-01
2.415000000000000036e+00	7.518359900687764455e-03	2.486115750387843659e-01
2.419999999999999929e+00	7.518279962702088294e-03	2.475422632960838643e-01
2.424999999999999822e+00	7.518200303727279495e-03	2.464765702722231111e-01
2.430000000000000160e+00	7.518120923019865932e-03	2.454144872001470523e-01
2.435000000000000053e+00	7.518041819840077383e-03	2.443560053534901133e-01
2.439999999999999947e+00	7.517962993450615604e-03	2.433011160315494414e-01
2.445000000000000284e+00	7.517884443117810525e-03	2.422498105734672003e-01
2.450000000000000178e+00	7.517806168110403343e-03	2.412020803433308214e-01
2.455000000000000071e+00	7.517728167700692306e-03	2.401579167442498275e-01
2.459999999999999964e+00	7.517650441163327077e-03	2.391173112035797632e-01
2.464999999999999858e+00	7.517572987776448452e-03	2.380802551868973216e-01
2.470000000000000195e+00	7.517495806820488798e-03	2.370467401833449284e-01
2.475000000000000089e+00	7.517418897579303087e-03	2.360167577195055044e-01
2.479999999999999982e+00	7.517342259338986692e-03	2.349902993448655664e-01
2.485000000000000320e+00	7.517265891388985599e-03	2.339673566455914566e-01
2.490000000000000213e+00	7.517189793020935019e-03	2.329479212301098223e-01
2.495000000000000107e+00	7.517113963529759198e-03	2.319319847427856462e-01
2.500000000000000000e+00	7.517038402212514354e-03	2.309195388496176615e-01
2.504999999999999893e+00	7.516963108369485030e-03	2.299105752518218471e-01
2.509999999999999787e+00	7.516888081303035700e-03	2.289050856716381421e-01
2.514999999999999680e+00	7.516813320318697575e-03	2.279030618658214324e-01
2.520000000000000018e+00	7.516738824724033229e-03	2.269044956115575662e-01
2.524999999999999911e+00	7.516664593829712124e-03	2.259093787198634129e-01
2.529999999999999805e+00	7.516590626948386512e-03	2.249177030216103212e-01
2.535000000000000142e+00	7.516516923395757423e-03	2.239294603808341111e-01
2.540000000000000036e+00	7.516443482489458365e-03	2.229446426808653348e-01
2.544999999999999929e+00	7.516370303550119585e-03	2.219632418375502569e-01
2.549999999999999822e+00	7.516297385900255236e-03	2.209852497854850051e-01
2.554999999999999716e+00	7.516224728865321565e-03	2.200106584911502572e-01
2.560000000000000053e+00	7.516152331772611890e-03	2.190394599392471719e-01
2.564999999999999947e+00	7.516080193952312180e-03	2.180716461457471445e-01
2.569999999999999840e+00	7.516008314736399507e-03	2.171072091443275454e-01
2.575000000000000178e+00	7.515936693459688948e-03	2.161461409993375715e-01
2.580000000000000071e+00	7.515865329458748523e-03	2.151884337923333501e-01
2.584999999999999964e+00	7.515794222072929610e-03	2.142340796349606613e-01
2.589999999999999858e+00	7.515723370643295764e-03	2.132830706555867706e-01
2.594999999999999751e+00	7.515652774513647064e-03	2.123353990121025214e-01
2.600000000000000089e+00	7.515582433029453259e-03	2.113910568786491473e-01
2.604999999999999982e+00	7.515512345538871188e-03	2.104500364583403171e-01
2.609999999999999876e+00	7.515442511391691796e-03	2.095123299700830388e-01
2.615000000000000213e+00	7.515372929940341944e-03	2.085779296612203793e-01
2.620000000000000107e+00	7.515303600538847037e-03	2.076468277944454877e-01
2.625000000000000000e+00	7.515234522543822425e-03	2.067190166603660451e-01
2.629999999999999893e+00	7.515165695313442973e-03	2.057944885645092981e-01
2.634999999999999787e+00	7.515097118208432722e-03	2.048732358398099307e-01
2.640000000000000124e+00	7.515028790591035332e-03	2.039552508337047765e-01
2.645000000000000018e+00	7.514960711826001137e-03	2.030405259205452784e-01
2.649999999999999911e+00	7.514892881279566263e-03	2.021290534887800194e-01
2.655000000000000249e+00	7.514825298320431876e-03	2.012208259532928811e-01
2.660000000000000142e+00	7.514757962318749374e-03	2.003158357426731151e-01
2.665000000000000036e+00	7.514690872647092693e-03	1.994140753114785058e-01
2.669999999999999929e+00	7.514624028679454774e-03	1.985155371275923453e-01
2.674999999999999822e+00	7.514557429792212938e-03	1.976202136844140422e-01
2.680000000000000160e+00	7.514491075363128811e-03	1.967280974883001410e-01
2.685000000000000053e+00	7.514424964772308500e-03	1.958391810706832381e-01
2.689999999999999947e+00	7.514359097401212932e-03	1.949534569755966285e-01
2.695000000000000284e+00	7.514293472633611949e-03	1.940709177717219180e-01
2.700000000000000178e+00	7.514228089854594651e-03	1.931915560399969090e-01
2.705000000000000071e+00	7.514162948451524361e-03	1.923153643855921302e-01
2.709999999999999964e+00	7.514098047813057638e-03	1.914423354256006571e-01
2.714999999999999858e+00	7.514033387330085363e-03	1.905724618009449201e-01
2.720000000000000195e+00	7.513968966394763034e-03	1.897057361641470985e-01
2.725000000000000089e+00	7.513904784401447511e-03	1.888421511911675676e-01
2.729999999999999982e+00	7.513840840745733378e-03	1.879816995692540627e-01
2.735000000000000320e+00	7.513777134825379289e-03	1.871243740087123741e-01
2.740000000000000213e+00	7.513713666039357336e-03	1.862701672308348655e-01
2.745000000000000107e+00	7.513650433788771586e-03	1.854190719796023068e-01
2.750000000000000000e+00	7.513587437475910055e-03	1.845710810096912180e-01
2.754999999999999893e+00	7.513524676505163244e-03	1.837261870981087564e-01
2.759999999999999787e+00	7.513462150282079581e-03	1.828843830322765818e-01
2.764999999999999680e+00	7.513399858214278755e-03	1.820456616215999635e-01
2.770000000000000018e+00	7.513337799710514096e-03	1.812100156856278899e-01
2.774999999999999911e+00	7.513275974181579837e-03	1.803774380655558396e-01
2.779999999999999805e+00	7.513214381039382168e-03	1.795479216124619137e-01
2.785000000000000142e+00	7.513153019697836089e-03	1.787214591987440204e-01
2.790000000000000036e+00	7.513091889571943405e-03	1.778980437064312525e-01
2.794999999999999929e+00	7.513030990078692177e-03	1.770776680385559021e-01
2.799999999999999822e+00	7.512970320636132987e-03	1.762603251075390010e-01
2.804999999999999716e+00	7.512909880664269714e-03	1.754460078464979977e-01
2.810000000000000053e+00	7.512849669584154878e-03	1.746347091977059618e-01
2.814999999999999947e+00	7.512789686818763940e-03	1.738264221238353946e-01
2.819999999999999840e+00	7.512729931792097582e-03	1.730211395964902921e-01
2.825000000000000178e+00	7.512670403930059478e-03	1.722188546073856186e-01
2.830000000000000071e+00	7.512611102659552502e-03	1.714195601569530880e-01
2.834999999999999964e+00	7.512552027409359102e-03	1.706232492654566890e-01
2.839999999999999858e+00	7.512493177609242713e-03	1.698299149616699366e-01
2.844999999999999751e+00	7.512434552690819452e-03	1.690395502939292249e-01
2.850000000000000089e+00	7.512376152086672546e-03	1.682521483188822997e-01
2.854999999999999982e+00	7.512317975231207548e-03	1.674677021124786891e-01
2.859999999999999876e+00	7.512260021559782376e-03	1.666862047587891194e-01
2.865000000000000213e+00	7.512202290509553855e-03	1.659076493609336622e-01
2.870000000000000107e+00	7.512144781518612958e-03	1.651320290299719828e-01
2.875000000000000000e+00	7.512087494026827884e-03	1.643593368957688150e-01
2.879999999999999893e+00	7.512030427474983632e-03	1.635895660959545139e-01
2.884999999999999787e+00	7.511973581305620741e-03	1.628227097867287199e-01
2.890000000000000124e+00	7.511916954962180940e-03	1.620587611318902166e-01
2.895000000000000018e+00	7.511860547889838945e-03	1.612977133135796159e-01
2.899999999999999911e+00	7.511804359534655917e-03	1.605395595213781335e-01
2.905000000000000249e+00	7.511748389344404322e-03	1.597842929629882669e-01
2.910000000000000142e+00	7.511692636767730059e-03	1.590319068534024605e-01
2.915000000000000036e+00	7.511637101254971249e-03	1.582823944255220827e-01
2.919999999999999929e+00	7.511581782257320365e-03	1.575357489193942029e-01
2.924999999999999822e+00	7.511526679227645623e-03	1.567919635927702560e-01
2.930000000000000160e+00	7.511471791619656578e-03	1.560510317104107647e-01
2.935000000000000053e+00	7.511417118888718582e-03	1.553129465545830812e-01
2.939999999999999947e+00	7.511362660491026182e-03	1.545777014144337769e-01
2.945000000000000284e+00	7.511308415884409770e-03	1.538452895964259048e-01
2.950000000000000178e+00	7.511254384527517661e-03	1.531157044137790579e-01
2.955000000000000071e+00	7.511200565880615798e-03	1.523889391968459295e-01
2.959999999999999964e+00	7.511146959404775038e-03	1.516649872826195122e-01
2.964999999999999858e+00	7.511093564562669987e-03	1.509438420250494295e-01
2.970000000000000195e+00	7.511040380817766288e-03	1.502254967846159139e-01
2.975000000000000089e+00	7.510987407635113383e-03	1.495099449385863255e-01
2.979999999999999982e+00	7.510934644480545680e-03	1.487971798706554938e-01
2.985000000000000320e+00	7.510882090821464907e-03	1.480871949811415900e-01
2.990000000000000213e+00	7.510829746126047347e-03	1.473799836766939986e-01
2.995000000000000107e+00	7.510777609864019259e-03	1.466755393804285157e-01
3.000000000000000000e+00	7.510725681505868445e-03	1.459738555217009459e-01
3.004999999999999893e+00	7.510673960523623141e-03	1.452749255461833477e-01
3.009999999999999787e+00	7.510622446390063586e-03	1.445787429057033280e-01
3.014999999999999680e+00	7.510571138579492240e-03	1.438853010682596689e-01
3.020000000000000018e+00	7.510520036566956624e-03	1.431945935079281529e-01
3.024999999999999911e+00	7.510469139829010869e-03	1.425066137148176260e-01
3.029999999999999805e+00	7.510418447842948098e-03	1.418213551850404652e-01
3.035000000000000142e+00	7.510367960087553293e-03	1.411388114306093844e-01
3.040000000000000036e+00	7.510317676042340893e-03	1.404589759694738205e-01
3.044999999999999929e+00	7.510267595188305917e-03	1.397818423353560935e-01
3.049999999999999822e+00	7.510217717007163299e-03	1.391074040678533241e-01
3.054999999999999716e+00	7.510168040982098149e-03	1.384356547222144185e-01
3.060000000000000053e+00	7.510118566597006814e-03	1.377665878595066562e-01
3.064999999999999947e+00	7.510069293337243677e-03	1.371001970563330841e-01
3.069999999999999840e+00	7.510020220688868285e-03	1.364364758950638579e-01
3.075000000000000178e+00	7.509971348139384342e-03	1.357754179734942113e-01
3.080000000000000071e+00	7.509922675176997249e-03	1.351170168951408845e-01
3.084999999999999964e+00	7.509874201291342685e-03	1.344612662788398083e-01
3.089999999999999858e+00	7.509825925972753689e-03	1.338081597491077579e-01
3.094999999999999751e+00	7.509777848712981436e-03	1.331576909456801128e-01
3.100000000000000089e+00	7.509729969004470124e-03	1.325098535139372369e-01
3.104999999999999982e+00	7.509682286341069074e-03	1.318646411143827579e-01
3.109999999999999876e+00	7.509634800217318031e-03	1.312220474131340076e-01
3.115000000000000213e+00	7.509587510129151454e-03	1.305820660913407649e-01
3.120000000000000107e+00	7.509540415573186418e-03	1.299446908357406449e-01
3.125000000000000000e+00	7.509493516047430380e-03	1.293099153480172236e-01
3.129999999999999893e+00	7.509446811050562998e-03	1.286777333354202635e-01
3.134999999999999787e+00	7.509400300082646508e-03	1.280481385200641919e-01
3.140000000000000124e+00	7.509353982644415351e-03	1.274211246296125255e-01
3.145000000000000018e+00	7.509307858237973532e-03	1.267966854065163407e-01
3.149999999999999911e+00	7.509261926366093791e-03	1.261748145987631187e-01
3.155000000000000249e+00	7.509216186532909759e-03	1.255555059690552366e-01
3.160000000000000142e+00	7.509170638243220335e-03	1.249387532856231775e-01
3.165000000000000036e+00	7.509125281003179234e-03	1.243245503313436806e-01
3.169999999999999929e+00	7.509080114319601103e-03	1.237128908946176775e-01
3.174999999999999822e+00	7.509035137700644999e-03	1.231037687784280049e-01
3.180000000000000160e+00	7.508990350655130909e-03	1.224971777912814141e-01
3.185000000000000053e+00	7.508945752693215424e-03	1.218931117562069427e-01
3.189999999999999947e+00	7.508901343325712595e-03	1.212915645017609428e-01
3.195000000000000284e+00	7.508857122064764404e-03	1.206925298709657784e-01
3.200000000000000178e+00	7.508813088423172029e-03	1.200960017123796214e-01
3.205000000000000071e+00	7.508769241915055036e-03	1.195019738889737393e-01
3.209999999999999964e+00	7.508725582055189585e-03	1.189104402692667123e-01
3.214999999999999858e+00	7.508682108359665021e-03	1.183213947361418938e-01
3.220000000000000195e+00	7.508638820345225548e-03	1.177348311780454654e-01
3.225000000000000089e+00	7.508595717529924218e-03	1.171507434977431816e-01
3.229999999999999982e+00	7.508552799432462004e-03	1.165691256035825685e-01
3.235000000000000320e+00	7.508510065572846122e-03	1.159899714181894109e-01
3.240000000000000213e+00	7.508467515471733446e-03	1.154132748697938859e-01
3.245000000000000107e+00	7.508425148651076686e-03	1.148390299008663767e-01
3.250000000000000000e+00	7.508382964633477340e-03	1.142672304595077765e-01
3.254999999999999893e+00	7.508340962942832743e-03	1.136978705080244900e-01
3.259999999999999787e+00	7.508299143103684681e-03	1.131309440143828393e-01
3.264999999999999680e+00	7.508257504641863839e-03	1.125664449607233636e-01
3.270000000000000018e+00	7.508216047083849688e-03	1.120043673348790764e-01
3.274999999999999911e+00	7.508174769957401060e-03	1.114447051388293003e-01
3.279999999999999805e+00	7.508133672790927304e-03	1.108874523802816925e-01
3.285000000000000142e+00	7.508092755114115398e-03	1.103326030810646424e-01
3.290000000000000036e+00	7.508052016457299367e-03	1.097801512687744951e-01
3.294999999999999929e+00	7.508011456352087394e-03	1.092300909851062346e-01
3.299999999999999822e+00	7.507971074330734712e-03	1.086824162775642949e-01
3.304999999999999716e+00	7.507930869926768974e-03	1.081371212077331945e-01
3.310000000000000053e+00	7.507890842674364885e-03	1.075941998430516577e-01
3.314999999999999947e+00	7.507850992108961764e-03	1.070536462650222148e-01
3.319999999999999840e+00	7.507811317766651185e-03	1.065154545610495357e-01
3.325000000000000178e+00	7.507771819184784999e-03	1.059796188325883570e-01
3.330000000000000071e+00	7.507732495901369048e-03	1.054461331870463897e-01
3.334999999999999964e+00	7.507693347455663378e-03	1.049149917458704895e-01
3.339999999999999858e+00	7.507654373387583763e-03	1.043861886365138603e-01
3.344999999999999751e+00	7.507615573238300179e-03	1.038597180004606074e-01
3.350000000000000089e+00	7.507576946549637462e-03	1.033355739852570010e-01
3.354999999999999982e+00	7.507538492864672050e-03	1.028137507524747446e-01
3.359999999999999876e+00	7.507500211727137843e-03	1.022942424698062430e-01
3.365000000000000213e+00	7.507462102682015137e-03	1.017770433189657125e-01
3.370000000000000107e+00	7.507424165274945160e-03	1.012621474878495076e-01
3.375000000000000000e+00	7.507386399052815538e-03	1.007495491783746144e-01
3.379999999999999893e+00	7.507348803563173092e-03	1.002392425987035096e-01
3.384999999999999787e+00	7.507311378354810175e-03	9.973122197102089748e-02
3.390000000000000124e+00	7.507274122977180934e-03	9.922548152382258679e-02
3.395000000000000018e+00	7.507237036980982450e-03	9.872201549963031952e-02
3.399999999999999911e+00	7.507200119917577935e-03	9.822081814734488769e-02
3.405000000000000249e+00	7.507163371339569194e-03	9.772188372989873417e-02
3.410000000000000142e+00	7.507126790800225900e-03	9.722520651667351799e-02
3.415000000000000036e+00	7.507090377854058055e-03	9.673078079109066751e-02
3.419999999999999929e+00	7.507054132056245263e-03	9.623860084309281138e-02
3.424999999999999822e+00	7.507018052963202251e-03	9.574866097667217302e-02
3.430000000000000160e+00	7.506982140132023758e-03	9.526095550241668597e-02
3.435000000000000053e+00	7.506946393121031839e-03	9.477547874497574409e-02
3.439999999999999947e+00	7.506910811489232900e-03	9.429222503567075142e-02
3.445000000000000284e+00	7.506875394796859793e-03	9.381118871989788111e-02
3.450000000000000178e+00	7.506840142604834058e-03	9.333236414980396189e-02
3.455000000000000071e+00	7.506805054475306285e-03	9.285574569162612091e-02
3.459999999999999964e+00	7.506770129971109679e-03	9.238132771843164670e-02
3.464999999999999858e+00	7.506735368656311698e-03	9.190910461739597304e-02
3.470000000000000195e+00	7.506700770095667621e-03	9.143907078260633814e-02
3.475000000000000089e+00	7.506666333855160911e-03	9.097122062227690209e-02
3.479999999999999982e+00	7.506632059501472387e-03	9.050554855161728474e-02
3.485000000000000320e+00	7.506597946602505851e-03	9.004204899998452527e-02
3.490000000000000213e+00	7.506563994726868534e-03	8.958071640381631839e-02
3.495000000000000107e+00	7.506530203444389780e-03	8.912154521371992710e-02
3.500000000000000000e+00	7.506496572325605833e-03	8.866452988747003383e-02
3.504999999999999893e+00	7.506463100942275916e-03	8.820966489703448155e-02
3.509999999999999787e+00	7.506429788866868756e-03	8.775694472163665660e-02
3.514999999999999680e+00	7.506396635673078660e-03	8.730636385471828020e-02
3.520000000000000018e+00	7.506363640935309438e-03	8.685791679706633683e-02
3.524999999999999911e+00	7.506330804229192216e-03	8.641159806371272178e-02
3.529999999999999805e+00	7.506298125131073695e-03	8.596740217712547927e-02
3.535000000000000142e+00	7.506265603218527024e-03	8.552532367404526437e-02
3.540000000000000036e+00	7.506233238069845264e-03	8.508535709874150144e-02
3.544999999999999929e+00	7.506201029264546187e-03	8.464749700978521640e-02
3.549999999999999822e+00	7.506168976382875287e-03	8.421173797336987954e-02
3.554999999999999716e+00	7.506137079006301033e-03	8.377807457002077463e-02
3.560000000000000053e+00	7.506105336717024817e-03	8.334650138798040120e-02
3.564999999999999947e+00	7.506073749098471880e-03	8.291701302985483857e-02
3.569999999999999840e+00	7.506042315734802982e-03	8.248960410606324956e-02
3.575000000000000178e+00	7.506011036211406202e-03	8.206426924142073975e-02
3.580000000000000071e+00	7.505979910114410347e-03	8.164100306865297585e-02
3.584999999999999964e+00	7.505948937031168069e-03	8.121980023491474909e-02
3.589999999999999858e+00	7.505918116549779688e-03	8.080065539536973596e-02
3.594999999999999751e+00	7.505887448259572839e-03	8.038356321964540419e-02
3.600000000000000089e+00	7.505856931750624558e-03	7.996851838547713864e-02
3.604999999999999982e+00	7.505826566614240934e-03	7.955551558509971199e-02
3.609999999999999876e+00	7.505796352442483527e-03	7.914454951895587287e-02
3.615000000000000213e+00	7.505766288828641213e-03	7.873561490202410362e-02
3.620000000000000107e+00	7.505736375366766147e-03	7.832870645759190675e-02
3.625000000000000000e+00	7.505706611652138670e-03	7.792381892351961381e-02
3.629999999999999893e+00	7.505676997280805868e-03	7.752094704607849496e-02
3.634999999999999787e+00	7.505647531850046482e-03	7.712008558615070231e-02
3.640000000000000124e+00	7.505618214957910338e-03	7.672122931313171690e-02
3.645000000000000018e+00	7.505589046203677180e-03	7.632437301106691219e-02
3.649999999999999911e+00	7.505560025187407378e-03	7.592951147261808864e-02
3.655000000000000249e+00	7.505531151510389486e-03	7.553663950513628267e-02
3.660000000000000142e+00	7.505502424774703092e-03	7.514575192469327702e-02
3.665000000000000036e+00	7.505473844583651633e-03	7.475684356208997516e-02
3.669999999999999929e+00	7.505445410541334780e-03	7.436990925695238785e-02
3.674999999999999822e+00	7.505417122253082128e-03	7.398494386367655828e-02
3.680000000000000160e+00	7.505388979325022976e-03	7.360194224558894160e-02
3.685000000000000053e+00	7.505360981364518277e-03	7.322089928082707588e-02
3.689999999999999947e+00	7.505333127979731296e-03	7.284180985656450724e-02
3.695000000000000284e+00	7.505305418780063020e-03	7.246466887482772012e-02
3.700000000000000178e+00	7.505277853375719350e-03	7.208947124678530272e-02
3.705000000000000071e+00	7.505250431378145647e-03	7.171621189850099776e-02
3.709999999999999964e+00	7.505223152399599987e-03	7.134488576528724701e-02
3.714999999999999858e+00	7.505196016053580776e-03	7.097548779739420999e-02
3.720000000000000195e+00	7.505169021954402608e-03	7.060801295442761805e-02
3.725000000000000089e+00	7.505142169717623005e-03	7.024245621097416348e-02
3.729999999999999982e+00	7.505115458959625216e-03	6.987881255108321921e-02
3.735000000000000320e+00	7.505088889298031085e-03	6.951707697382840390e-02
3.740000000000000213e+00	7.505062460351298592e-03	6.915724448785377787e-02
3.745000000000000107e+00	7.505036171739124309e-03	6.879931011687094589e-02
3.750000000000000000e+00	7.505010023082046150e-03	6.844326889426986804e-02
3.754999999999999893e+00	7.504984014001843222e-03	6.808911586855211084e-02
3.759999999999999787e+00	7.504958144121142913e-03	6.773684609800531553e-02
3.764999999999999680e+00	7.504932413063812938e-03	6.738645465607306928e-02
3.770000000000000018e+00	7.504906820454577097e-03	6.703793662609294768e-02
3.774999999999999911e+00	7.504881365919402122e-03	6.669128710660282566e-02
3.779999999999999805e+00	7.504856049085114299e-03	6.634650120614286883e-02
3.785000000000000142e+00	7.504830869579785443e-03	6.600357404849775678e-02
3.790000000000000036e+00	7.504805827032356470e-03	6.566250076756288689e-02
3.794999999999999929e+00	7.504780921073010355e-03	6.532327651252264888e-02
3.799999999999999822e+00	7.504756151332806977e-03	6.498589644278045252e-02
3.804999999999999716e+00	7.504731517444052612e-03	6.465035573307324757e-02
3.810000000000000053e+00	7.504707019039933910e-03	6.431664956846519510e-02
3.814999999999999947e+00	7.504682655754885655e-03	6.398477314939872429e-02
3.819999999999999840e+00	7.504658427224229073e-03	6.365472168675168074e-02
3.825000000000000178e+00	7.504634333084536993e-03	6.332649040682460095e-02
3.830000000000000071e+00	7.504610372973275628e-03	6.300007454646176785e-02
3.834999999999999964e+00	7.504586546529161926e-03	6.267546935797443930e-02
3.839999999999999858e+00	7.504562853391811422e-03	6.235267010432559570e-02
3.844999999999999751e+00	7.504539293202096457e-03	6.203167206398988581e-02
3.850000000000000089e+00	7.504515865601790563e-03	6.171247052620129625e-02
3.854999999999999982e+00	7.504492570233926678e-03	6.139506079574973824e-02
3.859999999999999876e+00	7.504469406742447606e-03	6.107943818829204841e-02
3.865000000000000213e+00	7.504446374772555557e-03	6.076559803508518876e-02
3.870000000000000107e+00	7.504423473970365209e-03	6.045353567836028036e-02
3.875000000000000000e+00	7.504400703983256718e-03	6.014324647599268020e-02
3.879999999999999893e+00	7.504378064459530512e-03	5.983472579693875637e-02
3.884999999999999787e+00	7.504355555048749030e-03	5.952796902584280014e-02
3.890000000000000124e+00	7.504333175401406257e-03	5.922297155853683409e-02
3.895000000000000018e+00	7.504310925169256456e-03	5.891972880658446349e-02
3.899999999999999911e+00	7.504288804004992375e-03	5.861823619284329406e-02
3.905000000000000249e+00	7.504266811562567904e-03	5.831848915594542437e-02
3.910000000000000142e+00	7.504244947496884963e-03	5.802048314592314626e-02
3.915000000000000036e+00	7.504223211464107479e-03	5.772421362862615452e-02
3.919999999999999929e+00	7.504201603121349144e-03	5.742967608140935043e-02
3.924999999999999822e+00	7.504180122126992598e-03	5.713686599748803163e-02
3.930000000000000160e+00	7.504158768140372845e-03	5.684577888168754894e-02
3.935000000000000053e+00	7.504137540822098176e-03	5.655641025473569922e-02
3.939999999999999947e+00	7.504116439833735316e-03	5.626875564907481142e-02
3.945000000000000284e+00	7.504095464838122544e-03	5.598281061309155066e-02
3.950000000000000178e+00	7.504074615499066979e-03	5.569857070699098939e-02
3.955000000000000071e+00	7.504053891481647295e-03	5.541603150696371161e-02
3.959999999999999964e+00	7.504033292451915346e-03	5.513518860112214676e-02
3.964999999999999858e+00	7.504012818077199741e-03	5.485603759360516141e-02
3.970000000000000195e+00	7.503992468025804871e-03	5.457857410057592729e-02
3.975000000000000089e+00	7.503972241967314487e-03	5.430279375426467353e-02
3.979999999999999982e+00	7.503952139572297661e-03	5.402869219902795006e-02
3.985000000000000320e+00	7.503932160512596754e-03	5.375626509532909630e-02
3.990000000000000213e+00	7.503912304461053326e-03	5.348550811585928155e-02
3.995000000000000107e+00	7.503892571091782225e-03	5.321641694945572487e-02
4.000000000000000000e+00	7.503872960079898367e-03	5.294898729728405445e-02
4.004999999999999893e+00	7.503853471101796027e-03	5.268321487669481995e-02
4.009999999999999787e+00	7.503834103834874751e-03	5.241909541746684470e-02
4.014999999999999680e+00	7.503814857957816047e-03	5.215662466560212068e-02
4.019999999999999574e+00	7.503795733150309295e-03	5.189579837962988301e-02
4.025000000000000355e+00	7.503776729093327574e-03	5.163661233434009568e-02
4.030000000000000249e+00	7.503757845468863978e-03	5.137906231714849115e-02
4.035000000000000142e+00	7.503739081960188358e-03	5.112314413176831385e-02
4.040000000000000036e+00	7.503720438251602724e-03	5.086885359463598488e-02
4.044999999999999929e+00	7.503701914028684111e-03	5.061618653852172078e-02
4.049999999999999822e+00	7.503683508978044314e-03	5.036513880901549722e-02
4.054999999999999716e+00	7.503665222787580559e-03	5.011570626807678591e-02
4.059999999999999609e+00	7.503647055146223099e-03	4.986788479058042178e-02
4.064999999999999503e+00	7.503629005744191088e-03	4.962167026780561069e-02
4.070000000000000284e+00	7.503611074272741044e-03	4.937705860404158903e-02
4.075000000000000178e+00	7.503593260424423587e-03	4.913404572001634635e-02
4.080000000000000071e+00	7.503575563892828440e-03	4.889262754956157780e-02
4.084999999999999964e+00	7.503557984372840294e-03	4.865280004298092736e-02
4.089999999999999858e+00	7.503540521560393348e-03	4.841455916377491314e-02
4.094999999999999751e+00	7.503523175152713304e-03	4.817790089194835118e-02
4.099999999999999645e+00	7.503505944848082310e-03	4.794282122079479569e-02
4.105000000000000426e+00	7.503488830346075750e-03	4.770931616014396914e-02
4.110000000000000320e+00	7.503471831347329792e-03	4.747738173320519700e-02
4.115000000000000213e+00	7.503454947553774707e-03	4.724701397975484413e-02
4.120000000000000107e+00	7.503438178668409356e-03	4.701820895303857051e-02
4.125000000000000000e+00	7.503421524395527571e-03	4.679096272289927361e-02
4.129999999999999893e+00	7.503404984440492642e-03	4.656527137273779732e-02
4.134999999999999787e+00	7.503388558509966298e-03	4.634113100258145657e-02
4.139999999999999680e+00	7.503372246311689267e-03	4.611853772610319258e-02
4.144999999999999574e+00	7.503356047554695513e-03	4.589748767363058257e-02
4.150000000000000355e+00	7.503339961949105803e-03	4.567797698922333727e-02
4.155000000000000249e+00	7.503323989206335878e-03	4.546000183362341324e-02
4.160000000000000142e+00	7.503308129038891751e-03	4.524355838139002689e-02
4.165000000000000036e+00	7.503292381160576140e-03	4.502864282379114014e-02
4.169999999999999929e+00	7.503276745286286374e-03	4.481525136599622677e-02
4.174999999999999822e+00	7.503261221132219091e-03	4.460338022990903428e-02
4.179999999999999716e+00	7.503245808415667274e-03	4.439302565141765855e-02
4.185000000000000497e+00	7.503230506855225815e-03	4.418418388316907447e-02
4.190000000000000391e+00	7.503215316170593757e-03	4.397685119187655367e-02
4.195000000000000284e+00	7.503200236082766851e-03	4.377102386103563780e-02
4.200000000000000178e+00	7.503185266313853671e-03	4.356669818828863561e-02
4.205000000000000071e+00	7.503170406587262101e-03	4.336387048808287153e-02
4.209999999999999964e+00	7.503155656627510245e-03	4.316253708909149195e-02
4.214999999999999858e+00	7.503141016160422457e-03	4.296269433681434990e-02
4.219999999999999751e+00	7.503126484912937648e-03	4.276433859105507884e-02
4.224999999999999645e+00	7.503112062613297509e-03	4.256746622846461353e-02
4.230000000000000426e+00	7.503097748990866095e-03	4.237207364007408716e-02
4.235000000000000320e+00	7.503083543776311107e-03	4.217815723378163378e-02
4.240000000000000213e+00	7.503069446701424346e-03	4.198571343194081040e-02
4.245000000000000107e+00	7.503055457499303860e-03	4.179473867379058377e-02
4.250000000000000000e+00	7.503041575904176134e-03	4.160522941309947875e-02
4.254999999999999893e+00	7.503027801651572168e-03	4.141718212053858289e-02
4.259999999999999787e+00	7.503014134478157467e-03	4.123059328138115043e-02
4.264999999999999680e+00	7.503000574121902050e-03	4.104545939781943653e-02
4.269999999999999574e+00	7.502987120321916517e-03	4.086177698671885489e-02
4.275000000000000355e+00	7.502973772818612511e-03	4.067954258187911343e-02
4.280000000000000249e+00	7.502960531353545723e-03	4.049875273184285612e-02
4.285000000000000142e+00	7.502947395669577225e-03	4.031940400210101694e-02
4.290000000000000036e+00	7.502934365510717345e-03	4.014149297295586255e-02
4.294999999999999929e+00	7.502921440622276582e-03	3.996501624167081435e-02
4.299999999999999822e+00	7.502908620750718162e-03	3.978997042038753124e-02
4.304999999999999716e+00	7.502895905643811557e-03	3.961635213822065071e-02
4.309999999999999609e+00	7.502883295050478962e-03	3.944415803922850239e-02
4.314999999999999503e+00	7.502870788720947953e-03	3.927338478445299708e-02
4.320000000000000284e+00	7.502858386406604900e-03	3.910402904994356860e-02
4.325000000000000178e+00	7.502846087860138950e-03	3.893608752874287704e-02
4.330000000000000071e+00	7.502833892835404118e-03	3.876955692896349309e-02
4.334999999999999964e+00	7.502821801087556329e-03	3.860443397571937385e-02
4.339999999999999858e+00	7.502809812372918108e-03	3.844071540925546315e-02
4.344999999999999751e+00	7.502797926449116493e-03	3.827839798682504402e-02
4.349999999999999645e+00	7.502786143074945124e-03	3.811747848087190110e-02
4.355000000000000426e+00	7.502774462010505623e-03	3.795795368085391058e-02
4.360000000000000320e+00	7.502762883017067078e-03	3.779982039147739697e-02
4.365000000000000213e+00	7.502751405857203959e-03	3.764307543446739068e-02
4.370000000000000107e+00	7.502740030294668613e-03	3.748771564685365182e-02
4.375000000000000000e+00	7.502728756094510960e-03	3.733373788268803256e-02
4.379999999999999893e+00	7.502717583022965736e-03	3.718113901138182797e-02
4.384999999999999787e+00	7.502706510847563515e-03	3.702991591937068033e-02
4.389999999999999680e+00	7.502695539337021421e-03	3.688006550850284060e-02
4.394999999999999574e+00	7.502684668261355022e-03	3.673158469765162859e-02
4.400000000000000355e+00	7.502673897391767301e-03	3.658447042115463288e-02
4.405000000000000249e+00	7.502663226500757947e-03	3.643871963037423334e-02
4.410000000000000142e+00	7.502652655362017538e-03	3.629432929218683046e-02
4.415000000000000036e+00	7.502642183750535092e-03	3.615129639049200622e-02
4.419999999999999929e+00	7.502631811442491382e-03	3.600961792475178974e-02
4.424999999999999822e+00	7.502621538215363019e-03	3.586929091144837323e-02
4.429999999999999716e+00	7.502611363847820972e-03	3.573031238267303927e-02
4.435000000000000497e+00	7.502601288119834649e-03	3.559267938753306326e-02
4.440000000000000391e+00	7.502591310812568685e-03	3.545638899078976114e-02
4.445000000000000284e+00	7.502581431708483552e-03	3.532143827421494603e-02
4.450000000000000178e+00	7.502571650591237547e-03	3.518782433527786052e-02
4.455000000000000071e+00	7.502561967245785675e-03	3.505554428845134018e-02
4.459999999999999964e+00	7.502552381458281634e-03	3.492459526394733199e-02
4.464999999999999858e+00	7.502542893016172360e-03	3.479497440897322269e-02
4.469999999999999751e+00	7.502533501708111285e-03	3.466667888651547152e-02
4.474999999999999645e+00	7.502524207324039879e-03	3.453970587654654062e-02
4.480000000000000426e+00	7.502515009655106974e-03	3.441405257485617014e-02
4.485000000000000320e+00	7.502505908493751173e-03	3.428971619420936867e-02
4.490000000000000213e+00	7.502496903633617577e-03	3.416669396322493529e-02
4.495000000000000107e+00	7.502487994869641054e-03	3.404498312748470423e-02
4.500000000000000000e+00	7.502479181997966443e-03	3.392458094845925143e-02
4.504999999999999893e+00	7.502470464816024011e-03	3.380548470456862242e-02
4.509999999999999787e+00	7.502461843122455731e-03	3.368769169015475157e-02
4.514999999999999680e+00	7.502453316717189874e-03	3.357119921649416583e-02
4.519999999999999574e+00	7.502444885401365546e-03	3.345600461081663785e-02
4.525000000000000355e+00	7.502436548977405549e-03	3.334210521727033055e-02
4.530000000000000249e+00	7.502428307248948727e-03	3.322949839598629551e-02
4.535000000000000142e+00	7.502420160020914150e-03	3.311818152399632897e-02
4.540000000000000036e+00	7.502412107099436060e-03	3.300815199434291303e-02
4.544999999999999929e+00	7.502404148291928060e-03	3.289940721695042147e-02
4.549999999999999822e+00	7.502396283407024129e-03	3.279194461777997643e-02
4.554999999999999716e+00	7.502388512254629799e-03	3.268576163965420528e-02
4.559999999999999609e+00	7.502380834645873582e-03	3.258085574145677676e-02
4.564999999999999503e+00	7.502373250393156411e-03	3.247722439891124330e-02
4.570000000000000284e+00	7.502365759310100461e-03	3.237486510382462518e-02
4.575000000000000178e+00	7.502358361211598596e-03	3.227377536482077536e-02
4.580000000000000071e+00	7.502351055913765790e-03	3.217395270662776197e-02
4.584999999999999964e+00	7.502343843233986835e-03	3.207539467076595679e-02
4.589999999999999858e+00	7.502336722990866902e-03	3.197809881487884837e-02
4.594999999999999751e+00	7.502329695004279243e-03	3.188206271337632597e-02
4.599999999999999645e+00	7.502322759095320093e-03	3.178728395680854163e-02
4.605000000000000426e+00	7.502315915086350297e-03	3.169376015246468115e-02
4.610000000000000320e+00	7.502309162800952815e-03	3.160148892378956964e-02
4.615000000000000213e+00	7.502302502063971749e-03	3.151046791093842919e-02
4.620000000000000107e+00	7.502295932701478522e-03	3.142069477023544388e-02
4.625000000000000000e+00	7.502289454540798756e-03	3.133216717468523260e-02
4.629999999999999893e+00	7.502283067410486263e-03	3.124488281347303706e-02
4.634999999999999787e+00	7.502276771140349923e-03	3.115883939243293752e-02
4.639999999999999680e+00	7.502270565561420732e-03	3.107403463358939660e-02
4.644999999999999574e+00	7.502264450505986490e-03	3.099046627558289455e-02
4.650000000000000355e+00	7.502258425807556246e-03	3.090813207325226672e-02
4.655000000000000249e+00	7.502252491300888913e-03	3.082702979801804632e-02
4.660000000000000142e+00	7.502246646821972460e-03	3.074715723750522101e-02
4.665000000000000036e+00	7.502240892208036915e-03	3.066851219588470276e-02
4.669999999999999929e+00	7.502235227297538757e-03	3.059109249353612545e-02
4.674999999999999822e+00	7.502229651930178260e-03	3.051489596734799012e-02
4.679999999999999716e+00	7.502224165946878680e-03	3.043992047041989973e-02
4.685000000000000497e+00	7.502218769189805334e-03	3.036616387232171990e-02
4.690000000000000391e+00	7.502213461502346518e-03	3.029362405883499060e-02
4.695000000000000284e+00	7.502208242729126522e-03	3.022229893217152560e-02
4.700000000000000178e+00	7.502203112715993480e-03	3.015218641075342876e-02
4.705000000000000071e+00	7.502198071310028048e-03	3.008328442939177394e-02
4.709999999999999964e+00	7.502193118359537331e-03	3.001559093910478523e-02
4.714999999999999858e+00	7.502188253714053151e-03	2.994910390725670848e-02
4.719999999999999751e+00	7.502183477224332042e-03	2.988382131741385700e-02
4.724999999999999645e+00	7.502178788742355255e-03	2.981974116944444142e-02
4.730000000000000426e+00	7.502174188121326151e-03	2.975686147941183218e-02
4.735000000000000320e+00	7.502169675215669339e-03	2.969518027963556281e-02
4.740000000000000213e+00	7.502165249881029806e-03	2.963469561862153157e-02
4.745000000000000107e+00	7.502160911974272046e-03	2.957540556108473329e-02
4.750000000000000000e+00	7.502156661353476599e-03	2.951730818791576533e-02
4.754999999999999893e+00	7.502152497877940911e-03	2.946040159616584650e-02
4.759999999999999787e+00	7.502148421408179335e-03	2.940468389904928731e-02
4.764999999999999680e+00	7.502144431805914462e-03	2.935015322589110132e-02
4.769999999999999574e+00	7.502140528934088393e-03	2.929680772216490536e-02
4.775000000000000355e+00	7.502136712656846257e-03	2.924464554940368194e-02
4.780000000000000249e+00	7.502132982839550095e-03	2.919366488527270001e-02
4.785000000000000142e+00	7.502129339348762374e-03	2.914386392344379961e-02
4.790000000000000036e+00	7.502125782052258135e-03	2.909524087370289266e-02
4.794999999999999929e+00	7.502122310819011979e-03	2.904779396178832143e-02
4.799999999999999822e+00	7.502118925519206741e-03	2.900152142953233911e-02
4.804999999999999716e+00	7.502115626024220482e-03	2.895642153466404176e-02
4.809999999999999609e+00	7.502112412206639498e-03	2.891249255098449905e-02
4.814999999999999503e+00	7.502109283940239237e-03	2.886973276813455808e-02
4.820000000000000284e+00	7.502106241100001648e-03	2.882814049180318014e-02
4.825000000000000178e+00	7.502103283562090892e-03	2.878771404346067847e-02
4.830000000000000071e+00	7.502100411203880236e-03	2.874845176059968865e-02
4.834999999999999964e+00	7.502097623903919085e-03	2.871035199643437452e-02
4.839999999999999858e+00	7.502094921541959012e-03	2.867341312017358812e-02
4.844999999999999751e+00	7.502092303998926862e-03	2.863763351668646706e-02
4.849999999999999645e+00	7.502089771156949909e-03	2.860301158680732259e-02
4.855000000000000426e+00	7.502087322899324631e-03	2.856954574696799268e-02
4.860000000000000320e+00	7.502084959110545334e-03	2.853723442953412862e-02
4.865000000000000213e+00	7.502082679676268587e-03	2.850607608240489713e-02
4.870000000000000107e+00	7.502080484483348785e-03	2.847606916937993685e-02
4.875000000000000000e+00	7.502078373419798253e-03	2.844721216972692646e-02
4.879999999999999893e+00	7.502076346374821070e-03	2.841950357857884676e-02
4.884999999999999787e+00	7.502074403238776640e-03	2.839294190646990401e-02
4.889999999999999680e+00	7.502072543903210051e-03	2.836752567976249736e-02
4.894999999999999574e+00	7.502070768260819984e-03	2.834325344015195883e-02
4.900000000000000355e+00	7.502069076205487332e-03	2.832012374512290348e-02
4.905000000000000249e+00	7.502067467632237904e-03	2.829813516742326479e-02
4.910000000000000142e+00	7.502065942437279727e-03	2.827728629554946901e-02
4.915000000000000036e+00	7.502064500517959672e-03	2.825757573319018917e-02
4.919999999999999929e+00	7.502063141772803354e-03	2.823900209973987871e-02
4.924999999999999822e+00	7.502061866101467427e-03	2.822156402971283395e-02
4.929999999999999716e+00	7.502060673404787293e-03	2.820526017328459090e-02
4.935000000000000497e+00	7.502059563584722451e-03	2.819008919567671592e-02
4.940000000000000391e+00	7.502058536544405944e-03	2.817604977772561123e-02
4.945000000000000284e+00	7.502057592188092310e-03	2.816314061523853343e-02
4.950000000000000178e+00	7.502056730421203558e-03	2.815136041958928373e-02
4.955000000000000071e+00	7.502055951150275390e-03	2.814070791704598520e-02
4.959999999999999964e+00	7.502055254283011843e-03	2.813118184939311650e-02
4.964999999999999858e+00	7.502054639728222840e-03	2.812278097323159601e-02
4.969999999999999751e+00	7.502054107395881438e-03	2.811550406062673230e-02
4.974999999999999645e+00	7.502053657197061375e-03	2.810934989838101764e-02
4.980000000000000426e+00	7.502053289043995182e-03	2.810431728870749907e-02
4.985000000000000320e+00	7.502053002850010005e-03	2.810040504847569065e-02
4.990000000000000213e+00	7.502052798529588312e-03	2.809761200990995925e-02
4.995000000000000107e+00	7.502052675998301980e-03	2.809593701980924244e-02
5.000000000000000000e+00	7.502052635172868668e-03	2.809537894026977595e-02
