# coordinate_x	h	p	@time=301.28999999999996
0.000000000000000000e+00	2.700868935643503943e-01	5.717360406308267251e-01
5.000000000000000104e-03	2.700833248001285325e-01	5.717360398422930423e-01
1.000000000000000021e-02	2.700726185086581022e-01	5.717360374764129949e-01
1.499999999999999944e-02	2.700547746912261293e-01	5.717360335328857124e-01
2.000000000000000042e-02	2.700297933509595016e-01	5.717360280109812232e-01
2.500000000000000139e-02	2.699976744914433513e-01	5.717360209098618640e-01
2.999999999999999889e-02	2.699584181180606501e-01	5.717360122282704182e-01
3.500000000000000333e-02	2.699120242366469524e-01	5.717360019648433100e-01
4.000000000000000083e-02	2.698584928548392048e-01	5.717359901177961889e-01
4.499999999999999833e-02	2.697978239807300449e-01	5.717359766852376790e-01
5.000000000000000278e-02	2.697300176242203307e-01	5.717359616648536313e-01
5.500000000000000028e-02	2.696550737956712185e-01	5.717359450542216504e-01
5.999999999999999778e-02	2.695729925072606892e-01	5.717359268504939029e-01
6.500000000000000222e-02	2.694837737716329618e-01	5.717359070507124219e-01
7.000000000000000666e-02	2.693874176032601819e-01	5.717358856514915821e-01
7.500000000000001110e-02	2.692839240170876725e-01	5.717358626493325158e-01
8.000000000000000167e-02	2.691732930299014503e-01	5.717358380403061435e-01
8.499999999999999223e-02	2.690555246589693694e-01	5.717358118203667017e-01
8.999999999999999667e-02	2.689306189234146882e-01	5.717357839850351064e-01
9.500000000000000111e-02	2.687985758428523275e-01	5.717357545297117039e-01
1.000000000000000056e-01	2.686593954387697103e-01	5.717357234493595231e-01
1.050000000000000100e-01	2.685130777331566909e-01	5.717356907388174703e-01
1.100000000000000006e-01	2.683596227498950548e-01	5.717356563924821389e-01
1.149999999999999911e-01	2.681990305133812313e-01	5.717356204046216694e-01
1.199999999999999956e-01	2.680313010499251192e-01	5.717355827690568937e-01
1.250000000000000000e-01	2.678564343863649722e-01	5.717355434794753055e-01
1.300000000000000044e-01	2.676744305514758282e-01	5.717355025291114279e-01
1.350000000000000089e-01	2.674852895745767345e-01	5.717354599110606728e-01
1.400000000000000133e-01	2.672890114869492795e-01	5.717354156179595970e-01
1.450000000000000178e-01	2.670855963204356032e-01	5.717353696422996512e-01
1.499999999999999944e-01	2.668750441088689196e-01	5.717353219761066585e-01
1.549999999999999989e-01	2.666573548866610355e-01	5.717352726112545636e-01
1.600000000000000033e-01	2.664325286902456957e-01	5.717352215391443560e-01
1.650000000000000078e-01	2.662005655566550000e-01	5.717351687510183744e-01
1.700000000000000122e-01	2.659614655249764592e-01	5.717351142376374540e-01
1.749999999999999889e-01	2.657152286349173664e-01	5.717350579895963403e-01
1.799999999999999933e-01	2.654618549282762308e-01	5.717349999969997265e-01
1.849999999999999978e-01	2.652013444474946025e-01	5.717349402497775568e-01
1.900000000000000022e-01	2.649336972371439947e-01	5.717348787373606189e-01
1.950000000000000067e-01	2.646589133424641083e-01	5.717348154489955148e-01
2.000000000000000111e-01	2.643769928108659628e-01	5.717347503734202530e-01
2.050000000000000155e-01	2.640879356904555775e-01	5.717346834991783311e-01
2.099999999999999922e-01	2.637917420315551431e-01	5.717346148142941065e-01
2.149999999999999967e-01	2.634884118852104384e-01	5.717345443065871002e-01
2.200000000000000011e-01	2.631779453047311534e-01	5.717344719633458139e-01
2.250000000000000056e-01	2.628603423441814302e-01	5.717343977716429215e-01
2.300000000000000100e-01	2.625356030599403923e-01	5.717343217180075321e-01
2.349999999999999867e-01	2.622037275091744224e-01	5.717342437887406037e-01
2.399999999999999911e-01	2.618647157514193413e-01	5.717341639695867617e-01
2.449999999999999956e-01	2.615185678470336450e-01	5.717340822460493799e-01
2.500000000000000000e-01	2.611652838588031100e-01	5.717339986030612886e-01
2.550000000000000044e-01	2.608048638503737693e-01	5.717339130253000778e-01
2.600000000000000089e-01	2.604373078878808312e-01	5.717338254968579170e-01
2.650000000000000133e-01	2.600626160383598395e-01	5.717337360015566361e-01
2.700000000000000178e-01	2.596807883714011278e-01	5.717336445226169905e-01
2.750000000000000222e-01	2.592918249575384415e-01	5.717335510429728540e-01
2.800000000000000266e-01	2.588957258699300379e-01	5.717334555449403721e-01
2.850000000000000311e-01	2.584924911827230498e-01	5.717333580105316004e-01
2.899999999999999800e-01	2.580821209727636178e-01	5.717332584211231028e-01
2.949999999999999845e-01	2.576646153179353860e-01	5.717331567577681462e-01
2.999999999999999889e-01	2.572399742988996096e-01	5.717330530008659650e-01
3.049999999999999933e-01	2.568081979974070617e-01	5.717329471304725130e-01
3.099999999999999978e-01	2.563692864980697261e-01	5.717328391259695053e-01
3.150000000000000022e-01	2.559232398866445601e-01	5.717327289663741707e-01
3.200000000000000067e-01	2.554700582518381058e-01	5.717326166300076284e-01
3.250000000000000111e-01	2.550097416835611086e-01	5.717325020948041958e-01
3.300000000000000155e-01	2.545422902747679350e-01	5.717323853379788767e-01
3.350000000000000200e-01	2.540677041196798824e-01	5.717322663363357815e-01
3.400000000000000244e-01	2.535859833156618448e-01	5.717321450659353932e-01
3.449999999999999734e-01	2.530971279614123159e-01	5.717320215024008778e-01
3.499999999999999778e-01	2.526011381588797455e-01	5.717318956205862390e-01
3.549999999999999822e-01	2.520980140114167933e-01	5.717317673948800749e-01
3.599999999999999867e-01	2.515877556257389291e-01	5.717316367988747317e-01
3.649999999999999911e-01	2.510703631100417166e-01	5.717315038056668408e-01
3.699999999999999956e-01	2.505458365760027672e-01	5.717313683875276942e-01
3.750000000000000000e-01	2.500141761368602777e-01	5.717312305162012276e-01
3.800000000000000044e-01	2.494753819094616409e-01	5.717310901625743957e-01
3.850000000000000089e-01	2.489294540123006827e-01	5.717309472969727135e-01
3.900000000000000133e-01	2.483763925676147621e-01	5.717308018888319632e-01
3.950000000000000178e-01	2.478161976993795146e-01	5.717306539069896276e-01
4.000000000000000222e-01	2.472488695354570776e-01	5.717305033193580410e-01
4.050000000000000266e-01	2.466744082055452869e-01	5.717303500932122695e-01
4.099999999999999756e-01	2.460928138433803869e-01	5.717301941948643718e-01
4.149999999999999800e-01	2.455040865846384313e-01	5.717300355899476161e-01
4.199999999999999845e-01	2.449082265691951144e-01	5.717298742430914071e-01
4.249999999999999889e-01	2.443052339389770733e-01	5.717297101182019503e-01
4.299999999999999933e-01	2.436951088402820598e-01	5.717295431781388437e-01
4.349999999999999978e-01	2.430778514215770625e-01	5.717293733849896364e-01
4.400000000000000022e-01	2.424534618358827054e-01	5.717292006997506393e-01
4.450000000000000067e-01	2.418219402385151373e-01	5.717290250825930453e-01
4.500000000000000111e-01	2.411832867895382648e-01	5.717288464925491809e-01
4.550000000000000155e-01	2.405375016514464392e-01	5.717286648877702993e-01
4.600000000000000200e-01	2.398845849916882156e-01	5.717284802252163844e-01
4.649999999999999689e-01	2.392245369802870336e-01	5.717282924609071726e-01
4.699999999999999734e-01	2.385573577924401945e-01	5.717281015496155083e-01
4.749999999999999778e-01	2.378830476060741772e-01	5.717279074451091514e-01
4.799999999999999822e-01	2.372016066045235516e-01	5.717277100998502393e-01
4.849999999999999867e-01	2.365130349740170446e-01	5.717275094652265466e-01
4.899999999999999911e-01	2.358173329064411350e-01	5.717273054912567209e-01
4.949999999999999956e-01	2.351145005967529844e-01	5.717270981268101071e-01
5.000000000000000000e-01	2.344045382458338767e-01	5.717268873193199763e-01
5.050000000000000044e-01	2.336874460578247659e-01	5.717266730149891396e-01
5.100000000000000089e-01	2.329632242430748901e-01	5.717264551585120591e-01
5.150000000000000133e-01	2.322318730153959954e-01	5.717262336932659172e-01
5.200000000000000178e-01	2.314933925951114246e-01	5.717260085610420539e-01
5.250000000000000222e-01	2.307477832062242995e-01	5.717257797022204935e-01
5.300000000000000266e-01	2.299950450795736900e-01	5.717255470555125951e-01
5.350000000000000311e-01	2.292351784499116474e-01	5.717253105581168171e-01
5.400000000000000355e-01	2.284681835591729215e-01	5.717250701454739126e-01
5.450000000000000400e-01	2.276940606534555711e-01	5.717248257514020437e-01
5.500000000000000444e-01	2.269128099864115566e-01	5.717245773078658555e-01
5.550000000000000488e-01	2.261244318161252376e-01	5.717243247450890520e-01
5.600000000000000533e-01	2.253289264086321964e-01	5.717240679913385693e-01
5.649999999999999467e-01	2.245262940346898495e-01	5.717238069730122829e-01
5.699999999999999512e-01	2.237165349734328013e-01	5.717235416144407223e-01
5.749999999999999556e-01	2.228996495090289076e-01	5.717232718379455791e-01
5.799999999999999600e-01	2.220756379344801523e-01	5.717229975636625161e-01
5.849999999999999645e-01	2.212445005481572524e-01	5.717227187095672569e-01
5.899999999999999689e-01	2.204062376577555771e-01	5.717224351913205993e-01
5.949999999999999734e-01	2.195608495767008839e-01	5.717221469222603103e-01
5.999999999999999778e-01	2.187083366282706887e-01	5.717218538132698979e-01
6.049999999999999822e-01	2.178486991418630558e-01	5.717215557727318709e-01
6.099999999999999867e-01	2.169819374572946880e-01	5.717212527064247096e-01
6.149999999999999911e-01	2.161080519209242767e-01	5.717209445174321614e-01
6.199999999999999956e-01	2.152270428901394972e-01	5.717206311060719637e-01
6.250000000000000000e-01	2.143389107293253715e-01	5.717203123697564005e-01
6.300000000000000044e-01	2.134436558145534346e-01	5.717199882029558866e-01
6.350000000000000089e-01	2.125412785293855078e-01	5.717196584970055673e-01
6.400000000000000133e-01	2.116317792697792188e-01	5.717193231401090925e-01
6.450000000000000178e-01	2.107151584397161381e-01	5.717189820170833769e-01
6.500000000000000222e-01	2.097914164563394468e-01	5.717186350094081160e-01
6.550000000000000266e-01	2.088605537453950001e-01	5.717182819949018224e-01
6.600000000000000311e-01	2.079225707466177964e-01	5.717179228478217468e-01
6.650000000000000355e-01	2.069774679089736724e-01	5.717175574384641967e-01
6.700000000000000400e-01	2.060252456963131695e-01	5.717171856333210789e-01
6.750000000000000444e-01	2.050659045823999271e-01	5.717168072945943980e-01
6.800000000000000488e-01	2.040994450568522911e-01	5.717164222804166362e-01
6.850000000000000533e-01	2.031258676199440560e-01	5.717160304442705510e-01
6.899999999999999467e-01	2.021451727888556316e-01	5.717156316352803858e-01
6.949999999999999512e-01	2.011573610922310351e-01	5.717152256975246427e-01
6.999999999999999556e-01	2.001624330767631244e-01	5.717148124704081180e-01
7.049999999999999600e-01	1.991603893014895765e-01	5.717143917878553250e-01
7.099999999999999645e-01	1.981512303447385825e-01	5.717139634787719027e-01
7.149999999999999689e-01	1.971349567981448003e-01	5.717135273661047012e-01
7.199999999999999734e-01	1.961115692739852090e-01	5.717130832674036656e-01
7.249999999999999778e-01	1.950810683988943584e-01	5.717126309937330397e-01
7.299999999999999822e-01	1.940434548216221633e-01	5.717121703503454944e-01
7.349999999999999867e-01	1.929987292064265780e-01	5.717117011354259093e-01
7.399999999999999911e-01	1.919468922412887191e-01	5.717112231408929546e-01
7.449999999999999956e-01	1.908879446309582895e-01	5.717107361509530250e-01
7.500000000000000000e-01	1.898218871056653878e-01	5.717102399430465942e-01
7.550000000000000044e-01	1.887487204137920649e-01	5.717097342861892084e-01
7.600000000000000089e-01	1.876684453311240064e-01	5.717092189420788229e-01
7.650000000000000133e-01	1.865810626531189120e-01	5.717086936631976535e-01
7.700000000000000178e-01	1.854865732047465410e-01	5.717081581941028112e-01
7.750000000000000222e-01	1.843849778323216060e-01	5.717076122692572593e-01
7.800000000000000266e-01	1.832762774139852779e-01	5.717070556145259497e-01
7.850000000000000311e-01	1.821604728510679005e-01	5.717064879447028014e-01
7.900000000000000355e-01	1.810375650792711566e-01	5.717059089652389847e-01
7.950000000000000400e-01	1.799075550595218009e-01	5.717053183694252860e-01
8.000000000000000444e-01	1.787704437899209908e-01	5.717047158403835150e-01
8.050000000000000488e-01	1.776262322960462381e-01	5.717041010478580709e-01
8.100000000000000533e-01	1.764749216437418999e-01	5.717034736505066661e-01
8.149999999999999467e-01	1.753165129288226098e-01	5.717028332922475808e-01
8.199999999999999512e-01	1.741510072907875850e-01	5.717021796048897819e-01
8.249999999999999556e-01	1.729784059018736608e-01	5.717015122039764696e-01
8.299999999999999600e-01	1.717987099817866459e-01	5.717008306917998883e-01
8.349999999999999645e-01	1.706119207860463116e-01	5.717001346526716654e-01
8.399999999999999689e-01	1.694180396218395446e-01	5.716994236563753828e-01
8.449999999999999734e-01	1.682170678355935367e-01	5.716986972527837718e-01
8.499999999999999778e-01	1.670090068300689734e-01	5.716979549758105517e-01
8.549999999999999822e-01	1.657938580510906201e-01	5.716971963372800003e-01
8.599999999999999867e-01	1.645716230060140228e-01	5.716964208314486706e-01
8.649999999999999911e-01	1.633423032495345817e-01	5.716956279280215325e-01
8.699999999999999956e-01	1.621059004036793372e-01	5.716948170773241689e-01
8.750000000000000000e-01	1.608624161426070454e-01	5.716939877023387018e-01
8.800000000000000044e-01	1.596118522142967178e-01	5.716931392046226135e-01
8.850000000000000089e-01	1.583542104242405546e-01	5.716922709552175741e-01
8.900000000000000133e-01	1.570894926590257756e-01	5.716913823014259100e-01
8.950000000000000178e-01	1.558177008688105825e-01	5.716904725564195822e-01
9.000000000000000222e-01	1.545388370930232957e-01	5.716895410070039762e-01
9.050000000000000266e-01	1.532529034414988889e-01	5.716885869017258592e-01
9.100000000000000311e-01	1.519599021225521707e-01	5.716876094597744817e-01
9.150000000000000355e-01	1.506598354226366121e-01	5.716866078573519250e-01
9.200000000000000400e-01	1.493527057370875877e-01	5.716855812378889290e-01
9.250000000000000444e-01	1.480385155481480364e-01	5.716845286963967432e-01
9.300000000000000488e-01	1.467172674587231829e-01	5.716834492912061805e-01
9.350000000000000533e-01	1.453889641685971179e-01	5.716823420259695698e-01
9.399999999999999467e-01	1.440536085115947385e-01	5.716812058631685067e-01
9.449999999999999512e-01	1.427112034297909060e-01	5.716800397033708903e-01
9.499999999999999556e-01	1.413617520145389606e-01	5.716788424007998026e-01
9.549999999999999600e-01	1.400052574784478032e-01	5.716776127393728979e-01
9.599999999999999645e-01	1.386417232008128331e-01	5.716763494506794663e-01
9.649999999999999689e-01	1.372711526971059082e-01	5.716750511862375150e-01
9.699999999999999734e-01	1.358935496694368417e-01	5.716737165382920205e-01
9.749999999999999778e-01	1.345089179732652795e-01	5.716723440076091345e-01
9.799999999999999822e-01	1.331172616736313874e-01	5.716709320275917827e-01
9.849999999999999867e-01	1.317185850087584376e-01	5.716694789267885435e-01
9.899999999999999911e-01	1.303128924529250166e-01	5.716679829569217830e-01
9.949999999999999956e-01	1.289001886765790694e-01	5.716664422491133379e-01
1.000000000000000000e+00	1.274804786168868553e-01	5.716648548465440571e-01
1.004999999999999893e+00	1.260537674339243519e-01	5.716632186531791504e-01
1.010000000000000009e+00	1.246200605901370828e-01	5.716615314719304397e-01
1.015000000000000124e+00	1.231793638021098092e-01	5.716597909443889014e-01
1.020000000000000018e+00	1.217316831304163377e-01	5.716579945955524433e-01
1.024999999999999911e+00	1.202770249263930141e-01	5.716561397627246688e-01
1.030000000000000027e+00	1.188153959341598370e-01	5.716542236481095829e-01
1.035000000000000142e+00	1.173468032317362825e-01	5.716522432345968463e-01
1.040000000000000036e+00	1.158712543473907203e-01	5.716501953478221321e-01
1.044999999999999929e+00	1.143887571943329601e-01	5.716480765559975863e-01
1.050000000000000044e+00	1.128993202040216026e-01	5.716458832434169191e-01
1.055000000000000160e+00	1.114029522535475991e-01	5.716436114907654797e-01
1.060000000000000053e+00	1.098996628191224872e-01	5.716412571625325567e-01
1.064999999999999947e+00	1.083894618951255495e-01	5.716388157632994460e-01
1.070000000000000062e+00	1.068723601717511823e-01	5.716362825421404947e-01
1.075000000000000178e+00	1.053483689445291610e-01	5.716336523191637431e-01
1.080000000000000071e+00	1.038175003210732861e-01	5.716309196107841606e-01
1.084999999999999964e+00	1.022797671196919722e-01	5.716280784191798414e-01
1.090000000000000080e+00	1.007351831114279700e-01	5.716251223833642703e-01
1.095000000000000195e+00	9.918376290615560364e-02	5.716220445220826507e-01
1.100000000000000089e+00	9.762552223772125171e-02	5.716188374169750563e-01
1.104999999999999982e+00	9.606047783567010778e-02	5.716154928965719861e-01
1.110000000000000098e+00	9.448864776342595639e-02	5.716120022596503647e-01
1.115000000000000213e+00	9.291005127350734916e-02	5.716083558841041912e-01
1.120000000000000107e+00	9.132470921150652454e-02	5.716045435010106424e-01
1.125000000000000000e+00	8.973264385234121232e-02	5.716005537068402642e-01
1.129999999999999893e+00	8.813387938657671339e-02	5.715963743020082699e-01
1.134999999999999787e+00	8.652844173493245972e-02	5.715919916775322740e-01
1.139999999999999902e+00	8.491635913861571294e-02	5.715873912362792186e-01
1.145000000000000018e+00	8.329766194898559351e-02	5.715825566148785564e-01
1.149999999999999911e+00	8.167238335059824605e-02	5.715774702119785777e-01
1.154999999999999805e+00	8.004055912267928063e-02	5.715721121915919856e-01
1.159999999999999920e+00	7.840222853334695430e-02	5.715664611511857007e-01
1.165000000000000036e+00	7.675743406946212988e-02	5.715604928315637379e-01
1.169999999999999929e+00	7.510622255425343508e-02	5.715541809696197406e-01
1.174999999999999822e+00	7.344864484238482205e-02	5.715474956090397241e-01
1.179999999999999938e+00	7.178475723288250954e-02	5.715404041997216300e-01
1.185000000000000053e+00	7.011462112723054751e-02	5.715328693577390595e-01
1.189999999999999947e+00	6.843830483809636156e-02	5.715248502983638623e-01
1.194999999999999840e+00	6.675588321055404839e-02	5.715162998242954151e-01
1.199999999999999956e+00	6.506743996940851649e-02	5.715071662160068344e-01
1.205000000000000071e+00	6.337306730840407132e-02	5.714973891199593981e-01
1.209999999999999964e+00	6.167286898273072887e-02	5.714869020752132434e-01
1.214999999999999858e+00	5.996695988040273706e-02	5.714756268039472564e-01
1.219999999999999973e+00	5.825547016473642953e-02	5.714634766377675312e-01
1.225000000000000089e+00	5.653854485992730605e-02	5.714503484389195087e-01
1.229999999999999982e+00	5.481634950296427472e-02	5.714361273217490877e-01
1.234999999999999876e+00	5.308906980928320557e-02	5.714206749782392292e-01
1.239999999999999991e+00	5.135691954333254650e-02	5.714038363011922916e-01
1.245000000000000107e+00	4.962014039457331854e-02	5.713854221106232645e-01
1.250000000000000000e+00	4.787901319024858576e-02	5.713652186316310333e-01
1.254999999999999893e+00	4.613385823573638161e-02	5.713429612470352081e-01
1.260000000000000009e+00	4.438505170107347880e-02	5.713183483680400743e-01
1.265000000000000124e+00	4.263302692127277777e-02	5.712910003319485730e-01
1.270000000000000018e+00	4.087829903718751684e-02	5.712604802255107916e-01
1.274999999999999911e+00	3.912146823281249103e-02	5.712262272813265485e-01
1.280000000000000027e+00	3.736325799091200911e-02	5.711875890688895563e-01
1.285000000000000142e+00	3.560452222585745036e-02	5.711437092851618935e-01
1.290000000000000036e+00	3.384630682468011548e-02	5.710935792589827420e-01
1.294999999999999929e+00	3.208986468163356476e-02	5.710358403594403276e-01
1.300000000000000044e+00	3.033675862357414210e-02	5.709688698926497219e-01
1.305000000000000160e+00	2.858889269745935879e-02	5.708904153706971796e-01
1.310000000000000053e+00	2.684869149012801548e-02	5.707977454900273750e-01
1.314999999999999947e+00	2.511916520828991195e-02	5.706869349768076694e-01
1.320000000000000062e+00	2.340423435499788471e-02	5.705531495061604286e-01
1.325000000000000178e+00	2.170886428973654858e-02	5.703891655603661182e-01
1.330000000000000071e+00	2.003966712556419852e-02	5.701859667870042836e-01
1.334999999999999964e+00	1.840516672334293821e-02	5.699295283407569412e-01
1.340000000000000080e+00	1.681688252510300102e-02	5.696022731711147813e-01
1.345000000000000195e+00	1.528974486332816685e-02	5.691760124049769498e-01
1.350000000000000089e+00	1.384365275169004324e-02	5.686162775185833462e-01
1.354999999999999982e+00	1.250345021429102345e-02	5.678684931479354159e-01
1.360000000000000098e+00	1.129896565569494388e-02	5.668726640452467214e-01
1.365000000000000213e+00	1.026137403650439518e-02	5.655472530218752514e-01
1.370000000000000107e+00	9.415368875234657667e-03	5.638295588968207372e-01
1.375000000000000000e+00	8.770425083539567720e-03	5.616780188048767775e-01
1.379999999999999893e+00	8.312070766283373088e-03	5.591081430637852012e-01
1.384999999999999787e+00	8.007706606967686033e-03	5.561914387929982606e-01
1.389999999999999902e+00	7.816284658927842577e-03	5.530125808031999268e-01
1.395000000000000018e+00	7.700446926777033269e-03	5.496669283832881225e-01
1.399999999999999911e+00	7.632337730138463033e-03	5.462160637568256316e-01
1.404999999999999805e+00	7.592714447168033044e-03	5.427105780571088722e-01
1.409999999999999920e+00	7.569978930468733956e-03	5.391765116011495440e-01
1.415000000000000036e+00	7.556867560378280335e-03	5.356330148005894465e-01
1.419999999999999929e+00	7.549338388108226168e-03	5.320891597195751554e-01
1.424999999999999822e+00	7.544939624808221293e-03	5.285513816180267277e-01
1.429999999999999938e+00	7.542343755475122528e-03	5.250226466882232934e-01
1.435000000000000053e+00	7.540753746012994300e-03	5.215050365690749867e-01
1.439999999999999947e+00	7.539741952032097232e-03	5.179995049303354193e-01
1.444999999999999840e+00	7.539052479733051107e-03	5.145067205123194931e-01
1.449999999999999956e+00	7.538548454217374600e-03	5.110269920678409683e-01
1.455000000000000071e+00	7.538148067975498218e-03	5.075605377551904995e-01
1.459999999999999964e+00	7.537807613337379684e-03	5.041074615546488058e-01
1.464999999999999858e+00	7.537500979239675387e-03	5.006678387408719511e-01
1.469999999999999973e+00	7.537214222481761726e-03	4.972417084317596325e-01
1.475000000000000089e+00	7.536939015296523041e-03	4.938291006216894430e-01
1.479999999999999982e+00	7.536670912020400695e-03	4.904300338266366910e-01
1.484999999999999876e+00	7.536407257757083214e-03	4.870445236110966247e-01
1.489999999999999991e+00	7.536146635454921833e-03	4.836725818457777715e-01
1.495000000000000107e+00	7.535888198865097268e-03	4.803142193842998009e-01
1.500000000000000000e+00	7.535631496258531764e-03	4.769694458299931772e-01
1.504999999999999893e+00	7.535376257771375305e-03	4.736382703667019745e-01
1.510000000000000009e+00	7.535122339225247719e-03	4.703207016847881228e-01
1.515000000000000124e+00	7.534869654361110898e-03	4.670167482318094976e-01
1.520000000000000018e+00	7.534618156940817851e-03	4.637264181867364887e-01
1.524999999999999911e+00	7.534367819161562514e-03	4.604497195303337009e-01
1.530000000000000027e+00	7.534118625954106495e-03	4.571866600323763463e-01
1.535000000000000142e+00	7.533870568110820343e-03	4.539372472679581438e-01
1.540000000000000036e+00	7.533623640468271876e-03	4.507014886065265902e-01
1.544999999999999929e+00	7.533377839721502357e-03	4.474793912139365393e-01
1.550000000000000044e+00	7.533133163843146532e-03	4.442709620397558568e-01
1.555000000000000160e+00	7.532889611389811252e-03	4.410762078176141410e-01
1.560000000000000053e+00	7.532647181314591767e-03	4.378951350496517181e-01
1.564999999999999947e+00	7.532405872748481820e-03	4.347277500091072944e-01
1.570000000000000062e+00	7.532165684937907994e-03	4.315740587215554647e-01
1.575000000000000178e+00	7.531926617177431976e-03	4.284340669709660321e-01
1.580000000000000071e+00	7.531688668786916396e-03	4.253077802776189520e-01
1.584999999999999964e+00	7.531451839092494910e-03	4.221952039080095753e-01
1.590000000000000080e+00	7.531216127416212429e-03	4.190963428494134391e-01
1.595000000000000195e+00	7.530981533072514042e-03	4.160112018237391296e-01
1.600000000000000089e+00	7.530748055361701637e-03	4.129397852587434192e-01
1.604999999999999982e+00	7.530515693571528113e-03	4.098820973058423522e-01
1.610000000000000098e+00	7.530284446971742540e-03	4.068381418079922152e-01
1.615000000000000213e+00	7.530054314817457260e-03	4.038079223214408042e-01
1.620000000000000107e+00	7.529825296343911623e-03	4.007914420802916045e-01
1.625000000000000000e+00	7.529597390770566799e-03	3.977887040221657067e-01
1.629999999999999893e+00	7.529370597295811408e-03	3.947997107494739533e-01
1.634999999999999787e+00	7.529144915101442306e-03	3.918244645589538111e-01
1.639999999999999902e+00	7.528920343347227963e-03	3.888629673996757408e-01
1.645000000000000018e+00	7.528696881175665941e-03	3.859152209064153349e-01
1.649999999999999911e+00	7.528474527706375402e-03	3.829812263544259410e-01
1.654999999999999805e+00	7.528253282041101786e-03	3.800609846966017114e-01
1.659999999999999920e+00	7.528033143257926302e-03	3.771544965150491202e-01
1.665000000000000036e+00	7.527814110416501323e-03	3.742617620619985708e-01
1.669999999999999929e+00	7.527596182552084673e-03	3.713827812082096114e-01
1.674999999999999822e+00	7.527379358680991867e-03	3.685175534875806957e-01
1.679999999999999938e+00	7.527163637794453445e-03	3.656660780424297319e-01
1.685000000000000053e+00	7.526949018864294468e-03	3.628283536717512026e-01
1.689999999999999947e+00	7.526735500836604503e-03	3.600043787734135692e-01
1.694999999999999840e+00	7.526523082637637425e-03	3.571941513960082415e-01
1.699999999999999956e+00	7.526311763167310535e-03	3.543976691780100774e-01
1.705000000000000071e+00	7.526101541305309922e-03	3.516149294031641337e-01
1.709999999999999964e+00	7.525892415904423052e-03	3.488459289366534488e-01
1.714999999999999858e+00	7.525684385796851429e-03	3.460906642839659542e-01
1.719999999999999973e+00	7.525477449787372312e-03	3.433491315241192776e-01
1.725000000000000089e+00	7.525271606659854340e-03	3.406213263719478634e-01
1.729999999999999982e+00	7.525066855170265724e-03	3.379072441084361444e-01
1.734999999999999876e+00	7.524863194053371153e-03	3.352068796463634204e-01
1.739999999999999991e+00	7.524660622015591667e-03	3.325202274577974126e-01
1.745000000000000107e+00	7.524459137741894982e-03	3.298472816430353394e-01
1.750000000000000000e+00	7.524258739888491435e-03	3.271880358553121981e-01
1.754999999999999893e+00	7.524059427089920329e-03	3.245424833729717573e-01
1.760000000000000009e+00	7.523861197951591494e-03	3.219106170214465212e-01
1.765000000000000124e+00	7.523664051057055505e-03	3.192924292485921911e-01
1.770000000000000018e+00	7.523467984960394324e-03	3.166879120439973216e-01
1.774999999999999911e+00	7.523272998193673670e-03	3.140970570174118626e-01
1.780000000000000027e+00	7.523079089259191408e-03	3.115198553154470140e-01
1.785000000000000142e+00	7.522886256637097320e-03	3.089562977030291258e-01
1.790000000000000036e+00	7.522694498777506185e-03	3.064063744775499254e-01
1.794999999999999929e+00	7.522503814108287556e-03	3.038700755532728892e-01
1.800000000000000044e+00	7.522314201027039196e-03	3.013473903729981251e-01
1.805000000000000160e+00	7.522125657909043382e-03	2.988383079953499943e-01
1.810000000000000053e+00	7.521938183099108506e-03	2.963428170040180443e-01
1.814999999999999947e+00	7.521751774919684108e-03	2.938609055978535500e-01
1.820000000000000062e+00	7.521566431662572369e-03	2.913925614977505574e-01
1.825000000000000178e+00	7.521382151597202741e-03	2.889377720394780691e-01
1.830000000000000071e+00	7.521198932962216803e-03	2.864965240782662015e-01
1.834999999999999964e+00	7.521016773973888611e-03	2.840688040842981321e-01
1.840000000000000080e+00	7.520835672817598530e-03	2.816545980450687048e-01
1.845000000000000195e+00	7.520655627656393227e-03	2.792538915634608654e-01
1.850000000000000089e+00	7.520476636622339811e-03	2.768666697579428293e-01
1.854999999999999982e+00	7.520298697825233275e-03	2.744929173631517338e-01
1.860000000000000098e+00	7.520121809343837879e-03	2.721326186279984238e-01
1.865000000000000213e+00	7.519945969234723832e-03	2.697857574186821039e-01
1.870000000000000107e+00	7.519771175523408055e-03	2.674523171147696887e-01
1.875000000000000000e+00	7.519597426213317504e-03	2.651322807145629068e-01
1.879999999999999893e+00	7.519424719276825847e-03	2.628256307292227145e-01
1.884999999999999787e+00	7.519253052664346022e-03	2.605323492904118021e-01
1.889999999999999902e+00	7.519082424295265438e-03	2.582524180425308513e-01
1.895000000000000018e+00	7.518912832067156486e-03	2.559858182525595049e-01
1.899999999999999911e+00	7.518744273846621543e-03	2.537325307004743014e-01
1.904999999999999805e+00	7.518576747478615367e-03	2.514925357912081716e-01
1.909999999999999920e+00	7.518410250777202500e-03	2.492658134433211048e-01
1.915000000000000036e+00	7.518244781534988951e-03	2.470523432029999578e-01
1.919999999999999929e+00	7.518080337513790255e-03	2.448521041310511570e-01
1.924999999999999822e+00	7.517916916454171587e-03	2.426650749188604961e-01
1.929999999999999938e+00	7.517754516066036882e-03	2.404912337737796502e-01
1.935000000000000053e+00	7.517593134038263493e-03	2.383305585369682733e-01
1.939999999999999947e+00	7.517432768029215853e-03	2.361830265672422713e-01
1.944999999999999840e+00	7.517273415676474675e-03	2.340486148607198724e-01
1.949999999999999956e+00	7.517115074587283827e-03	2.319272999332021024e-01
1.955000000000000071e+00	7.516957742348359325e-03	2.298190579415439472e-01
1.959999999999999964e+00	7.516801416516277236e-03	2.277238645646382509e-01
1.964999999999999858e+00	7.516646094627359859e-03	2.256416951264317017e-01
1.969999999999999973e+00	7.516491774188003780e-03	2.235725244755817076e-01
1.975000000000000089e+00	7.516338452684646725e-03	2.215163271100408504e-01
1.979999999999999982e+00	7.516186127574031421e-03	2.194730770554557675e-01
1.984999999999999876e+00	7.516034796293253120e-03	2.174427479912411088e-01
1.989999999999999991e+00	7.515884456249965345e-03	2.154253131277902300e-01
1.995000000000000107e+00	7.515735104832495933e-03	2.134207453339612148e-01
2.000000000000000000e+00	7.515586739400003345e-03	2.114290170131690461e-01
2.004999999999999893e+00	7.515439357292658627e-03	2.094501002322045891e-01
2.009999999999999787e+00	7.515292955821752281e-03	2.074839665962781021e-01
2.014999999999999680e+00	7.515147532279937807e-03	2.055305873790948534e-01
2.020000000000000018e+00	7.515003083931301280e-03	2.035899333969174718e-01
2.024999999999999911e+00	7.514859608021647389e-03	2.016619751398220639e-01
2.029999999999999805e+00	7.514717101768542996e-03	1.997466826448471289e-01
2.035000000000000142e+00	7.514575562371649149e-03	1.978440256283530985e-01
2.040000000000000036e+00	7.514434987002731672e-03	1.959539733583278431e-01
2.044999999999999929e+00	7.514295372816033949e-03	1.940764947877730295e-01
2.049999999999999822e+00	7.514156716938264098e-03	1.922115584262317212e-01
2.054999999999999716e+00	7.514019016479005914e-03	1.903591324741283619e-01
2.060000000000000053e+00	7.513882268520683493e-03	1.885191846935846405e-01
2.064999999999999947e+00	7.513746470129000800e-03	1.866916825436391036e-01
2.069999999999999840e+00	7.513611618342889813e-03	1.848765930504164268e-01
2.075000000000000178e+00	7.513477710184986516e-03	1.830738829431519110e-01
2.080000000000000071e+00	7.513344742651549557e-03	1.812835185237824387e-01
2.084999999999999964e+00	7.513212712722972669e-03	1.795054658037014417e-01
2.089999999999999858e+00	7.513081617353690317e-03	1.777396903728344912e-01
2.094999999999999751e+00	7.512951453482703129e-03	1.759861575370550713e-01
2.100000000000000089e+00	7.512822218023485280e-03	1.742448321868078076e-01
2.104999999999999982e+00	7.512693907874523798e-03	1.725156789351133813e-01
2.109999999999999876e+00	7.512566519909212939e-03	1.707986619858026522e-01
2.115000000000000213e+00	7.512440050986416915e-03	1.690937452720394640e-01
2.120000000000000107e+00	7.512314497940361657e-03	1.674008923242294999e-01
2.125000000000000000e+00	7.512189857591201024e-03	1.657200664089908682e-01
2.129999999999999893e+00	7.512066126734914633e-03	1.640512303967978924e-01
2.134999999999999787e+00	7.511943302153875797e-03	1.623943469013325869e-01
2.140000000000000124e+00	7.511821380606763243e-03	1.607493781469226946e-01
2.145000000000000018e+00	7.511700358839117769e-03	1.591162861082067170e-01
2.149999999999999911e+00	7.511580233573269573e-03	1.574950323774265970e-01
2.155000000000000249e+00	7.511461001518896646e-03	1.558855783043374132e-01
2.160000000000000142e+00	7.511342659362957308e-03	1.542878848634159916e-01
2.165000000000000036e+00	7.511225203780238190e-03	1.527019127939492626e-01
2.169999999999999929e+00	7.511108631423316258e-03	1.511276224672140900e-01
2.174999999999999822e+00	7.510992938933086852e-03	1.495649740266820349e-01
2.180000000000000160e+00	7.510878122928743052e-03	1.480139272552268570e-01
2.185000000000000053e+00	7.510764180018292442e-03	1.464744417153816258e-01
2.189999999999999947e+00	7.510651106788560766e-03	1.449464766166298768e-01
2.195000000000000284e+00	7.510538899815690471e-03	1.434299909556517594e-01
2.200000000000000178e+00	7.510427555655165184e-03	1.419249433837550534e-01
2.205000000000000071e+00	7.510317070852287440e-03	1.404312923470487917e-01
2.209999999999999964e+00	7.510207441932239582e-03	1.389489959540665676e-01
2.214999999999999858e+00	7.510098665410523330e-03	1.374780121158084290e-01
2.220000000000000195e+00	7.509990737783067520e-03	1.360182984136088791e-01
2.225000000000000089e+00	7.509883655536626033e-03	1.345698122389884788e-01
2.229999999999999982e+00	7.509777415138922836e-03	1.331325106618176379e-01
2.235000000000000320e+00	7.509672013049026491e-03	1.317063505699188897e-01
2.240000000000000213e+00	7.509567445707522951e-03	1.302912885375795138e-01
2.245000000000000107e+00	7.509463709546853639e-03	1.288872809648465012e-01
2.250000000000000000e+00	7.509360800981542024e-03	1.274942839464360544e-01
2.254999999999999893e+00	7.509258716418477919e-03	1.261122534106677018e-01
2.259999999999999787e+00	7.509157452247196100e-03	1.247411449888186086e-01
2.264999999999999680e+00	7.509057004850112904e-03	1.233809141536418991e-01
2.270000000000000018e+00	7.508957370592855146e-03	1.220315160892129075e-01
2.274999999999999911e+00	7.508858545834454223e-03	1.206929058289794021e-01
2.279999999999999805e+00	7.508760526917718399e-03	1.193650381261454896e-01
2.285000000000000142e+00	7.508663310179375730e-03	1.180478675912009640e-01
2.290000000000000036e+00	7.508566891940507068e-03	1.167413485628894104e-01
2.294999999999999929e+00	7.508471268516630874e-03	1.154454352451653038e-01
2.299999999999999822e+00	7.508376436208196933e-03	1.141600815787891104e-01
2.304999999999999716e+00	7.508282391310606985e-03	1.128852413776643693e-01
2.310000000000000053e+00	7.508189130104773491e-03	1.116208682011018138e-01
2.314999999999999947e+00	7.508096648867079552e-03	1.103669154894882515e-01
2.319999999999999840e+00	7.508004943859998385e-03	1.091233364372609232e-01
2.325000000000000178e+00	7.507914011341989928e-03	1.078900841278611772e-01
2.330000000000000071e+00	7.507823847558187970e-03	1.066671114074607546e-01
2.334999999999999964e+00	7.507734448750227364e-03	1.054543710191533784e-01
2.339999999999999858e+00	7.507645811146999686e-03	1.042518154774714906e-01
2.344999999999999751e+00	7.507557930974412784e-03	1.030593972017736087e-01
2.350000000000000089e+00	7.507470804446213231e-03	1.018770683915879299e-01
2.354999999999999982e+00	7.507384427773677350e-03	1.007047811591526704e-01
2.359999999999999876e+00	7.507298797156504791e-03	9.954248740562356146e-02
2.365000000000000213e+00	7.507213908792434096e-03	9.839013895272499810e-02
2.370000000000000107e+00	7.507129758868209997e-03	9.724768741985798104e-02
2.375000000000000000e+00	7.507046343569126999e-03	9.611508435482077339e-02
2.379999999999999893e+00	7.506963659070068663e-03	9.499228111185152590e-02
2.384999999999999787e+00	7.506881701544969657e-03	9.387922898138044425e-02
2.390000000000000124e+00	7.506800467157941775e-03	9.277587906903954351e-02
2.395000000000000018e+00	7.506719952072646654e-03	9.168218242440868970e-02
2.399999999999999911e+00	7.506640152443506790e-03	9.059808992102430514e-02
2.405000000000000249e+00	7.506561064424991520e-03	8.952355238408263305e-02
2.410000000000000142e+00	7.506482684162912172e-03	8.845852047147938213e-02
2.415000000000000036e+00	7.506405007803623047e-03	8.740294480043393766e-02
2.419999999999999929e+00	7.506328031485396367e-03	8.635677582958903309e-02
2.424999999999999822e+00	7.506251751347539983e-03	8.531996398452396102e-02
2.430000000000000160e+00	7.506176163521859936e-03	8.429245954094134741e-02
2.435000000000000053e+00	7.506101264141677547e-03	8.327421274903672177e-02
2.439999999999999947e+00	7.506027049333391724e-03	8.226517371780033006e-02
2.445000000000000284e+00	7.505953515225398040e-03	8.126529253821128396e-02
2.450000000000000178e+00	7.505880657939740380e-03	8.027451916868096060e-02
2.455000000000000071e+00	7.505808473600939813e-03	7.929280355704157457e-02
2.459999999999999964e+00	7.505736958327731238e-03	7.832009552715553380e-02
2.464999999999999858e+00	7.505666108241801186e-03	7.735634489967049832e-02
2.470000000000000195e+00	7.505595919459612068e-03	7.640150137981838174e-02
2.475000000000000089e+00	7.505526388101051508e-03	7.545551467690934933e-02
2.479999999999999982e+00	7.505457510281343322e-03	7.451833439334280829e-02
2.485000000000000320e+00	7.505389282119593643e-03	7.358991014281403287e-02
2.490000000000000213e+00	7.505321699730807712e-03	7.267019144055986146e-02
2.495000000000000107e+00	7.505254759234329318e-03	7.175912782025196945e-02
2.500000000000000000e+00	7.505188456745953002e-03	7.085666872549720163e-02
2.504999999999999893e+00	7.505122788386266348e-03	6.996276362539514959e-02
2.509999999999999787e+00	7.505057750272854135e-03	6.907736190731159076e-02
2.514999999999999680e+00	7.504993338528538269e-03	6.820041299107811039e-02
2.520000000000000018e+00	7.504929549273686891e-03	6.733186622305650793e-02
2.524999999999999911e+00	7.504866378634339821e-03	6.647167098895973014e-02
2.529999999999999805e+00	7.504803822734622612e-03	6.561977660922427291e-02
2.535000000000000142e+00	7.504741877704771379e-03	6.477613245043145618e-02
2.540000000000000036e+00	7.504680539673635326e-03	6.394068782200519607e-02
2.544999999999999929e+00	7.504619804776602697e-03	6.311339208621434549e-02
2.549999999999999822e+00	7.504559669148204784e-03	6.229419455620992946e-02
2.554999999999999716e+00	7.504500128929929119e-03	6.148304460459181470e-02
2.560000000000000053e+00	7.504441180262931901e-03	6.067989156279924440e-02
2.564999999999999947e+00	7.504382819295738437e-03	5.988468482822519035e-02
2.569999999999999840e+00	7.504325042177057911e-03	5.909737376497276734e-02
2.575000000000000178e+00	7.504267845063375408e-03	5.831790780950202313e-02
2.580000000000000071e+00	7.504211224111870769e-03	5.754623637276454901e-02
2.584999999999999964e+00	7.504155175487898718e-03	5.678230894436812198e-02
2.589999999999999858e+00	7.504099695358011808e-03	5.602607499609994768e-02
2.594999999999999751e+00	7.504044779897333858e-03	5.527748408459695617e-02
2.600000000000000089e+00	7.503990425282677443e-03	5.453648575626707240e-02
2.604999999999999982e+00	7.503936627699815849e-03	5.380302964845289082e-02
2.609999999999999876e+00	7.503883383336702913e-03	5.307706539576016042e-02
2.615000000000000213e+00	7.503830688390626148e-03	5.235854272970388162e-02
2.620000000000000107e+00	7.503778539061538473e-03	5.164741138645213836e-02
2.625000000000000000e+00	7.503726931559099450e-03	5.094362120494456969e-02
2.629999999999999893e+00	7.503675862096105889e-03	5.024712203605824490e-02
2.634999999999999787e+00	7.503625326895427272e-03	4.955786383919015547e-02
2.640000000000000124e+00	7.503575322183538704e-03	4.887579659285095496e-02
2.645000000000000018e+00	7.503525844197340977e-03	4.820087038970424786e-02
2.649999999999999911e+00	7.503476889177801944e-03	4.753303534859244783e-02
2.655000000000000249e+00	7.503428453376664690e-03	4.687224170802641032e-02
2.660000000000000142e+00	7.503380533050191259e-03	4.621843973964858548e-02
2.665000000000000036e+00	7.503333124465754594e-03	4.557157984016599328e-02
2.669999999999999929e+00	7.503286223895697625e-03	4.493161244625419604e-02
2.674999999999999822e+00	7.503239827623804648e-03	4.429848812493010490e-02
2.680000000000000160e+00	7.503193931939264490e-03	4.367215748989795865e-02
2.685000000000000053e+00	7.503148533143031741e-03	4.305257129035877650e-02
2.689999999999999947e+00	7.503103627541896602e-03	4.243968032879984198e-02
2.695000000000000284e+00	7.503059211454729018e-03	4.183343554823772126e-02
2.700000000000000178e+00	7.503015281206654348e-03	4.123378795145284104e-02
2.705000000000000071e+00	7.502971833135186480e-03	4.064068868666376871e-02
2.709999999999999964e+00	7.502928863584505843e-03	4.005408896820650266e-02
2.714999999999999858e+00	7.502886368911483236e-03	3.947394016063962563e-02
2.720000000000000195e+00	7.502844345480057589e-03	3.890019370086722494e-02
2.725000000000000089e+00	7.502802789667147032e-03	3.833280118067534242e-02
2.729999999999999982e+00	7.502761697857137681e-03	3.777171427029629019e-02
2.735000000000000320e+00	7.502721066447674142e-03	3.721688479937725058e-02
2.740000000000000213e+00	7.502680891844256718e-03	3.666826468198439160e-02
2.745000000000000107e+00	7.502641170465919156e-03	3.612580599600463682e-02
2.750000000000000000e+00	7.502601898739926466e-03	3.558946090958643033e-02
2.754999999999999893e+00	7.502563073107345118e-03	3.505918175897796557e-02
2.759999999999999787e+00	7.502524690017838872e-03	3.453492097639994374e-02
2.764999999999999680e+00	7.502486745935133157e-03	3.401663116632409195e-02
2.770000000000000018e+00	7.502449237331911512e-03	3.350426503477347412e-02
2.774999999999999911e+00	7.502412160695163743e-03	3.299777546404505241e-02
2.779999999999999805e+00	7.502375512521194251e-03	3.249711544343260317e-02
2.785000000000000142e+00	7.502339289320848759e-03	3.200223814239817194e-02
2.790000000000000036e+00	7.502303487614631929e-03	3.151309684271186989e-02
2.794999999999999929e+00	7.502268103937823930e-03	3.102964501007797471e-02
2.799999999999999822e+00	7.502233134835693470e-03	3.055183622768470331e-02
2.804999999999999716e+00	7.502198576868508544e-03	3.007962426629170322e-02
2.810000000000000053e+00	7.502164426606852676e-03	2.961296301918255394e-02
2.814999999999999947e+00	7.502130680636519451e-03	2.915180657072108730e-02
2.819999999999999840e+00	7.502097335553935438e-03	2.869610913269864810e-02
2.825000000000000178e+00	7.502064387970944562e-03	2.824582511136649460e-02
2.830000000000000071e+00	7.502031834510323842e-03	2.780090904517041467e-02
2.834999999999999964e+00	7.501999671810470616e-03	2.736131567026776207e-02
2.839999999999999858e+00	7.501967896521011953e-03	2.692699985963937712e-02
2.844999999999999751e+00	7.501936505307382590e-03	2.649791668710139644e-02
2.850000000000000089e+00	7.501905494846534093e-03	2.607402136778508989e-02
2.854999999999999982e+00	7.501874861831406109e-03	2.565526932065267593e-02
2.859999999999999876e+00	7.501844602966736136e-03	2.524161611033538810e-02
2.865000000000000213e+00	7.501814714973419757e-03	2.483301750816361772e-02
2.870000000000000107e+00	7.501785194584419288e-03	2.442942943535285696e-02
2.875000000000000000e+00	7.501756038549019928e-03	2.403080802255908727e-02
2.879999999999999893e+00	7.501727243628832954e-03	2.363710955440141009e-02
2.884999999999999787e+00	7.501698806601947780e-03	2.324829052755458467e-02
2.890000000000000124e+00	7.501670724259031434e-03	2.286430759659661624e-02
2.895000000000000018e+00	7.501642993407374796e-03	2.248511763065080479e-02
2.899999999999999911e+00	7.501615610867089223e-03	2.211067766054641490e-02
2.905000000000000249e+00	7.501588573475047837e-03	2.174094493402211475e-02
2.910000000000000142e+00	7.501561878081177553e-03	2.137587686418810501e-02
2.915000000000000036e+00	7.501535521552297157e-03	2.101543108330442694e-02
2.919999999999999929e+00	7.501509500768500406e-03	2.065956539253086671e-02
2.924999999999999822e+00	7.501483812626897826e-03	2.030823781429413541e-02
2.930000000000000160e+00	7.501458454038088287e-03	1.996140654331265279e-02
2.935000000000000053e+00	7.501433421929801053e-03	1.961902999756645269e-02
2.939999999999999947e+00	7.501408713243461028e-03	1.928106677058325294e-02
2.945000000000000284e+00	7.501384324937726729e-03	1.894747568102550517e-02
2.950000000000000178e+00	7.501360253985148337e-03	1.861821572622423399e-02
2.955000000000000071e+00	7.501336497375610257e-03	1.829324613039803177e-02
2.959999999999999964e+00	7.501313052113075044e-03	1.797252629942017177e-02
2.964999999999999858e+00	7.501289915218928815e-03	1.765601586768514655e-02
2.970000000000000195e+00	7.501267083728811909e-03	1.734367465409442435e-02
2.975000000000000089e+00	7.501244554695874096e-03	1.703546270758634490e-02
2.979999999999999982e+00	7.501222325187687640e-03	1.673134026432566285e-02
2.985000000000000320e+00	7.501200392289407090e-03	1.643126779191247250e-02
2.990000000000000213e+00	7.501178753100773422e-03	1.613520594776097009e-02
2.995000000000000107e+00	7.501157404739174084e-03	1.584311562200383175e-02
3.000000000000000000e+00	7.501136344336733000e-03	1.555495789704405656e-02
3.004999999999999893e+00	7.501115569043283887e-03	1.527069408917208944e-02
3.009999999999999787e+00	7.501095076023537450e-03	1.499028570927530592e-02
3.014999999999999680e+00	7.501074862459966228e-03	1.471369450318440152e-02
3.020000000000000018e+00	7.501054925550055055e-03	1.444088241352484148e-02
3.024999999999999911e+00	7.501035262509094838e-03	1.417181161881004778e-02
3.029999999999999805e+00	7.501015870567513677e-03	1.390644449641832703e-02
3.035000000000000142e+00	7.500996746973582173e-03	1.364474366045052497e-02
3.040000000000000036e+00	7.500977888990828686e-03	1.338667192581650955e-02
3.044999999999999929e+00	7.500959293900650096e-03	1.313219234487458288e-02
3.049999999999999822e+00	7.500940958999811198e-03	1.288126817261115060e-02
3.054999999999999716e+00	7.500922881602971326e-03	1.263386290208037485e-02
3.060000000000000053e+00	7.500905059040254008e-03	1.238994023065989082e-02
3.064999999999999947e+00	7.500887488659693791e-03	1.214946409430905927e-02
3.069999999999999840e+00	7.500870167824884825e-03	1.191239863488412210e-02
3.075000000000000178e+00	7.500853093917339218e-03	1.167870823323321865e-02
3.080000000000000071e+00	7.500836264334212813e-03	1.144835747755427145e-02
3.084999999999999964e+00	7.500819676490580283e-03	1.122131119534532095e-02
3.089999999999999858e+00	7.500803327817238096e-03	1.099753442278791557e-02
3.094999999999999751e+00	7.500787215762898946e-03	1.077699243557175834e-02
3.100000000000000089e+00	7.500771337792063245e-03	1.055965071928631482e-02
3.104999999999999982e+00	7.500755691387135486e-03	1.034547499913872869e-02
3.109999999999999876e+00	7.500740274046371198e-03	1.013443121133630366e-02
3.115000000000000213e+00	7.500725083285910907e-03	9.926485531716744068e-03
3.120000000000000107e+00	7.500710116637799955e-03	9.721604348104397747e-03
3.125000000000000000e+00	7.500695371651946129e-03	9.519754287871658865e-03
3.129999999999999893e+00	7.500680845894202795e-03	9.320902191251615940e-03
3.134999999999999787e+00	7.500666536948259744e-03	9.125015137850042354e-03
3.140000000000000124e+00	7.500652442413789645e-03	8.932060420896772643e-03
3.145000000000000018e+00	7.500638559908266029e-03	8.742005572727629820e-03
3.149999999999999911e+00	7.500624887065173926e-03	8.554818339957146259e-03
3.155000000000000249e+00	7.500611421535759334e-03	8.370466707949796026e-03
3.160000000000000142e+00	7.500598160987303163e-03	8.188918876896399135e-03
3.165000000000000036e+00	7.500585103104796987e-03	8.010143285294072171e-03
3.169999999999999929e+00	7.500572245589284641e-03	7.834108586909008590e-03
3.174999999999999822e+00	7.500559586159468578e-03	7.660783673284483723e-03
3.180000000000000160e+00	7.500547122550113056e-03	7.490137651572196381e-03
3.185000000000000053e+00	7.500534852513579369e-03	7.322139866088236797e-03
3.189999999999999947e+00	7.500522773818294082e-03	7.156759876995216416e-03
3.195000000000000284e+00	7.500510884250217482e-03	6.993967480925612074e-03
3.200000000000000178e+00	7.500499181611371656e-03	6.833732690497601285e-03
3.205000000000000071e+00	7.500487663721238686e-03	6.676025754024813436e-03
3.209999999999999964e+00	7.500476328415355519e-03	6.520817135848223228e-03
3.214999999999999858e+00	7.500465173546642765e-03	6.368077535152213108e-03
3.220000000000000195e+00	7.500454196984056819e-03	6.217777867095118649e-03
3.225000000000000089e+00	7.500443396613863146e-03	6.069889280750735347e-03
3.229999999999999982e+00	7.500432770338332639e-03	5.924383141020099323e-03
3.235000000000000320e+00	7.500422316076963726e-03	5.781231045718026110e-03
3.240000000000000213e+00	7.500412031765233377e-03	5.640404808248783777e-03
3.245000000000000107e+00	7.500401915355751556e-03	5.501876473856918276e-03
3.250000000000000000e+00	7.500391964817071204e-03	5.365618303049546345e-03
3.254999999999999893e+00	7.500382178134787185e-03	5.231602787030699420e-03
3.259999999999999787e+00	7.500372553310395707e-03	5.099802631853166644e-03
3.264999999999999680e+00	7.500363088362334285e-03	4.970190773055523439e-03
3.270000000000000018e+00	7.500353781324892340e-03	4.842740360526355189e-03
3.274999999999999911e+00	7.500344630249201720e-03	4.717424772363156514e-03
3.279999999999999805e+00	7.500335633202191536e-03	4.594217600431944014e-03
3.285000000000000142e+00	7.500326788267524039e-03	4.473092663466913914e-03
3.290000000000000036e+00	7.500318093544601494e-03	4.354023993308740216e-03
3.294999999999999929e+00	7.500309547149450889e-03	4.236985847263729198e-03
3.299999999999999822e+00	7.500301147213770704e-03	4.121952695003973551e-03
3.304999999999999716e+00	7.500292891885770516e-03	4.008899230205097836e-03
3.310000000000000053e+00	7.500284779329264608e-03	3.897800358091443960e-03
3.314999999999999947e+00	7.500276807724453459e-03	3.788631206370911882e-03
3.319999999999999840e+00	7.500268975267074603e-03	3.681367113408883906e-03
3.325000000000000178e+00	7.500261280169125133e-03	3.575983638478443319e-03
3.330000000000000071e+00	7.500253720658060265e-03	3.472456550546830847e-03
3.334999999999999964e+00	7.500246294977470744e-03	3.370761837859456191e-03
3.339999999999999858e+00	7.500239001386317834e-03	3.270875697322581967e-03
3.344999999999999751e+00	7.500231838159571694e-03	3.172774543439320187e-03
3.350000000000000089e+00	7.500224803587485396e-03	3.076434998272461075e-03
3.354999999999999982e+00	7.500217895976182131e-03	2.981833899750509047e-03
3.359999999999999876e+00	7.500211113646980399e-03	2.888948292194819679e-03
3.365000000000000213e+00	7.500204454936931775e-03	2.797755434013470856e-03
3.370000000000000107e+00	7.500197918198184266e-03	2.708232788777029023e-03
3.375000000000000000e+00	7.500191501798481042e-03	2.620358032317835189e-03
3.379999999999999893e+00	7.500185204120558488e-03	2.534109044338928030e-03
3.384999999999999787e+00	7.500179023562607641e-03	2.449463914936246805e-03
3.390000000000000124e+00	7.500172958537706935e-03	2.366400936725292226e-03
3.395000000000000018e+00	7.500167007474245473e-03	2.284898610803563594e-03
3.399999999999999911e+00	7.500161168815387865e-03	2.204935639379797252e-03
3.405000000000000249e+00	7.500155441019464540e-03	2.126490931193659051e-03
3.410000000000000142e+00	7.500149822559465211e-03	2.049543594632607501e-03
3.415000000000000036e+00	7.500144311923397089e-03	1.974072942625814536e-03
3.419999999999999929e+00	7.500138907613813043e-03	1.900058486233718695e-03
3.424999999999999822e+00	7.500133608148123847e-03	1.827479939032808018e-03
3.430000000000000160e+00	7.500128412058171441e-03	1.756317211163470034e-03
3.435000000000000053e+00	7.500123317890501282e-03	1.686550413221982007e-03
3.439999999999999947e+00	7.500118324205961619e-03	1.618159850752271455e-03
3.445000000000000284e+00	7.500113429579949829e-03	1.551126027661212407e-03
3.450000000000000178e+00	7.500108632602042052e-03	1.485429641140211801e-03
3.455000000000000071e+00	7.500103931876202223e-03	1.421051584620024698e-03
3.459999999999999964e+00	7.500099326020442936e-03	1.357972943107939876e-03
3.464999999999999858e+00	7.500094813667002383e-03	1.296174995697830156e-03
3.470000000000000195e+00	7.500090393462038180e-03	1.235639211309354528e-03
3.475000000000000089e+00	7.500086064065769609e-03	1.176347250768728162e-03
3.479999999999999982e+00	7.500081824152200934e-03	1.118280962936344953e-03
3.485000000000000320e+00	7.500077672409231552e-03	1.061422386373558381e-03
3.490000000000000213e+00	7.500073607538407933e-03	1.005753745845512160e-03
3.495000000000000107e+00	7.500069628255009481e-03	9.512574535888824404e-04
3.500000000000000000e+00	7.500065733287818691e-03	8.979161061768011973e-04
3.504999999999999893e+00	7.500061921379184461e-03	8.457124854024323157e-04
3.509999999999999787e+00	7.500058191284816531e-03	7.946295554930836447e-04
3.514999999999999680e+00	7.500054541773822775e-03	7.446504636241920100e-04
3.520000000000000018e+00	7.500050971628527061e-03	6.957585374699647900e-04
3.524999999999999911e+00	7.500047479644477919e-03	6.479372853619767923e-04
3.529999999999999805e+00	7.500044064630299358e-03	6.011703941639543435e-04
3.535000000000000142e+00	7.500040725407664845e-03	5.554417290891652858e-04
3.540000000000000036e+00	7.500037460811172403e-03	5.107353318871125274e-04
3.544999999999999929e+00	7.500034269688302981e-03	4.670354203333350633e-04
3.549999999999999822e+00	7.500031150899308559e-03	4.243263867162018021e-04
3.554999999999999716e+00	7.500028103317150571e-03	3.825927970126735906e-04
3.560000000000000053e+00	7.500025125827409697e-03	3.418193896633704601e-04
3.564999999999999947e+00	7.500022217328200860e-03	3.019910744476316422e-04
3.569999999999999840e+00	7.500019376730107309e-03	2.630929315353027062e-04
3.575000000000000178e+00	7.500016602956071331e-03	2.251102100741408539e-04
3.580000000000000071e+00	7.500013894941346543e-03	1.880283275071658873e-04
3.584999999999999964e+00	7.500011251633370395e-03	1.518328678849592583e-04
3.589999999999999858e+00	7.500008671991734675e-03	1.165095814376141255e-04
3.594999999999999751e+00	7.500006154988044134e-03	8.204438262448399263e-05
3.600000000000000089e+00	7.500003699605896530e-03	4.842334994985191357e-05
3.604999999999999982e+00	7.500001304840723040e-03	1.563272376242053901e-05
3.609999999999999876e+00	7.499998969699795195e-03	-1.634109369588956313e-05
3.615000000000000213e+00	7.499996693202038399e-03	-4.751154072882476638e-05
3.620000000000000107e+00	7.499994474378057947e-03	-7.789189591419214836e-05
3.625000000000000000e+00	7.499992312269938670e-03	-1.074952807692686879e-04
3.629999999999999893e+00	7.499990205931283092e-03	-1.363346592664755848e-04
3.634999999999999787e+00	7.499988154426998066e-03	-1.644228407141453329e-04
3.640000000000000124e+00	7.499986156833344207e-03	-1.917724790692781098e-04
3.645000000000000018e+00	7.499984212237712118e-03	-2.183960760222851611e-04
3.649999999999999911e+00	7.499982319738682235e-03	-2.443059801165527504e-04
3.655000000000000249e+00	7.499980478445788905e-03	-2.695143900263603245e-04
3.660000000000000142e+00	7.499978687479594112e-03	-2.940333534925443945e-04
3.665000000000000036e+00	7.499976945971438547e-03	-3.178747707830501239e-04
3.669999999999999929e+00	7.499975253063524867e-03	-3.410503934538751348e-04
3.674999999999999822e+00	7.499973607908656630e-03	-3.635718279816539753e-04
3.680000000000000160e+00	7.499972009670343234e-03	-3.854505343589822107e-04
3.685000000000000053e+00	7.499970457522512832e-03	-4.066978298890591920e-04
3.689999999999999947e+00	7.499968950649633752e-03	-4.273248876239695818e-04
3.695000000000000284e+00	7.499967488246424806e-03	-4.473427403114572519e-04
3.700000000000000178e+00	7.499966069517976716e-03	-4.667622786846620589e-04
3.705000000000000071e+00	7.499964693679455480e-03	-4.855942555515010755e-04
3.709999999999999964e+00	7.499963359956235073e-03	-5.038492839441344878e-04
3.714999999999999858e+00	7.499962067583593010e-03	-5.215378413416594042e-04
3.720000000000000195e+00	7.499960815806848251e-03	-5.386702676873100261e-04
3.725000000000000089e+00	7.499959603881047217e-03	-5.552567697351789818e-04
3.729999999999999982e+00	7.499958431071120785e-03	-5.713074189431306855e-04
3.735000000000000320e+00	7.499957296651547749e-03	-5.868321559347511361e-04
3.740000000000000213e+00	7.499956199906530029e-03	-6.018407882754864139e-04
3.745000000000000107e+00	7.499955140129648326e-03	-6.163429950414184852e-04
3.750000000000000000e+00	7.499954116624035598e-03	-6.303483244859276868e-04
3.754999999999999893e+00	7.499953128702038785e-03	-6.438661987067351936e-04
3.759999999999999787e+00	7.499952175685390549e-03	-6.569059112104321408e-04
3.764999999999999680e+00	7.499951256904870134e-03	-6.694766316698120634e-04
3.770000000000000018e+00	7.499950371700476841e-03	-6.815874033931390878e-04
3.774999999999999911e+00	7.499949519421086550e-03	-6.932471481638398381e-04
3.779999999999999805e+00	7.499948699424635601e-03	-7.044646636213078858e-04
3.785000000000000142e+00	7.499947911077768647e-03	-7.152486281753964994e-04
3.790000000000000036e+00	7.499947153756026004e-03	-7.256075983052396282e-04
3.794999999999999929e+00	7.499946426843490631e-03	-7.355500135412392729e-04
3.799999999999999822e+00	7.499945729732983291e-03	-7.450841936882595740e-04
3.804999999999999716e+00	7.499945061825695654e-03	-7.542183438678668741e-04
3.810000000000000053e+00	7.499944422531399334e-03	-7.629605516720379399e-04
3.814999999999999947e+00	7.499943811268072053e-03	-7.713187922588117269e-04
3.819999999999999840e+00	7.499943227462112748e-03	-7.793009254425268878e-04
3.825000000000000178e+00	7.499942670547961668e-03	-7.869147008361281666e-04
3.830000000000000071e+00	7.499942139968322416e-03	-7.941677548836164734e-04
3.834999999999999964e+00	7.499941635173776842e-03	-8.010676160426226551e-04
3.839999999999999858e+00	7.499941155623011425e-03	-8.076217017646791481e-04
3.844999999999999751e+00	7.499940700782432162e-03	-8.138373237117601773e-04
3.850000000000000089e+00	7.499940270126390085e-03	-8.197216846897366913e-04
3.854999999999999982e+00	7.499939863136799618e-03	-8.252818838929118538e-04
3.859999999999999876e+00	7.499939479303362362e-03	-8.305249137958318822e-04
3.865000000000000213e+00	7.499939118123184582e-03	-8.354576654200418289e-04
3.870000000000000107e+00	7.499938779101004462e-03	-8.400869251891967182e-04
3.875000000000000000e+00	7.499938461748811326e-03	-8.444193802124914895e-04
3.879999999999999893e+00	7.499938165586071161e-03	-8.484616151078725214e-04
3.884999999999999787e+00	7.499937890139344102e-03	-8.522201172967028369e-04
3.890000000000000124e+00	7.499937634942516890e-03	-8.557012737998430938e-04
3.895000000000000018e+00	7.499937399536416895e-03	-8.589113765383824678e-04
3.899999999999999911e+00	7.499937183469046302e-03	-8.618566191069301470e-04
3.905000000000000249e+00	7.499936986295194404e-03	-8.645431020755099975e-04
3.910000000000000142e+00	7.499936807576676988e-03	-8.669768297444389437e-04
3.915000000000000036e+00	7.499936646881949498e-03	-8.691637154425721013e-04
3.919999999999999929e+00	7.499936503786339484e-03	-8.711095782677677739e-04
3.924999999999999822e+00	7.499936377871668433e-03	-8.728201483769598701e-04
3.930000000000000160e+00	7.499936268726482488e-03	-8.743010637162736479e-04
3.935000000000000053e+00	7.499936175945675146e-03	-8.755578752985618274e-04
3.939999999999999947e+00	7.499936099130720575e-03	-8.765960439269605874e-04
3.945000000000000284e+00	7.499936037889291113e-03	-8.774209454555283866e-04
3.950000000000000178e+00	7.499935991835496654e-03	-8.780378675098377515e-04
3.955000000000000071e+00	7.499935960589504749e-03	-8.784520147270415786e-04
3.959999999999999964e+00	7.499935943777773922e-03	-8.786685054769429468e-04
3.964999999999999858e+00	7.499935941032680707e-03	-8.786923770774221661e-04
3.970000000000000195e+00	7.499935951992750365e-03	-8.785285825193607121e-04
3.975000000000000089e+00	7.499935976302285652e-03	-8.781819956538184117e-04
3.979999999999999982e+00	7.499936013611601011e-03	-8.776574079240840546e-04
3.985000000000000320e+00	7.499936063576647001e-03	-8.769595335211507244e-04
3.990000000000000213e+00	7.499936125859250555e-03	-8.760930061258000515e-04
3.995000000000000107e+00	7.499936200126736813e-03	-8.750623840290867612e-04
4.000000000000000000e+00	7.499936286052169380e-03	-8.738721468874154638e-04
4.004999999999999893e+00	7.499936383313978230e-03	-8.725267008048751645e-04
4.009999999999999787e+00	7.499936491596195624e-03	-8.710303751040530300e-04
4.014999999999999680e+00	7.499936610588088352e-03	-8.693874273672292817e-04
4.019999999999999574e+00	7.499936739984391053e-03	-8.676020402255279649e-04
4.025000000000000355e+00	7.499936879484943655e-03	-8.656783263562201937e-04
4.030000000000000249e+00	7.499937028794921232e-03	-8.636203252927455954e-04
4.035000000000000142e+00	7.499937187624474907e-03	-8.614320083753744788e-04
4.040000000000000036e+00	7.499937355688962581e-03	-8.591172755844183034e-04
4.044999999999999929e+00	7.499937532708590704e-03	-8.566799604417747781e-04
4.049999999999999822e+00	7.499937718408644129e-03	-8.541238268696051562e-04
4.054999999999999716e+00	7.499937912519131361e-03	-8.514525740403904638e-04
4.059999999999999609e+00	7.499938114775013542e-03	-8.486698332631805982e-04
4.064999999999999503e+00	7.499938324915851433e-03	-8.457791727798900667e-04
4.070000000000000284e+00	7.499938542686032661e-03	-8.427840946810739213e-04
4.075000000000000178e+00	7.499938767834428248e-03	-8.396880396465433195e-04
4.080000000000000071e+00	7.499939000114606846e-03	-8.364943838924750099e-04
4.084999999999999964e+00	7.499939239284503407e-03	-8.332064438542347972e-04
4.089999999999999858e+00	7.499939485106634288e-03	-8.298274731667993568e-04
4.094999999999999751e+00	7.499939737347758976e-03	-8.263606672879672283e-04
4.099999999999999645e+00	7.499939995779100407e-03	-8.228091605135699673e-04
4.105000000000000426e+00	7.499940260176011890e-03	-8.191760305394896842e-04
4.110000000000000320e+00	7.499940530318187880e-03	-8.154642955132716331e-04
4.115000000000000213e+00	7.499940805989343921e-03	-8.116769185332581337e-04
4.120000000000000107e+00	7.499941086977422212e-03	-8.078168047380652941e-04
4.125000000000000000e+00	7.499941373074269814e-03	-8.038868057414408743e-04
4.129999999999999893e+00	7.499941664075848551e-03	-7.998897167609526990e-04
4.134999999999999787e+00	7.499941959781916689e-03	-7.958282809871731426e-04
4.139999999999999680e+00	7.499942259996237107e-03	-7.917051867529107398e-04
4.144999999999999574e+00	7.499942564526256364e-03	-7.875230718355188042e-04
4.150000000000000355e+00	7.499942873183318079e-03	-7.832845206676950249e-04
4.155000000000000249e+00	7.499943185782347206e-03	-7.789920685718924659e-04
4.160000000000000142e+00	7.499943502142051265e-03	-7.746481990137773143e-04
4.165000000000000036e+00	7.499943822084618496e-03	-7.702553477676709606e-04
4.169999999999999929e+00	7.499944145435914755e-03	-7.658159002136313799e-04
4.174999999999999822e+00	7.499944472025183405e-03	-7.613321954331219235e-04
4.179999999999999716e+00	7.499944801685239602e-03	-7.568065235506650111e-04
4.185000000000000497e+00	7.499945134252176265e-03	-7.522411297587482983e-04
4.190000000000000391e+00	7.499945469565558361e-03	-7.476382117048406290e-04
4.195000000000000284e+00	7.499945807468127133e-03	-7.429999234450325105e-04
4.200000000000000178e+00	7.499946147805996131e-03	-7.383283728771164543e-04
4.205000000000000071e+00	7.499946490428360639e-03	-7.336256256221619426e-04
4.209999999999999964e+00	7.499946835187686761e-03	-7.288937025043846227e-04
4.214999999999999858e+00	7.499947181939428664e-03	-7.241345833602676196e-04
4.219999999999999751e+00	7.499947530542214191e-03	-7.193502045657584323e-04
4.224999999999999645e+00	7.499947880857569908e-03	-7.145424627723932992e-04
4.230000000000000426e+00	7.499948232750095443e-03	-7.097132124823320220e-04
4.235000000000000320e+00	7.499948586087199810e-03	-7.048642697111874448e-04
4.240000000000000213e+00	7.499948940739274879e-03	-6.999974096114034436e-04
4.245000000000000107e+00	7.499949296579431698e-03	-6.951143700614678374e-04
4.250000000000000000e+00	7.499949653483670500e-03	-6.902168493379519723e-04
4.254999999999999893e+00	7.499950011330625693e-03	-6.853065096309008493e-04
4.259999999999999787e+00	7.499950370001729795e-03	-6.803849747648220512e-04
4.264999999999999680e+00	7.499950729380967102e-03	-6.754538336403293061e-04
4.269999999999999574e+00	7.499951089355027210e-03	-6.705146380042140055e-04
4.275000000000000355e+00	7.499951449813071699e-03	-6.655689058170993419e-04
4.280000000000000249e+00	7.499951810646881580e-03	-6.606181190730361225e-04
4.285000000000000142e+00	7.499952171750624841e-03	-6.556637270931323525e-04
4.290000000000000036e+00	7.499952533021009109e-03	-6.507071443946626111e-04
4.294999999999999929e+00	7.499952894357045721e-03	-6.457497539109251575e-04
4.299999999999999822e+00	7.499953255660203252e-03	-6.407929049099440151e-04
4.304999999999999716e+00	7.499953616834177661e-03	-6.358379161405164131e-04
4.309999999999999609e+00	7.499953977785040610e-03	-6.308860738006278170e-04
4.314999999999999503e+00	7.499954338421013951e-03	-6.259386346099836320e-04
4.320000000000000284e+00	7.499954698652616311e-03	-6.209968238280003539e-04
4.325000000000000178e+00	7.499955058392442780e-03	-6.160618382530938866e-04
4.330000000000000071e+00	7.499955417555306293e-03	-6.111348442902408496e-04
4.334999999999999964e+00	7.499955776058025124e-03	-6.062169808772862115e-04
4.339999999999999858e+00	7.499956133819559063e-03	-6.013093576019400968e-04
4.344999999999999751e+00	7.499956490760802119e-03	-5.964130575554848568e-04
4.349999999999999645e+00	7.499956846804714354e-03	-5.915291354990516838e-04
4.355000000000000426e+00	7.499957201876122394e-03	-5.866586206452017831e-04
4.360000000000000320e+00	7.499957555901846928e-03	-5.818025148731809527e-04
4.365000000000000213e+00	7.499957908810504954e-03	-5.769617954387922746e-04
4.370000000000000107e+00	7.499958260532637276e-03	-5.721374132385048444e-04
4.375000000000000000e+00	7.499958611000518555e-03	-5.673302954481340612e-04
4.379999999999999893e+00	7.499958960148274401e-03	-5.625413438354844508e-04
4.384999999999999787e+00	7.499959307911699229e-03	-5.577714373283392153e-04
4.389999999999999680e+00	7.499959654228373351e-03	-5.530214303753254413e-04
4.394999999999999574e+00	7.499959999037481700e-03	-5.482921554438891258e-04
4.400000000000000355e+00	7.499960342279930921e-03	-5.435844214290346324e-04
4.405000000000000249e+00	7.499960683898168959e-03	-5.388990160817386070e-04
4.410000000000000142e+00	7.499961023836300422e-03	-5.342367044652074131e-04
4.415000000000000036e+00	7.499961362039914842e-03	-5.295982313146932506e-04
4.419999999999999929e+00	7.499961698456193357e-03	-5.249843195406588394e-04
4.424999999999999822e+00	7.499962033033743050e-03	-5.203956725204885109e-04
4.429999999999999716e+00	7.499962365722702765e-03	-5.158329726483035097e-04
4.435000000000000497e+00	7.499962696474581775e-03	-5.112968835593461898e-04
4.440000000000000391e+00	7.499963025242358666e-03	-5.067880487259578256e-04
4.445000000000000284e+00	7.499963351980328680e-03	-5.023070936153419463e-04
4.450000000000000178e+00	7.499963676644199988e-03	-4.978546243311383771e-04
4.455000000000000071e+00	7.499963999190941040e-03	-4.934312297054919451e-04
4.459999999999999964e+00	7.499964319578875972e-03	-4.890374799856843369e-04
4.464999999999999858e+00	7.499964637767539757e-03	-4.846739288611886750e-04
4.469999999999999751e+00	7.499964953717767543e-03	-4.803411121949133136e-04
4.474999999999999645e+00	7.499965267391553274e-03	-4.760395499861065031e-04
4.480000000000000426e+00	7.499965578752136423e-03	-4.717697451455437675e-04
4.485000000000000320e+00	7.499965887763869292e-03	-4.675321853952278651e-04
4.490000000000000213e+00	7.499966194392293332e-03	-4.633273420868875485e-04
4.495000000000000107e+00	7.499966498604016853e-03	-4.591556720393327024e-04
4.500000000000000000e+00	7.499966800366789609e-03	-4.550176163997150130e-04
4.504999999999999893e+00	7.499967099649375302e-03	-4.509136024194620768e-04
4.509999999999999787e+00	7.499967396421633112e-03	-4.468440423575660288e-04
4.514999999999999680e+00	7.499967690654391929e-03	-4.428093351960527262e-04
4.519999999999999574e+00	7.499967982319525814e-03	-4.388098655847262565e-04
4.525000000000000355e+00	7.499968271389836037e-03	-4.348460054970354613e-04
4.530000000000000249e+00	7.499968557839123071e-03	-4.309181132155417830e-04
4.535000000000000142e+00	7.499968841642069492e-03	-4.270265349292381128e-04
4.540000000000000036e+00	7.499969122774311110e-03	-4.231716037590879361e-04
4.544999999999999929e+00	7.499969401212327677e-03	-4.193536412977617151e-04
4.549999999999999822e+00	7.499969676933508807e-03	-4.155729566744863863e-04
4.554999999999999716e+00	7.499969949916046423e-03	-4.118298480381774995e-04
4.559999999999999609e+00	7.499970220138996342e-03	-4.081246016608961239e-04
4.564999999999999503e+00	7.499970487582181995e-03	-4.044574933654136208e-04
4.570000000000000284e+00	7.499970752226249072e-03	-4.008287876665112166e-04
4.575000000000000178e+00	7.499971014052570113e-03	-3.972387391440141769e-04
4.580000000000000071e+00	7.499971273043303487e-03	-3.936875916211799841e-04
4.584999999999999964e+00	7.499971529181297114e-03	-3.901755794842255622e-04
4.589999999999999858e+00	7.499971782450143114e-03	-3.867029268971162418e-04
4.594999999999999751e+00	7.499972032834090196e-03	-3.832698490685840969e-04
4.599999999999999645e+00	7.499972280318095708e-03	-3.798765515024129309e-04
4.605000000000000426e+00	7.499972524887736289e-03	-3.765232312130745379e-04
4.610000000000000320e+00	7.499972766529259920e-03	-3.732100760108367980e-04
4.615000000000000213e+00	7.499973005229502651e-03	-3.699372656669943499e-04
4.620000000000000107e+00	7.499973240975938912e-03	-3.667049712329552031e-04
4.625000000000000000e+00	7.499973473756595642e-03	-3.635133561562345914e-04
4.629999999999999893e+00	7.499973703560106064e-03	-3.603625756326775138e-04
4.634999999999999787e+00	7.499973930375624688e-03	-3.572527776742054286e-04
4.639999999999999680e+00	7.499974154192877614e-03	-3.541841024933921464e-04
4.644999999999999574e+00	7.499974375002087072e-03	-3.511566835241433020e-04
4.650000000000000355e+00	7.499974592794010457e-03	-3.481706468377739039e-04
4.655000000000000249e+00	7.499974807559873537e-03	-3.452261121176522572e-04
4.660000000000000142e+00	7.499975019291410354e-03	-3.423231921058990683e-04
4.665000000000000036e+00	7.499975227980792969e-03	-3.394619935331424703e-04
4.669999999999999929e+00	7.499975433620670491e-03	-3.366426165950524752e-04
4.674999999999999822e+00	7.499975636204104894e-03	-3.338651558382768831e-04
4.679999999999999716e+00	7.499975835724606577e-03	-3.311296996658757942e-04
4.685000000000000497e+00	7.499976032176076252e-03	-3.284363311805361583e-04
4.690000000000000391e+00	7.499976225552833567e-03	-3.257851277181549932e-04
4.695000000000000284e+00	7.499976415849561595e-03	-3.231761616494741854e-04
4.700000000000000178e+00	7.499976603061336324e-03	-3.206094999407987944e-04
4.705000000000000071e+00	7.499976787183576347e-03	-3.180852049151371738e-04
4.709999999999999964e+00	7.499976968212070626e-03	-3.156033338393148826e-04
4.714999999999999858e+00	7.499977146142921235e-03	-3.131639396457531707e-04
4.719999999999999751e+00	7.499977320972575461e-03	-3.107670705449546854e-04
4.724999999999999645e+00	7.499977492697780697e-03	-3.084127707090882249e-04
4.730000000000000426e+00	7.499977661315601792e-03	-3.061010799090020250e-04
4.735000000000000320e+00	7.499977826823378546e-03	-3.038320341606626620e-04
4.740000000000000213e+00	7.499977989218751737e-03	-3.016056653858002604e-04
4.745000000000000107e+00	7.499978148499617144e-03	-2.994220020223461922e-04
4.750000000000000000e+00	7.499978304664145501e-03	-2.972810687078211050e-04
4.754999999999999893e+00	7.499978457710746935e-03	-2.951828868549754236e-04
4.759999999999999787e+00	7.499978607638086575e-03	-2.931274743569292390e-04
4.764999999999999680e+00	7.499978754445048995e-03	-2.911148461289671079e-04
4.769999999999999574e+00	7.499978898130755557e-03	-2.891450138346222335e-04
4.775000000000000355e+00	7.499979038694528852e-03	-2.872179863949084460e-04
4.780000000000000249e+00	7.499979176135910044e-03	-2.853337697343699122e-04
4.785000000000000142e+00	7.499979310454627651e-03	-2.834923672587645127e-04
4.790000000000000036e+00	7.499979441650607079e-03	-2.816937796200808561e-04
4.794999999999999929e+00	7.499979569723946339e-03	-2.799380051639552302e-04
4.799999999999999822e+00	7.499979694674923855e-03	-2.782250397127615624e-04
4.804999999999999716e+00	7.499979816503978512e-03	-2.765548769838146515e-04
4.809999999999999609e+00	7.499979935211712259e-03	-2.749275083895140318e-04
4.814999999999999503e+00	7.499980050798871027e-03	-2.733429234274870230e-04
4.820000000000000284e+00	7.499980163266351668e-03	-2.718011094968788037e-04
4.825000000000000178e+00	7.499980272615181139e-03	-2.703020522615914184e-04
4.830000000000000071e+00	7.499980378846522570e-03	-2.688457354817223779e-04
4.834999999999999964e+00	7.499980481961657924e-03	-2.674321413510304460e-04
4.839999999999999858e+00	7.499980581961990592e-03	-2.660612503425382569e-04
4.844999999999999751e+00	7.499980678849031517e-03	-2.647330415213961451e-04
4.849999999999999645e+00	7.499980772624402665e-03	-2.634474924036913214e-04
4.855000000000000426e+00	7.499980863289818812e-03	-2.622045792457476524e-04
4.860000000000000320e+00	7.499980950847098815e-03	-2.610042769151835564e-04
4.865000000000000213e+00	7.499981035298141328e-03	-2.598465591578965174e-04
4.870000000000000107e+00	7.499981116644936080e-03	-2.587313984802986711e-04
4.875000000000000000e+00	7.499981194889547391e-03	-2.576587663951665865e-04
4.879999999999999893e+00	7.499981270034119379e-03	-2.566286333140093182e-04
4.884999999999999787e+00	7.499981342080862950e-03	-2.556409687728586583e-04
4.889999999999999680e+00	7.499981411032055796e-03	-2.546957413337844396e-04
4.894999999999999574e+00	7.499981476890038058e-03	-2.537929187919300963e-04
4.900000000000000355e+00	7.499981539657207125e-03	-2.529324680851235962e-04
4.905000000000000249e+00	7.499981599336014160e-03	-2.521143554831462887e-04
4.910000000000000142e+00	7.499981655928963237e-03	-2.513385465044322420e-04
4.915000000000000036e+00	7.499981709438603532e-03	-2.506050060888614472e-04
4.919999999999999929e+00	7.499981759867528457e-03	-2.499136985204795133e-04
4.924999999999999822e+00	7.499981807218373056e-03	-2.492645875849060959e-04
4.929999999999999716e+00	7.499981851493812274e-03	-2.486576364969959527e-04
4.935000000000000497e+00	7.499981892696551411e-03	-2.480928080440894263e-04
4.940000000000000391e+00	7.499981930829335668e-03	-2.475700645175799345e-04
4.945000000000000284e+00	7.499981965894936264e-03	-2.470893678431393360e-04
4.950000000000000178e+00	7.499981997896153912e-03	-2.466506795151393117e-04
4.955000000000000071e+00	7.499982026835816211e-03	-2.462539607149971817e-04
4.959999999999999964e+00	7.499982052716776780e-03	-2.458991722472939545e-04
4.964999999999999858e+00	7.499982075541910924e-03	-2.455862746475460825e-04
4.969999999999999751e+00	7.499982095314116498e-03	-2.453152281188934769e-04
4.974999999999999645e+00	7.499982112036311308e-03	-2.450859926304894444e-04
4.980000000000000426e+00	7.499982125711434841e-03	-2.448985278536566844e-04
4.985000000000000320e+00	7.499982136342439598e-03	-2.447527932520184241e-04
4.990000000000000213e+00	7.499982143932302364e-03	-2.446487480159884845e-04
4.995000000000000107e+00	7.499982148484012935e-03	-2.445863511459317550e-04
5.000000000000000000e+00	7.499982150000578454e-03	-2.445655613838353874e-04
