# coordinate_x	h	p	@time=821.29
0.000000000000000000e+00	2.699884160529312793e-01	5.715611755558062113e-01
5.000000000000000104e-03	2.699848483866396087e-01	5.715611754698799452e-01
1.000000000000000021e-02	2.699741453889328846e-01	5.715611752120564049e-01
1.499999999999999944e-02	2.699563070610694338e-01	5.715611747822876287e-01
2.000000000000000042e-02	2.699313334061061442e-01	5.715611741804567103e-01
2.500000000000000139e-02	2.698992244275477126e-01	5.715611734064294236e-01
2.999999999999999889e-02	2.698599801306568180e-01	5.715611724600047072e-01
3.500000000000000333e-02	2.698136005211382860e-01	5.715611713409640693e-01
4.000000000000000083e-02	2.697600856064583108e-01	5.715611700490219604e-01
4.499999999999999833e-02	2.696994353945285638e-01	5.715611685838750677e-01
5.000000000000000278e-02	2.696316498950286911e-01	5.715611669451529098e-01
5.500000000000000028e-02	2.695567291180882563e-01	5.715611651324669085e-01
5.999999999999999778e-02	2.694746730756136244e-01	5.715611631453604291e-01
6.500000000000000222e-02	2.693854817799669066e-01	5.715611609833589624e-01
7.000000000000000666e-02	2.692891552452976733e-01	5.715611586459191651e-01
7.500000000000001110e-02	2.691856934862182915e-01	5.715611561324790424e-01
8.000000000000000167e-02	2.690750965191412991e-01	5.715611534424074325e-01
8.499999999999999223e-02	2.689573643609506903e-01	5.715611505750539667e-01
8.999999999999999667e-02	2.688324970303449524e-01	5.715611475296978883e-01
9.500000000000000111e-02	2.687004945465037986e-01	5.715611443055991225e-01
1.000000000000000056e-01	2.685613569304383663e-01	5.715611409019460964e-01
1.050000000000000100e-01	2.684150842036518436e-01	5.715611373179070309e-01
1.100000000000000006e-01	2.682616763894978273e-01	5.715611335525779824e-01
1.149999999999999911e-01	2.681011335118342331e-01	5.715611296050335799e-01
1.199999999999999956e-01	2.679334555963907016e-01	5.715611254742755110e-01
1.250000000000000000e-01	2.677586426694145150e-01	5.715611211592828145e-01
1.300000000000000044e-01	2.675766947590480505e-01	5.715611166589601444e-01
1.350000000000000089e-01	2.673876118939667035e-01	5.715611119721892841e-01
1.400000000000000133e-01	2.671913941047663887e-01	5.715611070977756336e-01
1.450000000000000178e-01	2.669880414225924148e-01	5.715611020345003901e-01
1.499999999999999944e-01	2.667775538805391422e-01	5.715610967810675902e-01
1.549999999999999989e-01	2.665599315122678670e-01	5.715610913361549583e-01
1.600000000000000033e-01	2.663351743534195237e-01	5.715610856983620591e-01
1.650000000000000078e-01	2.661032824402217445e-01	5.715610798662605907e-01
1.700000000000000122e-01	2.658642558109146625e-01	5.715610738383422040e-01
1.749999999999999889e-01	2.656180945043464248e-01	5.715610676130692402e-01
1.799999999999999933e-01	2.653647985614132065e-01	5.715610611888218839e-01
1.849999999999999978e-01	2.651043680236421785e-01	5.715610545639497886e-01
1.900000000000000022e-01	2.648368029346471753e-01	5.715610477367183417e-01
1.950000000000000067e-01	2.645621033386972298e-01	5.715610407053601794e-01
2.000000000000000111e-01	2.642802692821894506e-01	5.715610334680213400e-01
2.050000000000000155e-01	2.639913008122030114e-01	5.715610260228138895e-01
2.099999999999999922e-01	2.636951979779889044e-01	5.715610183677606315e-01
2.149999999999999967e-01	2.633919608295088310e-01	5.715610105008479547e-01
2.200000000000000011e-01	2.630815894189437176e-01	5.715610024199707651e-01
2.250000000000000056e-01	2.627640837992156198e-01	5.715609941229851110e-01
2.300000000000000100e-01	2.624394440255161665e-01	5.715609856076527828e-01
2.349999999999999867e-01	2.621076701538109233e-01	5.715609768716943817e-01
2.399999999999999911e-01	2.617687622423890415e-01	5.715609679127333642e-01
2.449999999999999956e-01	2.614227203503484698e-01	5.715609587283491111e-01
2.500000000000000000e-01	2.610695445391679193e-01	5.715609493160207499e-01
2.550000000000000044e-01	2.607092348711725904e-01	5.715609396731806680e-01
2.600000000000000089e-01	2.603417914111292863e-01	5.715609297971575575e-01
2.650000000000000133e-01	2.599672142246911566e-01	5.715609196852301510e-01
2.700000000000000178e-01	2.595855033800182898e-01	5.715609093345700442e-01
2.750000000000000222e-01	2.591966589461993098e-01	5.715608987422952092e-01
2.800000000000000266e-01	2.588006809948990017e-01	5.715608879054131508e-01
2.850000000000000311e-01	2.583975695987559273e-01	5.715608768208739754e-01
2.899999999999999800e-01	2.579873248330585289e-01	5.715608654855129922e-01
2.949999999999999845e-01	2.575699467741171533e-01	5.715608538961044482e-01
2.999999999999999889e-01	2.571454355009699655e-01	5.715608420493035746e-01
3.049999999999999933e-01	2.567137910937286605e-01	5.715608299416998772e-01
3.099999999999999978e-01	2.562750136353155184e-01	5.715608175697596272e-01
3.150000000000000022e-01	2.558291032097811946e-01	5.715608049298789295e-01
3.200000000000000067e-01	2.553760599040748591e-01	5.715607920183253254e-01
3.250000000000000111e-01	2.549158838063325661e-01	5.715607788312915272e-01
3.300000000000000155e-01	2.544485750076821984e-01	5.715607653648363540e-01
3.350000000000000200e-01	2.539741336005005845e-01	5.715607516149386891e-01
3.400000000000000244e-01	2.534925596802554693e-01	5.715607375774376386e-01
3.449999999999999734e-01	2.530038533437299897e-01	5.715607232480869326e-01
3.499999999999999778e-01	2.525080146909031709e-01	5.715607086224945288e-01
3.549999999999999822e-01	2.520050438231399292e-01	5.715606936961767914e-01
3.599999999999999867e-01	2.514949408451128687e-01	5.715606784644979843e-01
3.649999999999999911e-01	2.509777058629553137e-01	5.715606629227242275e-01
3.699999999999999956e-01	2.504533389862270143e-01	5.715606470659625460e-01
3.750000000000000000e-01	2.499218403260282939e-01	5.715606308892147158e-01
3.800000000000000044e-01	2.493832099970117178e-01	5.715606143873163125e-01
3.850000000000000089e-01	2.488374481154557172e-01	5.715605975549901130e-01
3.900000000000000133e-01	2.482845548013244141e-01	5.715605803867843671e-01
3.950000000000000178e-01	2.477245301762986407e-01	5.715605628771267543e-01
4.000000000000000222e-01	2.471573743658868616e-01	5.715605450202619897e-01
4.050000000000000266e-01	2.465830874974110909e-01	5.715605268103052250e-01
4.099999999999999756e-01	2.460016697021715493e-01	5.715605082411795435e-01
4.149999999999999800e-01	2.454131211133852852e-01	5.715604893066690284e-01
4.199999999999999845e-01	2.448174418684076759e-01	5.715604700003562577e-01
4.249999999999999889e-01	2.442146321066211989e-01	5.715604503156743732e-01
4.299999999999999933e-01	2.436046919717167747e-01	5.715604302458443531e-01
4.349999999999999978e-01	2.429876216095299690e-01	5.715604097839270814e-01
4.400000000000000022e-01	2.423634211703859787e-01	5.715603889227599543e-01
4.450000000000000067e-01	2.417320908068799346e-01	5.715603676550080614e-01
4.500000000000000111e-01	2.410936306762892778e-01	5.715603459731015690e-01
4.550000000000000155e-01	2.404480409382955264e-01	5.715603238692850141e-01
4.600000000000000200e-01	2.397953217574673723e-01	5.715603013355550210e-01
4.649999999999999689e-01	2.391354733009209699e-01	5.715602783637089290e-01
4.699999999999999734e-01	2.384684957408779171e-01	5.715602549452822867e-01
4.749999999999999778e-01	2.377943892522604852e-01	5.715602310715960366e-01
4.799999999999999822e-01	2.371131540153289530e-01	5.715602067336943426e-01
4.849999999999999867e-01	2.364247902132081136e-01	5.715601819223906643e-01
4.899999999999999911e-01	2.357292980346088751e-01	5.715601566282054735e-01
4.949999999999999956e-01	2.350266776712820194e-01	5.715601308414107740e-01
5.000000000000000000e-01	2.343169293208288984e-01	5.715601045519683732e-01
5.050000000000000044e-01	2.336000531840787542e-01	5.715600777495721818e-01
5.100000000000000089e-01	2.328760494679936177e-01	5.715600504235873736e-01
5.150000000000000133e-01	2.321449183829649432e-01	5.715600225630901310e-01
5.200000000000000178e-01	2.314066601458183436e-01	5.715599941568080267e-01
5.250000000000000222e-01	2.306612749770249049e-01	5.715599651931565495e-01
5.300000000000000266e-01	2.299087631038121970e-01	5.715599356601812620e-01
5.350000000000000311e-01	2.291491247572849665e-01	5.715599055455905519e-01
5.400000000000000355e-01	2.283823601756491684e-01	5.715598748366994553e-01
5.450000000000000400e-01	2.276084696012368180e-01	5.715598435204589656e-01
5.500000000000000444e-01	2.268274532838500945e-01	5.715598115834010784e-01
5.550000000000000488e-01	2.260393114776847734e-01	5.715597790116647703e-01
5.600000000000000533e-01	2.252440444448018386e-01	5.715597457909419310e-01
5.649999999999999467e-01	2.244416524519437794e-01	5.715597119064996789e-01
5.699999999999999512e-01	2.236321357741417326e-01	5.715596773431286248e-01
5.749999999999999556e-01	2.228154946914180090e-01	5.715596420851589698e-01
5.799999999999999600e-01	2.219917294925381479e-01	5.715596061164121000e-01
5.849999999999999645e-01	2.211608404715924570e-01	5.715595694202109112e-01
5.899999999999999689e-01	2.203228279319023042e-01	5.715595319793344009e-01
5.949999999999999734e-01	2.194776921824736771e-01	5.715594937760209993e-01
5.999999999999999778e-01	2.186254335420679540e-01	5.715594547919272683e-01
6.049999999999999822e-01	2.177660523355193778e-01	5.715594150081231284e-01
6.099999999999999867e-01	2.168995488979814368e-01	5.715593744050552205e-01
6.149999999999999911e-01	2.160259235710998982e-01	5.715593329625328067e-01
6.199999999999999956e-01	2.151451767074470112e-01	5.715592906596970169e-01
6.250000000000000000e-01	2.142573086665406357e-01	5.715592474749964236e-01
6.300000000000000044e-01	2.133623198194793125e-01	5.715592033861615073e-01
6.350000000000000089e-01	2.124602105447979117e-01	5.715591583701700173e-01
6.400000000000000133e-01	2.115509812333178641e-01	5.715591124032275427e-01
6.450000000000000178e-01	2.106346322838281993e-01	5.715590654607198839e-01
6.500000000000000222e-01	2.097111641081667588e-01	5.715590175172019505e-01
6.550000000000000266e-01	2.087805771267152444e-01	5.715589685463351444e-01
6.600000000000000311e-01	2.078428717737279829e-01	5.715589185208853618e-01
6.650000000000000355e-01	2.068980484926286612e-01	5.715588674126439450e-01
6.700000000000000400e-01	2.059461077416051278e-01	5.715588151924358984e-01
6.750000000000000444e-01	2.049870499886941866e-01	5.715587618300216333e-01
6.800000000000000488e-01	2.040208757176628085e-01	5.715587072941178404e-01
6.850000000000000533e-01	2.030475854228660504e-01	5.715586515522778077e-01
6.899999999999999467e-01	2.020671796154369648e-01	5.715585945709248383e-01
6.949999999999999512e-01	2.010796588179016853e-01	5.715585363152096976e-01
6.999999999999999556e-01	2.000850235707019587e-01	5.715584767490590190e-01
7.049999999999999600e-01	1.990832744265506882e-01	5.715584158350045518e-01
7.099999999999999645e-01	1.980744119573131790e-01	5.715583535342508847e-01
7.149999999999999689e-01	1.970584367480842647e-01	5.715582898064722750e-01
7.199999999999999734e-01	1.960353494044578260e-01	5.715582246099011332e-01
7.249999999999999778e-01	1.950051505463047674e-01	5.715581579010898805e-01
7.299999999999999822e-01	1.939678408154628664e-01	5.715580896350214157e-01
7.349999999999999867e-01	1.929234208691936459e-01	5.715580197648317817e-01
7.399999999999999911e-01	1.918718913883275812e-01	5.715579482419471669e-01
7.449999999999999956e-01	1.908132530703755825e-01	5.715578750157601640e-01
7.500000000000000000e-01	1.897475066381688058e-01	5.715578000337976361e-01
7.550000000000000044e-01	1.886746528325979333e-01	5.715577232413443509e-01
7.600000000000000089e-01	1.875946924217912204e-01	5.715576445816460405e-01
7.650000000000000133e-01	1.865076261934518198e-01	5.715575639954731946e-01
7.700000000000000178e-01	1.854134549646224150e-01	5.715574814213640886e-01
7.750000000000000222e-01	1.843121795735889468e-01	5.715573967951202983e-01
7.800000000000000266e-01	1.832038008902844850e-01	5.715573100500960235e-01
7.850000000000000311e-01	1.820883198077245246e-01	5.715572211166146666e-01
7.900000000000000355e-01	1.809657372531094099e-01	5.715571299223122237e-01
7.950000000000000400e-01	1.798360541787526468e-01	5.715570363914629359e-01
8.000000000000000444e-01	1.786992715739481041e-01	5.715569404453844093e-01
8.050000000000000488e-01	1.775553904553485995e-01	5.715568420016597928e-01
8.100000000000000533e-01	1.764044118796718186e-01	5.715567409746131755e-01
8.149999999999999467e-01	1.752463369334825161e-01	5.715566372744139700e-01
8.199999999999999512e-01	1.740811667468197543e-01	5.715565308076314688e-01
8.249999999999999556e-01	1.729089024823308451e-01	5.715564214762046680e-01
8.299999999999999600e-01	1.717295453499131097e-01	5.715563091780895277e-01
8.349999999999999645e-01	1.705430965951421074e-01	5.715561938060707003e-01
8.399999999999999689e-01	1.693495575150322230e-01	5.715560752485174811e-01
8.449999999999999734e-01	1.681489294456957051e-01	5.715559533880136822e-01
8.499999999999999778e-01	1.669412137793404860e-01	5.715558281022379283e-01
8.549999999999999822e-01	1.657264119510890032e-01	5.715556992623834764e-01
8.599999999999999867e-01	1.645045254573464510e-01	5.715555667341822854e-01
8.649999999999999911e-01	1.632755558417010588e-01	5.715554303760820298e-01
8.699999999999999956e-01	1.620395047148140699e-01	5.715552900404369252e-01
8.750000000000000000e-01	1.607963737393138248e-01	5.715551455714011908e-01
8.800000000000000044e-01	1.595461646513793019e-01	5.715549968063150521e-01
8.850000000000000089e-01	1.582888792445299175e-01	5.715548435732675792e-01
8.900000000000000133e-01	1.570245193930990546e-01	5.715546856927101738e-01
8.950000000000000178e-01	1.557530870348099172e-01	5.715545229746332723e-01
9.000000000000000222e-01	1.544745841963628963e-01	5.715543552204443989e-01
9.050000000000000266e-01	1.531890129746750484e-01	5.715541822196945621e-01
9.100000000000000311e-01	1.518963755648380098e-01	5.715540037522643946e-01
9.150000000000000355e-01	1.505966742398831826e-01	5.715538195845624170e-01
9.200000000000000400e-01	1.492899113814059042e-01	5.715536294720733324e-01
9.250000000000000444e-01	1.479760894577009656e-01	5.715534331549332325e-01
9.300000000000000488e-01	1.466552110573944023e-01	5.715532303609038856e-01
9.350000000000000533e-01	1.453272788657737347e-01	5.715530208002133072e-01
9.399999999999999467e-01	1.439922957018230365e-01	5.715528041690316474e-01
9.449999999999999512e-01	1.426502644925496666e-01	5.715525801434410136e-01
9.499999999999999556e-01	1.413011883138818592e-01	5.715523483835048824e-01
9.549999999999999600e-01	1.399450703627674042e-01	5.715521085262039724e-01
9.599999999999999645e-01	1.385819140024698859e-01	5.715518601902082052e-01
9.649999999999999689e-01	1.372117227321844046e-01	5.715516029675802301e-01
9.699999999999999734e-01	1.358345002373605448e-01	5.715513364293826060e-01
9.749999999999999778e-01	1.344502503565441487e-01	5.715510601159069504e-01
9.799999999999999822e-01	1.330589771374663666e-01	5.715507735432774350e-01
9.849999999999999867e-01	1.316606848007801367e-01	5.715504761919093513e-01
9.899999999999999911e-01	1.302553778027875642e-01	5.715501675143045412e-01
9.949999999999999956e-01	1.288430607956926321e-01	5.715498469213752264e-01
1.000000000000000000e+00	1.274237386980023590e-01	5.715495137916708490e-01
1.004999999999999893e+00	1.259974166508617544e-01	5.715491674551170798e-01
1.010000000000000009e+00	1.245641000973634199e-01	5.715488072039688339e-01
1.015000000000000124e+00	1.231237947344658162e-01	5.715484322734049050e-01
1.020000000000000018e+00	1.216765066026917197e-01	5.715480418545698660e-01
1.024999999999999911e+00	1.202222420330550240e-01	5.715476350713269982e-01
1.030000000000000027e+00	1.187610077489307525e-01	5.715472109958396052e-01
1.035000000000000142e+00	1.172928108073290621e-01	5.715467686206040510e-01
1.040000000000000036e+00	1.158176587150955422e-01	5.715463068771332589e-01
1.044999999999999929e+00	1.143355593637669643e-01	5.715458246021619670e-01
1.050000000000000044e+00	1.128465211627338038e-01	5.715453205601357389e-01
1.055000000000000160e+00	1.113505529667919297e-01	5.715447934021790077e-01
1.060000000000000053e+00	1.098476642294939076e-01	5.715442416932782210e-01
1.064999999999999947e+00	1.083378649223689927e-01	5.715436638622084509e-01
1.070000000000000062e+00	1.068211657124458480e-01	5.715430582345371047e-01
1.075000000000000178e+00	1.052975778719503347e-01	5.715424229711822957e-01
1.080000000000000071e+00	1.037671134849479371e-01	5.715417561086757470e-01
1.084999999999999964e+00	1.022297853461362066e-01	5.715410554833285639e-01
1.090000000000000080e+00	1.006856072028051302e-01	5.715403187806052943e-01
1.095000000000000195e+00	9.913459364112024719e-02	5.715395434409348274e-01
1.100000000000000089e+00	9.757676037122187118e-02	5.715387267205922495e-01
1.104999999999999982e+00	9.601212409914139378e-02	5.715378655739203895e-01
1.110000000000000098e+00	9.444070286499363365e-02	5.715369567288478558e-01
1.115000000000000213e+00	9.286251589838546983e-02	5.715359965385399255e-01
1.120000000000000107e+00	9.127758402248287162e-02	5.715349810756714666e-01
1.125000000000000000e+00	8.968592949045750551e-02	5.715339059441009173e-01
1.129999999999999893e+00	8.808757647200204932e-02	5.715327663973692740e-01
1.134999999999999787e+00	8.648255086803406655e-02	5.715315570975898485e-01
1.139999999999999902e+00	8.487088090136919727e-02	5.715302722655088985e-01
1.145000000000000018e+00	8.325259690658542988e-02	5.715289053689740495e-01
1.149999999999999911e+00	8.162773205361256723e-02	5.715274493144887336e-01
1.154999999999999805e+00	7.999632210940932353e-02	5.715258960406696120e-01
1.159999999999999920e+00	7.835840633301886793e-02	5.715242367648954991e-01
1.165000000000000036e+00	7.671402720563157140e-02	5.715224614470035824e-01
1.169999999999999929e+00	7.506323154945039600e-02	5.715205591098762028e-01
1.174999999999999822e+00	7.340607022298775708e-02	5.715185171235563910e-01
1.179999999999999938e+00	7.174259953581528515e-02	5.715163216262103552e-01
1.185000000000000053e+00	7.007288090692140314e-02	5.715139565561045965e-01
1.189999999999999947e+00	6.839698267610114235e-02	5.715114042105476910e-01
1.194999999999999840e+00	6.671497972550494149e-02	5.715086439182279765e-01
1.199999999999999956e+00	6.502695583085803255e-02	5.715056527904236461e-01
1.205000000000000071e+00	6.333300325111512752e-02	5.715024038714117127e-01
1.209999999999999964e+00	6.163322582668988997e-02	5.714988671615994775e-01
1.214999999999999858e+00	5.992773855150589773e-02	5.714950069959129353e-01
1.219999999999999973e+00	5.821667172395798145e-02	5.714907834578033530e-01
1.225000000000000089e+00	5.650017053358344365e-02	5.714861485913862449e-01
1.229999999999999982e+00	5.477840072570964308e-02	5.714810483874485092e-01
1.234999999999999876e+00	5.305154826898672571e-02	5.714754171921649917e-01
1.239999999999999991e+00	5.131982724537321322e-02	5.714691805468689045e-01
1.245000000000000107e+00	4.958347972948418808e-02	5.714622467345559231e-01
1.250000000000000000e+00	4.784278703156078644e-02	5.714545109223136965e-01
1.254999999999999893e+00	4.609807004394819024e-02	5.714458420311790965e-01
1.260000000000000009e+00	4.434970567567664279e-02	5.714360889157834578e-01
1.265000000000000124e+00	4.259812816423074605e-02	5.714250593396504874e-01
1.270000000000000018e+00	4.084385379495009127e-02	5.714125294312870640e-01
1.274999999999999911e+00	3.908748416018972827e-02	5.713982088354636613e-01
1.280000000000000027e+00	3.732974454722116919e-02	5.713817556119973329e-01
1.285000000000000142e+00	3.557149111368922145e-02	5.713627161625772777e-01
1.290000000000000036e+00	3.381377265894418976e-02	5.713405495244886501e-01
1.294999999999999929e+00	3.205784574348619076e-02	5.713145191015627233e-01
1.300000000000000044e+00	3.030527802930259654e-02	5.712837339643399570e-01
1.305000000000000160e+00	2.855797973946273133e-02	5.712469436960554425e-01
1.310000000000000053e+00	2.681838374945198777e-02	5.712026124648962311e-01
1.314999999999999947e+00	2.508951101749813326e-02	5.711485082948515313e-01
1.320000000000000062e+00	2.337529671918896906e-02	5.710818461404887358e-01
1.325000000000000178e+00	2.168072549226621182e-02	5.709984175789679650e-01
1.330000000000000071e+00	2.001243599624069613e-02	5.708928995913692406e-01
1.334999999999999964e+00	1.837898699161964397e-02	5.707569195819194308e-01
1.340000000000000080e+00	1.679194504065374682e-02	5.705798431396398307e-01
1.345000000000000195e+00	1.526629981877823151e-02	5.703444317470176550e-01
1.350000000000000089e+00	1.382202124074242283e-02	5.700293226614456810e-01
1.354999999999999982e+00	1.248402436042605340e-02	5.696003610233016934e-01
1.360000000000000098e+00	1.128217544093258230e-02	5.690194868218164670e-01
1.365000000000000213e+00	1.024760820553539432e-02	5.682345251789661100e-01
1.370000000000000107e+00	9.404827182509668121e-03	5.672046197267820444e-01
1.375000000000000000e+00	8.762991899014284380e-03	5.659019088017488430e-01
1.379999999999999893e+00	8.307301355593217640e-03	5.643349635316659008e-01
1.384999999999999787e+00	8.004966760413255444e-03	5.625480229644330699e-01
1.389999999999999902e+00	7.814956187954733013e-03	5.605944332336028069e-01
1.395000000000000018e+00	7.700039813557955914e-03	5.585343025026302533e-01
1.399999999999999911e+00	7.632517927997068199e-03	5.564067264401438839e-01
1.404999999999999805e+00	7.593274601175017437e-03	5.542436960520839007e-01
1.409999999999999920e+00	7.570795808822711019e-03	5.520617702991861275e-01
1.415000000000000036e+00	7.557871928941905029e-03	5.498730577723893731e-01
1.419999999999999929e+00	7.550491112888807997e-03	5.476833122961650702e-01
1.424999999999999822e+00	7.546219546702235409e-03	5.454965817930329530e-01
1.429999999999999938e+00	7.543739088994152152e-03	5.433147222406119470e-01
1.435000000000000053e+00	7.542258135806212231e-03	5.411390162567267792e-01
1.439999999999999947e+00	7.541351775362705422e-03	5.389700324451049962e-01
1.444999999999999840e+00	7.540765663398606503e-03	5.368081545036353930e-01
1.449999999999999956e+00	7.540363680113370583e-03	5.346535379654235864e-01
1.455000000000000071e+00	7.540064435488747462e-03	5.325062797026680617e-01
1.459999999999999964e+00	7.539824416275289071e-03	5.303664042885773977e-01
1.464999999999999858e+00	7.539617614322973761e-03	5.282339179700051846e-01
1.469999999999999973e+00	7.539430130121042156e-03	5.261088042988959490e-01
1.475000000000000089e+00	7.539253656535177886e-03	5.239910413103215925e-01
1.479999999999999982e+00	7.539083754106914309e-03	5.218806000835053416e-01
1.484999999999999876e+00	7.538917769050781405e-03	5.197774502351136805e-01
1.489999999999999991e+00	7.538754282459668443e-03	5.176815594099687390e-01
1.495000000000000107e+00	7.538592445432242516e-03	5.155928950669046440e-01
1.500000000000000000e+00	7.538431803239862596e-03	5.135114242657615735e-01
1.504999999999999893e+00	7.538272083074806958e-03	5.114371142767112355e-01
1.510000000000000009e+00	7.538113137930905344e-03	5.093699324626421721e-01
1.515000000000000124e+00	7.537954878864843236e-03	5.073098465144666447e-01
1.520000000000000018e+00	7.537797257086405710e-03	5.052568243651291979e-01
1.524999999999999911e+00	7.537640242347646256e-03	5.032108343052954513e-01
1.530000000000000027e+00	7.537483817225751684e-03	5.011718449087084748e-01
1.535000000000000142e+00	7.537327970232409087e-03	4.991398251089160243e-01
1.540000000000000036e+00	7.537172693986488037e-03	4.971147441294923586e-01
1.544999999999999929e+00	7.537017983019748089e-03	4.950965715473942264e-01
1.550000000000000044e+00	7.536863833190280207e-03	4.930852772259468608e-01
1.555000000000000160e+00	7.536710240986147120e-03	4.910808313729722596e-01
1.560000000000000053e+00	7.536557203334576759e-03	4.890832044758277042e-01
1.564999999999999947e+00	7.536404717383210147e-03	4.870923673569192980e-01
1.570000000000000062e+00	7.536252780435568829e-03	4.851082911105255580e-01
1.575000000000000178e+00	7.536101389884502198e-03	4.831309471565610192e-01
1.580000000000000071e+00	7.535950543187992443e-03	4.811603071790554464e-01
1.584999999999999964e+00	7.535800237851039696e-03	4.791963431784747596e-01
1.590000000000000080e+00	7.535650471414421028e-03	4.772390274117761511e-01
1.595000000000000195e+00	7.535501241451933105e-03	4.752883324434171719e-01
1.600000000000000089e+00	7.535352545563360482e-03	4.733442310869213632e-01
1.604999999999999982e+00	7.535204381376549472e-03	4.714066964546477223e-01
1.610000000000000098e+00	7.535056746541799778e-03	4.694757019008106713e-01
1.615000000000000213e+00	7.534909638735405070e-03	4.675512210700629723e-01
1.620000000000000107e+00	7.534763055654582382e-03	4.656332278419156312e-01
1.625000000000000000e+00	7.534616995021409941e-03	4.637216963781800039e-01
1.629999999999999893e+00	7.534471454578014170e-03	4.618166010687371759e-01
1.634999999999999787e+00	7.534326432090563026e-03	4.599179165778815581e-01
1.639999999999999902e+00	7.534181925344610870e-03	4.580256177913902826e-01
1.645000000000000018e+00	7.534037932149051028e-03	4.561396798618084225e-01
1.649999999999999911e+00	7.533894450331583836e-03	4.542600781567723844e-01
1.654999999999999805e+00	7.533751477742596341e-03	4.523867883032742787e-01
1.659999999999999920e+00	7.533609012250739624e-03	4.505197861371931789e-01
1.665000000000000036e+00	7.533467051746726116e-03	4.486590477465783877e-01
1.669999999999999929e+00	7.533325594139010997e-03	4.468045494223432668e-01
1.674999999999999822e+00	7.533184637357510580e-03	4.449562677006022038e-01
1.679999999999999938e+00	7.533044179349380857e-03	4.431141793144870444e-01
1.685000000000000053e+00	7.532904218082657824e-03	4.412782612355714007e-01
1.689999999999999947e+00	7.532764751542125360e-03	4.394484906267690505e-01
1.694999999999999840e+00	7.532625777732885296e-03	4.376248448828782278e-01
1.699999999999999956e+00	7.532487294676317238e-03	4.358073015845241871e-01
1.705000000000000071e+00	7.532349300413563632e-03	4.339958385378552275e-01
1.709999999999999964e+00	7.532211793001592805e-03	4.321904337294916187e-01
1.714999999999999858e+00	7.532074770516603360e-03	4.303910653654041130e-01
1.719999999999999973e+00	7.531938231050171358e-03	4.285977118268330388e-01
1.725000000000000089e+00	7.531802172712590525e-03	4.268103517083792764e-01
1.729999999999999982e+00	7.531666593629098364e-03	4.250289637748596583e-01
1.734999999999999876e+00	7.531531491943153044e-03	4.232535269986373860e-01
1.739999999999999991e+00	7.531396865812733238e-03	4.214840205173804311e-01
1.745000000000000107e+00	7.531262713413553432e-03	4.197204236706599811e-01
1.750000000000000000e+00	7.531129032935440955e-03	4.179627159585795892e-01
1.754999999999999893e+00	7.530995822585488837e-03	4.162108770776674072e-01
1.760000000000000009e+00	7.530863080584510039e-03	4.144648868803452735e-01
1.765000000000000124e+00	7.530730805170120917e-03	4.127247254101405471e-01
1.770000000000000018e+00	7.530598994593275253e-03	4.109903728619653807e-01
1.774999999999999911e+00	7.530467647121288736e-03	4.092618096166719122e-01
1.780000000000000027e+00	7.530336761034435444e-03	4.075390162021139684e-01
1.785000000000000142e+00	7.530206334628925489e-03	4.058219733270692076e-01
1.790000000000000036e+00	7.530076366213563945e-03	4.041106618430557740e-01
1.794999999999999929e+00	7.529946854112670382e-03	4.024050627776426525e-01
1.800000000000000044e+00	7.529817796662810654e-03	4.007051572969961839e-01
1.805000000000000160e+00	7.529689192215656586e-03	3.990109267386005576e-01
1.810000000000000053e+00	7.529561039134782807e-03	3.973223525745080420e-01
1.814999999999999947e+00	7.529433335798478739e-03	3.956394164434910432e-01
1.820000000000000062e+00	7.529306080596599206e-03	3.939621001149709034e-01
1.825000000000000178e+00	7.529179271933332182e-03	3.922903855206225088e-01
1.830000000000000071e+00	7.529052908224109254e-03	3.906242547189578973e-01
1.834999999999999964e+00	7.528926987898320461e-03	3.889636899264020120e-01
1.840000000000000080e+00	7.528801509396287200e-03	3.873086734825095800e-01
1.845000000000000195e+00	7.528676471171924164e-03	3.856591878805305518e-01
1.850000000000000089e+00	7.528551871689773828e-03	3.840152157332375471e-01
1.854999999999999982e+00	7.528427709427620677e-03	3.823767398029992992e-01
1.860000000000000098e+00	7.528303982873578611e-03	3.807437429681983510e-01
1.865000000000000213e+00	7.528180690528661796e-03	3.791162082528296562e-01
1.870000000000000107e+00	7.528057830903922380e-03	3.774941187934877651e-01
1.875000000000000000e+00	7.527935402522987519e-03	3.758774578685065149e-01
1.879999999999999893e+00	7.527813403919236118e-03	3.742662088654979957e-01
1.884999999999999787e+00	7.527691833638298566e-03	3.726603553100490407e-01
1.889999999999999902e+00	7.527570690235286383e-03	3.710598808337917665e-01
1.895000000000000018e+00	7.527449972277247721e-03	3.694647692026741259e-01
1.899999999999999911e+00	7.527329678340446452e-03	3.678750042855430391e-01
1.904999999999999805e+00	7.527209807012776900e-03	3.662905700820029975e-01
1.909999999999999920e+00	7.527090356891090635e-03	3.647114506914961307e-01
1.915000000000000036e+00	7.526971326583576510e-03	3.631376303407628514e-01
1.919999999999999929e+00	7.526852714707123020e-03	3.615690933534013718e-01
1.924999999999999822e+00	7.526734519889672313e-03	3.600058241769439338e-01
1.929999999999999938e+00	7.526616740767621584e-03	3.584478073528805653e-01
1.935000000000000053e+00	7.526499375988137189e-03	3.568950275433644403e-01
1.939999999999999947e+00	7.526382424206607205e-03	3.553474695016830553e-01
1.944999999999999840e+00	7.526265884088913921e-03	3.538051180986062083e-01
1.949999999999999956e+00	7.526149754308929761e-03	3.522679582932897180e-01
1.955000000000000071e+00	7.526034033550755946e-03	3.507359751592782904e-01
1.959999999999999964e+00	7.525918720506260921e-03	3.492091538558275698e-01
1.964999999999999858e+00	7.525803813877281721e-03	3.476874796535730505e-01
1.969999999999999973e+00	7.525689312373202294e-03	3.461709379062568037e-01
1.975000000000000089e+00	7.525575214713129714e-03	3.446595140760744802e-01
1.979999999999999982e+00	7.525461519623497658e-03	3.431531937057929471e-01
1.984999999999999876e+00	7.525348225840223539e-03	3.416519624437864833e-01
1.989999999999999991e+00	7.525235332106341470e-03	3.401558060165315034e-01
1.995000000000000107e+00	7.525122837174135978e-03	3.386647102533438813e-01
2.000000000000000000e+00	7.525010739802801864e-03	3.371786610592384936e-01
2.004999999999999893e+00	7.524899038760554486e-03	3.356976444393758308e-01
2.009999999999999787e+00	7.524787732822325187e-03	3.342216464722759794e-01
2.014999999999999680e+00	7.524676820771837756e-03	3.327506533339847916e-01
2.020000000000000018e+00	7.524566301399343744e-03	3.312846512716299818e-01
2.024999999999999911e+00	7.524456173503668577e-03	3.298236266273163464e-01
2.029999999999999805e+00	7.524346435889976356e-03	3.283675658120125962e-01
2.035000000000000142e+00	7.524237087371795155e-03	3.269164553291848407e-01
2.040000000000000036e+00	7.524128126768809578e-03	3.254702817490042199e-01
2.044999999999999929e+00	7.524019552908861770e-03	3.240290317317270907e-01
2.049999999999999822e+00	7.523911364625774333e-03	3.225926920022126887e-01
2.054999999999999716e+00	7.523803560761323575e-03	3.211612493730584550e-01
2.060000000000000053e+00	7.523696140163098865e-03	3.197346907194180132e-01
2.064999999999999947e+00	7.523589101686444652e-03	3.183130030019006851e-01
2.069999999999999840e+00	7.523482444192351910e-03	3.168961732416785693e-01
2.075000000000000178e+00	7.523376166549378477e-03	3.154841885431582948e-01
2.080000000000000071e+00	7.523270267631560447e-03	3.140770360693699303e-01
2.084999999999999964e+00	7.523164746320319500e-03	3.126747030644164149e-01
2.089999999999999858e+00	7.523059601502397713e-03	3.112771768291355268e-01
2.094999999999999751e+00	7.522954832071742336e-03	3.098844447433355964e-01
2.100000000000000089e+00	7.522850436927464024e-03	3.084964942417210421e-01
2.104999999999999982e+00	7.522746414975706869e-03	3.071133128359216924e-01
2.109999999999999876e+00	7.522642765127624843e-03	3.057348880906731181e-01
2.115000000000000213e+00	7.522539486301236221e-03	3.043612076456459481e-01
2.120000000000000107e+00	7.522436577419424307e-03	3.029922591918748909e-01
2.125000000000000000e+00	7.522334037411767572e-03	3.016280304933932066e-01
2.129999999999999893e+00	7.522231865212570742e-03	3.002685093639019809e-01
2.134999999999999787e+00	7.522130059762671510e-03	2.989136836882176351e-01
2.140000000000000124e+00	7.522028620007492443e-03	2.975635413991733480e-01
2.145000000000000018e+00	7.521927544898832953e-03	2.962180704988852109e-01
2.149999999999999911e+00	7.521826833392944618e-03	2.948772590358794132e-01
2.155000000000000249e+00	7.521726484452303206e-03	2.935410951261817614e-01
2.160000000000000142e+00	7.521626497043701343e-03	2.922095669306650767e-01
2.165000000000000036e+00	7.521526870140010125e-03	2.908826626759674627e-01
2.169999999999999929e+00	7.521427602718290008e-03	2.895603706320516446e-01
2.174999999999999822e+00	7.521328693761533332e-03	2.882426791329590898e-01
2.180000000000000160e+00	7.521230142256797764e-03	2.869295765545748500e-01
2.185000000000000053e+00	7.521131947196933211e-03	2.856210513352218094e-01
2.189999999999999947e+00	7.521034107578734342e-03	2.843170919536254782e-01
2.195000000000000284e+00	7.520936622404648421e-03	2.830176869493525871e-01
2.200000000000000178e+00	7.520839490680950382e-03	2.817228249009707808e-01
2.205000000000000071e+00	7.520742711419436781e-03	2.804324944463364444e-01
2.209999999999999964e+00	7.520646283635615617e-03	2.791466842609428567e-01
2.214999999999999858e+00	7.520550206350384674e-03	2.778653830780618006e-01
2.220000000000000195e+00	7.520454478588244757e-03	2.765885796672752917e-01
2.225000000000000089e+00	7.520359099378958953e-03	2.753162628544756907e-01
2.229999999999999982e+00	7.520264067755784085e-03	2.740484215005746238e-01
2.235000000000000320e+00	7.520169382757117826e-03	2.727850445213656494e-01
2.240000000000000213e+00	7.520075043424745767e-03	2.715261208664073167e-01
2.245000000000000107e+00	7.519981048805472919e-03	2.702716395387507187e-01
2.250000000000000000e+00	7.519887397949390727e-03	2.690215895739914709e-01
2.254999999999999893e+00	7.519794089911497302e-03	2.677759600598676459e-01
2.259999999999999787e+00	7.519701123749969636e-03	2.665347401154750662e-01
2.264999999999999680e+00	7.519608498527783833e-03	2.652979189107390057e-01
2.270000000000000018e+00	7.519516213310996865e-03	2.640654856457888555e-01
2.274999999999999911e+00	7.519424267170352061e-03	2.628374295703072572e-01
2.279999999999999805e+00	7.519332659179584280e-03	2.616137399630595328e-01
2.285000000000000142e+00	7.519241388417002847e-03	2.603944061511228591e-01
2.290000000000000036e+00	7.519150453963816677e-03	2.591794174895680203e-01
2.294999999999999929e+00	7.519059854905707670e-03	2.579687633805713420e-01
2.299999999999999822e+00	7.518969590331167976e-03	2.567624332532433828e-01
2.304999999999999716e+00	7.518879659333059517e-03	2.555604165826282914e-01
2.310000000000000053e+00	7.518790061006966861e-03	2.543627028696757719e-01
2.314999999999999947e+00	7.518700794452748068e-03	2.531692816601295304e-01
2.319999999999999840e+00	7.518611858772898844e-03	2.519801425246396276e-01
2.325000000000000178e+00	7.518523253074091243e-03	2.507952750775427897e-01
2.330000000000000071e+00	7.518434976465552567e-03	2.496146689571121791e-01
2.334999999999999964e+00	7.518347028060596259e-03	2.484383138442315675e-01
2.339999999999999858e+00	7.518259406975008607e-03	2.472661994427786392e-01
2.344999999999999751e+00	7.518172112328570973e-03	2.460983154981969401e-01
2.350000000000000089e+00	7.518085143243461235e-03	2.449346517780090215e-01
2.354999999999999982e+00	7.517998498845764738e-03	2.437751980902885252e-01
2.359999999999999876e+00	7.517912178263885283e-03	2.426199442643000026e-01
2.365000000000000213e+00	7.517826180630050870e-03	2.414688801688730235e-01
2.370000000000000107e+00	7.517740505078735966e-03	2.403219956931669787e-01
2.375000000000000000e+00	7.517655150748149898e-03	2.391792807649486818e-01
2.379999999999999893e+00	7.517570116778684274e-03	2.380407253314789640e-01
2.384999999999999787e+00	7.517485402314381428e-03	2.369063193776966281e-01
2.390000000000000124e+00	7.517401006501394853e-03	2.357760529072240041e-01
2.395000000000000018e+00	7.517316928489453307e-03	2.346499159604591989e-01
2.399999999999999911e+00	7.517233167430329918e-03	2.335278985956976694e-01
2.405000000000000249e+00	7.517149722479295020e-03	2.324099909071345449e-01
2.410000000000000142e+00	7.517066592793595660e-03	2.312961830061013857e-01
2.415000000000000036e+00	7.516983777533904967e-03	2.301864650389788547e-01
2.419999999999999929e+00	7.516901275862811205e-03	2.290808271685458308e-01
2.424999999999999822e+00	7.516819086946252386e-03	2.279792595918059828e-01
2.430000000000000160e+00	7.516737209952020944e-03	2.268817525214459341e-01
2.435000000000000053e+00	7.516655644051192277e-03	2.257882962035772378e-01
2.439999999999999947e+00	7.516574388416632883e-03	2.246988808993017617e-01
2.445000000000000284e+00	7.516493442224424573e-03	2.236134969023703678e-01
2.450000000000000178e+00	7.516412804652385614e-03	2.225321345208543244e-01
2.455000000000000071e+00	7.516332474881480194e-03	2.214547840947213020e-01
2.459999999999999964e+00	7.516252452094352582e-03	2.203814359776104237e-01
2.464999999999999858e+00	7.516172735476732251e-03	2.193120805543280760e-01
2.470000000000000195e+00	7.516093324215969776e-03	2.182467082227247113e-01
2.475000000000000089e+00	7.516014217502440219e-03	2.171853094111111382e-01
2.479999999999999982e+00	7.515935414528090303e-03	2.161278745602353279e-01
2.485000000000000320e+00	7.515856914487826189e-03	2.150743941406204340e-01
2.490000000000000213e+00	7.515778716578077993e-03	2.140248586346409354e-01
2.495000000000000107e+00	7.515700819998172820e-03	2.129792585537824134e-01
2.500000000000000000e+00	7.515623223948914022e-03	2.119375844208153115e-01
2.504999999999999893e+00	7.515545927633947298e-03	2.108998267869785503e-01
2.509999999999999787e+00	7.515468930258344289e-03	2.098659762142487395e-01
2.514999999999999680e+00	7.515392231029961734e-03	2.088360232924490190e-01
2.520000000000000018e+00	7.515315829158039813e-03	2.078099586216117234e-01
2.524999999999999911e+00	7.515239723854547430e-03	2.067877728290138661e-01
2.529999999999999805e+00	7.515163914332792690e-03	2.057694565516322294e-01
2.535000000000000142e+00	7.515088399808761248e-03	2.047550004531049905e-01
2.540000000000000036e+00	7.515013179499732861e-03	2.037443952062795438e-01
2.544999999999999929e+00	7.514938252625615392e-03	2.027376315101008242e-01
2.549999999999999822e+00	7.514863618407569175e-03	2.017347000722494732e-01
2.554999999999999716e+00	7.514789276069333210e-03	2.007355916259586925e-01
2.560000000000000053e+00	7.514715224835855599e-03	1.997402969127416994e-01
2.564999999999999947e+00	7.514641463934622345e-03	1.987488066991374702e-01
2.569999999999999840e+00	7.514567992594283451e-03	1.977611117595263202e-01
2.575000000000000178e+00	7.514494810045979113e-03	1.967772028928046757e-01
2.580000000000000071e+00	7.514421915521984040e-03	1.957970709052891667e-01
2.584999999999999964e+00	7.514349308257011091e-03	1.948207066273205113e-01
2.589999999999999858e+00	7.514276987486872075e-03	1.938481008962539553e-01
2.594999999999999751e+00	7.514204952449777923e-03	1.928792445729942684e-01
2.600000000000000089e+00	7.514133202384998614e-03	1.919141285250713647e-01
2.604999999999999982e+00	7.514061736534161616e-03	1.909527436431063541e-01
2.609999999999999876e+00	7.513990554139924824e-03	1.899950808239720679e-01
2.615000000000000213e+00	7.513919654447257651e-03	1.890411309871901369e-01
2.620000000000000107e+00	7.513849036702126977e-03	1.880908850581762271e-01
2.625000000000000000e+00	7.513778700152773903e-03	1.871443339845682563e-01
2.629999999999999893e+00	7.513708644048404904e-03	1.862014687195552853e-01
2.634999999999999787e+00	7.513638867640465117e-03	1.852622802381375111e-01
2.640000000000000124e+00	7.513569370181331225e-03	1.843267595205382026e-01
2.645000000000000018e+00	7.513500150925583008e-03	1.833948975683963034e-01
2.649999999999999911e+00	7.513431209128701438e-03	1.824666853882598305e-01
2.655000000000000249e+00	7.513362544048335021e-03	1.815421140077113082e-01
2.660000000000000142e+00	7.513294154943010034e-03	1.806211744589435175e-01
2.665000000000000036e+00	7.513226041073380393e-03	1.797038577948162352e-01
2.669999999999999929e+00	7.513158201700950896e-03	1.787901550725141120e-01
2.674999999999999822e+00	7.513090636089324488e-03	1.778800573695366316e-01
2.680000000000000160e+00	7.513023343502926374e-03	1.769735557674359527e-01
2.685000000000000053e+00	7.512956323208247814e-03	1.760706413677402549e-01
2.689999999999999947e+00	7.512889574472579775e-03	1.751713052757714606e-01
2.695000000000000284e+00	7.512823096565245454e-03	1.742755386165021902e-01
2.700000000000000178e+00	7.512756888756343468e-03	1.733833325184536700e-01
2.705000000000000071e+00	7.512690950317977776e-03	1.724946781294849907e-01
2.709999999999999964e+00	7.512625280523004337e-03	1.716095666007711462e-01
2.714999999999999858e+00	7.512559878646252361e-03	1.707279891025254293e-01
2.720000000000000195e+00	7.512494743963283976e-03	1.698499368080567118e-01
2.725000000000000089e+00	7.512429875751606805e-03	1.689754009094255605e-01
2.729999999999999982e+00	7.512365273289438837e-03	1.681043726015795103e-01
2.735000000000000320e+00	7.512300935856919271e-03	1.672368430979430109e-01
2.740000000000000213e+00	7.512236862734874253e-03	1.663728036146319977e-01
2.745000000000000107e+00	7.512173053206026851e-03	1.655122453859758647e-01
2.750000000000000000e+00	7.512109506553770605e-03	1.646551596488112224e-01
2.754999999999999893e+00	7.512046222063366481e-03	1.638015376579371463e-01
2.759999999999999787e+00	7.511983199020731174e-03	1.629513706704867060e-01
2.764999999999999680e+00	7.511920436713621918e-03	1.621046499613159886e-01
2.770000000000000018e+00	7.511857934430436930e-03	1.612613668074533713e-01
2.774999999999999911e+00	7.511795691461392414e-03	1.604215125034214040e-01
2.779999999999999805e+00	7.511733707097325609e-03	1.595850783457642974e-01
2.785000000000000142e+00	7.511671980630873525e-03	1.587520556483023593e-01
2.790000000000000036e+00	7.511610511355275993e-03	1.579224357267381140e-01
2.794999999999999929e+00	7.511549298565551799e-03	1.570962099138427659e-01
2.799999999999999822e+00	7.511488341557309538e-03	1.562733695441402282e-01
2.804999999999999716e+00	7.511427639627912475e-03	1.554539059690263070e-01
2.810000000000000053e+00	7.511367192075303276e-03	1.546378105415303073e-01
2.814999999999999947e+00	7.511306998199159327e-03	1.538250746313668538e-01
2.819999999999999840e+00	7.511247057299723535e-03	1.530156896097751851e-01
2.825000000000000178e+00	7.511187368678953584e-03	1.522096468645022238e-01
2.830000000000000071e+00	7.511127931639360530e-03	1.514069377847210573e-01
2.834999999999999964e+00	7.511068745485154595e-03	1.506075537759450911e-01
2.839999999999999858e+00	7.511009809521086364e-03	1.498114862450238283e-01
2.844999999999999751e+00	7.510951123053585636e-03	1.490187266149896606e-01
2.850000000000000089e+00	7.510892685389616505e-03	1.482292663101310859e-01
2.854999999999999982e+00	7.510834495837803194e-03	1.474430967707704432e-01
2.859999999999999876e+00	7.510776553707292948e-03	1.466602094384154564e-01
2.865000000000000213e+00	7.510718858308878393e-03	1.458805957704676359e-01
2.870000000000000107e+00	7.510661408953866504e-03	1.451042472254524263e-01
2.875000000000000000e+00	7.510604204955194027e-03	1.443311552776577189e-01
2.879999999999999893e+00	7.510547245626302514e-03	1.435613114024423542e-01
2.884999999999999787e+00	7.510490530282252011e-03	1.427947070908050786e-01
2.890000000000000124e+00	7.510434058238595230e-03	1.420313338347709287e-01
2.895000000000000018e+00	7.510377828812489498e-03	1.412711831418908548e-01
2.899999999999999911e+00	7.510321841321581336e-03	1.405142465207062930e-01
2.905000000000000249e+00	7.510266095085104537e-03	1.397605154951777062e-01
2.910000000000000142e+00	7.510210589422781219e-03	1.390099815902288427e-01
2.915000000000000036e+00	7.510155323655902555e-03	1.382626363461041397e-01
2.919999999999999929e+00	7.510100297106241975e-03	1.375184713039912521e-01
2.924999999999999822e+00	7.510045509097134156e-03	1.367774780203081242e-01
2.930000000000000160e+00	7.509990958952387358e-03	1.360396480524042051e-01
2.935000000000000053e+00	7.509936645997361548e-03	1.353049729727759387e-01
2.939999999999999947e+00	7.509882569557885072e-03	1.345734443548470827e-01
2.945000000000000284e+00	7.509828728961328442e-03	1.338450537871123946e-01
2.950000000000000178e+00	7.509775123535522741e-03	1.331197928589976376e-01
2.955000000000000071e+00	7.509721752609830811e-03	1.323976531749306573e-01
2.959999999999999964e+00	7.509668615514079534e-03	1.316786263402809076e-01
2.964999999999999858e+00	7.509615711579613676e-03	1.309627039753581690e-01
2.970000000000000195e+00	7.509563040138234231e-03	1.302498777014315101e-01
2.975000000000000089e+00	7.509510600523257480e-03	1.295401391546554537e-01
2.979999999999999982e+00	7.509458392068453329e-03	1.288334799721687629e-01
2.985000000000000320e+00	7.509406414109093091e-03	1.281298918059465552e-01
2.990000000000000213e+00	7.509354665980906042e-03	1.274293663089803297e-01
2.995000000000000107e+00	7.509303147021112457e-03	1.267318951490557788e-01
3.000000000000000000e+00	7.509251856567385371e-03	1.260374699950126964e-01
3.004999999999999893e+00	7.509200793958886212e-03	1.253460825304497372e-01
3.009999999999999787e+00	7.509149958535228306e-03	1.246577244400644963e-01
3.014999999999999680e+00	7.509099349637502960e-03	1.239723874232829676e-01
3.020000000000000018e+00	7.509048966607255980e-03	1.232900631806814751e-01
3.024999999999999911e+00	7.508998808787501617e-03	1.226107434275410663e-01
3.029999999999999805e+00	7.508948875521711218e-03	1.219344198803499341e-01
3.035000000000000142e+00	7.508899166154820240e-03	1.212610842702827874e-01
3.040000000000000036e+00	7.508849680032216901e-03	1.205907283297850963e-01
3.044999999999999929e+00	7.508800416500750925e-03	1.199233438059758017e-01
3.049999999999999822e+00	7.508751374907724797e-03	1.192589224473136478e-01
3.054999999999999716e+00	7.508702554601898171e-03	1.185974560169238690e-01
3.060000000000000053e+00	7.508653954932485199e-03	1.179389362793461515e-01
3.064999999999999947e+00	7.508605575250151126e-03	1.172833550137847569e-01
3.069999999999999840e+00	7.508557414906020036e-03	1.166307040009385981e-01
3.075000000000000178e+00	7.508509473252660167e-03	1.159809750361742303e-01
3.080000000000000071e+00	7.508461749643100328e-03	1.153341599164389025e-01
3.084999999999999964e+00	7.508414243431812615e-03	1.146902504533554162e-01
3.089999999999999858e+00	7.508366953973731432e-03	1.140492384602182496e-01
3.094999999999999751e+00	7.508319880625230133e-03	1.134111157650102841e-01
3.100000000000000089e+00	7.508273022743147847e-03	1.127758741974821260e-01
3.104999999999999982e+00	7.508226379685759184e-03	1.121435056020907151e-01
3.109999999999999876e+00	7.508179950811809736e-03	1.115140018251614823e-01
3.115000000000000213e+00	7.508133735481477104e-03	1.108873547277482163e-01
3.120000000000000107e+00	7.508087733055411606e-03	1.102635561728795566e-01
3.125000000000000000e+00	7.508041942895695570e-03	1.096425980383386317e-01
3.129999999999999893e+00	7.507996364364888375e-03	1.090244722039939995e-01
3.134999999999999787e+00	7.507950996826977946e-03	1.084091705644997100e-01
3.140000000000000124e+00	7.507905839646435327e-03	1.077966850167103863e-01
3.145000000000000018e+00	7.507860892189158371e-03	1.071870074723010047e-01
3.149999999999999911e+00	7.507816153821530655e-03	1.065801298452666995e-01
3.155000000000000249e+00	7.507771623911366037e-03	1.059760440644618579e-01
3.160000000000000142e+00	7.507727301826965828e-03	1.053747420611850505e-01
3.165000000000000036e+00	7.507683186938058154e-03	1.047762157816366502e-01
3.169999999999999929e+00	7.507639278614871604e-03	1.041804571745894997e-01
3.174999999999999822e+00	7.507595576229057245e-03	1.035874582037647346e-01
3.180000000000000160e+00	7.507552079152768343e-03	1.029972108355878407e-01
3.185000000000000053e+00	7.507508786759586709e-03	1.024097070514833618e-01
3.189999999999999947e+00	7.507465698423599829e-03	1.018249388357156116e-01
3.195000000000000284e+00	7.507422813520322862e-03	1.012428981876016820e-01
3.200000000000000178e+00	7.507380131425786182e-03	1.006635771094388093e-01
3.205000000000000071e+00	7.507337651517444373e-03	1.000869676186335600e-01
3.209999999999999964e+00	7.507295373173278503e-03	9.951306173571598801e-02
3.214999999999999858e+00	7.507253295772690384e-03	9.894185149638612398e-02
3.220000000000000195e+00	7.507211418695616117e-03	9.837332893961464597e-02
3.225000000000000089e+00	7.507169741323415149e-03	9.780748611960546346e-02
3.229999999999999982e+00	7.507128263037987290e-03	9.724431509398354101e-02
3.235000000000000320e+00	7.507086983222658293e-03	9.668380793567368792e-02
3.240000000000000213e+00	7.507045901261300350e-03	9.612595672117554835e-02
3.245000000000000107e+00	7.507005016539213330e-03	9.557075354235809728e-02
3.250000000000000000e+00	7.506964328442251345e-03	9.501819049482211621e-02
3.254999999999999893e+00	7.506923836357697055e-03	9.446825968960997910e-02
3.259999999999999787e+00	7.506883539673398636e-03	9.392095324165583570e-02
3.264999999999999680e+00	7.506843437778633679e-03	9.337626328141046539e-02
3.270000000000000018e+00	7.506803530063249630e-03	9.283418194337947349e-02
3.274999999999999911e+00	7.506763815918527684e-03	9.229470137766281057e-02
3.279999999999999805e+00	7.506724294736331904e-03	9.175781373858112044e-02
3.285000000000000142e+00	7.506684965909957499e-03	9.122351119612907844e-02
3.290000000000000036e+00	7.506645828833291220e-03	9.069178592469127886e-02
3.294999999999999929e+00	7.506606882901655300e-03	9.016263011440871222e-02
3.299999999999999822e+00	7.506568127510973923e-03	8.963603595998319296e-02
3.304999999999999716e+00	7.506529562058606754e-03	8.911199567195819682e-02
3.310000000000000053e+00	7.506491185942524083e-03	8.859050146561173178e-02
3.314999999999999947e+00	7.506452998562137754e-03	8.807154557215039758e-02
3.319999999999999840e+00	7.506414999317478909e-03	8.755512022769178226e-02
3.325000000000000178e+00	7.506377187610022844e-03	8.704121768437084183e-02
3.330000000000000071e+00	7.506339562841872828e-03	8.652983019941247467e-02
3.334999999999999964e+00	7.506302124416578889e-03	8.602095004614992990e-02
3.339999999999999858e+00	7.506264871738332900e-03	8.551456950318735151e-02
3.344999999999999751e+00	7.506227804212774364e-03	8.501068086533017376e-02
3.350000000000000089e+00	7.506190921246193304e-03	8.450927643283760726e-02
3.354999999999999982e+00	7.506154222246333441e-03	8.401034852226525740e-02
3.359999999999999876e+00	7.506117706621597691e-03	8.351388945580767720e-02
3.365000000000000213e+00	7.506081373781847005e-03	8.301989157205193204e-02
3.370000000000000107e+00	7.506045223137613673e-03	8.252834721541146834e-02
3.375000000000000000e+00	7.506009254100889753e-03	8.203924874679015267e-02
3.379999999999999893e+00	7.505973466084348185e-03	8.155258853310723421e-02
3.384999999999999787e+00	7.505937858502127746e-03	8.106835895787220525e-02
3.390000000000000124e+00	7.505902430769060239e-03	8.058655241080049658e-02
3.395000000000000018e+00	7.505867182301444174e-03	8.010716129829904830e-02
3.399999999999999911e+00	7.505832112516284092e-03	7.963017803317308518e-02
3.405000000000000249e+00	7.505797220832054716e-03	7.915559504502181487e-02
3.410000000000000142e+00	7.505762506667947205e-03	7.868340477003671340e-02
3.415000000000000036e+00	7.505727969444628972e-03	7.821359966130723984e-02
3.419999999999999929e+00	7.505693608583495144e-03	7.774617217871035435e-02
3.424999999999999822e+00	7.505659423507419700e-03	7.728111479912605497e-02
3.430000000000000160e+00	7.505625413640017347e-03	7.681842000641876667e-02
3.435000000000000053e+00	7.505591578406385113e-03	7.635808030156220061e-02
3.439999999999999947e+00	7.505557917232372894e-03	7.590008819271273910e-02
3.445000000000000284e+00	7.505524429545318114e-03	7.544443620524288185e-02
3.450000000000000178e+00	7.505491114773321475e-03	7.499111687190768150e-02
3.455000000000000071e+00	7.505457972345978140e-03	7.454012274278645767e-02
3.459999999999999964e+00	7.505425001693655229e-03	7.409144637554121449e-02
3.464999999999999858e+00	7.505392202248219527e-03	7.364508034526788538e-02
3.470000000000000195e+00	7.505359573442326251e-03	7.320101723484655210e-02
3.475000000000000089e+00	7.505327114710130289e-03	7.275924964470094347e-02
3.479999999999999982e+00	7.505294825486587967e-03	7.231977018324177442e-02
3.485000000000000320e+00	7.505262705208161356e-03	7.188257147653411006e-02
3.490000000000000213e+00	7.505230753312125240e-03	7.144764615883349157e-02
3.495000000000000107e+00	7.505198969237266218e-03	7.101498688216123512e-02
3.500000000000000000e+00	7.505167352423194882e-03	7.058458630693342784e-02
3.504999999999999893e+00	7.505135902311039706e-03	7.015643711144399497e-02
3.509999999999999787e+00	7.505104618342762698e-03	6.973053198258664931e-02
3.514999999999999680e+00	7.505073499961851559e-03	6.930686362524553223e-02
3.520000000000000018e+00	7.505042546612641398e-03	6.888542475311036639e-02
3.524999999999999911e+00	7.505011757740993883e-03	6.846620809797442087e-02
3.529999999999999805e+00	7.504981132793632839e-03	6.804920640064270054e-02
3.535000000000000142e+00	7.504950671218815587e-03	6.763441242013722154e-02
3.540000000000000036e+00	7.504920372465672014e-03	6.722181892469882014e-02
3.544999999999999929e+00	7.504890235984869838e-03	6.681141870089901680e-02
3.549999999999999822e+00	7.504860261227964957e-03	6.640320454473548628e-02
3.554999999999999716e+00	7.504830447648055437e-03	6.599716927065073235e-02
3.560000000000000053e+00	7.504800794699137932e-03	6.559330570272087213e-02
3.564999999999999947e+00	7.504771301836758203e-03	6.519160668358148225e-02
3.569999999999999840e+00	7.504741968517373608e-03	6.479206506570961421e-02
3.575000000000000178e+00	7.504712794198997554e-03	6.439467372025615977e-02
3.580000000000000071e+00	7.504683778340566318e-03	6.399942552842201315e-02
3.584999999999999964e+00	7.504654920402576562e-03	6.360631339019610919e-02
3.589999999999999858e+00	7.504626219846459965e-03	6.321533021582587120e-02
3.594999999999999751e+00	7.504597676135217263e-03	6.282646893446156011e-02
3.600000000000000089e+00	7.504569288732795482e-03	6.243972248572024486e-02
3.604999999999999982e+00	7.504541057104716778e-03	6.205508382823649027e-02
3.609999999999999876e+00	7.504512980717460875e-03	6.167254593132025925e-02
3.615000000000000213e+00	7.504485059039089564e-03	6.129210178341344684e-02
3.620000000000000107e+00	7.504457291538635215e-03	6.091374438384181134e-02
3.625000000000000000e+00	7.504429677686715733e-03	6.053746675117751413e-02
3.629999999999999893e+00	7.504402216954935215e-03	6.016326191508496180e-02
3.634999999999999787e+00	7.504374908816489366e-03	5.979112292458910877e-02
3.640000000000000124e+00	7.504347752745568756e-03	5.942104284001534231e-02
3.645000000000000018e+00	7.504320748217963369e-03	5.905301474116383953e-02
3.649999999999999911e+00	7.504293894710473665e-03	5.868703171934295387e-02
3.655000000000000249e+00	7.504267191701500389e-03	5.832308688544942527e-02
3.660000000000000142e+00	7.504240638670472106e-03	5.796117336209621190e-02
3.665000000000000036e+00	7.504214235098422871e-03	5.760128429159790814e-02
3.669999999999999929e+00	7.504187980467420631e-03	5.724341282819248727e-02
3.674999999999999822e+00	7.504161874261150098e-03	5.688755214593262804e-02
3.680000000000000160e+00	7.504135915964347224e-03	5.653369543100144473e-02
3.685000000000000053e+00	7.504110105063363859e-03	5.618183588950915325e-02
3.689999999999999947e+00	7.504084441045614368e-03	5.583196673990290654e-02
3.695000000000000284e+00	7.504058923400138553e-03	5.548408122066906395e-02
3.700000000000000178e+00	7.504033551617052614e-03	5.513817258283686129e-02
3.705000000000000071e+00	7.504008325188100785e-03	5.479423409758620717e-02
3.709999999999999964e+00	7.503983243606117577e-03	5.445225904884534729e-02
3.714999999999999858e+00	7.503958306365572477e-03	5.411224074080409063e-02
3.720000000000000195e+00	7.503933512962034785e-03	5.377417249060519044e-02
3.725000000000000089e+00	7.503908862892716587e-03	5.343804763576344430e-02
3.729999999999999982e+00	7.503884355655943660e-03	5.310385952695059752e-02
3.735000000000000320e+00	7.503859990751686297e-03	5.277160153532003267e-02
3.740000000000000213e+00	7.503835767681045835e-03	5.244126704538563943e-02
3.745000000000000107e+00	7.503811685946772461e-03	5.211284946225146902e-02
3.750000000000000000e+00	7.503787745052755212e-03	5.178634220458474408e-02
3.754999999999999893e+00	7.503763944504544987e-03	5.146173871175113018e-02
3.759999999999999787e+00	7.503740283808838472e-03	5.113903243688099065e-02
3.764999999999999680e+00	7.503716762474002024e-03	5.081821685391063603e-02
3.770000000000000018e+00	7.503693380009559925e-03	5.049928545074181679e-02
3.774999999999999911e+00	7.503670135926712205e-03	5.018223173618871491e-02
3.779999999999999805e+00	7.503647029737830695e-03	4.986704923323086180e-02
3.785000000000000142e+00	7.503624060956962973e-03	4.955373148586567772e-02
3.790000000000000036e+00	7.503601229099346633e-03	4.924227205245501615e-02
3.794999999999999929e+00	7.503578533681898484e-03	4.893266451248317467e-02
3.799999999999999822e+00	7.503555974222737499e-03	4.862490245999683686e-02
3.804999999999999716e+00	7.503533550241667065e-03	4.831897951026881827e-02
3.810000000000000053e+00	7.503511261259704010e-03	4.801488929333094097e-02
3.814999999999999947e+00	7.503489106799558252e-03	4.771262546054405584e-02
3.819999999999999840e+00	7.503467086385161820e-03	4.741218167822371793e-02
3.825000000000000178e+00	7.503445199542145908e-03	4.711355163411597158e-02
3.830000000000000071e+00	7.503423445797382033e-03	4.681672903111631923e-02
3.834999999999999964e+00	7.503401824679435672e-03	4.652170759365114455e-02
3.839999999999999858e+00	7.503380335718128243e-03	4.622848106148954445e-02
3.844999999999999751e+00	7.503358978444988128e-03	4.593704319603120201e-02
3.850000000000000089e+00	7.503337752392802255e-03	4.564738777421041560e-02
3.854999999999999982e+00	7.503316657096072324e-03	4.535950859469041474e-02
3.859999999999999876e+00	7.503295692090572455e-03	4.507339947185978746e-02
3.865000000000000213e+00	7.503274856913795011e-03	4.478905424193316970e-02
3.870000000000000107e+00	7.503254151104516920e-03	4.450646675703997385e-02
3.875000000000000000e+00	7.503233574203237687e-03	4.422563089123177082e-02
3.879999999999999893e+00	7.503213125751754392e-03	4.394654053466271609e-02
3.884999999999999787e+00	7.503192805293592768e-03	4.366918959950381873e-02
3.890000000000000124e+00	7.503172612373585661e-03	4.339357201421535637e-02
3.895000000000000018e+00	7.503152546538298905e-03	4.311968172936802429e-02
3.899999999999999911e+00	7.503132607335619327e-03	4.284751271200684664e-02
3.905000000000000249e+00	7.503112794315168477e-03	4.257705895137915697e-02
3.910000000000000142e+00	7.503093107027904510e-03	4.230831445339060942e-02
3.915000000000000036e+00	7.503073545026524641e-03	4.204127324623997686e-02
3.919999999999999929e+00	7.503054107865069627e-03	4.177592937496613090e-02
3.924999999999999822e+00	7.503034795099327095e-03	4.151227690699085815e-02
3.930000000000000160e+00	7.503015606286438620e-03	4.125030992675649683e-02
3.935000000000000053e+00	7.502996540985300451e-03	4.099002254117627142e-02
3.939999999999999947e+00	7.502977598756171464e-03	4.073140887436290519e-02
3.945000000000000284e+00	7.502958779161066939e-03	4.047446307298678547e-02
3.950000000000000178e+00	7.502940081763381265e-03	4.021917930109506628e-02
3.955000000000000071e+00	7.502921506128266971e-03	3.996555174537770594e-02
3.959999999999999964e+00	7.502903051822265232e-03	3.971357461007711531e-02
3.964999999999999858e+00	7.502884718413684907e-03	3.946324212216226895e-02
3.970000000000000195e+00	7.502866505472228706e-03	3.921454852632842020e-02
3.975000000000000089e+00	7.502848412569372225e-03	3.896748809007979930e-02
3.979999999999999982e+00	7.502830439277999655e-03	3.872205509881900681e-02
3.985000000000000320e+00	7.502812585172768944e-03	3.847824386083827097e-02
3.990000000000000213e+00	7.502794849829758778e-03	3.823604870249875526e-02
3.995000000000000107e+00	7.502777232826825064e-03	3.799546397313043750e-02
4.000000000000000000e+00	7.502759733743254861e-03	3.775648404030075567e-02
4.004999999999999893e+00	7.502742352160115050e-03	3.751910329462374710e-02
4.009999999999999787e+00	7.502725087659917538e-03	3.728331614511758152e-02
4.014999999999999680e+00	7.502707939826958397e-03	3.704911702392307826e-02
4.019999999999999574e+00	7.502690908246983925e-03	3.681650038175002249e-02
4.025000000000000355e+00	7.502673992507531524e-03	3.658546069250546984e-02
4.030000000000000249e+00	7.502657192197600966e-03	3.635599244882851966e-02
4.035000000000000142e+00	7.502640506907982260e-03	3.612809016662822670e-02
4.040000000000000036e+00	7.502623936230944264e-03	3.590174838070681052e-02
4.044999999999999929e+00	7.502607479760544339e-03	3.567696164920770158e-02
4.049999999999999822e+00	7.502591137092328236e-03	3.545372454932650685e-02
4.054999999999999716e+00	7.502574907823639748e-03	3.523203168166970378e-02
4.059999999999999609e+00	7.502558791553315398e-03	3.501187766605302898e-02
4.064999999999999503e+00	7.502542787881994954e-03	3.479325714577104212e-02
4.070000000000000284e+00	7.502526896411821321e-03	3.457616478348257000e-02
4.075000000000000178e+00	7.502511116746743251e-03	3.436059526539165382e-02
4.080000000000000071e+00	7.502495448492222177e-03	3.414654329721958370e-02
4.084999999999999964e+00	7.502479891255527111e-03	3.393400360829715301e-02
4.089999999999999858e+00	7.502464444645453624e-03	3.372297094762374131e-02
4.094999999999999751e+00	7.502449108272605735e-03	3.351344008787084106e-02
4.099999999999999645e+00	7.502433881749120091e-03	3.330540582152744650e-02
4.105000000000000426e+00	7.502418764688951330e-03	3.309886296481569928e-02
4.110000000000000320e+00	7.502403756707590188e-03	3.289380635392217395e-02
4.115000000000000213e+00	7.502388857422349726e-03	3.269023084882572566e-02
4.120000000000000107e+00	7.502374066452092115e-03	3.248813132961431149e-02
4.125000000000000000e+00	7.502359383417499250e-03	3.228750270022574809e-02
4.129999999999999893e+00	7.502344807940813411e-03	3.208833988484944416e-02
4.134999999999999787e+00	7.502330339646098335e-03	3.189063783158029713e-02
4.139999999999999680e+00	7.502315978158991157e-03	3.169439150890535073e-02
4.144999999999999574e+00	7.502301723106948733e-03	3.149959590927079583e-02
4.150000000000000355e+00	7.502287574119009990e-03	3.130624604565317159e-02
4.155000000000000249e+00	7.502273530826037914e-03	3.111433695504034133e-02
4.160000000000000142e+00	7.502259592860484501e-03	3.092386369508644262e-02
4.165000000000000036e+00	7.502245759856630142e-03	3.073482134750701172e-02
4.169999999999999929e+00	7.502232031450351175e-03	3.054720501481776596e-02
4.174999999999999822e+00	7.502218407279356675e-03	3.036100982364406051e-02
4.179999999999999716e+00	7.502204886982955130e-03	3.017623092154289588e-02
4.185000000000000497e+00	7.502191470202292968e-03	2.999286348022739065e-02
4.190000000000000391e+00	7.502178156580128175e-03	2.981090269247176072e-02
4.195000000000000284e+00	7.502164945761051473e-03	2.963034377525067264e-02
4.200000000000000178e+00	7.502151837391276418e-03	2.945118196672689981e-02
4.205000000000000071e+00	7.502138831118852769e-03	2.927341252930638557e-02
4.209999999999999964e+00	7.502125926593457457e-03	2.909703074670775061e-02
4.214999999999999858e+00	7.502113123466607955e-03	2.892203192693364872e-02
4.219999999999999751e+00	7.502100421391456712e-03	2.874841139942177493e-02
4.224999999999999645e+00	7.502087820022995852e-03	2.857616451793267356e-02
4.230000000000000426e+00	7.502075319017862017e-03	2.840528665778186204e-02
4.235000000000000320e+00	7.502062918034534990e-03	2.823577321864478157e-02
4.240000000000000213e+00	7.502050616733140810e-03	2.806761962186944334e-02
4.245000000000000107e+00	7.502038414775653863e-03	2.790082131319862255e-02
4.250000000000000000e+00	7.502026311825704327e-03	2.773537376016322123e-02
4.254999999999999893e+00	7.502014307548766393e-03	2.757127245472179231e-02
4.259999999999999787e+00	7.502002401611979586e-03	2.740851291073396340e-02
4.264999999999999680e+00	7.501990593684331778e-03	2.724709066651814782e-02
4.269999999999999574e+00	7.501978883436478777e-03	2.708700128240425220e-02
4.275000000000000355e+00	7.501967270540926477e-03	2.692824034321016774e-02
4.280000000000000249e+00	7.501955754671856512e-03	2.677080345587339386e-02
4.285000000000000142e+00	7.501944335505300598e-03	2.661468625184659764e-02
4.290000000000000036e+00	7.501933012718974871e-03	2.645988438480771296e-02
4.294999999999999929e+00	7.501921785992444677e-03	2.630639353297493238e-02
4.299999999999999822e+00	7.501910655006965856e-03	2.615420939689507701e-02
4.304999999999999716e+00	7.501899619445644325e-03	2.600332770167840951e-02
4.309999999999999609e+00	7.501888678993282565e-03	2.585374419486460851e-02
4.314999999999999503e+00	7.501877833336534872e-03	2.570545464857800638e-02
4.320000000000000284e+00	7.501867082163759040e-03	2.555845485747058887e-02
4.325000000000000178e+00	7.501856425165162080e-03	2.541274064079839662e-02
4.330000000000000071e+00	7.501845862032659705e-03	2.526830784044088729e-02
4.334999999999999964e+00	7.501835392460022046e-03	2.512515232289874376e-02
4.339999999999999858e+00	7.501825016142731409e-03	2.498326997738954669e-02
4.344999999999999751e+00	7.501814732778123648e-03	2.484265671776720794e-02
4.349999999999999645e+00	7.501804542065251998e-03	2.470330848069345747e-02
4.355000000000000426e+00	7.501794443705023241e-03	2.456522122747950912e-02
4.360000000000000320e+00	7.501784437400069346e-03	2.442839094233286920e-02
4.365000000000000213e+00	7.501774522854874963e-03	2.429281363412166828e-02
4.370000000000000107e+00	7.501764699775655132e-03	2.415848533469612536e-02
4.375000000000000000e+00	7.501754967870475840e-03	2.402540210057628120e-02
4.379999999999999893e+00	7.501745326849138668e-03	2.389356001134758031e-02
4.384999999999999787e+00	7.501735776423296143e-03	2.376295517127248111e-02
4.389999999999999680e+00	7.501726316306344192e-03	2.363358370775965958e-02
4.394999999999999574e+00	7.501716946213525354e-03	2.350544177289976000e-02
4.400000000000000355e+00	7.501707665861831638e-03	2.337852554200792535e-02
4.405000000000000249e+00	7.501698474970102531e-03	2.325283121508445530e-02
4.410000000000000142e+00	7.501689373258928727e-03	2.312835501542981689e-02
4.415000000000000036e+00	7.501680360450748396e-03	2.300509319103062958e-02
4.419999999999999929e+00	7.501671436269757853e-03	2.288304201324684733e-02
4.424999999999999822e+00	7.501662600441999160e-03	2.276219777812354267e-02
4.429999999999999716e+00	7.501653852695272517e-03	2.264255680514967034e-02
4.435000000000000497e+00	7.501645192759228212e-03	2.252411543849632339e-02
4.440000000000000391e+00	7.501636620365276405e-03	2.240687004584654071e-02
4.445000000000000284e+00	7.501628135246675606e-03	2.229081701956030573e-02
4.450000000000000178e+00	7.501619737138451142e-03	2.217595277557494332e-02
4.455000000000000071e+00	7.501611425777471483e-03	2.206227375449764522e-02
4.459999999999999964e+00	7.501603200902377984e-03	2.194977642057585263e-02
4.464999999999999858e+00	7.501595062253651677e-03	2.183845726271763793e-02
4.469999999999999751e+00	7.501587009573552553e-03	2.172831279353151790e-02
4.474999999999999645e+00	7.501579042606179408e-03	2.161933955027545845e-02
4.480000000000000426e+00	7.501571161097409131e-03	2.151153409396548352e-02
4.485000000000000320e+00	7.501563364794959152e-03	2.140489301025388924e-02
4.490000000000000213e+00	7.501555653448326727e-03	2.129941290860599967e-02
4.495000000000000107e+00	7.501548026808848788e-03	2.119509042310808306e-02
4.500000000000000000e+00	7.501540484629645560e-03	2.109192221171193524e-02
4.504999999999999893e+00	7.501533026665671740e-03	2.098990495697280328e-02
4.509999999999999787e+00	7.501525652673673127e-03	2.088903536536137334e-02
4.514999999999999680e+00	7.501518362412223917e-03	2.078931016793238856e-02
4.519999999999999574e+00	7.501511155641692880e-03	2.069072611970328157e-02
4.525000000000000355e+00	7.501504032124278049e-03	2.059328000025398286e-02
4.530000000000000249e+00	7.501496991623970295e-03	2.049696861317167745e-02
4.535000000000000142e+00	7.501490033906589756e-03	2.040178878658259476e-02
4.540000000000000036e+00	7.501483158739749406e-03	2.030773737266213658e-02
4.544999999999999929e+00	7.501476365892890616e-03	2.021481124809922439e-02
4.549999999999999822e+00	7.501469655137253667e-03	2.012300731367131987e-02
4.554999999999999716e+00	7.501463026245898565e-03	2.003232249464177023e-02
4.559999999999999609e+00	7.501456478993687692e-03	1.994275374039916268e-02
4.564999999999999503e+00	7.501450013157301422e-03	1.985429802478826805e-02
4.570000000000000284e+00	7.501443628515224241e-03	1.976695234581326080e-02
4.575000000000000178e+00	7.501437324847755155e-03	1.968071372590280213e-02
4.580000000000000071e+00	7.501431101936999017e-03	1.959557921167632069e-02
4.584999999999999964e+00	7.501424959566874336e-03	1.951154587414400884e-02
4.589999999999999858e+00	7.501418897523101995e-03	1.942861080853568873e-02
4.594999999999999751e+00	7.501412915593217400e-03	1.934677113443615190e-02
4.599999999999999645e+00	7.501407013566560068e-03	1.926602399567602444e-02
4.605000000000000426e+00	7.501401191234277101e-03	1.918636656040298080e-02
4.610000000000000320e+00	7.501395448389324046e-03	1.910779602103412911e-02
4.615000000000000213e+00	7.501389784826457963e-03	1.903030959426373417e-02
4.620000000000000107e+00	7.501384200342247829e-03	1.895390452107639095e-02
4.625000000000000000e+00	7.501378694735059798e-03	1.887857806669206509e-02
4.629999999999999893e+00	7.501373267805070202e-03	1.880432752063918717e-02
4.634999999999999787e+00	7.501367919354254288e-03	1.873115019663764216e-02
4.639999999999999680e+00	7.501362649186392277e-03	1.865904343273144458e-02
4.644999999999999574e+00	7.501357457107060700e-03	1.858800459111013478e-02
4.650000000000000355e+00	7.501352342923645403e-03	1.851803105830034102e-02
4.655000000000000249e+00	7.501347306445319864e-03	1.844912024492622801e-02
4.660000000000000142e+00	7.501342347483069481e-03	1.838126958595935959e-02
4.665000000000000036e+00	7.501337465849662947e-03	1.831447654041881354e-02
4.669999999999999929e+00	7.501332661359680007e-03	1.824873859167883139e-02
4.674999999999999822e+00	7.501327933829479364e-03	1.818405324710914775e-02
4.679999999999999716e+00	7.501323283077232507e-03	1.812041803843968124e-02
4.685000000000000497e+00	7.501318708922882945e-03	1.805783052134179653e-02
4.690000000000000391e+00	7.501314211188188710e-03	1.799628827584952642e-02
4.695000000000000284e+00	7.501309789696676382e-03	1.793578890588227656e-02
4.700000000000000178e+00	7.501305444273680123e-03	1.787633003972185705e-02
4.705000000000000071e+00	7.501301174746304382e-03	1.781790932947744863e-02
4.709999999999999964e+00	7.501296980943461187e-03	1.776052445161780194e-02
4.714999999999999858e+00	7.501292862695822447e-03	1.770417310637895092e-02
4.719999999999999751e+00	7.501288819835869384e-03	1.764885301835104892e-02
4.724999999999999645e+00	7.501284852197841364e-03	1.759456193582948150e-02
4.730000000000000426e+00	7.501280959617781866e-03	1.754129763145554841e-02
4.735000000000000320e+00	7.501277141933487304e-03	1.748905790151177725e-02
4.740000000000000213e+00	7.501273398984560810e-03	1.743784056661592391e-02
4.745000000000000107e+00	7.501269730612350646e-03	1.738764347096089652e-02
4.750000000000000000e+00	7.501266136660009187e-03	1.733846448306141860e-02
4.754999999999999893e+00	7.501262616972430471e-03	1.729030149493939253e-02
4.759999999999999787e+00	7.501259171396310044e-03	1.724315242292255232e-02
4.764999999999999680e+00	7.501255799780081647e-03	1.719701520677575229e-02
4.769999999999999574e+00	7.501252501973977062e-03	1.715188781055104403e-02
4.775000000000000355e+00	7.501249277829960191e-03	1.710776822166567776e-02
4.780000000000000249e+00	7.501246127201792978e-03	1.706465445180285409e-02
4.785000000000000142e+00	7.501243049944961681e-03	1.702254453593702796e-02
4.790000000000000036e+00	7.501240045916748866e-03	1.698143653328470018e-02
4.794999999999999929e+00	7.501237114976155342e-03	1.694132852627776645e-02
4.799999999999999822e+00	7.501234256983978221e-03	1.690221862156372074e-02
4.804999999999999716e+00	7.501231471802725058e-03	1.686410494892757322e-02
4.809999999999999609e+00	7.501228759296697107e-03	1.682698566234081677e-02
4.814999999999999503e+00	7.501226119331899991e-03	1.679085893883265970e-02
4.820000000000000284e+00	7.501223551776129567e-03	1.675572297958710655e-02
4.825000000000000178e+00	7.501221056498881719e-03	1.672157600876411285e-02
4.830000000000000071e+00	7.501218633371439966e-03	1.668841627464417998e-02
4.834999999999999964e+00	7.501216282266779181e-03	1.665624204840005299e-02
4.839999999999999858e+00	7.501214003059658401e-03	1.662505162528805230e-02
4.844999999999999751e+00	7.501211795626526284e-03	1.659484332337119242e-02
4.849999999999999645e+00	7.501209659845606975e-03	1.656561548475656356e-02
4.855000000000000426e+00	7.501207595596809906e-03	1.653736647427038117e-02
4.860000000000000320e+00	7.501205602761816527e-03	1.651009468074090408e-02
4.865000000000000213e+00	7.501203681223987500e-03	1.648379851562596643e-02
4.870000000000000107e+00	7.501201830868452040e-03	1.645847641434077663e-02
4.875000000000000000e+00	7.501200051582007297e-03	1.643412683483884765e-02
4.879999999999999893e+00	7.501198343253222441e-03	1.641074825898377818e-02
4.884999999999999787e+00	7.501196705772324169e-03	1.638833919108419884e-02
4.889999999999999680e+00	7.501195139031303395e-03	1.636689815930895617e-02
4.894999999999999574e+00	7.501193642923807692e-03	1.634642371417677556e-02
4.900000000000000355e+00	7.501192217345241907e-03	1.632691443001422701e-02
4.905000000000000249e+00	7.501190862192658876e-03	1.630836890340063572e-02
4.910000000000000142e+00	7.501189577364866974e-03	1.629078575466820847e-02
4.915000000000000036e+00	7.501188362762314758e-03	1.627416362630299332e-02
4.919999999999999929e+00	7.501187218287200253e-03	1.625850118448637915e-02
4.924999999999999822e+00	7.501186143843354727e-03	1.624379711745277399e-02
4.929999999999999716e+00	7.501185139336356313e-03	1.623005013707187402e-02
4.935000000000000497e+00	7.501184204673405111e-03	1.621725897716361567e-02
4.940000000000000391e+00	7.501183339763446353e-03	1.620542239512060695e-02
4.945000000000000284e+00	7.501182544517040300e-03	1.619453917018120678e-02
4.950000000000000178e+00	7.501181818846481067e-03	1.618460810509126518e-02
4.955000000000000071e+00	7.501181162665676062e-03	1.617562802433596125e-02
4.959999999999999964e+00	7.501180575890260480e-03	1.616759777584029362e-02
4.964999999999999858e+00	7.501180058437473264e-03	1.616051622916030509e-02
4.969999999999999751e+00	7.501179610226276807e-03	1.615438227722162598e-02
4.974999999999999645e+00	7.501179231177225980e-03	1.614919483447078974e-02
4.980000000000000426e+00	7.501178921212599097e-03	1.614495283865118383e-02
4.985000000000000320e+00	7.501178680256255678e-03	1.614165524891523346e-02
4.990000000000000213e+00	7.501178508233771747e-03	1.613930104763693085e-02
4.995000000000000107e+00	7.501178405072298459e-03	1.613788923848549078e-02
5.000000000000000000e+00	7.501178370700695673e-03	1.613741884827391698e-02
