# coordinate_x	h	p	@time=41.29
0.000000000000000000e+00	2.926037924976311322e-01	6.813090486417858749e-01
5.000000000000000104e-03	2.925995379205711955e-01	6.813086096595234453e-01
1.000000000000000021e-02	2.925867742079592548e-01	6.813072925483025788e-01
1.499999999999999944e-02	2.925655013797922033e-01	6.813050971310077308e-01
2.000000000000000042e-02	2.925357194846422426e-01	6.813020229774104930e-01
2.500000000000000139e-02	2.924974285781956618e-01	6.812980695940873410e-01
2.999999999999999889e-02	2.924506287440462038e-01	6.812932362402431830e-01
3.500000000000000333e-02	2.923953200727931190e-01	6.812875221125189729e-01
4.000000000000000083e-02	2.923315026829717556e-01	6.812809261596348698e-01
4.499999999999999833e-02	2.922591767001480600e-01	6.812734472670305408e-01
5.000000000000000278e-02	2.921783422778842509e-01	6.812650840712778377e-01
5.500000000000000028e-02	2.920889995768150005e-01	6.812558351446329485e-01
5.999999999999999778e-02	2.919911487856512999e-01	6.812456988092402410e-01
6.500000000000000222e-02	2.918847901002307177e-01	6.812346733216141370e-01
7.000000000000000666e-02	2.917699237445655625e-01	6.812227566866261297e-01
7.500000000000001110e-02	2.916465499498603342e-01	6.812099468419253734e-01
8.000000000000000167e-02	2.915146689756113463e-01	6.811962414716967729e-01
8.499999999999999223e-02	2.913742810885839307e-01	6.811816381910308360e-01
8.999999999999999667e-02	2.912253865839711242e-01	6.811661343594366258e-01
9.500000000000000111e-02	2.910679857643233559e-01	6.811497272651689805e-01
1.000000000000000056e-01	2.909020789607732471e-01	6.811324139384845600e-01
1.050000000000000100e-01	2.907276665119111203e-01	6.811141913359299860e-01
1.100000000000000006e-01	2.905447487850831845e-01	6.810950561533296588e-01
1.149999999999999911e-01	2.903533261552052047e-01	6.810750050100378150e-01
1.199999999999999956e-01	2.901533990261424556e-01	6.810540342616467901e-01
1.250000000000000000e-01	2.899449678094535576e-01	6.810321401842044375e-01
1.300000000000000044e-01	2.897280329458597481e-01	6.810093187866326225e-01
1.350000000000000089e-01	2.895025948839123897e-01	6.809855659949072271e-01
1.400000000000000133e-01	2.892686541015586643e-01	6.809608774641814355e-01
1.450000000000000178e-01	2.890262110847250376e-01	6.809352487629208861e-01
1.499999999999999944e-01	2.887752663489879801e-01	6.809086751847267527e-01
1.549999999999999989e-01	2.885158204180652830e-01	6.808811519324170503e-01
1.600000000000000033e-01	2.882478738456002443e-01	6.808526739295472918e-01
1.650000000000000078e-01	2.879714271935529535e-01	6.808232360044247367e-01
1.700000000000000122e-01	2.876864810541059359e-01	6.807928327013251790e-01
1.749999999999999889e-01	2.873930360279480234e-01	6.807614584644239297e-01
1.799999999999999933e-01	2.870910927463096729e-01	6.807291074487119564e-01
1.849999999999999978e-01	2.867806518491313184e-01	6.806957737038210610e-01
1.900000000000000022e-01	2.864617140072373558e-01	6.806614509846452554e-01
1.950000000000000067e-01	2.861342799003800952e-01	6.806261329350330458e-01
2.000000000000000111e-01	2.857983502395619047e-01	6.805898128981248130e-01
2.050000000000000155e-01	2.854539257449464906e-01	6.805524840998788960e-01
2.099999999999999922e-01	2.851010071683377500e-01	6.805141394591388559e-01
2.149999999999999967e-01	2.847395952709501632e-01	6.804747717709545007e-01
2.200000000000000011e-01	2.843696908460536799e-01	6.804343735163976836e-01
2.250000000000000056e-01	2.839912946965943985e-01	6.803929370456326398e-01
2.300000000000000100e-01	2.836044076580152007e-01	6.803504543875040778e-01
2.349999999999999867e-01	2.832090305757174464e-01	6.803069174323030932e-01
2.399999999999999911e-01	2.828051643280677374e-01	6.802623177411579736e-01
2.449999999999999956e-01	2.823928098036910805e-01	6.802166467284329610e-01
2.500000000000000000e-01	2.819719679246738275e-01	6.801698954709579636e-01
2.550000000000000044e-01	2.815426396236793138e-01	6.801220548899900020e-01
2.600000000000000089e-01	2.811048258673573552e-01	6.800731155603241262e-01
2.650000000000000133e-01	2.806585276332720369e-01	6.800230678917363880e-01
2.700000000000000178e-01	2.802037459335293135e-01	6.799719019380271456e-01
2.750000000000000222e-01	2.797404817915070674e-01	6.799196075778541903e-01
2.800000000000000266e-01	2.792687362657113037e-01	6.798661743237659483e-01
2.850000000000000311e-01	2.787885104262984304e-01	6.798115915023225098e-01
2.899999999999999800e-01	2.782998053791723159e-01	6.797558480631867850e-01
2.949999999999999845e-01	2.778026222422872449e-01	6.796989327584158636e-01
2.999999999999999889e-01	2.772969621699980514e-01	6.796408339516891717e-01
3.049999999999999933e-01	2.767828263291333135e-01	6.795815397966384896e-01
3.099999999999999978e-01	2.762602159236106636e-01	6.795210380463040378e-01
3.150000000000000022e-01	2.757291321702685649e-01	6.794593162303550482e-01
3.200000000000000067e-01	2.751895763237601211e-01	6.793963614648753646e-01
3.250000000000000111e-01	2.746415496521318889e-01	6.793321606283120317e-01
3.300000000000000155e-01	2.740850534620092316e-01	6.792667001717049846e-01
3.350000000000000200e-01	2.735200890739098445e-01	6.791999662931795800e-01
3.400000000000000244e-01	2.729466578477353633e-01	6.791319447487532690e-01
3.449999999999999734e-01	2.723647611578062788e-01	6.790626210251655692e-01
3.499999999999999778e-01	2.717744004186745110e-01	6.789919801514100461e-01
3.549999999999999822e-01	2.711755770598672233e-01	6.789200068696745749e-01
3.599999999999999867e-01	2.705682925520347393e-01	6.788466854477636092e-01
3.649999999999999911e-01	2.699525483813897120e-01	6.787719998478959349e-01
3.699999999999999956e-01	2.693283460762071480e-01	6.786959335402045213e-01
3.750000000000000000e-01	2.686956871809438319e-01	6.786184696691081042e-01
3.800000000000000044e-01	2.680545732831070005e-01	6.785395908681000066e-01
3.850000000000000089e-01	2.674050059870398677e-01	6.784592794233793578e-01
3.900000000000000133e-01	2.667469869411762118e-01	6.783775170901626961e-01
3.950000000000000178e-01	2.660805178114760139e-01	6.782942852532289901e-01
4.000000000000000222e-01	2.654056003090847771e-01	6.782095647450153697e-01
4.050000000000000266e-01	2.647222361634029575e-01	6.781233360026894808e-01
4.099999999999999756e-01	2.640304271501685562e-01	6.780355788883228874e-01
4.149999999999999800e-01	2.633301750641444672e-01	6.779462728420632134e-01
4.199999999999999845e-01	2.626214817476441588e-01	6.778553967047112883e-01
4.249999999999999889e-01	2.619043490628184534e-01	6.777629288665188989e-01
4.299999999999999933e-01	2.611787789206461152e-01	6.776688470925350538e-01
4.349999999999999978e-01	2.604447732528019088e-01	6.775731286665026554e-01
4.400000000000000022e-01	2.597023340411332981e-01	6.774757502193785585e-01
4.450000000000000067e-01	2.589514632890912438e-01	6.773766878677488501e-01
4.500000000000000111e-01	2.581921630517157729e-01	6.772759170459736744e-01
4.550000000000000155e-01	2.574244354066094753e-01	6.771734126384750807e-01
4.600000000000000200e-01	2.566482824844566468e-01	6.770691488160094362e-01
4.649999999999999689e-01	2.558637064395180571e-01	6.769630991611129689e-01
4.699999999999999734e-01	2.550707094807093123e-01	6.768552365090610978e-01
4.749999999999999778e-01	2.542692938415950232e-01	6.767455330656788615e-01
4.799999999999999822e-01	2.534594618120530884e-01	6.766339602536087794e-01
4.849999999999999867e-01	2.526412157077451703e-01	6.765204888216080903e-01
4.899999999999999911e-01	2.518145579023958747e-01	6.764050886968173693e-01
4.949999999999999956e-01	2.509794907967145550e-01	6.762877290845691336e-01
5.000000000000000000e-01	2.501360168513195870e-01	6.761683783274281545e-01
5.050000000000000044e-01	2.492841385550861599e-01	6.760470039944306286e-01
5.100000000000000089e-01	2.484238584587472043e-01	6.759235727477510558e-01
5.150000000000000133e-01	2.475551791426404413e-01	6.757980504201743788e-01
5.200000000000000178e-01	2.466781032510195204e-01	6.756704018903415543e-01
5.250000000000000222e-01	2.457926334591717388e-01	6.755405911471233926e-01
5.300000000000000266e-01	2.448987725084752209e-01	6.754085811745055290e-01
5.350000000000000311e-01	2.439965231728575545e-01	6.752743340013849238e-01
5.400000000000000355e-01	2.430858882946364818e-01	6.751378105972742905e-01
5.450000000000000400e-01	2.421668707502878937e-01	6.749989709058782372e-01
5.500000000000000444e-01	2.412394734871104174e-01	6.748577737529334319e-01
5.550000000000000488e-01	2.403036994882693234e-01	6.747141768617346269e-01
5.600000000000000533e-01	2.393595518103273090e-01	6.745681367745761658e-01
5.649999999999999467e-01	2.384070335475292901e-01	6.744196088481951845e-01
5.699999999999999512e-01	2.374461478702448447e-01	6.742685471904469319e-01
5.749999999999999556e-01	2.364768979884563915e-01	6.741149046334001804e-01
5.799999999999999600e-01	2.354992871911616992e-01	6.739586326870686817e-01
5.849999999999999645e-01	2.345133188090257337e-01	6.737996814876350271e-01
5.899999999999999689e-01	2.335189962547947473e-01	6.736379997702707234e-01
5.949999999999999734e-01	2.325163229850699675e-01	6.734735347896730895e-01
5.999999999999999778e-01	2.315053025417882493e-01	6.733062323142471328e-01
6.049999999999999822e-01	2.304859385130729743e-01	6.731360365158104431e-01
6.099999999999999867e-01	2.294582345758399422e-01	6.729628899876755055e-01
6.149999999999999911e-01	2.284221944556784067e-01	6.727867336000123988e-01
6.199999999999999956e-01	2.273778219706449610e-01	6.726075065446697199e-01
6.250000000000000000e-01	2.263251209901242789e-01	6.724251461522668949e-01
6.300000000000000044e-01	2.252640954798784678e-01	6.722395879669342822e-01
6.350000000000000089e-01	2.241947494598339197e-01	6.720507655207355047e-01
6.400000000000000133e-01	2.231170870504584625e-01	6.718586104418909910e-01
6.450000000000000178e-01	2.220311124294169769e-01	6.716630521815993848e-01
6.500000000000000222e-01	2.209368298793541185e-01	6.714640181597406610e-01
6.550000000000000266e-01	2.198342437433579433e-01	6.712614334385659243e-01
6.600000000000000311e-01	2.187233584742313830e-01	6.710552209103667343e-01
6.650000000000000355e-01	2.176041785886988766e-01	6.708453009118170440e-01
6.700000000000000400e-01	2.164767087182566663e-01	6.706315914586545857e-01
6.750000000000000444e-01	2.153409535620526560e-01	6.704140077936825426e-01
6.800000000000000488e-01	2.141969179394125899e-01	6.701924626741390112e-01
6.850000000000000533e-01	2.130446067413186984e-01	6.699668658454834835e-01
6.899999999999999467e-01	2.118840249847166735e-01	6.697371243878506020e-01
6.949999999999999512e-01	2.107151777625126121e-01	6.695031421067386690e-01
6.999999999999999556e-01	2.095380702997748090e-01	6.692648199457611469e-01
7.049999999999999600e-01	2.083527079021633144e-01	6.690220552842066626e-01
7.099999999999999645e-01	2.071590960141489191e-01	6.687747424242378447e-01
7.149999999999999689e-01	2.059572401657834284e-01	6.685227717839724582e-01
7.199999999999999734e-01	2.047471460330694271e-01	6.682660304683477603e-01
7.249999999999999778e-01	2.035288193829717651e-01	6.680044013448691587e-01
7.299999999999999822e-01	2.023022661360835417e-01	6.677377637085785134e-01
7.349999999999999867e-01	2.010674923097718059e-01	6.674659922258826539e-01
7.399999999999999911e-01	1.998245040832977437e-01	6.671889577054705978e-01
7.449999999999999956e-01	1.985733077389812140e-01	6.669065258936415219e-01
7.500000000000000000e-01	1.973139097299479450e-01	6.666185583646278001e-01
7.550000000000000044e-01	1.960463166191879214e-01	6.663249111485444187e-01
7.600000000000000089e-01	1.947705351501187732e-01	6.660254357564315830e-01
7.650000000000000133e-01	1.934865721834025387e-01	6.657199776192933571e-01
7.700000000000000178e-01	1.921944347705321909e-01	6.654083772653197615e-01
7.750000000000000222e-01	1.908941300882608383e-01	6.650904685454032128e-01
7.800000000000000266e-01	1.895856655154379844e-01	6.647660799824800515e-01
7.850000000000000311e-01	1.882690485648925161e-01	6.644350327553467661e-01
7.900000000000000355e-01	1.869442869637688021e-01	6.640971422429337023e-01
7.950000000000000400e-01	1.856113885826903565e-01	6.637522157340858264e-01
8.000000000000000444e-01	1.842703615198715839e-01	6.634000541929245820e-01
8.050000000000000488e-01	1.829212140273739906e-01	6.630404496574117124e-01
8.100000000000000533e-01	1.815639545992977222e-01	6.626731872558417891e-01
8.149999999999999467e-01	1.801985918949258469e-01	6.622980422513401466e-01
8.199999999999999512e-01	1.788251348313328049e-01	6.619147823440726386e-01
8.249999999999999556e-01	1.774435925031919992e-01	6.615231643121771699e-01
8.299999999999999600e-01	1.760539742801765228e-01	6.611229366395936502e-01
8.349999999999999645e-01	1.746562897231845324e-01	6.607138356961118619e-01
8.399999999999999689e-01	1.732505486869492795e-01	6.602955887369628130e-01
8.449999999999999734e-01	1.718367612324130655e-01	6.598679095554432772e-01
8.499999999999999778e-01	1.704149377350127337e-01	6.594305019077552066e-01
8.549999999999999822e-01	1.689850887929064682e-01	6.589830545607536783e-01
8.599999999999999867e-01	1.675472253414561075e-01	6.585252452041927551e-01
8.649999999999999911e-01	1.661013585569812157e-01	6.580567348031938213e-01
8.699999999999999956e-01	1.646474999780244142e-01	6.575771720703208478e-01
8.750000000000000000e-01	1.631856614042735132e-01	6.570861870169449892e-01
8.800000000000000044e-01	1.617158550252696947e-01	6.565833960697665672e-01
8.850000000000000089e-01	1.602380933141006325e-01	6.560683946968269842e-01
8.900000000000000133e-01	1.587523891642977913e-01	6.555407632676242269e-01
8.950000000000000178e-01	1.572587557778607759e-01	6.550000586074277154e-01
9.000000000000000222e-01	1.557572068111895969e-01	6.544458207175131159e-01
9.050000000000000266e-01	1.542477562569521676e-01	6.538775630848383535e-01
9.100000000000000311e-01	1.527304186000147113e-01	6.532947803997801728e-01
9.150000000000000355e-01	1.512052086926088390e-01	6.526969374160899173e-01
9.200000000000000400e-01	1.496721419213606075e-01	6.520834778286370703e-01
9.250000000000000444e-01	1.481312340751512191e-01	6.514538114395709290e-01
9.300000000000000488e-01	1.465825015245075524e-01	6.508073243889616055e-01
9.350000000000000533e-01	1.450259610814781386e-01	6.501433643355702952e-01
9.399999999999999467e-01	1.434616301928398341e-01	6.494612522701832535e-01
9.449999999999999512e-01	1.418895267912300695e-01	6.487602653612234427e-01
9.499999999999999556e-01	1.403096695038519026e-01	6.480396506255818867e-01
9.549999999999999600e-01	1.387220774940096935e-01	6.472986050177618189e-01
9.599999999999999645e-01	1.371267706872685566e-01	6.465362912881587043e-01
9.649999999999999689e-01	1.355237696024324534e-01	6.457518148060036323e-01
9.699999999999999734e-01	1.339130955974438819e-01	6.449442420029330991e-01
9.749999999999999778e-01	1.322947706887189212e-01	6.441125733101333850e-01
9.799999999999999822e-01	1.306688178194707062e-01	6.432557646690409969e-01
9.849999999999999867e-01	1.290352606661738510e-01	6.423726958258361153e-01
9.899999999999999911e-01	1.273941239324801744e-01	6.414621954955939120e-01
9.949999999999999956e-01	1.257454331414187831e-01	6.405230040848127748e-01
1.000000000000000000e+00	1.240892149586678567e-01	6.395538032260115191e-01
1.004999999999999893e+00	1.224254969689056588e-01	6.385531717809509455e-01
1.010000000000000009e+00	1.207543080329358254e-01	6.375196206270726806e-01
1.015000000000000124e+00	1.190756780463820136e-01	6.364515405166663031e-01
1.020000000000000018e+00	1.173896383360785445e-01	6.353472432046597396e-01
1.024999999999999911e+00	1.156962213990430227e-01	6.342048993836137960e-01
1.030000000000000027e+00	1.139954613446878956e-01	6.330225875075647934e-01
1.035000000000000142e+00	1.122873936117090160e-01	6.317982195642027898e-01
1.040000000000000036e+00	1.105720554641179826e-01	6.305295992897329560e-01
1.044999999999999929e+00	1.088494856833383401e-01	6.292143329434430887e-01
1.050000000000000044e+00	1.071197251279028262e-01	6.278498990483876163e-01
1.055000000000000160e+00	1.053828163976512494e-01	6.264335405521735956e-01
1.060000000000000053e+00	1.036388044693066224e-01	6.249623488012905348e-01
1.064999999999999947e+00	1.018877363292124277e-01	6.234331324389634776e-01
1.070000000000000062e+00	1.001296617000820843e-01	6.218425190737520980e-01
1.075000000000000178e+00	9.836463263819904268e-02	6.201867948871823133e-01
1.080000000000000071e+00	9.659270437067722648e-02	6.184620284551044511e-01
1.084999999999999964e+00	9.481393485247222030e-02	6.166638731812228436e-01
1.090000000000000080e+00	9.302838573886448859e-02	6.147877190651218626e-01
1.095000000000000195e+00	9.123612189701173214e-02	6.128284475505895168e-01
1.100000000000000089e+00	8.943721254558820166e-02	6.107806188398200442e-01
1.104999999999999982e+00	8.763173071497619426e-02	6.086381652670452835e-01
1.110000000000000098e+00	8.581975459583468524e-02	6.063946242268752895e-01
1.115000000000000213e+00	8.400136694145420024e-02	6.040427513393040737e-01
1.120000000000000107e+00	8.217665668062024142e-02	6.015748124753177439e-01
1.125000000000000000e+00	8.034571825526881650e-02	5.989820911465272291e-01
1.129999999999999893e+00	7.850865357208186568e-02	5.962552578976696438e-01
1.134999999999999787e+00	7.666557126863959848e-02	5.933837365858095625e-01
1.139999999999999902e+00	7.481658910537976326e-02	5.903561762129042600e-01
1.145000000000000018e+00	7.296183315441673312e-02	5.871596265915722812e-01
1.149999999999999911e+00	7.110144077298333198e-02	5.837801475113896243e-01
1.154999999999999805e+00	6.923555971185119118e-02	5.802017234201851670e-01
1.159999999999999920e+00	6.736435186982438206e-02	5.764070592343194521e-01
1.165000000000000036e+00	6.548799232488367039e-02	5.723761324197426115e-01
1.169999999999999929e+00	6.360667415767445876e-02	5.680872463172510489e-01
1.174999999999999822e+00	6.172060742115929866e-02	5.635150704050666537e-01
1.179999999999999938e+00	5.983002545778198095e-02	5.586320549236930555e-01
1.185000000000000053e+00	5.793518384836678081e-02	5.534057362329346530e-01
1.189999999999999947e+00	5.603636886461842853e-02	5.478006679280201796e-01
1.194999999999999840e+00	5.413389648651495412e-02	5.417746513711876322e-01
1.199999999999999956e+00	5.222812398574572246e-02	5.352814209309977311e-01
1.205000000000000071e+00	5.031944919522063353e-02	5.282652714786089110e-01
1.209999999999999964e+00	4.840832681410939947e-02	5.206648718587890690e-01
1.214999999999999858e+00	4.649526829857393573e-02	5.124054525697817608e-01
1.219999999999999973e+00	4.458086551297228695e-02	5.034043565592570824e-01
1.225000000000000089e+00	4.266579198178022808e-02	4.935594391533505987e-01
1.229999999999999982e+00	4.075083837277283100e-02	4.827573907836334999e-01
1.234999999999999876e+00	3.883691660811637580e-02	4.708561589829882155e-01
1.239999999999999991e+00	3.692511514406571910e-02	4.576979010756271893e-01
1.245000000000000107e+00	3.501670902719027784e-02	4.430819166034152268e-01
1.250000000000000000e+00	3.311324968786940465e-02	4.267858190770010274e-01
1.254999999999999893e+00	3.121658743210067519e-02	4.085237538975263205e-01
1.260000000000000009e+00	2.932902402860916580e-02	3.879833135066909633e-01
1.265000000000000124e+00	2.745336151810864184e-02	3.647631961829981839e-01
1.270000000000000018e+00	2.559317366327846371e-02	3.384422163710998910e-01
1.274999999999999911e+00	2.375291066485855918e-02	3.084966945683711992e-01
1.280000000000000027e+00	2.193840120593495979e-02	2.744318147798325835e-01
1.285000000000000142e+00	2.015707175307620419e-02	2.356998791505373059e-01
1.290000000000000036e+00	1.841888407509886805e-02	1.919248299534517532e-01
1.294999999999999929e+00	1.673674714611299991e-02	1.428836474362449038e-01
1.300000000000000044e+00	1.512810493042157818e-02	8.880613951853486010e-02
1.305000000000000160e+00	1.361535513657540462e-02	3.053836779355701553e-02
1.310000000000000053e+00	1.222722797260704028e-02	-3.030283018080450613e-02
1.314999999999999947e+00	1.099706167993620004e-02	-9.099249515125817922e-02
1.320000000000000062e+00	9.958135699554789000e-03	-1.483784128352736986e-01
1.325000000000000178e+00	9.134503738409079088e-03	-1.988846079478923667e-01
1.330000000000000071e+00	8.527430487836669404e-03	-2.404230677650746051e-01
1.334999999999999964e+00	8.113318521261162278e-03	-2.723898330457423245e-01
1.340000000000000080e+00	7.849108862859202965e-03	-2.961354032070021569e-01
1.345000000000000195e+00	7.689111654200481323e-03	-3.136871192900520522e-01
1.350000000000000089e+00	7.595803195020541312e-03	-3.269966392281190570e-01
1.354999999999999982e+00	7.542307259864062391e-03	-3.375573624715877963e-01
1.360000000000000098e+00	7.512164414712477895e-03	-3.463251466169949278e-01
1.365000000000000213e+00	7.495108702783043891e-03	-3.539071687838207247e-01
1.370000000000000107e+00	7.485511187403299724e-03	-3.606455645793344433e-01
1.375000000000000000e+00	7.480010320429961689e-03	-3.667463031620595282e-01
1.379999999999999893e+00	7.476829929076172707e-03	-3.723218846609527843e-01
1.384999999999999787e+00	7.474923234581003564e-03	-3.774401069837091116e-01
1.389999999999999902e+00	7.473743579925879593e-03	-3.821389841234072438e-01
1.395000000000000018e+00	7.472970037597222864e-03	-3.864427294266062352e-01
1.399999999999999911e+00	7.472435533751002092e-03	-3.903665169200792318e-01
1.404999999999999805e+00	7.472042002681628277e-03	-3.939214709839162221e-01
1.409999999999999920e+00	7.471738317418049648e-03	-3.971161690760376395e-01
1.415000000000000036e+00	7.471494353419982914e-03	-3.999581425117963440e-01
1.419999999999999929e+00	7.471294256047518977e-03	-4.024543701866442058e-01
1.424999999999999822e+00	7.471128545208794401e-03	-4.046116904331943376e-01
1.429999999999999938e+00	7.470992065124072018e-03	-4.064369838100923560e-01
1.435000000000000053e+00	7.470881586944986066e-03	-4.079372472614909984e-01
1.439999999999999947e+00	7.470795183806171365e-03	-4.091196793187004133e-01
1.444999999999999840e+00	7.470731505742712886e-03	-4.099916506018648210e-01
1.449999999999999956e+00	7.470689588167740182e-03	-4.105607563207253063e-01
1.455000000000000071e+00	7.470668634904521939e-03	-4.108347563700849858e-01
1.459999999999999964e+00	7.470667958502850287e-03	-4.108216148614180496e-01
1.464999999999999858e+00	7.470686917464778448e-03	-4.105294331570103483e-01
1.469999999999999973e+00	7.470724896769867333e-03	-4.099664824872862878e-01
1.475000000000000089e+00	7.470781291744427351e-03	-4.091411377082385670e-01
1.479999999999999982e+00	7.470855500966556637e-03	-4.080619049424718536e-01
1.484999999999999876e+00	7.470946924092979231e-03	-4.067373589079812390e-01
1.489999999999999991e+00	7.471054958689949017e-03	-4.051761662996574698e-01
1.495000000000000107e+00	7.471179002074527717e-03	-4.033870278911282914e-01
1.500000000000000000e+00	7.471318449497985938e-03	-4.013786980245821479e-01
1.504999999999999893e+00	7.471472696969313695e-03	-3.991599320680934704e-01
1.510000000000000009e+00	7.471641140001444685e-03	-3.967395022916682112e-01
1.515000000000000124e+00	7.471823176488204959e-03	-3.941261509726838863e-01
1.520000000000000018e+00	7.472018205764184746e-03	-3.913286029195668370e-01
1.524999999999999911e+00	7.472225631249829192e-03	-3.883555243427005976e-01
1.530000000000000027e+00	7.472444859739274525e-03	-3.852155322884835420e-01
1.535000000000000142e+00	7.472675303728018234e-03	-3.819171592657593095e-01
1.540000000000000036e+00	7.472916380892350233e-03	-3.784688598559026174e-01
1.544999999999999929e+00	7.473167516078411086e-03	-3.748789809844115806e-01
1.550000000000000044e+00	7.473428140951724960e-03	-3.711557659728068614e-01
1.555000000000000160e+00	7.473697695649098721e-03	-3.673073302642622107e-01
1.560000000000000053e+00	7.473975628581303217e-03	-3.633416631796943519e-01
1.564999999999999947e+00	7.474261397758680432e-03	-3.592666088420932158e-01
1.570000000000000062e+00	7.474554470731554004e-03	-3.550898658925061291e-01
1.575000000000000178e+00	7.474854325605245417e-03	-3.508189733081730211e-01
1.580000000000000071e+00	7.475160451103527587e-03	-3.464613083247068959e-01
1.584999999999999964e+00	7.475472347291697503e-03	-3.420240768066539760e-01
1.590000000000000080e+00	7.475789525748971313e-03	-3.375143096106319462e-01
1.595000000000000195e+00	7.476111510020212389e-03	-3.329388571420518472e-01
1.600000000000000089e+00	7.476437835883739669e-03	-3.283043843808238771e-01
1.604999999999999982e+00	7.476768051553579070e-03	-3.236173692432492977e-01
1.610000000000000098e+00	7.477101718029825587e-03	-3.188840964776276099e-01
1.615000000000000213e+00	7.477438409073974661e-03	-3.141106594443713873e-01
1.620000000000000107e+00	7.477777711629688892e-03	-3.093029530738550248e-01
1.625000000000000000e+00	7.478119225594055675e-03	-3.044666786792803448e-01
1.629999999999999893e+00	7.478462564297345787e-03	-2.996073361537667790e-01
1.634999999999999787e+00	7.478807354092914354e-03	-2.947302314381599619e-01
1.639999999999999902e+00	7.479153234885344351e-03	-2.898404681189565846e-01
1.645000000000000018e+00	7.479499859561260407e-03	-2.849429571859374843e-01
1.649999999999999911e+00	7.479846894556059500e-03	-2.800424081773100760e-01
1.654999999999999805e+00	7.480194019147205428e-03	-2.751433408787022361e-01
1.659999999999999920e+00	7.480540926050551279e-03	-2.702500761470770230e-01
1.665000000000000036e+00	7.480887320596769918e-03	-2.653667492223004687e-01
1.669999999999999929e+00	7.481232921349094227e-03	-2.604973003471030557e-01
1.674999999999999822e+00	7.481577459182452150e-03	-2.556454893842656229e-01
1.679999999999999938e+00	7.481920677915226969e-03	-2.508148863362930081e-01
1.685000000000000053e+00	7.482262333309475447e-03	-2.460088869845353243e-01
1.689999999999999947e+00	7.482602193710089292e-03	-2.412307033993697503e-01
1.694999999999999840e+00	7.482940038983171283e-03	-2.364833803416334090e-01
1.699999999999999956e+00	7.483275661156720687e-03	-2.317697858420597334e-01
1.705000000000000071e+00	7.483608863312896965e-03	-2.270926281297201421e-01
1.709999999999999964e+00	7.483939460225069208e-03	-2.224544463482466261e-01
1.714999999999999858e+00	7.484267277218321392e-03	-2.178576278000960986e-01
1.719999999999999973e+00	7.484592150798371167e-03	-2.133043988567527305e-01
1.725000000000000089e+00	7.484913927493301936e-03	-2.087968423311816202e-01
1.729999999999999982e+00	7.485232464470486895e-03	-2.043368886297248221e-01
1.734999999999999876e+00	7.485547628371174919e-03	-1.999263330878080225e-01
1.739999999999999991e+00	7.485859295912142969e-03	-1.955668274026118314e-01
1.745000000000000107e+00	7.486167352723453912e-03	-1.912598967887206014e-01
1.750000000000000000e+00	7.486471693932092095e-03	-1.870069317228457428e-01
1.754999999999999893e+00	7.486772223011938822e-03	-1.828092047964753886e-01
1.760000000000000009e+00	7.487068852347165439e-03	-1.786678627969196242e-01
1.765000000000000124e+00	7.487361502102239663e-03	-1.745839431530386843e-01
1.770000000000000018e+00	7.487650100763311098e-03	-1.705583663706255748e-01
1.774999999999999911e+00	7.487934584034931437e-03	-1.665919519848736430e-01
1.780000000000000027e+00	7.488214895358070652e-03	-1.626854113625776643e-01
1.785000000000000142e+00	7.488490984839168974e-03	-1.588393630911288934e-01
1.790000000000000036e+00	7.488762809743794956e-03	-1.550543261551440288e-01
1.794999999999999929e+00	7.489030333462643602e-03	-1.513307347064328789e-01
1.800000000000000044e+00	7.489293525980190991e-03	-1.476689316184235656e-01
1.805000000000000160e+00	7.489552362881349117e-03	-1.440691825947684468e-01
1.810000000000000053e+00	7.489806825794755388e-03	-1.405316701012609970e-01
1.814999999999999947e+00	7.490056901442953413e-03	-1.370565067825633698e-01
1.820000000000000062e+00	7.490302582060226304e-03	-1.336437297681719316e-01
1.825000000000000178e+00	7.490543864488425838e-03	-1.302933133772278818e-01
1.830000000000000071e+00	7.490780750569465789e-03	-1.270051637924310972e-01
1.834999999999999964e+00	7.491013246288255774e-03	-1.237791310420964797e-01
1.840000000000000080e+00	7.491241362140174664e-03	-1.206150040336995688e-01
1.845000000000000195e+00	7.491465112321948720e-03	-1.175125218103531960e-01
1.850000000000000089e+00	7.491684515074581267e-03	-1.144713689338417856e-01
1.854999999999999982e+00	7.491899591922506450e-03	-1.114911860195887672e-01
1.860000000000000098e+00	7.492110367992593604e-03	-1.085715654575709482e-01
1.865000000000000213e+00	7.492316871301423105e-03	-1.057120612357176637e-01
1.870000000000000107e+00	7.492519133051102689e-03	-1.029121849859425536e-01
1.875000000000000000e+00	7.492717186964126773e-03	-1.001714151108423906e-01
1.879999999999999893e+00	7.492911069556824379e-03	-9.748919314121413937e-02
1.884999999999999787e+00	7.493100819520922412e-03	-9.486493218499722491e-02
1.889999999999999902e+00	7.493286477975515981e-03	-9.229801358201354666e-02
1.895000000000000018e+00	7.493468087894181173e-03	-8.978779469739814334e-02
1.899999999999999911e+00	7.493645694336402777e-03	-8.733360585889404781e-02
1.904999999999999805e+00	7.493819343918848783e-03	-8.493475751961945819e-02
1.909999999999999920e+00	7.493989085027232162e-03	-8.259053746302928711e-02
1.915000000000000036e+00	7.494154967330160684e-03	-8.030021736186010450e-02
1.919999999999999929e+00	7.494317041972444957e-03	-7.806305023580782654e-02
1.924999999999999822e+00	7.494475361129791444e-03	-7.587827643493559593e-02
1.929999999999999938e+00	7.494629978184564646e-03	-7.374512133519657564e-02
1.935000000000000053e+00	7.494780947319482772e-03	-7.166280077556157202e-02
1.939999999999999947e+00	7.494928323676860148e-03	-6.963051897670603785e-02
1.944999999999999840e+00	7.495072162989379130e-03	-6.764747346166627429e-02
1.949999999999999956e+00	7.495212521723816287e-03	-6.571285318330320757e-02
1.955000000000000071e+00	7.495349456746924245e-03	-6.382584295849139111e-02
1.959999999999999964e+00	7.495483025454639098e-03	-6.198562179034265707e-02
1.964999999999999858e+00	7.495613285471072057e-03	-6.019136684582059027e-02
1.969999999999999973e+00	7.495740294764165201e-03	-5.844225195914191234e-02
1.975000000000000089e+00	7.495864111375808402e-03	-5.673745118234377327e-02
1.979999999999999982e+00	7.495984793524871487e-03	-5.507613745676586542e-02
1.984999999999999876e+00	7.496102399366473198e-03	-5.345748576551308945e-02
1.989999999999999991e+00	7.496216987083302238e-03	-5.188067196044689883e-02
1.995000000000000107e+00	7.496328614672085819e-03	-5.034487554472837773e-02
2.000000000000000000e+00	7.496437340024075628e-03	-4.884927864329964564e-02
2.004999999999999893e+00	7.496543220736807782e-03	-4.739306844279008585e-02
2.009999999999999787e+00	7.496646314184603720e-03	-4.597543629404111237e-02
2.014999999999999680e+00	7.496746677353763669e-03	-4.459557983564850503e-02
2.020000000000000018e+00	7.496844366903879578e-03	-4.325270221766497336e-02
2.024999999999999911e+00	7.496939439024682267e-03	-4.194601393395507721e-02
2.029999999999999805e+00	7.497031949488924471e-03	-4.067473215679764248e-02
2.035000000000000142e+00	7.497121953529169505e-03	-3.943808230207163784e-02
2.040000000000000036e+00	7.497209505882957391e-03	-3.823529746506816596e-02
2.044999999999999929e+00	7.497294660687896586e-03	-3.706561974132825676e-02
2.049999999999999822e+00	7.497377471519796679e-03	-3.592829975455050229e-02
2.054999999999999716e+00	7.497457991304497596e-03	-3.482259775468298652e-02
2.060000000000000053e+00	7.497536272349612438e-03	-3.374778322938207925e-02
2.064999999999999947e+00	7.497612366271604045e-03	-3.270313579973167101e-02
2.069999999999999840e+00	7.497686324021739929e-03	-3.168794490726366958e-02
2.075000000000000178e+00	7.497758195827029272e-03	-3.070151052645305259e-02
2.080000000000000071e+00	7.497828031210938132e-03	-2.974314291985119887e-02
2.084999999999999964e+00	7.497895878946869361e-03	-2.881216318529711273e-02
2.089999999999999858e+00	7.497961787074169764e-03	-2.790790307223196820e-02
2.094999999999999751e+00	7.498025802862914348e-03	-2.702970538038533543e-02
2.100000000000000089e+00	7.498087972825685094e-03	-2.617692383083968996e-02
2.104999999999999982e+00	7.498148342692516344e-03	-2.534892333179600971e-02
2.109999999999999876e+00	7.498206957418887542e-03	-2.454507989843591684e-02
2.115000000000000213e+00	7.498263861169755101e-03	-2.376478080025599959e-02
2.120000000000000107e+00	7.498319097324184120e-03	-2.300742452423168438e-02
2.125000000000000000e+00	7.498372708467457119e-03	-2.227242081713581845e-02
2.129999999999999893e+00	7.498424736392733311e-03	-2.155919068694097870e-02
2.134999999999999787e+00	7.498475222100312206e-03	-2.086716635250940657e-02
2.140000000000000124e+00	7.498524205796669971e-03	-2.019579127858107948e-02
2.145000000000000018e+00	7.498571726900025297e-03	-1.954452004424003450e-02
2.149999999999999911e+00	7.498617824037078113e-03	-1.891281840722382548e-02
2.155000000000000249e+00	7.498662535054087530e-03	-1.830016310163720336e-02
2.160000000000000142e+00	7.498705897011617369e-03	-1.770604192768455293e-02
2.165000000000000036e+00	7.498747946200397599e-03	-1.712995348821901367e-02
2.169999999999999929e+00	7.498788718134350752e-03	-1.657140730034011022e-02
2.174999999999999822e+00	7.498828247570579406e-03	-1.602992347953399038e-02
2.180000000000000160e+00	7.498866568500910275e-03	-1.550503286990050945e-02
2.185000000000000053e+00	7.498903714175414459e-03	-1.499627668385480894e-02
2.189999999999999947e+00	7.498939717092693857e-03	-1.450320664804811976e-02
2.195000000000000284e+00	7.498974609026377337e-03	-1.402538460586571362e-02
2.200000000000000178e+00	7.499008421014361978e-03	-1.356238267638561722e-02
2.205000000000000071e+00	7.499041183387782951e-03	-1.311378282622046101e-02
2.209999999999999964e+00	7.499072925759387408e-03	-1.267917703911727867e-02
2.214999999999999858e+00	7.499103677054540923e-03	-1.225816686305026063e-02
2.220000000000000195e+00	7.499133465498895347e-03	-1.185036358830633164e-02
2.225000000000000089e+00	7.499162318651014618e-03	-1.145538777513930087e-02
2.229999999999999982e+00	7.499190263389497908e-03	-1.107286943840901303e-02
2.235000000000000320e+00	7.499217325946861377e-03	-1.070244756055403583e-02
2.240000000000000213e+00	7.499243531896238914e-03	-1.034377028105902020e-02
2.245000000000000107e+00	7.499268906186203239e-03	-9.996494398991580960e-03
2.250000000000000000e+00	7.499293473127162206e-03	-9.660285565761332974e-03
2.254999999999999893e+00	7.499317256426819150e-03	-9.334817780995541270e-03
2.259999999999999787e+00	7.499340279176377501e-03	-9.019773587228210529e-03
2.264999999999999680e+00	7.499362563886387105e-03	-8.714843562453446560e-03
2.270000000000000018e+00	7.499384132472849095e-03	-8.419726515543493953e-03
2.274999999999999911e+00	7.499405006293207929e-03	-8.134128978420357772e-03
2.279999999999999805e+00	7.499425206132444115e-03	-7.857765401148011572e-03
2.285000000000000142e+00	7.499444752239025486e-03	-7.590357646296899512e-03
2.290000000000000036e+00	7.499463664311046759e-03	-7.331635182789978875e-03
2.294999999999999929e+00	7.499481961531963108e-03	-7.081334584700570839e-03
2.299999999999999822e+00	7.499499662556845074e-03	-6.839199723053646270e-03
2.304999999999999716e+00	7.499516785547743515e-03	-6.604981270993590635e-03
2.310000000000000053e+00	7.499533348160108449e-03	-6.378436892853159811e-03
2.314999999999999947e+00	7.499549367577659602e-03	-6.159330757350639854e-03
2.319999999999999840e+00	7.499564860499016890e-03	-5.947433723339581174e-03
2.325000000000000178e+00	7.499579843171953406e-03	-5.742522862443789899e-03
2.330000000000000071e+00	7.499594331380290448e-03	-5.544381640992474512e-03
2.334999999999999964e+00	7.499608340477440134e-03	-5.352799453274491824e-03
2.339999999999999858e+00	7.499621885373580592e-03	-5.167571799245310703e-03
2.344999999999999751e+00	7.499634980568420546e-03	-4.988499829377673715e-03
2.350000000000000089e+00	7.499647640138691097e-03	-4.815390517800726029e-03
2.354999999999999982e+00	7.499659877770056826e-03	-4.648056219540259472e-03
2.359999999999999876e+00	7.499671706744941505e-03	-4.486314838816874394e-03
2.365000000000000213e+00	7.499683139973543217e-03	-4.329989399303866247e-03
2.370000000000000107e+00	7.499694189982012218e-03	-4.178908207370909782e-03
2.375000000000000000e+00	7.499704868942525839e-03	-4.032904435840393639e-03
2.379999999999999893e+00	7.499715188661830630e-03	-3.891816282015831893e-03
2.384999999999999787e+00	7.499725160610346691e-03	-3.755486565286747253e-03
2.390000000000000124e+00	7.499734795911092329e-03	-3.623762879827923614e-03
2.395000000000000018e+00	7.499744105367787440e-03	-3.496497206286669057e-03
2.399999999999999911e+00	7.499753099454165885e-03	-3.373546059080868506e-03
2.405000000000000249e+00	7.499761788341074466e-03	-3.254770112299809788e-03
2.410000000000000142e+00	7.499770181886166939e-03	-3.140034341565701818e-03
2.415000000000000036e+00	7.499778289659995122e-03	-3.029207664189324540e-03
2.419999999999999929e+00	7.499786120936094078e-03	-2.922163075591571822e-03
2.424999999999999822e+00	7.499793684716049742e-03	-2.818777303676661683e-03
2.430000000000000160e+00	7.499800989719983962e-03	-2.718930939838395955e-03
2.435000000000000053e+00	7.499808044410608172e-03	-2.622508107445168171e-03
2.439999999999999947e+00	7.499814856984090075e-03	-2.529396587480010981e-03
2.445000000000000284e+00	7.499821435393116791e-03	-2.439487500972730913e-03
2.450000000000000178e+00	7.499827787338138839e-03	-2.352675429343690193e-03
2.455000000000000071e+00	7.499833920289444497e-03	-2.268858110567821291e-03
2.459999999999999964e+00	7.499839841478781952e-03	-2.187936554310035940e-03
2.464999999999999858e+00	7.499845557920470016e-03	-2.109814751563380327e-03
2.470000000000000195e+00	7.499851076403376768e-03	-2.034399784678651586e-03
2.475000000000000089e+00	7.499856403511092652e-03	-1.961601550183156295e-03
2.479999999999999982e+00	7.499861545614267336e-03	-1.891332863820063348e-03
2.485000000000000320e+00	7.499866508889850396e-03	-1.823509196224274310e-03
2.490000000000000213e+00	7.499871299313783796e-03	-1.758048773097438400e-03
2.495000000000000107e+00	7.499875922679339647e-03	-1.694872323393468083e-03
2.500000000000000000e+00	7.499880384590157031e-03	-1.633903174763361036e-03
2.504999999999999893e+00	7.499884690477697652e-03	-1.575067013884163874e-03
2.509999999999999787e+00	7.499888845594618325e-03	-1.518291977314159243e-03
2.514999999999999680e+00	7.499892855031373151e-03	-1.463508423584157199e-03
2.520000000000000018e+00	7.499896723709913865e-03	-1.410649019608875869e-03
2.524999999999999911e+00	7.499900456399463677e-03	-1.359648524148812220e-03
2.529999999999999805e+00	7.499904057710528142e-03	-1.310443869926978004e-03
2.535000000000000142e+00	7.499907532109879697e-03	-1.262973958062467384e-03
2.540000000000000036e+00	7.499910883914865170e-03	-1.217179736044209613e-03
2.544999999999999929e+00	7.499914117307622703e-03	-1.173004002732945224e-03
2.549999999999999822e+00	7.499917236329685030e-03	-1.130391482344942971e-03
2.554999999999999716e+00	7.499920244895452205e-03	-1.089288639617861168e-03
2.560000000000000053e+00	7.499923146787080240e-03	-1.049643749957377293e-03
2.564999999999999947e+00	7.499925945667239996e-03	-1.011406724363206203e-03
2.569999999999999840e+00	7.499928645074272968e-03	-9.745291758912811610e-04
2.575000000000000178e+00	7.499931248434277969e-03	-9.389642539389408699e-04
2.580000000000000071e+00	7.499933759056514118e-03	-9.046667071740029922e-04
2.584999999999999964e+00	7.499936180144844804e-03	-8.715927267829357266e-04
2.589999999999999858e+00	7.499938514793380931e-03	-8.397000060161346124e-04
2.594999999999999751e+00	7.499940765997302992e-03	-8.089475920089013927e-04
2.600000000000000089e+00	7.499942936648742835e-03	-7.792959420899348705e-04
2.604999999999999982e+00	7.499945029547005516e-03	-7.507067837922571903e-04
2.609999999999999876e+00	7.499947047394679191e-03	-7.231431680689670398e-04
2.615000000000000213e+00	7.499948992807287974e-03	-6.965693371197430013e-04
2.620000000000000107e+00	7.499950868309615201e-03	-6.709507746548937441e-04
2.625000000000000000e+00	7.499952676344817659e-03	-6.462540811721888398e-04
2.629999999999999893e+00	7.499954419270947470e-03	-6.224470214063893957e-04
2.634999999999999787e+00	7.499956099369555450e-03	-5.994984067012763471e-04
2.640000000000000124e+00	7.499957718842408146e-03	-5.773781397782274316e-04
2.645000000000000018e+00	7.499959279819594198e-03	-5.560571038588265876e-04
2.649999999999999911e+00	7.499960784356433929e-03	-5.355072048821010386e-04
2.655000000000000249e+00	7.499962234441112999e-03	-5.157012670437894535e-04
2.660000000000000142e+00	7.499963631991773266e-03	-4.966130725876449032e-04
2.665000000000000036e+00	7.499964978863697153e-03	-4.782172634389879828e-04
2.669999999999999929e+00	7.499966276846570246e-03	-4.604893786913302626e-04
2.674999999999999822e+00	7.499967527671244985e-03	-4.434057620231256040e-04
2.680000000000000160e+00	7.499968733007160264e-03	-4.269435969965025752e-04
2.685000000000000053e+00	7.499969894468706127e-03	-4.110808199576772510e-04
2.689999999999999947e+00	7.499971013612791691e-03	-3.957961532604845067e-04
2.695000000000000284e+00	7.499972091944837743e-03	-3.810690233625056082e-04
2.700000000000000178e+00	7.499973130916483439e-03	-3.668795920816051749e-04
2.705000000000000071e+00	7.499974131931220686e-03	-3.532086796115605875e-04
2.709999999999999964e+00	7.499975096342235276e-03	-3.400377939153111616e-04
2.714999999999999858e+00	7.499976025457706467e-03	-3.273490583951782864e-04
2.720000000000000195e+00	7.499976920538773024e-03	-3.151252395225925991e-04
2.725000000000000089e+00	7.499977782804510135e-03	-3.033496789093521970e-04
2.729999999999999982e+00	7.499978613430022950e-03	-2.920063192690823995e-04
2.735000000000000320e+00	7.499979413551112126e-03	-2.810796406472026022e-04
2.740000000000000213e+00	7.499980184262490523e-03	-2.705546848053533185e-04
2.745000000000000107e+00	7.499980926622159053e-03	-2.604169953784792068e-04
2.750000000000000000e+00	7.499981641649727457e-03	-2.506526407693544854e-04
2.754999999999999893e+00	7.499982330330527344e-03	-2.412481580122142122e-04
2.759999999999999787e+00	7.499982993614030119e-03	-2.321905742604155444e-04
2.764999999999999680e+00	7.499983632417705874e-03	-2.234673541461550355e-04
2.770000000000000018e+00	7.499984247625541937e-03	-2.150664199404740001e-04
2.774999999999999911e+00	7.499984840091656300e-03	-2.069761022089314142e-04
2.779999999999999805e+00	7.499985410638908973e-03	-1.991851587193133792e-04
2.785000000000000142e+00	7.499985960062289028e-03	-1.916827282029539225e-04
2.790000000000000036e+00	7.499986489127613565e-03	-1.844583480819568413e-04
2.794999999999999929e+00	7.499986998574699644e-03	-1.775019111551208288e-04
2.799999999999999822e+00	7.499987489116142179e-03	-1.708036822128516377e-04
2.804999999999999716e+00	7.499987961440290722e-03	-1.643542574761112517e-04
2.810000000000000053e+00	7.499988416210098471e-03	-1.581445801637482694e-04
2.814999999999999947e+00	7.499988854065909975e-03	-1.521659025215958737e-04
2.819999999999999840e+00	7.499989275624387337e-03	-1.464098004036665907e-04
2.825000000000000178e+00	7.499989681481116638e-03	-1.408681377369793678e-04
2.830000000000000071e+00	7.499990072209599193e-03	-1.355330801750269279e-04
2.834999999999999964e+00	7.499990448363692309e-03	-1.303970618521313864e-04
2.839999999999999858e+00	7.499990810476669933e-03	-1.254527981642884239e-04
2.844999999999999751e+00	7.499991159063498607e-03	-1.206932546748454261e-04
2.850000000000000089e+00	7.499991494619960564e-03	-1.161116590748850676e-04
2.854999999999999982e+00	7.499991817624783973e-03	-1.117014721093554682e-04
2.859999999999999876e+00	7.499992128538821544e-03	-1.074563987666327743e-04
2.865000000000000213e+00	7.499992427807039390e-03	-1.033703611014254349e-04
2.870000000000000107e+00	7.499992715857749410e-03	-9.943750870018369203e-05
2.875000000000000000e+00	7.499992993104473253e-03	-9.565219328398212020e-05
2.879999999999999893e+00	7.499993259945218933e-03	-9.200897849405524902e-05
2.884999999999999787e+00	7.499993516764223364e-03	-8.850261616449549827e-05
2.890000000000000124e+00	7.499993763931277549e-03	-8.512805546959693545e-05
2.895000000000000018e+00	7.499994001803350283e-03	-8.188042076227461331e-05
2.899999999999999911e+00	7.499994230723964518e-03	-7.875502012269647854e-05
2.905000000000000249e+00	7.499994451024708311e-03	-7.574732466445435644e-05
2.910000000000000142e+00	7.499994663024654555e-03	-7.285297652157947314e-05
2.915000000000000036e+00	7.499994867031768708e-03	-7.006776953008368985e-05
2.919999999999999929e+00	7.499995063342365827e-03	-6.738765668834867503e-05
2.924999999999999822e+00	7.499995252242433290e-03	-6.480873212707786882e-05
2.930000000000000160e+00	7.499995434007113854e-03	-6.232723807619354006e-05
2.935000000000000053e+00	7.499995608901943375e-03	-5.993954804116194109e-05
2.939999999999999947e+00	7.499995777182372030e-03	-5.764217330748782828e-05
2.945000000000000284e+00	7.499995939094912696e-03	-5.543174724635307674e-05
2.950000000000000178e+00	7.499996094876693400e-03	-5.330503138601834896e-05
2.955000000000000071e+00	7.499996244756536312e-03	-5.125890077446765985e-05
2.959999999999999964e+00	7.499996388954536207e-03	-4.929034964510501440e-05
2.964999999999999858e+00	7.499996527683064872e-03	-4.739647776809109242e-05
2.970000000000000195e+00	7.499996661146375587e-03	-4.557449573643377683e-05
2.975000000000000089e+00	7.499996789541545084e-03	-4.382171224221147047e-05
2.979999999999999982e+00	7.499996913058104044e-03	-4.213553900726724796e-05
2.985000000000000320e+00	7.499997031878910536e-03	-4.051347892395976543e-05
2.990000000000000213e+00	7.499997146179810011e-03	-3.895313065360450362e-05
2.995000000000000107e+00	7.499997256130448882e-03	-3.745217757546079183e-05
3.000000000000000000e+00	7.499997361893951005e-03	-3.600839207412742817e-05
3.004999999999999893e+00	7.499997463627683554e-03	-3.461962524378429988e-05
3.009999999999999787e+00	7.499997561482955183e-03	-3.328381088500145194e-05
3.014999999999999680e+00	7.499997655605722055e-03	-3.199895591441853816e-05
3.020000000000000018e+00	7.499997746136315493e-03	-3.076314408988227504e-05
3.024999999999999911e+00	7.499997833210092502e-03	-2.957452707907275505e-05
3.029999999999999805e+00	7.499997916957185963e-03	-2.843132793064076803e-05
3.035000000000000142e+00	7.499997997503110927e-03	-2.733183275822114529e-05
3.040000000000000036e+00	7.499998074968526954e-03	-2.627439397425240810e-05
3.044999999999999929e+00	7.499998149469807099e-03	-2.525742254834110001e-05
3.049999999999999822e+00	7.499998221118814139e-03	-2.427939101947833108e-05
3.054999999999999716e+00	7.499998290023434863e-03	-2.333882629038322177e-05
3.060000000000000053e+00	7.499998356287364970e-03	-2.243431243285923601e-05
3.064999999999999947e+00	7.499998420010608666e-03	-2.156448398224807952e-05
3.069999999999999840e+00	7.499998481289281774e-03	-2.072802854955542207e-05
3.075000000000000178e+00	7.499998540216072304e-03	-1.992368058243689579e-05
3.080000000000000071e+00	7.499998596880057440e-03	-1.915022379698066719e-05
3.084999999999999964e+00	7.499998651367136351e-03	-1.840648537377926445e-05
3.089999999999999858e+00	7.499998703759855855e-03	-1.769133822149735908e-05
3.094999999999999751e+00	7.499998754137811134e-03	-1.700369557854067827e-05
3.100000000000000089e+00	7.499998802577490485e-03	-1.634251311962529461e-05
3.104999999999999982e+00	7.499998849152640472e-03	-1.570678393560593939e-05
3.109999999999999876e+00	7.499998893934125416e-03	-1.509554049361946057e-05
3.115000000000000213e+00	7.499998936990268268e-03	-1.450784996941997305e-05
3.120000000000000107e+00	7.499998978386716170e-03	-1.394281607085767570e-05
3.125000000000000000e+00	7.499999018186759639e-03	-1.339957469860936812e-05
3.129999999999999893e+00	7.499999056451205071e-03	-1.287729564240714884e-05
3.134999999999999787e+00	7.499999093238675710e-03	-1.237517854769672262e-05
3.140000000000000124e+00	7.499999128605490221e-03	-1.189245449313451058e-05
3.145000000000000018e+00	7.499999162605941981e-03	-1.142838224217001760e-05
3.149999999999999911e+00	7.499999195292186317e-03	-1.098224971002325759e-05
3.155000000000000249e+00	7.499999226714503323e-03	-1.055337048059882614e-05
3.160000000000000142e+00	7.499999256921190301e-03	-1.014108517030283585e-05
3.165000000000000036e+00	7.499999285958801158e-03	-9.744758192063767422e-06
3.169999999999999929e+00	7.499999313872057066e-03	-9.363779023203257267e-06
3.174999999999999822e+00	7.499999340704061566e-03	-8.997559199402798850e-06
3.180000000000000160e+00	7.499999366496216437e-03	-8.645533493085983914e-06
3.185000000000000053e+00	7.499999391288428123e-03	-8.307157121394413745e-06
3.189999999999999947e+00	7.499999415119022739e-03	-7.981906841347593005e-06
3.195000000000000284e+00	7.499999438024939485e-03	-7.669278357027142898e-06
3.200000000000000178e+00	7.499999460041657795e-03	-7.368787337172869033e-06
3.205000000000000071e+00	7.499999481203368200e-03	-7.079967007607652374e-06
3.209999999999999964e+00	7.499999501542908148e-03	-6.802369096660894916e-06
3.214999999999999858e+00	7.499999521091923332e-03	-6.535561600015632191e-06
3.220000000000000195e+00	7.499999539880801772e-03	-6.279129658861422722e-06
3.225000000000000089e+00	7.499999557938829935e-03	-6.032673485073056720e-06
3.229999999999999982e+00	7.499999575294130291e-03	-5.795809176898255456e-06
3.235000000000000320e+00	7.499999591973801824e-03	-5.568166793110604328e-06
3.240000000000000213e+00	7.499999608003866253e-03	-5.349391110560404749e-06
3.245000000000000107e+00	7.499999623409398138e-03	-5.139139836968665753e-06
3.250000000000000000e+00	7.499999638214473706e-03	-4.937084314244381903e-06
3.254999999999999893e+00	7.499999652442290547e-03	-4.742907860189125593e-06
3.259999999999999787e+00	7.499999666115123378e-03	-4.556306421475786243e-06
3.264999999999999680e+00	7.499999679254434198e-03	-4.376987035051103468e-06
3.270000000000000018e+00	7.499999691880826318e-03	-4.204668434360589768e-06
3.274999999999999911e+00	7.499999704014152779e-03	-4.039079621983553147e-06
3.279999999999999805e+00	7.499999715673473857e-03	-3.879960432333928077e-06
3.285000000000000142e+00	7.499999726877149865e-03	-3.727060207667747446e-06
3.290000000000000036e+00	7.499999737642809930e-03	-3.580138320289847815e-06
3.294999999999999929e+00	7.499999747987438729e-03	-3.438962944663109341e-06
3.299999999999999822e+00	7.499999757927336592e-03	-3.303311541991792607e-06
3.304999999999999716e+00	7.499999767478212308e-03	-3.172969721536571771e-06
3.310000000000000053e+00	7.499999776655140622e-03	-3.047731690222424953e-06
3.314999999999999947e+00	7.499999785472645508e-03	-2.927399196801435645e-06
3.319999999999999840e+00	7.499999793944668071e-03	-2.811781949041849752e-06
3.325000000000000178e+00	7.499999802084638539e-03	-2.700696634780455419e-06
3.330000000000000071e+00	7.499999809905445909e-03	-2.593967308866257692e-06
3.334999999999999964e+00	7.499999817419509066e-03	-2.491424485733407046e-06
3.339999999999999858e+00	7.499999824638742089e-03	-2.392905498272468296e-06
3.344999999999999751e+00	7.499999831574627983e-03	-2.298253656695474722e-06
3.350000000000000089e+00	7.499999838238181372e-03	-2.207318581401452942e-06
3.354999999999999982e+00	7.499999844640015297e-03	-2.119955423399309760e-06
3.359999999999999876e+00	7.499999850790314317e-03	-2.036025172954286705e-06
3.365000000000000213e+00	7.499999856698888294e-03	-1.955393937151635285e-06
3.370000000000000107e+00	7.499999862375149838e-03	-1.877933226089162166e-06
3.375000000000000000e+00	7.499999867828167216e-03	-1.803519283364664134e-06
3.379999999999999893e+00	7.499999873066640066e-03	-1.732033351524229814e-06
3.384999999999999787e+00	7.499999878098949704e-03	-1.663361051738034723e-06
3.390000000000000124e+00	7.499999882933135707e-03	-1.597392629807362999e-06
3.395000000000000018e+00	7.499999887576943615e-03	-1.534022381517395705e-06
3.399999999999999911e+00	7.499999892037804983e-03	-1.473148880622779062e-06
3.405000000000000249e+00	7.499999896322875545e-03	-1.414674446617216003e-06
3.410000000000000142e+00	7.499999900439022205e-03	-1.358505356011234564e-06
3.415000000000000036e+00	7.499999904392858595e-03	-1.304551349286115648e-06
3.419999999999999929e+00	7.499999908190730334e-03	-1.252725826746246583e-06
3.424999999999999822e+00	7.499999911838746251e-03	-1.202945391884510309e-06
3.430000000000000160e+00	7.499999915342769712e-03	-1.155130032904768465e-06
3.435000000000000053e+00	7.499999918708445505e-03	-1.109202699827270454e-06
3.439999999999999947e+00	7.499999921941190306e-03	-1.065089472604257536e-06
3.445000000000000284e+00	7.499999925046218693e-03	-1.022719169561152490e-06
3.450000000000000178e+00	7.499999928028534477e-03	-9.820235032525993099e-07
3.455000000000000071e+00	7.499999930892956718e-03	-9.429367178505549109e-07
3.459999999999999964e+00	7.499999933644105853e-03	-9.053957334753223064e-07
3.464999999999999858e+00	7.499999936286432314e-03	-8.693398105289530968e-07
3.470000000000000195e+00	7.499999938824206125e-03	-8.347106833844981431e-07
3.475000000000000089e+00	7.499999941261537711e-03	-8.014522496975164637e-07
3.479999999999999982e+00	7.499999943602370100e-03	-7.695106942352373972e-07
3.485000000000000320e+00	7.499999945850499734e-03	-7.388342012420680385e-07
3.490000000000000213e+00	7.499999948009568665e-03	-7.093730690759960814e-07
3.495000000000000107e+00	7.499999950083082768e-03	-6.810794440697531660e-07
3.500000000000000000e+00	7.499999952074406541e-03	-6.539074267172580140e-07
3.504999999999999893e+00	7.499999953986776977e-03	-6.278128252881889698e-07
3.509999999999999787e+00	7.499999955823299230e-03	-6.027532541662251527e-07
3.514999999999999680e+00	7.499999957586964833e-03	-5.786879058551138794e-07
3.520000000000000018e+00	7.499999959280641282e-03	-5.555776420361398505e-07
3.524999999999999911e+00	7.499999960907088523e-03	-5.333847826186250186e-07
3.529999999999999805e+00	7.499999962468955478e-03	-5.120731900060445163e-07
3.535000000000000142e+00	7.499999963968791324e-03	-4.916080739476229180e-07
3.540000000000000036e+00	7.499999965409041153e-03	-4.719560695189066042e-07
3.544999999999999929e+00	7.499999966792058118e-03	-4.530850566160868747e-07
3.549999999999999822e+00	7.499999968120099093e-03	-4.349642321398552751e-07
3.554999999999999716e+00	7.499999969395337689e-03	-4.175639429644917943e-07
3.560000000000000053e+00	7.499999970619857306e-03	-4.008557527335854306e-07
3.564999999999999947e+00	7.499999971795663287e-03	-3.848122874042079346e-07
3.569999999999999840e+00	7.499999972924680305e-03	-3.694072970598430489e-07
3.575000000000000178e+00	7.499999974008757578e-03	-3.546155130778522382e-07
3.580000000000000071e+00	7.499999975049674063e-03	-3.404127053093590715e-07
3.584999999999999964e+00	7.499999976049136728e-03	-3.267755499412166243e-07
3.589999999999999858e+00	7.499999977008784888e-03	-3.136816824326583949e-07
3.594999999999999751e+00	7.499999977930196272e-03	-3.011095752950204319e-07
3.600000000000000089e+00	7.499999978814882694e-03	-2.890385871091759384e-07
3.604999999999999982e+00	7.499999979664300452e-03	-2.774488494905578542e-07
3.609999999999999876e+00	7.499999980479846000e-03	-2.663213124399592491e-07
3.615000000000000213e+00	7.499999981262862880e-03	-2.556376398500124286e-07
3.620000000000000107e+00	7.499999982014638258e-03	-2.453802514075770621e-07
3.625000000000000000e+00	7.499999982736413329e-03	-2.355322260257711564e-07
3.629999999999999893e+00	7.499999983429377244e-03	-2.260773406446934878e-07
3.634999999999999787e+00	7.499999984094673187e-03	-2.169999808398051402e-07
3.640000000000000124e+00	7.499999984733398371e-03	-2.082851767201156399e-07
3.645000000000000018e+00	7.499999985346609242e-03	-1.999185204122560284e-07
3.649999999999999911e+00	7.499999985935317144e-03	-1.918861992141894157e-07
3.655000000000000249e+00	7.499999986500496992e-03	-1.841749192473787156e-07
3.660000000000000142e+00	7.499999987043082933e-03	-1.767719361586355554e-07
3.665000000000000036e+00	7.499999987563973555e-03	-1.696649845818450094e-07
3.669999999999999929e+00	7.499999988064029281e-03	-1.628423065373969513e-07
3.674999999999999822e+00	7.499999988544080176e-03	-1.562925862041074538e-07
3.680000000000000160e+00	7.499999989004922478e-03	-1.500049761384887928e-07
3.685000000000000053e+00	7.499999989447319465e-03	-1.439690370927008066e-07
3.689999999999999947e+00	7.499999989872004925e-03	-1.381747621918317487e-07
3.695000000000000284e+00	7.499999990279685759e-03	-1.326125213045227248e-07
3.700000000000000178e+00	7.499999990671035906e-03	-1.272730834833870264e-07
3.705000000000000071e+00	7.499999991046709356e-03	-1.221475654761307457e-07
3.709999999999999964e+00	7.499999991407327142e-03	-1.172274524981436298e-07
3.714999999999999858e+00	7.499999991753492946e-03	-1.125045506660125660e-07
3.720000000000000195e+00	7.499999992085780096e-03	-1.079710061458483166e-07
3.725000000000000089e+00	7.499999992404742834e-03	-1.036192612655165759e-07
3.729999999999999982e+00	7.499999992710911986e-03	-9.944207224928099679e-08
3.735000000000000320e+00	7.499999993004798429e-03	-9.543246861150227496e-08
3.740000000000000213e+00	7.499999993286893089e-03	-9.158376951803714875e-08
3.745000000000000107e+00	7.499999993557665209e-03	-8.788954635085233188e-08
3.750000000000000000e+00	7.499999993817566685e-03	-8.434363780466587876e-08
3.754999999999999893e+00	7.499999994067033798e-03	-8.094011524777250519e-08
3.759999999999999787e+00	7.499999994306480282e-03	-7.767329676536879201e-08
3.764999999999999680e+00	7.499999994536309458e-03	-7.453771512984976762e-08
3.770000000000000018e+00	7.499999994756902967e-03	-7.152813073627966915e-08
3.774999999999999911e+00	7.499999994968632039e-03	-6.863950204709794812e-08
3.779999999999999805e+00	7.499999995171848823e-03	-6.586699753664009856e-08
3.785000000000000142e+00	7.499999995366895926e-03	-6.320596847265139248e-08
3.790000000000000036e+00	7.499999995554099477e-03	-6.065195989144798300e-08
3.794999999999999929e+00	7.499999995733772594e-03	-5.820068543193445416e-08
3.799999999999999822e+00	7.499999995906217118e-03	-5.584803751549093749e-08
3.804999999999999716e+00	7.499999996071723615e-03	-5.359006406087249192e-08
3.810000000000000053e+00	7.499999996230567040e-03	-5.142297795152283823e-08
3.814999999999999947e+00	7.499999996383017141e-03	-4.934313552033936115e-08
3.819999999999999840e+00	7.499999996529328056e-03	-4.734704527332721367e-08
3.825000000000000178e+00	7.499999996669746115e-03	-4.543134801179348794e-08
3.830000000000000071e+00	7.499999996804508975e-03	-4.359282487339168825e-08
3.834999999999999964e+00	7.499999996933842152e-03	-4.182837903322573502e-08
3.839999999999999858e+00	7.499999997057962484e-03	-4.013504316431066607e-08
3.844999999999999751e+00	7.499999997177080741e-03	-3.850996248927612120e-08
3.850000000000000089e+00	7.499999997291395548e-03	-3.695040164555669328e-08
3.854999999999999982e+00	7.499999997401102063e-03	-3.545372909983312693e-08
3.859999999999999876e+00	7.499999997506384165e-03	-3.401742345586932584e-08
3.865000000000000213e+00	7.499999997607418797e-03	-3.263905902462835074e-08
3.870000000000000107e+00	7.499999997704376829e-03	-3.131631172237541001e-08
3.875000000000000000e+00	7.499999997797423060e-03	-3.004694572687366399e-08
3.879999999999999893e+00	7.499999997886712746e-03	-2.882881889397735730e-08
3.884999999999999787e+00	7.499999997972397678e-03	-2.765987051207185494e-08
3.890000000000000124e+00	7.499999998054622703e-03	-2.653812624400254733e-08
3.895000000000000018e+00	7.499999998133527468e-03	-2.546168679934878656e-08
3.899999999999999911e+00	7.499999998209244678e-03	-2.442873257103125553e-08
3.905000000000000249e+00	7.499999998281902704e-03	-2.343751316150514329e-08
3.910000000000000142e+00	7.499999998351623842e-03	-2.248635163262401980e-08
3.915000000000000036e+00	7.499999998418528657e-03	-2.157363483637200623e-08
3.919999999999999929e+00	7.499999998482728171e-03	-2.069781736758906759e-08
3.924999999999999822e+00	7.499999998544331671e-03	-1.985741267546372656e-08
3.930000000000000160e+00	7.499999998603444108e-03	-1.905099665423950851e-08
3.935000000000000053e+00	7.499999998660165229e-03	-1.827719940805930294e-08
3.939999999999999947e+00	7.499999998714592178e-03	-1.753470862873205995e-08
3.945000000000000284e+00	7.499999998766816896e-03	-1.682226200677634712e-08
3.950000000000000178e+00	7.499999998816927853e-03	-1.613865031552933909e-08
3.955000000000000071e+00	7.499999998865010918e-03	-1.548271041985489308e-08
3.959999999999999964e+00	7.499999998911145889e-03	-1.485332816178864749e-08
3.964999999999999858e+00	7.499999998955414297e-03	-1.424943184138987395e-08
3.970000000000000195e+00	7.499999998997889002e-03	-1.366999487366579631e-08
3.975000000000000089e+00	7.499999999038643728e-03	-1.311402983322912774e-08
3.979999999999999982e+00	7.499999999077746997e-03	-1.258059089287991276e-08
3.985000000000000320e+00	7.499999999115265596e-03	-1.206876829138909383e-08
3.990000000000000213e+00	7.499999999151263710e-03	-1.157769060426263059e-08
3.995000000000000107e+00	7.499999999185802922e-03	-1.110651969869931032e-08
4.000000000000000000e+00	7.499999999218941345e-03	-1.065445276536781492e-08
4.004999999999999893e+00	7.499999999250736224e-03	-1.022071763729992002e-08
4.009999999999999787e+00	7.499999999281241336e-03	-9.804574742479330171e-09
4.014999999999999680e+00	7.499999999310510458e-03	-9.405312746571513491e-09
4.019999999999999574e+00	7.499999999338590427e-03	-9.022250353280265008e-09
4.025000000000000355e+00	7.499999999365531550e-03	-8.654732296986921272e-09
4.030000000000000249e+00	7.499999999391378930e-03	-8.302130953764788527e-09
4.035000000000000142e+00	7.499999999416176802e-03	-7.963842726332919785e-09
4.040000000000000036e+00	7.499999999439968534e-03	-7.639289520561745722e-09
4.044999999999999929e+00	7.499999999462794893e-03	-7.327915329646665813e-09
4.049999999999999822e+00	7.499999999484693175e-03	-7.029187651651881210e-09
4.054999999999999716e+00	7.499999999505702411e-03	-6.742594383466838488e-09
4.059999999999999609e+00	7.499999999525857296e-03	-6.467645064495835415e-09
4.064999999999999503e+00	7.499999999545194258e-03	-6.203867985262624902e-09
4.070000000000000284e+00	7.499999999563745391e-03	-5.950811386956352785e-09
4.075000000000000178e+00	7.499999999581542787e-03	-5.708040805949879039e-09
4.080000000000000071e+00	7.499999999598615935e-03	-5.475140199317046845e-09
4.084999999999999964e+00	7.499999999614994327e-03	-5.251709428263174656e-09
4.089999999999999858e+00	7.499999999630706585e-03	-5.037365305098433273e-09
4.094999999999999751e+00	7.499999999645781332e-03	-4.831739347018322745e-09
4.099999999999999645e+00	7.499999999660241987e-03	-4.634478668005380073e-09
4.105000000000000426e+00	7.499999999674114570e-03	-4.445243856236131422e-09
4.110000000000000320e+00	7.499999999687422501e-03	-4.263709896110267048e-09
4.115000000000000213e+00	7.499999999700188331e-03	-4.089564254012667834e-09
4.120000000000000107e+00	7.499999999712434612e-03	-3.922507646155980860e-09
4.125000000000000000e+00	7.499999999724183894e-03	-3.762252287204675858e-09
4.129999999999999893e+00	7.499999999735452658e-03	-3.608522597682585133e-09
4.134999999999999787e+00	7.499999999746263454e-03	-3.461053555262019356e-09
4.139999999999999680e+00	7.499999999756634499e-03	-3.319591393155403592e-09
4.144999999999999574e+00	7.499999999766582270e-03	-3.183892081708357936e-09
4.150000000000000355e+00	7.499999999776124984e-03	-3.053721908682205027e-09
4.155000000000000249e+00	7.499999999785278253e-03	-2.928856170492088770e-09
4.160000000000000142e+00	7.499999999794059423e-03	-2.809079717007290297e-09
4.165000000000000036e+00	7.499999999802482373e-03	-2.694185657473663314e-09
4.169999999999999929e+00	7.499999999810560980e-03	-2.583975910220794134e-09
4.174999999999999822e+00	7.499999999818311724e-03	-2.478259979628280744e-09
4.179999999999999716e+00	7.499999999825745015e-03	-2.376855447393320002e-09
4.185000000000000497e+00	7.499999999832876463e-03	-2.279586930635815849e-09
4.190000000000000391e+00	7.499999999839716477e-03	-2.186286513062019420e-09
4.195000000000000284e+00	7.499999999846277202e-03	-2.096792686179457833e-09
4.200000000000000178e+00	7.499999999852569911e-03	-2.010950843206781940e-09
4.205000000000000071e+00	7.499999999858605881e-03	-1.928612316138344138e-09
4.209999999999999964e+00	7.499999999864395521e-03	-1.849634779319265868e-09
4.214999999999999858e+00	7.499999999869949238e-03	-1.773881385952480843e-09
4.219999999999999751e+00	7.499999999875275707e-03	-1.701221104698246275e-09
4.224999999999999645e+00	7.499999999880385335e-03	-1.631527922389580952e-09
4.230000000000000426e+00	7.499999999885285928e-03	-1.564681207993139512e-09
4.235000000000000320e+00	7.499999999889987029e-03	-1.500564981361243253e-09
4.240000000000000213e+00	7.499999999894494708e-03	-1.439068210091059312e-09
4.245000000000000107e+00	7.499999999898819374e-03	-1.380084124751098589e-09
4.250000000000000000e+00	7.499999999902967097e-03	-1.323510487715002091e-09
4.254999999999999893e+00	7.499999999906944818e-03	-1.269249023453505645e-09
4.259999999999999787e+00	7.499999999910760343e-03	-1.217205628451460146e-09
4.264999999999999680e+00	7.499999999914419742e-03	-1.167289856194553530e-09
4.269999999999999574e+00	7.499999999917929087e-03	-1.119415093921312863e-09
4.275000000000000355e+00	7.499999999921296186e-03	-1.073498074250614350e-09
4.280000000000000249e+00	7.499999999924524506e-03	-1.029459087796606287e-09
4.285000000000000142e+00	7.499999999927620987e-03	-9.872214878806258018e-10
4.290000000000000036e+00	7.499999999930590834e-03	-9.467119074748696319e-10
4.294999999999999929e+00	7.499999999933439250e-03	-9.078598016734409155e-10
4.299999999999999822e+00	7.499999999936171440e-03	-8.705976336669460030e-10
4.304999999999999716e+00	7.499999999938790872e-03	-8.348604768920780400e-10
4.309999999999999609e+00	7.499999999941302752e-03	-8.005861664120412505e-10
4.314999999999999503e+00	7.499999999943713150e-03	-7.677149580405759073e-10
4.320000000000000284e+00	7.499999999946024669e-03	-7.361896704107259831e-10
4.325000000000000178e+00	7.499999999948241645e-03	-7.059553250651271029e-10
4.330000000000000071e+00	7.499999999950367549e-03	-6.769592849131397560e-10
4.334999999999999964e+00	7.499999999952405849e-03	-6.491509142288904654e-10
4.339999999999999858e+00	7.499999999954360883e-03	-6.224817609913504122e-10
4.344999999999999751e+00	7.499999999956236119e-03	-5.969052708483473178e-10
4.349999999999999645e+00	7.499999999958034159e-03	-5.723768615821533355e-10
4.355000000000000426e+00	7.499999999959759342e-03	-5.488536782551239951e-10
4.360000000000000320e+00	7.499999999961412533e-03	-5.262946814137213694e-10
4.365000000000000213e+00	7.499999999962998938e-03	-5.046604245114721177e-10
4.370000000000000107e+00	7.499999999964519423e-03	-4.839131379948738338e-10
4.375000000000000000e+00	7.499999999965979193e-03	-4.640165665894840200e-10
4.379999999999999893e+00	7.499999999967377380e-03	-4.449359825562891314e-10
4.384999999999999787e+00	7.499999999968719189e-03	-4.266379811592572164e-10
4.389999999999999680e+00	7.499999999970006354e-03	-4.090905861785668862e-10
4.394999999999999574e+00	7.499999999971239742e-03	-3.922630506901794835e-10
4.400000000000000355e+00	7.499999999972422823e-03	-3.761259656512548978e-10
4.405000000000000249e+00	7.499999999973557332e-03	-3.606510655270137553e-10
4.410000000000000142e+00	7.499999999974645004e-03	-3.458112956689371329e-10
4.415000000000000036e+00	7.499999999975688440e-03	-3.315806192266134529e-10
4.419999999999999929e+00	7.499999999976688508e-03	-3.179341427977351356e-10
4.424999999999999822e+00	7.499999999977647810e-03	-3.048479589948068088e-10
4.429999999999999716e+00	7.499999999978568081e-03	-2.922991417067337092e-10
4.435000000000000497e+00	7.499999999979451056e-03	-2.802656649746852008e-10
4.440000000000000391e+00	7.499999999980296733e-03	-2.687264964427663161e-10
4.445000000000000284e+00	7.499999999981107716e-03	-2.576613778075794099e-10
4.450000000000000178e+00	7.499999999981885740e-03	-2.470509079776075196e-10
4.455000000000000071e+00	7.499999999982631671e-03	-2.368764291970770610e-10
4.459999999999999964e+00	7.499999999983347244e-03	-2.271200946110387088e-10
4.464999999999999858e+00	7.499999999984032460e-03	-2.177647498479099664e-10
4.469999999999999751e+00	7.499999999984689920e-03	-2.087939625384413902e-10
4.474999999999999645e+00	7.499999999985321360e-03	-2.001919756221486386e-10
4.480000000000000426e+00	7.499999999985925911e-03	-1.919437146602543727e-10
4.485000000000000320e+00	7.499999999986506176e-03	-1.840346733327888350e-10
4.490000000000000213e+00	7.499999999987062155e-03	-1.764509414035858823e-10
4.495000000000000107e+00	7.499999999987595582e-03	-1.691791602654601567e-10
4.500000000000000000e+00	7.499999999988106458e-03	-1.622065417894291377e-10
4.504999999999999893e+00	7.499999999988596518e-03	-1.555208142888916539e-10
4.509999999999999787e+00	7.499999999989066628e-03	-1.491102457094408311e-10
4.514999999999999680e+00	7.499999999989517656e-03	-1.429635236151678509e-10
4.519999999999999574e+00	7.499999999989949602e-03	-1.370698353150212284e-10
4.525000000000000355e+00	7.499999999990363334e-03	-1.314188036521688509e-10
4.530000000000000249e+00	7.499999999990760585e-03	-1.260004879954025835e-10
4.535000000000000142e+00	7.499999999991142224e-03	-1.208053367877499629e-10
4.540000000000000036e+00	7.499999999991507384e-03	-1.158241894310579327e-10
4.544999999999999929e+00	7.499999999991856930e-03	-1.110482806199597290e-10
4.549999999999999822e+00	7.499999999992192599e-03	-1.064691947830377913e-10
4.554999999999999716e+00	7.499999999992515258e-03	-1.020788536764235741e-10
4.559999999999999609e+00	7.499999999992823171e-03	-9.786951863051225688e-11
4.564999999999999503e+00	7.499999999993119809e-03	-9.383374360225962807e-11
4.570000000000000284e+00	7.499999999993403436e-03	-8.996440870960829171e-11
4.575000000000000178e+00	7.499999999993674921e-03	-8.625468376847627160e-11
4.580000000000000071e+00	7.499999999993935997e-03	-8.269802936735771065e-11
4.584999999999999964e+00	7.499999999994186664e-03	-7.928815862101404048e-11
4.589999999999999858e+00	7.499999999994426056e-03	-7.601907324865634787e-11
4.594999999999999751e+00	7.499999999994655039e-03	-7.288497229757028852e-11
4.599999999999999645e+00	7.499999999994875349e-03	-6.988031701145639084e-11
4.605000000000000426e+00	7.499999999995086118e-03	-6.699979529207810040e-11
4.610000000000000320e+00	7.499999999995289081e-03	-6.423834686117322918e-11
4.615000000000000213e+00	7.499999999995483370e-03	-6.159108672466228773e-11
4.620000000000000107e+00	7.499999999995669853e-03	-5.905331413504175139e-11
4.625000000000000000e+00	7.499999999995847662e-03	-5.662052445536279739e-11
4.629999999999999893e+00	7.499999999996018532e-03	-5.428843013414968872e-11
4.634999999999999787e+00	7.499999999996182463e-03	-5.205291415462204066e-11
4.639999999999999680e+00	7.499999999996339456e-03	-4.991003750522589873e-11
4.644999999999999574e+00	7.499999999996491244e-03	-4.785600150916672397e-11
4.650000000000000355e+00	7.499999999996635226e-03	-4.588715833170942631e-11
4.655000000000000249e+00	7.499999999996773137e-03	-4.399998195607222383e-11
4.660000000000000142e+00	7.499999999996905843e-03	-4.219113693755567247e-11
4.665000000000000036e+00	7.499999999997033345e-03	-4.045744029134471881e-11
4.669999999999999929e+00	7.499999999997154776e-03	-3.879583179125210834e-11
4.674999999999999822e+00	7.499999999997271870e-03	-3.720333220045450588e-11
4.679999999999999716e+00	7.499999999997383759e-03	-3.567712269606047124e-11
4.685000000000000497e+00	7.499999999997490445e-03	-3.421450059331624899e-11
4.690000000000000391e+00	7.499999999997592794e-03	-3.281286838895966802e-11
4.695000000000000284e+00	7.499999999997692540e-03	-3.146974974398610769e-11
4.700000000000000178e+00	7.499999999997786215e-03	-3.018275400785648340e-11
4.705000000000000071e+00	7.499999999997876421e-03	-2.894958167898779177e-11
4.709999999999999964e+00	7.499999999997963157e-03	-2.776808351816181356e-11
4.714999999999999858e+00	7.499999999998046424e-03	-2.663615629994819353e-11
4.719999999999999751e+00	7.499999999998125354e-03	-2.555177996939707837e-11
4.724999999999999645e+00	7.499999999998201682e-03	-2.451301874781815985e-11
4.730000000000000426e+00	7.499999999998274540e-03	-2.351801348835651550e-11
4.735000000000000320e+00	7.499999999998344796e-03	-2.256499266765073764e-11
4.740000000000000213e+00	7.499999999998411583e-03	-2.165227472348193424e-11
4.745000000000000107e+00	7.499999999998476635e-03	-2.077825336803199104e-11
4.750000000000000000e+00	7.499999999998537351e-03	-1.994136374212523886e-11
4.754999999999999893e+00	7.499999999998596331e-03	-1.914011414049632251e-11
4.759999999999999787e+00	7.499999999998652710e-03	-1.837305615212408215e-11
4.764999999999999680e+00	7.499999999998706486e-03	-1.763882741069943420e-11
4.769999999999999574e+00	7.499999999998757660e-03	-1.693611843229794579e-11
4.775000000000000355e+00	7.499999999998806233e-03	-1.626368514721744214e-11
4.780000000000000249e+00	7.499999999998853070e-03	-1.562035185876622227e-11
4.785000000000000142e+00	7.499999999998899040e-03	-1.500494732740472578e-11
4.790000000000000036e+00	7.499999999998942408e-03	-1.441634952271115145e-11
4.794999999999999929e+00	7.499999999998983174e-03	-1.385350878298538323e-11
4.799999999999999822e+00	7.499999999999022206e-03	-1.331545181155621440e-11
4.804999999999999716e+00	7.499999999999060370e-03	-1.280122646347818182e-11
4.809999999999999609e+00	7.499999999999096799e-03	-1.230992319343749147e-11
4.814999999999999503e+00	7.499999999999130626e-03	-1.184068456588914011e-11
4.820000000000000284e+00	7.499999999999163586e-03	-1.139268099931983343e-11
4.825000000000000178e+00	7.499999999999194811e-03	-1.096507650289808702e-11
4.830000000000000071e+00	7.499999999999224301e-03	-1.055710058373008786e-11
4.834999999999999964e+00	7.499999999999253791e-03	-1.016803169169628766e-11
4.839999999999999858e+00	7.499999999999280680e-03	-9.797171866118431928e-12
4.844999999999999751e+00	7.499999999999306700e-03	-9.443845025388429908e-12
4.849999999999999645e+00	7.499999999999331854e-03	-9.107417927671038491e-12
4.855000000000000426e+00	7.499999999999355273e-03	-8.787287781486768276e-12
4.860000000000000320e+00	7.499999999999377824e-03	-8.482872891324643069e-12
4.865000000000000213e+00	7.499999999999398641e-03	-8.193641799313955505e-12
4.870000000000000107e+00	7.499999999999418590e-03	-7.919081807118837568e-12
4.875000000000000000e+00	7.499999999999437672e-03	-7.658709432707387693e-12
4.879999999999999893e+00	7.499999999999455019e-03	-7.412056614072741245e-12
4.884999999999999787e+00	7.499999999999472367e-03	-7.178677195053509477e-12
4.889999999999999680e+00	7.499999999999488846e-03	-6.958148904891795452e-12
4.894999999999999574e+00	7.499999999999504459e-03	-6.750070112198193580e-12
4.900000000000000355e+00	7.499999999999519204e-03	-6.554062147500233606e-12
4.905000000000000249e+00	7.499999999999532214e-03	-6.369745824253630257e-12
4.910000000000000142e+00	7.499999999999545225e-03	-6.196792134093447605e-12
4.915000000000000036e+00	7.499999999999556501e-03	-6.034921166513524924e-12
4.919999999999999929e+00	7.499999999999567776e-03	-5.883841330159052028e-12
4.924999999999999822e+00	7.499999999999578185e-03	-5.743252335309300122e-12
4.929999999999999716e+00	7.499999999999587726e-03	-5.612900583835005024e-12
4.935000000000000497e+00	7.499999999999596399e-03	-5.492553184279039756e-12
4.940000000000000391e+00	7.499999999999604205e-03	-5.382006974055543388e-12
4.945000000000000284e+00	7.499999999999612012e-03	-5.281071469602625376e-12
4.950000000000000178e+00	7.499999999999618951e-03	-5.189525140888989284e-12
4.955000000000000071e+00	7.499999999999625022e-03	-5.107176658145196741e-12
4.959999999999999964e+00	7.499999999999630226e-03	-5.033898731781356977e-12
4.964999999999999858e+00	7.499999999999635431e-03	-4.969579855024254478e-12
4.969999999999999751e+00	7.499999999999638900e-03	-4.914085759439492412e-12
4.974999999999999645e+00	7.499999999999642369e-03	-4.867312076975603938e-12
4.980000000000000426e+00	7.499999999999644971e-03	-4.829171568338811675e-12
4.985000000000000320e+00	7.499999999999647574e-03	-4.799589880687515044e-12
4.990000000000000213e+00	7.499999999999648441e-03	-4.778521405255408536e-12
4.995000000000000107e+00	7.499999999999650176e-03	-4.765912482407029235e-12
5.000000000000000000e+00	7.499999999999650176e-03	-4.761714662557389470e-12
