# coordinate_x	h	p	@time=21.29
0.000000000000000000e+00	3.168769296280234959e-01	8.033303432487555185e-01
5.000000000000000104e-03	3.168719116503582733e-01	8.033297935456236161e-01
1.000000000000000021e-02	3.168568577402168795e-01	8.033281441712210036e-01
1.499999999999999944e-02	3.168317679222124039e-01	8.033253948400915778e-01
2.000000000000000042e-02	3.167966422561330209e-01	8.033215448587860408e-01
2.500000000000000139e-02	3.167514808105265645e-01	8.033165934319054236e-01
2.999999999999999889e-02	3.166962836883018828e-01	8.033105393651114312e-01
3.500000000000000333e-02	3.166310510010009183e-01	8.033033813629458786e-01
4.000000000000000083e-02	3.165557828945756436e-01	8.032951177297948941e-01
4.499999999999999833e-02	3.164704795236523704e-01	8.032857466674864222e-01
5.000000000000000278e-02	3.163751410773609218e-01	8.032752659756997593e-01
5.500000000000000028e-02	3.162697677535706298e-01	8.032636733495058801e-01
5.999999999999999778e-02	3.161543597847782938e-01	8.032509660792177542e-01
6.500000000000000222e-02	3.160289174123036560e-01	8.032371413479394429e-01
7.000000000000000666e-02	3.158934409122465814e-01	8.032221959308019077e-01
7.500000000000001110e-02	3.157479305696312966e-01	8.032061264925748345e-01
8.000000000000000167e-02	3.155923867044431175e-01	8.031889292862255392e-01
8.499999999999999223e-02	3.154268096457109594e-01	8.031706004506450336e-01
8.999999999999999667e-02	3.152511997576351033e-01	8.031511357084666347e-01
9.500000000000000111e-02	3.150655574135962644e-01	8.031305306639530128e-01
1.000000000000000056e-01	3.148698830223864986e-01	8.031087805000114432e-01
1.050000000000000100e-01	3.146641770021335049e-01	8.030858802762859128e-01
1.100000000000000006e-01	3.144484398066459407e-01	8.030618246253077297e-01
1.149999999999999911e-01	3.142226718992423562e-01	8.030366080508299920e-01
1.199999999999999956e-01	3.139868737792225750e-01	8.030102246230556018e-01
1.250000000000000000e-01	3.137410459555894371e-01	8.029826682772477353e-01
1.300000000000000044e-01	3.134851889736586239e-01	8.029539325079765311e-01
1.350000000000000089e-01	3.132193033886618849e-01	8.029240106680363143e-01
1.400000000000000133e-01	3.129433897925075203e-01	8.028928956616544488e-01
1.450000000000000178e-01	3.126574487872528230e-01	8.028605802437378536e-01
1.499999999999999944e-01	3.123614810120286522e-01	8.028270567119931700e-01
1.549999999999999989e-01	3.120554871163683242e-01	8.027923172065174473e-01
1.600000000000000033e-01	3.117394677873095987e-01	8.027563534007822188e-01
1.650000000000000078e-01	3.114134237225682500e-01	8.027191568015766832e-01
1.700000000000000122e-01	3.110773556578297350e-01	8.026807184388103922e-01
1.749999999999999889e-01	3.107312643397553975e-01	8.026410291658105933e-01
1.799999999999999933e-01	3.103751505534776967e-01	8.026000793479025619e-01
1.849999999999999978e-01	3.100090150954259993e-01	8.025578591630534442e-01
1.900000000000000022e-01	3.096328588010395233e-01	8.025143582891957061e-01
1.950000000000000067e-01	3.092466825173991185e-01	8.024695662051969380e-01
2.000000000000000111e-01	3.088504871311727462e-01	8.024234718768993302e-01
2.050000000000000155e-01	3.084442735410402592e-01	8.023760640583864623e-01
2.099999999999999922e-01	3.080280426858855725e-01	8.023273309767150474e-01
2.149999999999999967e-01	3.076017955170004536e-01	8.022772606334360734e-01
2.200000000000000011e-01	3.071655330265396500e-01	8.022258404880063809e-01
2.250000000000000056e-01	3.067192562194888672e-01	8.021730577595070910e-01
2.300000000000000100e-01	3.062629661423986183e-01	8.021188991087288001e-01
2.349999999999999867e-01	3.057966638551022354e-01	8.020633509400163508e-01
2.399999999999999911e-01	3.053203504597445939e-01	8.020063990820324173e-01
2.449999999999999956e-01	3.048340270722348366e-01	8.019480290896381369e-01
2.500000000000000000e-01	3.043376948515873481e-01	8.018882259233518495e-01
2.550000000000000044e-01	3.038313549710938144e-01	8.018269742511572318e-01
2.600000000000000089e-01	3.033150086479934893e-01	8.017642581266853918e-01
2.650000000000000133e-01	3.027886571143485472e-01	8.017000612908202761e-01
2.700000000000000178e-01	3.022523016470627932e-01	8.016343668486465290e-01
2.750000000000000222e-01	3.017059435384430444e-01	8.015671575707000729e-01
2.800000000000000266e-01	3.011495841265850459e-01	8.014984155687389089e-01
2.850000000000000311e-01	3.005832247656039513e-01	8.014281225964583477e-01
2.899999999999999800e-01	3.000068668564078722e-01	8.013562597241622454e-01
2.949999999999999845e-01	2.994205118165785273e-01	8.012828076387334963e-01
2.999999999999999889e-01	2.988241611115537433e-01	8.012077463173006286e-01
3.049999999999999933e-01	2.982178162241398423e-01	8.011310553262228629e-01
3.099999999999999978e-01	2.976014786861237993e-01	8.010527134938697502e-01
3.150000000000000022e-01	2.969751500473991057e-01	8.009726992083430197e-01
3.200000000000000067e-01	2.963388319080296762e-01	8.008909900895118117e-01
3.250000000000000111e-01	2.956925258869687601e-01	8.008075632851542336e-01
3.300000000000000155e-01	2.950362336545990227e-01	8.007223951424184971e-01
3.350000000000000200e-01	2.943699569010226336e-01	8.006354615020198073e-01
3.400000000000000244e-01	2.936936973691026131e-01	8.005467373693316846e-01
3.449999999999999734e-01	2.930074568223024478e-01	8.004561972062234076e-01
3.499999999999999778e-01	2.923112370782546265e-01	8.003638146020194410e-01
3.549999999999999822e-01	2.916050399761264122e-01	8.002695625625079190e-01
3.599999999999999867e-01	2.908888674107429906e-01	8.001734131810448458e-01
3.649999999999999911e-01	2.901627212994559168e-01	8.000753379242019347e-01
3.699999999999999956e-01	2.894266036168489098e-01	7.999753073033368800e-01
3.750000000000000000e-01	2.886805163610845493e-01	7.998732911562773662e-01
3.800000000000000044e-01	2.879244615892223025e-01	7.997692583197298921e-01
3.850000000000000089e-01	2.871584413830169935e-01	7.996631769063188289e-01
3.900000000000000133e-01	2.863824578848817581e-01	7.995550139782607868e-01
3.950000000000000178e-01	2.855965132631099745e-01	7.994447358189905595e-01
4.000000000000000222e-01	2.848006097485165644e-01	7.993323076085915302e-01
4.050000000000000266e-01	2.839947495990549631e-01	7.992176936891409733e-01
4.099999999999999756e-01	2.831789351371715724e-01	7.991008572424582734e-01
4.149999999999999800e-01	2.823531687137876278e-01	7.989817605481924767e-01
4.199999999999999845e-01	2.815174527464040510e-01	7.988603646645292544e-01
4.249999999999999889e-01	2.806717896824161285e-01	7.987366296779192520e-01
4.299999999999999933e-01	2.798161820380085096e-01	7.986105143874747680e-01
4.349999999999999978e-01	2.789506323607685578e-01	7.984819765451005580e-01
4.400000000000000022e-01	2.780751432694132386e-01	7.983509725444091210e-01
4.450000000000000067e-01	2.771897174156665034e-01	7.982174576498605179e-01
4.500000000000000111e-01	2.762943575248611450e-01	7.980813856911409543e-01
4.550000000000000155e-01	2.753890663570432995e-01	7.979427092797407584e-01
4.600000000000000200e-01	2.744738467484963973e-01	7.978013795098682914e-01
4.649999999999999689e-01	2.735487015720329262e-01	7.976573461607004978e-01
4.699999999999999734e-01	2.726136337794902720e-01	7.975105574050477264e-01
4.749999999999999778e-01	2.716686463611680535e-01	7.973609599952876659e-01
4.799999999999999822e-01	2.707137423893488659e-01	7.972084989811609734e-01
4.849999999999999867e-01	2.697489249768371677e-01	7.970531178771488312e-01
4.899999999999999911e-01	2.687741973215604374e-01	7.968947583909631316e-01
4.949999999999999956e-01	2.677895626641635385e-01	7.967333605698460053e-01
5.000000000000000000e-01	2.667950243337504634e-01	7.965688625415249247e-01
5.050000000000000044e-01	2.657905857044840503e-01	7.964012006365943641e-01
5.100000000000000089e-01	2.647762502425320963e-01	7.962303091439411062e-01
5.150000000000000133e-01	2.637520214616208558e-01	7.960561204060069285e-01
5.200000000000000178e-01	2.627179029712526925e-01	7.958785645909576267e-01
5.250000000000000222e-01	2.616738984311580141e-01	7.956975697572137296e-01
5.300000000000000266e-01	2.606200116008572931e-01	7.955130616449405112e-01
5.350000000000000311e-01	2.595562462929522640e-01	7.953249637057722143e-01
5.400000000000000355e-01	2.584826064241103061e-01	7.951331969165396085e-01
5.450000000000000400e-01	2.573990959671316192e-01	7.949376797695877350e-01
5.500000000000000444e-01	2.563057190034395694e-01	7.947383281120501408e-01
5.550000000000000488e-01	2.552024796738568968e-01	7.945350550915589727e-01
5.600000000000000533e-01	2.540893822326911189e-01	7.943277710248184409e-01
5.649999999999999467e-01	2.529664309971489389e-01	7.941163832928261890e-01
5.699999999999999512e-01	2.518336304031120187e-01	7.939007962430044696e-01
5.749999999999999556e-01	2.506909849531137047e-01	7.936809110272722290e-01
5.799999999999999600e-01	2.495384992739087815e-01	7.934566255425709036e-01
5.849999999999999645e-01	2.483761780629303584e-01	7.932278342042400343e-01
5.899999999999999689e-01	2.472040261477649326e-01	7.929944279304323995e-01
5.949999999999999734e-01	2.460220484310028655e-01	7.927562938422308969e-01
5.999999999999999778e-01	2.448302499517378827e-01	7.925133152982026807e-01
6.049999999999999822e-01	2.436286358287183540e-01	7.922653715115332007e-01
6.099999999999999867e-01	2.424172113240002646e-01	7.920123376418307659e-01
6.149999999999999911e-01	2.411959817842994347e-01	7.917540843182212518e-01
6.199999999999999956e-01	2.399649527069380173e-01	7.914904777965060534e-01
6.250000000000000000e-01	2.387241296792899925e-01	7.912213793756290858e-01
6.300000000000000044e-01	2.374735184471726823e-01	7.909466456294275138e-01
6.350000000000000089e-01	2.362131248522704174e-01	7.906661277021196366e-01
6.400000000000000133e-01	2.349429549031351039e-01	7.903796716252000643e-01
6.450000000000000178e-01	2.336630147104639954e-01	7.900871174755632609e-01
6.500000000000000222e-01	2.323733105608874472e-01	7.897882997896009671e-01
6.550000000000000266e-01	2.310738488499675392e-01	7.894830465652311613e-01
6.600000000000000311e-01	2.297646361589665009e-01	7.891711797869995770e-01
6.650000000000000355e-01	2.284456791854223290e-01	7.888525142505624643e-01
6.700000000000000400e-01	2.271169848231090749e-01	7.885268582146107708e-01
6.750000000000000444e-01	2.257785600900338863e-01	7.881940120232051594e-01
6.800000000000000488e-01	2.244304122118193912e-01	7.878537689026761104e-01
6.850000000000000533e-01	2.230725485469540192e-01	7.875059133535461386e-01
6.899999999999999467e-01	2.217049766738487804e-01	7.871502221132726795e-01
6.949999999999999512e-01	2.203277043131580959e-01	7.867864622852268619e-01
6.999999999999999556e-01	2.189407394187870282e-01	7.864143924913004069e-01
7.049999999999999600e-01	2.175440900970855018e-01	7.860337607004319604e-01
7.099999999999999645e-01	2.161377647021080761e-01	7.856443055987800683e-01
7.149999999999999689e-01	2.147217717514672553e-01	7.852457540744611775e-01
7.199999999999999734e-01	2.132961200261786761e-01	7.848378228372890897e-01
7.249999999999999778e-01	2.118608184829399166e-01	7.844202155095615359e-01
7.299999999999999822e-01	2.104158763589276948e-01	7.839926245323992626e-01
7.349999999999999867e-01	2.089613030802480176e-01	7.835547278043853980e-01
7.399999999999999911e-01	2.074971083720900666e-01	7.831061909174499291e-01
7.449999999999999956e-01	2.060233021630700767e-01	7.826466632756999831e-01
7.500000000000000000e-01	2.045398947011894675e-01	7.821757807107510008e-01
7.550000000000000044e-01	2.030468964537694154e-01	7.816931610018983401e-01
7.600000000000000089e-01	2.015443182297095848e-01	7.811984069290003330e-01
7.650000000000000133e-01	2.000321710746811865e-01	7.806911011018873303e-01
7.700000000000000178e-01	1.985104664002374231e-01	7.801708095186044023e-01
7.750000000000000222e-01	1.969792158739019916e-01	7.796370755961972154e-01
7.800000000000000266e-01	1.954384315557447793e-01	7.790894243136347042e-01
7.850000000000000311e-01	1.938881257829657145e-01	7.785273553173250871e-01
7.900000000000000355e-01	1.923283113146219692e-01	7.779503477417321067e-01
7.950000000000000400e-01	1.907590012102673427e-01	7.773578522405134583e-01
8.000000000000000444e-01	1.891802089835981915e-01	7.767492965941771299e-01
8.050000000000000488e-01	1.875919484746635391e-01	7.761240764907857415e-01
8.100000000000000533e-01	1.859942340132911542e-01	7.754815620495506545e-01
8.149999999999999467e-01	1.843870802843334267e-01	7.748210871426010060e-01
8.199999999999999512e-01	1.827705025018427076e-01	7.741419569868872586e-01
8.249999999999999556e-01	1.811445162667602582e-01	7.734434357593203968e-01
8.299999999999999600e-01	1.795091377529361432e-01	7.727247554376337479e-01
8.349999999999999645e-01	1.778643835566039166e-01	7.719851014136741574e-01
8.399999999999999689e-01	1.762102708954842167e-01	7.712236227980586722e-01
8.449999999999999734e-01	1.745468174493151892e-01	7.704394156785528969e-01
8.499999999999999778e-01	1.728740415734481839e-01	7.696315351448430597e-01
8.549999999999999822e-01	1.711919621296209559e-01	7.687989757682441860e-01
8.599999999999999867e-01	1.695005987156498473e-01	7.679406856534398695e-01
8.649999999999999911e-01	1.677999714855383517e-01	7.670555436290065199e-01
8.699999999999999956e-01	1.660901013971022300e-01	7.661423756947774999e-01
8.750000000000000000e-01	1.643710100203982505e-01	7.651999283057339118e-01
8.800000000000000044e-01	1.626427198053894407e-01	7.642268876595543770e-01
8.850000000000000089e-01	1.609052538775560814e-01	7.632218483240146290e-01
8.900000000000000133e-01	1.591586363280306227e-01	7.621833359029228649e-01
8.950000000000000178e-01	1.574028919951118710e-01	7.611097700924307485e-01
9.000000000000000222e-01	1.556380467796797951e-01	7.599994913796040974e-01
9.050000000000000266e-01	1.538641274111731128e-01	7.588507174070594496e-01
9.100000000000000311e-01	1.520811617915502900e-01	7.576615745029462445e-01
9.150000000000000355e-01	1.502891787441033022e-01	7.564300459743992233e-01
9.200000000000000400e-01	1.484882083897781091e-01	7.551540094486224319e-01
9.250000000000000444e-01	1.466782818769835350e-01	7.538311753883968347e-01
9.300000000000000488e-01	1.448594317947431986e-01	7.524591314516364537e-01
9.350000000000000533e-01	1.430316918814094895e-01	7.510352691061951136e-01
9.399999999999999467e-01	1.411950974799189573e-01	7.495568365034263048e-01
9.449999999999999512e-01	1.393496852230338701e-01	7.480208505375228745e-01
9.499999999999999556e-01	1.374954935369480935e-01	7.464241600955114908e-01
9.549999999999999600e-01	1.356325623003445946e-01	7.447633402216543574e-01
9.599999999999999645e-01	1.337609334037959674e-01	7.430347680764120000e-01
9.649999999999999689e-01	1.318806503795378893e-01	7.412344949793395754e-01
9.699999999999999734e-01	1.299917590255882660e-01	7.393583380159345353e-01
9.749999999999999778e-01	1.280943070026832886e-01	7.374017245750841276e-01
9.799999999999999822e-01	1.261883445338801701e-01	7.353598033304573622e-01
9.849999999999999867e-01	1.242739239645757054e-01	7.332272543674694942e-01
9.899999999999999911e-01	1.223511005506645183e-01	7.309984242969655988e-01
9.949999999999999956e-01	1.204199319769446580e-01	7.286670930521486067e-01
1.000000000000000000e+00	1.184804792498191373e-01	7.262266392528320402e-01
1.004999999999999893e+00	1.165328061686769917e-01	7.236697520632190406e-01
1.010000000000000009e+00	1.145769803428390438e-01	7.209886347357779002e-01
1.015000000000000124e+00	1.126130726096702117e-01	7.181746462996567715e-01
1.020000000000000018e+00	1.106411582002444494e-01	7.152185536457068560e-01
1.024999999999999911e+00	1.086613160969799180e-01	7.121100828971611563e-01
1.030000000000000027e+00	1.066736303786893075e-01	7.088382336978354958e-01
1.035000000000000142e+00	1.046781895094260478e-01	7.053907133760355386e-01
1.040000000000000036e+00	1.026750879016979506e-01	7.017543316253196384e-01
1.044999999999999929e+00	1.006644251269575296e-01	6.979142812475710445e-01
1.050000000000000044e+00	9.864630774650247347e-02	6.938546377005221366e-01
1.055000000000000160e+00	9.662084843265145162e-02	6.895574371833075311e-01
1.060000000000000053e+00	9.458816813124344691e-02	6.850033143654420398e-01
1.064999999999999947e+00	9.254839508104556467e-02	6.801703102207795615e-01
1.070000000000000062e+00	9.050166739126776216e-02	6.750346938733311486e-01
1.075000000000000178e+00	8.844813194524740740e-02	6.695694064764656783e-01
1.080000000000000071e+00	8.638794750316622362e-02	6.637451314334213981e-01
1.084999999999999964e+00	8.432128347472706009e-02	6.575282431925453253e-01
1.090000000000000080e+00	8.224832369450617298e-02	6.508822172205913636e-01
1.095000000000000195e+00	8.016926504754443017e-02	6.437648986312334287e-01
1.100000000000000089e+00	7.808432211730181871e-02	6.361303843475689668e-01
1.104999999999999982e+00	7.599372564848322353e-02	6.279253485721274508e-01
1.110000000000000098e+00	7.389772834273648783e-02	6.190915933904053148e-01
1.115000000000000213e+00	7.179660314580817160e-02	6.095610562317621550e-01
1.120000000000000107e+00	6.969065057524605200e-02	5.992593275030826394e-01
1.125000000000000000e+00	6.758019682620984570e-02	5.880988080026965381e-01
1.129999999999999893e+00	6.546560317604156742e-02	5.759836634595257854e-01
1.134999999999999787e+00	6.334726391832264103e-02	5.628003928409099910e-01
1.139999999999999902e+00	6.122561862827104878e-02	5.484249961398346418e-01
1.145000000000000018e+00	5.910114996368522750e-02	5.327099950689329066e-01
1.149999999999999911e+00	5.697439993276527670e-02	5.154951905304703264e-01
1.154999999999999805e+00	5.484596765095652027e-02	4.965901443455918995e-01
1.159999999999999920e+00	5.271653128172983788e-02	4.757911298215784512e-01
1.165000000000000036e+00	5.058684591404551817e-02	4.528588240189279635e-01
1.169999999999999929e+00	4.845777360504499587e-02	4.275458607039261394e-01
1.174999999999999822e+00	4.633028164119180892e-02	3.995709134874382285e-01
1.179999999999999938e+00	4.420548424449473324e-02	3.686595496852143050e-01
1.185000000000000053e+00	4.208464174382110096e-02	3.345130000361837830e-01
1.189999999999999947e+00	3.996921978576545298e-02	2.968573818372312600e-01
1.194999999999999840e+00	3.786089111664345253e-02	2.554051791182832543e-01
1.199999999999999956e+00	3.576162337439741518e-02	2.099124925075060710e-01
1.205000000000000071e+00	3.367368822015599089e-02	1.601430240511847458e-01
1.209999999999999964e+00	3.159979958700945973e-02	1.059331324503937632e-01
1.214999999999999858e+00	2.954314119580860390e-02	4.716442753271866267e-02
1.219999999999999973e+00	2.750760033915001720e-02	-1.618524285173826571e-02
1.225000000000000089e+00	2.549783951596990700e-02	-8.407177638696866628e-02
1.229999999999999982e+00	2.351972279902801374e-02	-1.563758940894537375e-01
1.234999999999999876e+00	2.158048986942685127e-02	-2.329279756090862907e-01
1.239999999999999991e+00	1.968957453677150013e-02	-3.134895636638441174e-01
1.245000000000000107e+00	1.785898452088310884e-02	-3.976905690376876246e-01
1.250000000000000000e+00	1.610481250192336705e-02	-4.849286551120786659e-01
1.254999999999999893e+00	1.444781059482488049e-02	-5.741299065042501093e-01
1.260000000000000009e+00	1.291528365074591338e-02	-6.636378512642019389e-01
1.265000000000000124e+00	1.154036825226225152e-02	-7.507077823177441545e-01
1.270000000000000018e+00	1.035946582683585325e-02	-8.319283280093343613e-01
1.274999999999999911e+00	9.403987145824951877e-03	-9.029520270382546121e-01
1.280000000000000027e+00	8.685401627158870555e-03	-9.606326178959652129e-01
1.285000000000000142e+00	8.187754198831035182e-03	-1.003413624613070043e+00
1.290000000000000036e+00	7.868148952578027031e-03	-1.032604789721621508e+00
1.294999999999999929e+00	7.675313554221788702e-03	-1.050920199112745257e+00
1.300000000000000044e+00	7.564166230634795755e-03	-1.061285912400170339e+00
1.305000000000000160e+00	7.501644080105997377e-03	-1.066107300939226565e+00
1.310000000000000053e+00	7.467354694097214432e-03	-1.066970301628749507e+00
1.314999999999999947e+00	7.448661901892689521e-03	-1.064937534100945493e+00
1.320000000000000062e+00	7.438740289042540879e-03	-1.060635580211669149e+00
1.325000000000000178e+00	7.433569302208965432e-03	-1.054481033777327381e+00
1.330000000000000071e+00	7.431067104592093200e-03	-1.046735542108565120e+00
1.334999999999999964e+00	7.430023525946531995e-03	-1.037591623440234700e+00
1.340000000000000080e+00	7.429818052849887153e-03	-1.027191814697505423e+00
1.345000000000000195e+00	7.430089825824820818e-03	-1.015656204332127333e+00
1.350000000000000089e+00	7.430652611215724131e-03	-1.003088216170298086e+00
1.354999999999999982e+00	7.431396676887896263e-03	-9.895828955537121496e-01
1.360000000000000098e+00	7.432263698529567239e-03	-9.752284998271665284e-01
1.365000000000000213e+00	7.433217909386427916e-03	-9.601088877723177317e-01
1.370000000000000107e+00	7.434238741839719992e-03	-9.443038496653175518e-01
1.375000000000000000e+00	7.435312368791670290e-03	-9.278897880400921450e-01
1.379999999999999893e+00	7.436429553328638593e-03	-9.109396743226124693e-01
1.384999999999999787e+00	7.437583167072265092e-03	-8.935232892237707780e-01
1.389999999999999902e+00	7.438767566653774893e-03	-8.757070721762025833e-01
1.395000000000000018e+00	7.439977860951061707e-03	-8.575542912633963288e-01
1.399999999999999911e+00	7.441209735202222730e-03	-8.391248665632679016e-01
1.404999999999999805e+00	7.442459228551228517e-03	-8.204755675380945856e-01
1.409999999999999920e+00	7.443722689392810905e-03	-8.016598359419455644e-01
1.415000000000000036e+00	7.444996700605012105e-03	-7.827280277619055315e-01
1.419999999999999929e+00	7.446278073226310183e-03	-7.637272443463632987e-01
1.424999999999999822e+00	7.447563813448977374e-03	-7.447016131101323877e-01
1.429999999999999938e+00	7.448851127278576824e-03	-7.256921300233745153e-01
1.435000000000000053e+00	7.450137398621350243e-03	-7.067369679245072422e-01
1.439999999999999947e+00	7.451420196833141198e-03	-6.878713315018262220e-01
1.444999999999999840e+00	7.452697257289676858e-03	-6.691277819334784382e-01
1.449999999999999956e+00	7.453966489406898925e-03	-6.505361046219045873e-01
1.455000000000000071e+00	7.455225957518105823e-03	-6.321236402595142856e-01
1.459999999999999964e+00	7.456473888630920505e-03	-6.139151651194575399e-01
1.464999999999999858e+00	7.457708653278299037e-03	-5.959332203686243945e-01
1.469999999999999973e+00	7.458928772784401660e-03	-5.781980044472799785e-01
1.475000000000000089e+00	7.460132900249085743e-03	-5.607276941458654296e-01
1.479999999999999982e+00	7.461319827253625955e-03	-5.435383484385284403e-01
1.484999999999999876e+00	7.462488465235609346e-03	-5.266442163833240375e-01
1.489999999999999991e+00	7.463637851619678819e-03	-5.100576516747912237e-01
1.495000000000000107e+00	7.464767131824057503e-03	-4.937894037788951862e-01
1.500000000000000000e+00	7.465875564823394074e-03	-4.778485424174551688e-01
1.504999999999999893e+00	7.466962505983375589e-03	-4.622427295019634896e-01
1.510000000000000009e+00	7.468027412073771285e-03	-4.469781527444968150e-01
1.515000000000000124e+00	7.469069825078803945e-03	-4.320597769153306511e-01
1.520000000000000018e+00	7.470089376685168370e-03	-4.174912857811844957e-01
1.524999999999999911e+00	7.471085773170529909e-03	-4.032753119943887077e-01
1.530000000000000027e+00	7.472058799395654878e-03	-3.894133865826371332e-01
1.535000000000000142e+00	7.473008304833740449e-03	-3.759061474003487779e-01
1.540000000000000036e+00	7.473934207098594136e-03	-3.627532954288741340e-01
1.544999999999999929e+00	7.474836479143855128e-03	-3.499537822030248102e-01
1.550000000000000044e+00	7.475715152360812299e-03	-3.375057722228404500e-01
1.555000000000000160e+00	7.476570304948733890e-03	-3.254068101296809790e-01
1.560000000000000053e+00	7.477402064616586568e-03	-3.136537885770248058e-01
1.564999999999999947e+00	7.478210598103300286e-03	-3.022430961898843749e-01
1.570000000000000062e+00	7.478996113517556374e-03	-2.911705902904330179e-01
1.575000000000000178e+00	7.479758850969271157e-03	-2.804317268493168314e-01
1.580000000000000071e+00	7.480499084580921956e-03	-2.700215375105206594e-01
1.584999999999999964e+00	7.481217114178336132e-03	-2.599347428491426970e-01
1.590000000000000080e+00	7.481913267005831265e-03	-2.501657331876893653e-01
1.595000000000000195e+00	7.482587890414944647e-03	-2.407086665259863811e-01
1.600000000000000089e+00	7.483241353314130408e-03	-2.315574526871966299e-01
1.604999999999999982e+00	7.483874039787794322e-03	-2.227058372937887332e-01
1.610000000000000098e+00	7.484486350309526442e-03	-2.141473888254818436e-01
1.615000000000000213e+00	7.485078696220199591e-03	-2.058755699908399461e-01
1.620000000000000107e+00	7.485651500731779241e-03	-1.978837273207032510e-01
1.625000000000000000e+00	7.486205194191850217e-03	-1.901651512365599150e-01
1.629999999999999893e+00	7.486740214903014196e-03	-1.827130678416704623e-01
1.634999999999999787e+00	7.487257005101572577e-03	-1.755206889219592115e-01
1.639999999999999902e+00	7.487756011615456786e-03	-1.685812056328644948e-01
1.645000000000000018e+00	7.488237682486524778e-03	-1.618878295918019239e-01
1.649999999999999911e+00	7.488702467487954456e-03	-1.554337881918017861e-01
1.654999999999999805e+00	7.489150815322361682e-03	-1.492123578611914969e-01
1.659999999999999920e+00	7.489583174017603456e-03	-1.432168607653508674e-01
1.665000000000000036e+00	7.489999988636461548e-03	-1.374406912227264244e-01
1.669999999999999929e+00	7.490401701567900826e-03	-1.318773135836542598e-01
1.674999999999999822e+00	7.490788750688081102e-03	-1.265202827048753087e-01
1.679999999999999938e+00	7.491161569562340521e-03	-1.213632428194689472e-01
1.685000000000000053e+00	7.491520586001628075e-03	-1.163999428867778935e-01
1.689999999999999947e+00	7.491866222188801015e-03	-1.116242362901828516e-01
1.694999999999999840e+00	7.492198893579072108e-03	-1.070300917972386995e-01
1.699999999999999956e+00	7.492519008962652237e-03	-1.026115939424757512e-01
1.705000000000000071e+00	7.492826969662301148e-03	-9.836295025465278952e-02
1.709999999999999964e+00	7.493123169542930881e-03	-9.427849220012507470e-02
1.714999999999999858e+00	7.493407994463794838e-03	-9.035267926109100123e-02
1.719999999999999973e+00	7.493681822244332817e-03	-8.658010033150628781e-02
1.725000000000000089e+00	7.493945022332820609e-03	-8.295547516243639841e-02
1.729999999999999982e+00	7.494197955736569064e-03	-7.947365611715162537e-02
1.734999999999999876e+00	7.494440974872913080e-03	-7.612962743736698124e-02
1.739999999999999991e+00	7.494674423470812016e-03	-7.291850727717993919e-02
1.745000000000000107e+00	7.494898636573891527e-03	-6.983554518708927350e-02
1.750000000000000000e+00	7.495113940419523800e-03	-6.687612435798119537e-02
1.754999999999999893e+00	7.495320652567208364e-03	-6.403575766823316195e-02
1.760000000000000009e+00	7.495519081760349325e-03	-6.131009007915291104e-02
1.765000000000000124e+00	7.495709528156549450e-03	-5.869489354399790026e-02
1.770000000000000018e+00	7.495892283176531362e-03	-5.618606950524756422e-02
1.774999999999999911e+00	7.496067629815927197e-03	-5.377964292272144342e-02
1.780000000000000027e+00	7.496235842485136740e-03	-5.147176483094587779e-02
1.785000000000000142e+00	7.496397187384898526e-03	-4.925870570643502144e-02
1.790000000000000036e+00	7.496551922340282878e-03	-4.713685805030181503e-02
1.794999999999999929e+00	7.496700297224803168e-03	-4.510272928183838015e-02
1.800000000000000044e+00	7.496842553791227375e-03	-4.315294431753007032e-02
1.805000000000000160e+00	7.496978926131178320e-03	-4.128423814900492039e-02
1.810000000000000053e+00	7.497109640504984185e-03	-3.949345839482437670e-02
1.814999999999999947e+00	7.497234915825707127e-03	-3.777755769532338548e-02
1.820000000000000062e+00	7.497354963489844676e-03	-3.613359621806754712e-02
1.825000000000000178e+00	7.497469987876455647e-03	-3.455873397975273154e-02
1.830000000000000071e+00	7.497580186180196476e-03	-3.305023329010970540e-02
1.834999999999999964e+00	7.497685748917740783e-03	-3.160545109155826066e-02
1.840000000000000080e+00	7.497786859764343260e-03	-3.022184132968212811e-02
1.845000000000000195e+00	7.497883696061089301e-03	-2.889694738444661959e-02
1.850000000000000089e+00	7.497976428655926673e-03	-2.762840435821916144e-02
1.854999999999999982e+00	7.498065222406457772e-03	-2.641393165778050528e-02
1.860000000000000098e+00	7.498150236026152049e-03	-2.525133519329352677e-02
1.865000000000000213e+00	7.498231622578423877e-03	-2.413850015781303718e-02
1.870000000000000107e+00	7.498309529328553089e-03	-2.307339313265571387e-02
1.875000000000000000e+00	7.498384098225657074e-03	-2.205405510040429895e-02
1.879999999999999893e+00	7.498455465760705402e-03	-2.107860345385610332e-02
1.884999999999999787e+00	7.498523763433744167e-03	-2.014522526941257483e-02
1.889999999999999902e+00	7.498589117618256229e-03	-1.925217921821913494e-02
1.895000000000000018e+00	7.498651650011641141e-03	-1.839778911913389492e-02
1.899999999999999911e+00	7.498711477506062387e-03	-1.758044575186172229e-02
1.904999999999999805e+00	7.498768712620743071e-03	-1.679860070222812321e-02
1.909999999999999920e+00	7.498823463379339187e-03	-1.605076807808510087e-02
1.915000000000000036e+00	7.498875833723066611e-03	-1.533551865422511963e-02
1.919999999999999929e+00	7.498925923394578717e-03	-1.465148149262424614e-02
1.924999999999999822e+00	7.498973828331320993e-03	-1.399733838987077261e-02
1.929999999999999938e+00	7.499019640555834067e-03	-1.337182540394063306e-02
1.935000000000000053e+00	7.499063448549038446e-03	-1.277372760336394596e-02
1.939999999999999947e+00	7.499105337146843263e-03	-1.220188050321887457e-02
1.944999999999999840e+00	7.499145387893342909e-03	-1.165516511230194584e-02
1.949999999999999956e+00	7.499183678943551964e-03	-1.113250928140340455e-02
1.955000000000000071e+00	7.499220285396704551e-03	-1.063288304238636794e-02
1.959999999999999964e+00	7.499255279204929819e-03	-1.015529987208366874e-02
1.964999999999999858e+00	7.499288729487010516e-03	-9.698812315340388582e-03
1.969999999999999973e+00	7.499320702442771776e-03	-9.262513168065622179e-03
1.975000000000000089e+00	7.499351261647808041e-03	-8.845531374876111283e-03
1.979999999999999982e+00	7.499380467973343171e-03	-8.447033134960381037e-03
1.984999999999999876e+00	7.499408379862528527e-03	-8.066218063910250355e-03
1.989999999999999991e+00	7.499435053255532405e-03	-7.702320226119997205e-03
1.995000000000000107e+00	7.499460541848082355e-03	-7.354604549650920094e-03
2.000000000000000000e+00	7.499484897021538483e-03	-7.022367788905768682e-03
2.004999999999999893e+00	7.499508168084410321e-03	-6.704935180887032324e-03
2.009999999999999787e+00	7.499530402207164187e-03	-6.401661341864479764e-03
2.014999999999999680e+00	7.499551644647484833e-03	-6.111927153118042189e-03
2.020000000000000018e+00	7.499571938689565329e-03	-5.835140595262271711e-03
2.024999999999999911e+00	7.499591325853907121e-03	-5.570733851470862155e-03
2.029999999999999805e+00	7.499609845840841775e-03	-5.318164083041612873e-03
2.035000000000000142e+00	7.499627536725674351e-03	-5.076910738148631211e-03
2.040000000000000036e+00	7.499644434906190676e-03	-4.846476272132751832e-03
2.044999999999999929e+00	7.499660575283949825e-03	-4.626383649992773552e-03
2.049999999999999822e+00	7.499675991215536651e-03	-4.416177014770509765e-03
2.054999999999999716e+00	7.499690714680790939e-03	-4.215419372249058598e-03
2.060000000000000053e+00	7.499704776237587495e-03	-4.023693210675608097e-03
2.064999999999999947e+00	7.499718205177769575e-03	-3.840598356463175572e-03
2.069999999999999840e+00	7.499731029485231029e-03	-3.665752548359812839e-03
2.075000000000000178e+00	7.499743275980322484e-03	-3.498789453331940542e-03
2.080000000000000071e+00	7.499754970281013490e-03	-3.339359198149800898e-03
2.084999999999999964e+00	7.499766136936501792e-03	-3.187126535052652119e-03
2.089999999999999858e+00	7.499776799391260317e-03	-3.041771333577291628e-03
2.094999999999999751e+00	7.499786980108540807e-03	-2.902986886055212903e-03
2.100000000000000089e+00	7.499796700537124383e-03	-2.770480362368116928e-03
2.104999999999999982e+00	7.499805981225383077e-03	-2.643971245794070595e-03
2.109999999999999876e+00	7.499814841790549205e-03	-2.523191753231159885e-03
2.115000000000000213e+00	7.499823301023986200e-03	-2.407885392385924767e-03
2.120000000000000107e+00	7.499831376862798119e-03	-2.297807349865900375e-03
2.125000000000000000e+00	7.499839086486914316e-03	-2.192723161182279050e-03
2.129999999999999893e+00	7.499846446292876036e-03	-2.092409068974090264e-03
2.134999999999999787e+00	7.499853471983320384e-03	-1.996650797772666058e-03
2.140000000000000124e+00	7.499860178542783543e-03	-1.905243884486246654e-03
2.145000000000000018e+00	7.499866580320122683e-03	-1.817992550341742059e-03
2.149999999999999911e+00	7.499872691006200486e-03	-1.734710005628935237e-03
2.155000000000000249e+00	7.499878523709755003e-03	-1.655217411691367038e-03
2.160000000000000142e+00	7.499884090936824975e-03	-1.579344161805072699e-03
2.165000000000000036e+00	7.499889404660553364e-03	-1.506926926534004479e-03
2.169999999999999929e+00	7.499894476302229433e-03	-1.437809912497377968e-03
2.174999999999999822e+00	7.499899316795470040e-03	-1.371843984832316152e-03
2.180000000000000160e+00	7.499903936568758783e-03	-1.308886905490499195e-03
2.185000000000000053e+00	7.499908345604437004e-03	-1.248802526960426061e-03
2.189999999999999947e+00	7.499912553422626374e-03	-1.191461011624640048e-03
2.195000000000000284e+00	7.499916569135413845e-03	-1.136738091286056173e-03
2.200000000000000178e+00	7.499920401432062268e-03	-1.084515269014037480e-03
2.205000000000000071e+00	7.499924058628762262e-03	-1.034679139391780607e-03
2.209999999999999964e+00	7.499927548655023306e-03	-9.871215741813405865e-04
2.214999999999999858e+00	7.499930879099342938e-03	-9.417390985635680370e-04
2.220000000000000195e+00	7.499934057196687258e-03	-8.984330618595565620e-04
2.225000000000000089e+00	7.499937089870390566e-03	-8.571090653685793604e-04
2.229999999999999982e+00	7.499939983720652417e-03	-8.176771192967022348e-04
2.235000000000000320e+00	7.499942745062953935e-03	-7.800511181141419779e-04
2.240000000000000213e+00	7.499945379917495082e-03	-7.441489847595676504e-04
2.245000000000000107e+00	7.499947894044412151e-03	-7.098921897353262450e-04
2.250000000000000000e+00	7.499950292934071117e-03	-6.772058835787164374e-04
2.254999999999999893e+00	7.499952581839347369e-03	-6.460184561926218122e-04
2.259999999999999787e+00	7.499954765766707505e-03	-6.162616585029517119e-04
2.264999999999999680e+00	7.499956849505783757e-03	-5.878701987836074073e-04
2.270000000000000018e+00	7.499958837621186966e-03	-5.607818543517149130e-04
2.274999999999999911e+00	7.499960734479594292e-03	-5.349371018901775878e-04
2.279999999999999805e+00	7.499962544242229183e-03	-5.102792199689902726e-04
2.285000000000000142e+00	7.499964270889673129e-03	-4.867539505971728970e-04
2.290000000000000036e+00	7.499965918214954522e-03	-4.643095932996969583e-04
2.294999999999999929e+00	7.499967489846265725e-03	-4.428966953432056722e-04
2.299999999999999822e+00	7.499968989240625265e-03	-4.224681380428730389e-04
2.304999999999999716e+00	7.499970419704658949e-03	-4.029788533048897091e-04
2.310000000000000053e+00	7.499971784388792875e-03	-3.843859027863461681e-04
2.314999999999999947e+00	7.499973086306268612e-03	-3.666482185814830632e-04
2.319999999999999840e+00	7.499974328327810649e-03	-3.497266758099609090e-04
2.325000000000000178e+00	7.499975513199023079e-03	-3.335838554453847567e-04
2.330000000000000071e+00	7.499976643535502009e-03	-3.181841108631272737e-04
2.334999999999999964e+00	7.499977721838742110e-03	-3.034933509678080414e-04
2.339999999999999858e+00	7.499978750491658429e-03	-2.894791011908042552e-04
2.344999999999999751e+00	7.499979731773127704e-03	-2.761103052212472947e-04
2.350000000000000089e+00	7.499980667853884883e-03	-2.633573809045471948e-04
2.354999999999999982e+00	7.499981560809819772e-03	-2.511920390174187615e-04
2.359999999999999876e+00	7.499982412618208354e-03	-2.395873344840461548e-04
2.365000000000000213e+00	7.499983225169871461e-03	-2.285175007614763875e-04
2.370000000000000107e+00	7.499984000265721810e-03	-2.179579967568643706e-04
2.375000000000000000e+00	7.499984739627868838e-03	-2.078853555062733921e-04
2.379999999999999893e+00	7.499985444896464098e-03	-1.982772271462304671e-04
2.384999999999999787e+00	7.499986117639842464e-03	-1.891122406763624808e-04
2.390000000000000124e+00	7.499986759351629471e-03	-1.803700433102744573e-04
2.395000000000000018e+00	7.499987371460009947e-03	-1.720311742116935262e-04
2.399999999999999911e+00	7.499987955325081689e-03	-1.640771005239449298e-04
2.405000000000000249e+00	7.499988512247311376e-03	-1.564901020608172231e-04
2.410000000000000142e+00	7.499989043465117231e-03	-1.492533042897518046e-04
2.415000000000000036e+00	7.499989550162592875e-03	-1.423505730429670997e-04
2.419999999999999929e+00	7.499990033467290353e-03	-1.357665447071230763e-04
2.424999999999999822e+00	7.499990494457275253e-03	-1.294865300978839369e-04
2.430000000000000160e+00	7.499990934159094479e-03	-1.234965420887885828e-04
2.435000000000000053e+00	7.499991353554219010e-03	-1.177832078639648851e-04
2.439999999999999947e+00	7.499991753577185151e-03	-1.123337941996463115e-04
2.445000000000000284e+00	7.499992135121470900e-03	-1.071361273753943563e-04
2.450000000000000178e+00	7.499992499037801130e-03	-1.021786163046222416e-04
2.455000000000000071e+00	7.499992846139507015e-03	-9.745017944513976115e-05
2.459999999999999964e+00	7.499993177200973450e-03	-9.294026595888856695e-05
2.464999999999999858e+00	7.499993492962537915e-03	-8.863878901827843470e-05
2.470000000000000195e+00	7.499993794129061059e-03	-8.453614516042064903e-05
2.475000000000000089e+00	7.499994081374397950e-03	-8.062315343657506768e-05
2.479999999999999982e+00	7.499994355340099637e-03	-7.689107311304143851e-05
2.485000000000000320e+00	7.499994616639481075e-03	-7.333154815779730374e-05
2.490000000000000213e+00	7.499994865856438910e-03	-6.993662342727931258e-05
2.495000000000000107e+00	7.499995103549164654e-03	-6.669869402763296167e-05
2.500000000000000000e+00	7.499995330249057887e-03	-6.361052011509290389e-05
2.504999999999999893e+00	7.499995546464117632e-03	-6.066518070850398348e-05
2.509999999999999787e+00	7.499995752677946631e-03	-5.785608722056771253e-05
2.514999999999999680e+00	7.499995949352844353e-03	-5.517694133443285545e-05
2.520000000000000018e+00	7.499996136928901470e-03	-5.262174737338055273e-05
2.524999999999999911e+00	7.499996315826810978e-03	-5.018477388737514836e-05
2.529999999999999805e+00	7.499996486447047667e-03	-4.786056495973068969e-05
2.535000000000000142e+00	7.499996649172434651e-03	-4.564390518002093433e-05
2.540000000000000036e+00	7.499996804367380088e-03	-4.352982997804158557e-05
2.544999999999999929e+00	7.499996952380230328e-03	-4.151359368728376934e-05
2.549999999999999822e+00	7.499997093542569090e-03	-3.959067898897382940e-05
2.554999999999999716e+00	7.499997228171358978e-03	-3.775676779575965142e-05
2.560000000000000053e+00	7.499997356568305698e-03	-3.600774988165757201e-05
2.564999999999999947e+00	7.499997479021807030e-03	-3.433969633903420870e-05
2.569999999999999840e+00	7.499997595806371688e-03	-3.274886746388688775e-05
2.575000000000000178e+00	7.499997707184398281e-03	-3.123168856055620114e-05
2.580000000000000071e+00	7.499997813405646224e-03	-2.978475714592692650e-05
2.584999999999999964e+00	7.499997914708852499e-03	-2.840482089565208028e-05
2.589999999999999858e+00	7.499998011321248534e-03	-2.708878422569386694e-05
2.594999999999999751e+00	7.499998103460038187e-03	-2.583368819197825246e-05
2.600000000000000089e+00	7.499998191331952793e-03	-2.463671650247638815e-05
2.604999999999999982e+00	7.499998275134599039e-03	-2.349517719847619984e-05
2.609999999999999876e+00	7.499998355056053910e-03	-2.240650814614491825e-05
2.615000000000000213e+00	7.499998431276090269e-03	-2.136826034248107614e-05
2.620000000000000107e+00	7.499998503965808229e-03	-2.037810293095889213e-05
2.625000000000000000e+00	7.499998573288752315e-03	-1.943380798907545226e-05
2.629999999999999893e+00	7.499998639400576664e-03	-1.853325510894780813e-05
2.634999999999999787e+00	7.499998702450059833e-03	-1.767441753570402361e-05
2.640000000000000124e+00	7.499998762578798626e-03	-1.685536635068088460e-05
2.645000000000000018e+00	7.499998819922137905e-03	-1.607425784135682560e-05
2.649999999999999911e+00	7.499998874608882621e-03	-1.532933732115843422e-05
2.655000000000000249e+00	7.499998926762153906e-03	-1.461892762217223605e-05
2.660000000000000142e+00	7.499998976499121055e-03	-1.394143258301073887e-05
2.665000000000000036e+00	7.499999023931780417e-03	-1.329532656508216316e-05
2.669999999999999929e+00	7.499999069166715139e-03	-1.267915763697369205e-05
2.674999999999999822e+00	7.499999112305801192e-03	-1.209153802377847299e-05
2.680000000000000160e+00	7.499999153445991405e-03	-1.153114701432251975e-05
2.685000000000000053e+00	7.499999192679952971e-03	-1.099672226070986100e-05
2.689999999999999947e+00	7.499999230095874894e-03	-1.048706243238045927e-05
2.695000000000000284e+00	7.499999265778049991e-03	-1.000101929075808595e-05
2.700000000000000178e+00	7.499999299806692742e-03	-9.537500111944001105e-06
2.705000000000000071e+00	7.499999332258477057e-03	-9.095460467575222879e-06
2.709999999999999964e+00	7.499999363206363671e-03	-8.673906436276691069e-06
2.714999999999999858e+00	7.499999392720095408e-03	-8.271888028063553448e-06
2.720000000000000195e+00	7.499999420866034980e-03	-7.888501202926493812e-06
2.725000000000000089e+00	7.499999447707617756e-03	-7.522881881688502502e-06
2.729999999999999982e+00	7.499999473305204306e-03	-7.174207788268134784e-06
2.735000000000000320e+00	7.499999497716492401e-03	-6.841692995038934895e-06
2.740000000000000213e+00	7.499999520996385172e-03	-6.524589604122177038e-06
2.745000000000000107e+00	7.499999543197360605e-03	-6.222182779426202214e-06
2.750000000000000000e+00	7.499999564369353583e-03	-5.933792281192546789e-06
2.754999999999999893e+00	7.499999584560095890e-03	-5.658767941701520730e-06
2.759999999999999787e+00	7.499999603815006056e-03	-5.396491065423274232e-06
2.764999999999999680e+00	7.499999622177495537e-03	-5.146370308712952552e-06
2.770000000000000018e+00	7.499999639688874169e-03	-4.907842957657545449e-06
2.774999999999999911e+00	7.499999656388625126e-03	-4.680371175990890749e-06
2.779999999999999805e+00	7.499999672314319916e-03	-4.463443170987049202e-06
2.785000000000000142e+00	7.499999687501869919e-03	-4.256569776614428051e-06
2.790000000000000036e+00	7.499999701985446583e-03	-4.059285517445514890e-06
2.794999999999999929e+00	7.499999715797710416e-03	-3.871145497210664991e-06
2.799999999999999822e+00	7.499999728969739855e-03	-3.691726369503412428e-06
2.804999999999999716e+00	7.499999741531241174e-03	-3.520623504719242715e-06
2.810000000000000053e+00	7.499999753510478220e-03	-3.357451875473331815e-06
2.814999999999999947e+00	7.499999764934468446e-03	-3.201843476996608106e-06
2.819999999999999840e+00	7.499999775828918719e-03	-3.053448135021912398e-06
2.825000000000000178e+00	7.499999786218399661e-03	-2.911931156943629393e-06
2.830000000000000071e+00	7.499999796126291876e-03	-2.776974068793225818e-06
2.834999999999999964e+00	7.499999805574942072e-03	-2.648272476556677482e-06
2.839999999999999858e+00	7.499999814585611886e-03	-2.525536738582976217e-06
2.844999999999999751e+00	7.499999823178627074e-03	-2.408490018302682461e-06
2.850000000000000089e+00	7.499999831373323732e-03	-2.296868897663257842e-06
2.854999999999999982e+00	7.499999839188187072e-03	-2.190421604097036774e-06
2.859999999999999876e+00	7.499999846640804588e-03	-2.088908570079357229e-06
2.865000000000000213e+00	7.499999853747985751e-03	-1.992100818949237802e-06
2.870000000000000107e+00	7.499999860525724711e-03	-1.899780475271766509e-06
2.875000000000000000e+00	7.499999866989309587e-03	-1.811739295313070663e-06
2.879999999999999893e+00	7.499999873153287769e-03	-1.727779132476399181e-06
2.884999999999999787e+00	7.499999879031563933e-03	-1.647710599431705937e-06
2.890000000000000124e+00	7.499999884637365347e-03	-1.571353492649488942e-06
2.895000000000000018e+00	7.499999889983338143e-03	-1.498535574436963342e-06
2.899999999999999911e+00	7.499999895081512630e-03	-1.429092960114807783e-06
2.905000000000000249e+00	7.499999899943388289e-03	-1.362869009189999898e-06
2.910000000000000142e+00	7.499999904579908623e-03	-1.299714678524700182e-06
2.915000000000000036e+00	7.499999909001531413e-03	-1.239487512861394991e-06
2.919999999999999929e+00	7.499999913218206166e-03	-1.182051966921768052e-06
2.924999999999999822e+00	7.499999917239445237e-03	-1.127278486424092331e-06
2.930000000000000160e+00	7.499999921074297811e-03	-1.075043801829842249e-06
2.935000000000000053e+00	7.499999924731414087e-03	-1.025230091766218740e-06
2.939999999999999947e+00	7.499999928219023594e-03	-9.777252508548733841e-07
2.945000000000000284e+00	7.499999931544994169e-03	-9.324221283347938727e-07
2.950000000000000178e+00	7.499999934716809410e-03	-8.892187721738204881e-07
2.955000000000000071e+00	7.499999937741623317e-03	-8.480177359406544752e-07
2.959999999999999964e+00	7.499999940626242943e-03	-8.087263015422427443e-07
2.964999999999999858e+00	7.499999943377175238e-03	-7.712558481485952668e-07
2.970000000000000195e+00	7.499999946000607959e-03	-7.355220553596437848e-07
2.975000000000000089e+00	7.499999948502460850e-03	-7.014443287006785080e-07
2.979999999999999982e+00	7.499999950888362223e-03	-6.689459848765335248e-07
2.985000000000000320e+00	7.499999953163693188e-03	-6.379537289190474127e-07
2.990000000000000213e+00	7.499999955333572915e-03	-6.083978230097486206e-07
2.995000000000000107e+00	7.499999957402897661e-03	-5.802116106068106406e-07
3.000000000000000000e+00	7.499999959376319088e-03	-5.533316703826006152e-07
3.004999999999999893e+00	7.499999961258291097e-03	-5.276973830467082323e-07
3.009999999999999787e+00	7.499999963053047281e-03	-5.032510715889432561e-07
3.014999999999999680e+00	7.499999964764633882e-03	-4.799376070996808454e-07
3.020000000000000018e+00	7.499999966396902855e-03	-4.577045366751850159e-07
3.024999999999999911e+00	7.499999967953534415e-03	-4.365017245449665239e-07
3.029999999999999805e+00	7.499999969438030968e-03	-4.162814687302006844e-07
3.035000000000000142e+00	7.499999970853739664e-03	-3.969981743885801911e-07
3.040000000000000036e+00	7.499999972203844588e-03	-3.786084601462897358e-07
3.044999999999999929e+00	7.499999973491391914e-03	-3.610708606760211107e-07
3.049999999999999822e+00	7.499999974719276027e-03	-3.443459237981169704e-07
3.054999999999999716e+00	7.499999975890266415e-03	-3.283959397469520225e-07
3.060000000000000053e+00	7.499999977006996388e-03	-3.131850295968632826e-07
3.064999999999999947e+00	7.499999978071984763e-03	-2.986788990402267608e-07
3.069999999999999840e+00	7.499999979087626327e-03	-2.848449188582046775e-07
3.075000000000000178e+00	7.499999980056211782e-03	-2.716519007343075634e-07
3.080000000000000071e+00	7.499999980979917338e-03	-2.590701707413757359e-07
3.084999999999999964e+00	7.499999981860828134e-03	-2.470713652306072906e-07
3.089999999999999858e+00	7.499999982700923488e-03	-2.356284978075384482e-07
3.094999999999999751e+00	7.499999983502097720e-03	-2.247157736236321192e-07
3.100000000000000089e+00	7.499999984266152338e-03	-2.143086504526815032e-07
3.104999999999999982e+00	7.499999984994810791e-03	-2.043836696100879502e-07
3.109999999999999876e+00	7.499999985689709790e-03	-1.949185116220376761e-07
3.115000000000000213e+00	7.499999986352416659e-03	-1.858918423338740674e-07
3.120000000000000107e+00	7.499999986984421524e-03	-1.772833636531661175e-07
3.125000000000000000e+00	7.499999987587149461e-03	-1.690736735140575202e-07
3.129999999999999893e+00	7.499999988161955289e-03	-1.612443121229681980e-07
3.134999999999999787e+00	7.499999988710133111e-03	-1.537776344949231359e-07
3.140000000000000124e+00	7.499999989232917184e-03	-1.466568526226798931e-07
3.145000000000000018e+00	7.499999989731484518e-03	-1.398659194263079374e-07
3.149999999999999911e+00	7.499999990206956610e-03	-1.333895672382065192e-07
3.155000000000000249e+00	7.499999990660405520e-03	-1.272132021916387762e-07
3.160000000000000142e+00	7.499999991092848664e-03	-1.213229392485665806e-07
3.165000000000000036e+00	7.499999991505261823e-03	-1.157055060952407803e-07
3.169999999999999929e+00	7.499999991898572207e-03	-1.103482751002245728e-07
3.174999999999999822e+00	7.499999992273666261e-03	-1.052391757821676602e-07
3.180000000000000160e+00	7.499999992631385323e-03	-1.003667239594130327e-07
3.185000000000000053e+00	7.499999992972537777e-03	-9.571994217069721706e-08
3.189999999999999947e+00	7.499999993297887767e-03	-9.128838616555576645e-08
3.195000000000000284e+00	7.499999993608169949e-03	-8.706207251234045008e-08
3.200000000000000178e+00	7.499999993904081681e-03	-8.303150276364478239e-08
3.205000000000000071e+00	7.499999994186288231e-03	-7.918759743117428808e-08
3.209999999999999964e+00	7.499999994455425374e-03	-7.552171808222638741e-08
3.214999999999999858e+00	7.499999994712098529e-03	-7.202560739360083463e-08
3.220000000000000195e+00	7.499999994956885359e-03	-6.869140911527979857e-08
3.225000000000000089e+00	7.499999995190335771e-03	-6.551161348551173847e-08
3.229999999999999982e+00	7.499999995412974518e-03	-6.247907558752547193e-08
3.235000000000000320e+00	7.499999995625304672e-03	-5.958696560285502225e-08
3.240000000000000213e+00	7.499999995827801545e-03	-5.682878553802637451e-08
3.245000000000000107e+00	7.499999996020922238e-03	-5.419832394385580815e-08
3.250000000000000000e+00	7.499999996205099564e-03	-5.168967112640378483e-08
3.254999999999999893e+00	7.499999996380748123e-03	-4.929717796138438184e-08
3.259999999999999787e+00	7.499999996548264297e-03	-4.701546976598213312e-08
3.264999999999999680e+00	7.499999996708023656e-03	-4.483940886146316570e-08
3.270000000000000018e+00	7.499999996860386153e-03	-4.276410720281613249e-08
3.274999999999999911e+00	7.499999997005693531e-03	-4.078489224640366734e-08
3.279999999999999805e+00	7.499999997144273650e-03	-3.889731840992068454e-08
3.285000000000000142e+00	7.499999997276437895e-03	-3.709713613455390503e-08
3.290000000000000036e+00	7.499999997402482035e-03	-3.538030228583216817e-08
3.294999999999999929e+00	7.499999997522692301e-03	-3.374295197389313205e-08
3.299999999999999822e+00	7.499999997637334971e-03	-3.218140807924276428e-08
3.304999999999999716e+00	7.499999997746671990e-03	-3.069215558852689682e-08
3.310000000000000053e+00	7.499999997850946218e-03	-2.927185021730830522e-08
3.314999999999999947e+00	7.499999997950393578e-03	-2.791729505850872061e-08
3.319999999999999840e+00	7.499999998045236982e-03	-2.662544860210666946e-08
3.325000000000000178e+00	7.499999998135689801e-03	-2.539340335302219354e-08
3.330000000000000071e+00	7.499999998221955864e-03	-2.421839303354395236e-08
3.334999999999999964e+00	7.499999998304227727e-03	-2.309777328821330324e-08
3.339999999999999858e+00	7.499999998382691872e-03	-2.202902829423482147e-08
3.344999999999999751e+00	7.499999998457524374e-03	-2.100975303373994433e-08
3.350000000000000089e+00	7.499999998528892632e-03	-2.003765930163213596e-08
3.354999999999999982e+00	7.499999998596957110e-03	-1.911055975165413225e-08
3.359999999999999876e+00	7.499999998661871330e-03	-1.822637332642809178e-08
3.365000000000000213e+00	7.499999998723781008e-03	-1.738311063384386289e-08
3.370000000000000107e+00	7.499999998782825791e-03	-1.657887897271128205e-08
3.375000000000000000e+00	7.499999998839138385e-03	-1.581186897441945362e-08
3.379999999999999893e+00	7.499999998892842822e-03	-1.508035919006211189e-08
3.384999999999999787e+00	7.499999998944063134e-03	-1.438270397990977189e-08
3.390000000000000124e+00	7.499999998992912080e-03	-1.371733771959538573e-08
3.395000000000000018e+00	7.499999999039500681e-03	-1.308276368388131493e-08
3.399999999999999911e+00	7.499999999083933021e-03	-1.247755788739703713e-08
3.405000000000000249e+00	7.499999999126309713e-03	-1.190035905831053653e-08
3.410000000000000142e+00	7.499999999166724433e-03	-1.134987206681351844e-08
3.415000000000000036e+00	7.499999999205269122e-03	-1.082485884394997766e-08
3.419999999999999929e+00	7.499999999242030514e-03	-1.032414143624843657e-08
3.424999999999999822e+00	7.499999999277090143e-03	-9.846593815300808105e-09
3.430000000000000160e+00	7.499999999310527805e-03	-9.391144642688855104e-09
3.435000000000000053e+00	7.499999999342418962e-03	-8.956769761853892537e-09
3.439999999999999947e+00	7.499999999372833868e-03	-8.542494757255731584e-09
3.445000000000000284e+00	7.499999999401841047e-03	-8.147388050305478344e-09
3.450000000000000178e+00	7.499999999429506417e-03	-7.770563402597066238e-09
3.455000000000000071e+00	7.499999999455892429e-03	-7.411173585083283341e-09
3.459999999999999964e+00	7.499999999481057195e-03	-7.068412534960355940e-09
3.464999999999999858e+00	7.499999999505057094e-03	-6.741509642651054582e-09
3.470000000000000195e+00	7.499999999527946770e-03	-6.429731787055907239e-09
3.475000000000000089e+00	7.499999999549777398e-03	-6.132378077101739460e-09
3.479999999999999982e+00	7.499999999570597549e-03	-5.848781680085945077e-09
3.485000000000000320e+00	7.499999999590455796e-03	-5.578305083203887591e-09
3.490000000000000213e+00	7.499999999609394639e-03	-5.320341775887049464e-09
3.495000000000000107e+00	7.499999999627457448e-03	-5.074311964343119737e-09
3.500000000000000000e+00	7.499999999644684119e-03	-4.839664002651142244e-09
3.504999999999999893e+00	7.499999999661115420e-03	-4.615870508922675527e-09
3.509999999999999787e+00	7.499999999676785177e-03	-4.402429737519207739e-09
3.514999999999999680e+00	7.499999999691730687e-03	-4.198862031692264565e-09
3.520000000000000018e+00	7.499999999705984043e-03	-4.004711051359688722e-09
3.524999999999999911e+00	7.499999999719579070e-03	-3.819540526238111520e-09
3.529999999999999805e+00	7.499999999732545261e-03	-3.642935354493743466e-09
3.535000000000000142e+00	7.499999999744911237e-03	-3.474498732221601855e-09
3.540000000000000036e+00	7.499999999756705622e-03	-3.313853091036744339e-09
3.544999999999999929e+00	7.499999999767954437e-03	-3.160637556376064913e-09
3.549999999999999822e+00	7.499999999778681967e-03	-3.014508740892005451e-09
3.554999999999999716e+00	7.499999999788915100e-03	-2.875138305331333664e-09
3.560000000000000053e+00	7.499999999798673787e-03	-2.742213897783997808e-09
3.564999999999999947e+00	7.499999999807981446e-03	-2.615436919965383057e-09
3.569999999999999840e+00	7.499999999816858026e-03	-2.494523281149829355e-09
3.575000000000000178e+00	7.499999999825324344e-03	-2.379201434211918247e-09
3.580000000000000071e+00	7.499999999833400349e-03	-2.269212989274888663e-09
3.584999999999999964e+00	7.499999999841101654e-03	-2.164310873495813223e-09
3.589999999999999858e+00	7.499999999848447341e-03	-2.064260055479310634e-09
3.594999999999999751e+00	7.499999999855453021e-03	-1.968835848852271925e-09
3.600000000000000089e+00	7.499999999862134309e-03	-1.877824453413143876e-09
3.604999999999999982e+00	7.499999999868507683e-03	-1.791021503113920327e-09
3.609999999999999876e+00	7.499999999874585287e-03	-1.708232506601682534e-09
3.615000000000000213e+00	7.499999999880382733e-03	-1.629271606602170796e-09
3.620000000000000107e+00	7.499999999885912164e-03	-1.553961953404153532e-09
3.625000000000000000e+00	7.499999999891184856e-03	-1.482134442606277218e-09
3.629999999999999893e+00	7.499999999896213819e-03	-1.413628165420877356e-09
3.634999999999999787e+00	7.499999999901011197e-03	-1.348289344441083554e-09
3.640000000000000124e+00	7.499999999905586530e-03	-1.285971644555396256e-09
3.645000000000000018e+00	7.499999999909951094e-03	-1.226535137123570252e-09
3.649999999999999911e+00	7.499999999914112696e-03	-1.169846700985033588e-09
3.655000000000000249e+00	7.499999999918081743e-03	-1.115779086351222077e-09
3.660000000000000142e+00	7.499999999921867777e-03	-1.064211240584854259e-09
3.665000000000000036e+00	7.499999999925478604e-03	-1.015027441004514828e-09
3.669999999999999929e+00	7.499999999928922897e-03	-9.681175249515038479e-10
3.674999999999999822e+00	7.499999999932207596e-03	-9.233761836046613199e-10
3.680000000000000160e+00	7.499999999935339640e-03	-8.807032756183016657e-10
3.685000000000000053e+00	7.499999999938328568e-03	-8.400030278172186860e-10
3.689999999999999947e+00	7.499999999941178719e-03	-8.011843167486700601e-10
3.695000000000000284e+00	7.499999999943897031e-03	-7.641600367689154278e-10
3.700000000000000178e+00	7.499999999946489575e-03	-7.288473058330341664e-10
3.705000000000000071e+00	7.499999999948961556e-03	-6.951668718351963532e-10
3.709999999999999964e+00	7.499999999951319912e-03	-6.630433326412682056e-10
3.714999999999999858e+00	7.499999999953569849e-03	-6.324046107160762657e-10
3.720000000000000195e+00	7.499999999955715702e-03	-6.031821309483089671e-10
3.725000000000000089e+00	7.499999999957761808e-03	-5.753103464334390037e-10
3.729999999999999982e+00	7.499999999959713372e-03	-5.487268461694388268e-10
3.735000000000000320e+00	7.499999999961574730e-03	-5.233719997805403391e-10
3.740000000000000213e+00	7.499999999963350220e-03	-4.991891044069610840e-10
3.745000000000000107e+00	7.499999999965043310e-03	-4.761238744795297907e-10
3.750000000000000000e+00	7.499999999966658337e-03	-4.541246854264244930e-10
3.754999999999999893e+00	7.499999999968198772e-03	-4.331422079659872102e-10
3.759999999999999787e+00	7.499999999969668082e-03	-4.131295355425861200e-10
3.764999999999999680e+00	7.499999999971070606e-03	-3.940417895845391570e-10
3.770000000000000018e+00	7.499999999972406343e-03	-3.758362201403859207e-10
3.774999999999999911e+00	7.499999999973681365e-03	-3.584719781709953404e-10
3.779999999999999805e+00	7.499999999974897406e-03	-3.419102294106816887e-10
3.785000000000000142e+00	7.499999999976057069e-03	-3.261138597810751261e-10
3.790000000000000036e+00	7.499999999977162955e-03	-3.110475033727562648e-10
3.794999999999999929e+00	7.499999999978217667e-03	-2.966773990394633470e-10
3.799999999999999822e+00	7.499999999979223807e-03	-2.829714291320452426e-10
3.804999999999999716e+00	7.499999999980183976e-03	-2.698988338255465284e-10
3.810000000000000053e+00	7.499999999981099043e-03	-2.574303356545038189e-10
3.814999999999999947e+00	7.499999999981973343e-03	-2.455379724657353117e-10
3.819999999999999840e+00	7.499999999982806011e-03	-2.341951390540406867e-10
3.825000000000000178e+00	7.499999999983598779e-03	-2.233764089140074118e-10
3.830000000000000071e+00	7.499999999984356853e-03	-2.130575984130525695e-10
3.834999999999999964e+00	7.499999999985080233e-03	-2.032155582365558500e-10
3.839999999999999858e+00	7.499999999985768918e-03	-1.938282794763022414e-10
3.844999999999999751e+00	7.499999999986426379e-03	-1.848747241564045934e-10
3.850000000000000089e+00	7.499999999987053481e-03	-1.763348564958890761e-10
3.854999999999999982e+00	7.499999999987651093e-03	-1.681895426718696172e-10
3.859999999999999876e+00	7.499999999988221817e-03	-1.604205723469820471e-10
3.865000000000000213e+00	7.499999999988765653e-03	-1.530105102194631856e-10
3.870000000000000107e+00	7.499999999989284336e-03	-1.459427610149704696e-10
3.875000000000000000e+00	7.499999999989779599e-03	-1.392015128258829360e-10
3.879999999999999893e+00	7.499999999990251444e-03	-1.327717071514044581e-10
3.884999999999999787e+00	7.499999999990701605e-03	-1.266389236141256347e-10
3.890000000000000124e+00	7.499999999991130949e-03	-1.207894518678539139e-10
3.895000000000000018e+00	7.499999999991541211e-03	-1.152101895380243602e-10
3.899999999999999911e+00	7.499999999991931524e-03	-1.098886679108888292e-10
3.905000000000000249e+00	7.499999999992303622e-03	-1.048129471555530456e-10
3.910000000000000142e+00	7.499999999992659240e-03	-9.997171152594227182e-11
3.915000000000000036e+00	7.499999999992998378e-03	-9.535412103602014178e-11
3.919999999999999929e+00	7.499999999993321904e-03	-9.094981410349123141e-11
3.924999999999999822e+00	7.499999999993630685e-03	-8.674891942350774998e-11
3.930000000000000160e+00	7.499999999993924721e-03	-8.274202777023186772e-11
3.935000000000000053e+00	7.499999999994205746e-03	-7.892016320289950177e-11
3.939999999999999947e+00	7.499999999994472893e-03	-7.527479086516685441e-11
3.945000000000000284e+00	7.499999999994727898e-03	-7.179775507711130500e-11
3.950000000000000178e+00	7.499999999994971626e-03	-6.848127508877567122e-11
3.955000000000000071e+00	7.499999999995204079e-03	-6.531790659665837164e-11
3.959999999999999964e+00	7.499999999995425257e-03	-6.230059349558072699e-11
3.964999999999999858e+00	7.499999999995636026e-03	-5.942261516980526853e-11
3.970000000000000195e+00	7.499999999995838121e-03	-5.667752593893595526e-11
3.975000000000000089e+00	7.499999999996030675e-03	-5.405917928631916279e-11
3.979999999999999982e+00	7.499999999996213688e-03	-5.156170313670404434e-11
3.985000000000000320e+00	7.499999999996388028e-03	-4.917952044481568217e-11
3.990000000000000213e+00	7.499999999996555429e-03	-4.690734295533006310e-11
3.995000000000000107e+00	7.499999999996715024e-03	-4.474007807578100656e-11
4.000000000000000000e+00	7.499999999996865944e-03	-4.267286914288722580e-11
4.004999999999999893e+00	7.499999999997010794e-03	-4.070109627908781611e-11
4.009999999999999787e+00	7.499999999997148704e-03	-3.882037290774149305e-11
4.014999999999999680e+00	7.499999999997281411e-03	-3.702648265306910249e-11
4.019999999999999574e+00	7.499999999997406311e-03	-3.531537570456584640e-11
4.025000000000000355e+00	7.499999999997526007e-03	-3.368321068668050737e-11
4.030000000000000249e+00	7.499999999997640499e-03	-3.212637466165073151e-11
4.035000000000000142e+00	7.499999999997748919e-03	-3.064140355544520830e-11
4.040000000000000036e+00	7.499999999997853870e-03	-2.922498827552513213e-11
4.044999999999999929e+00	7.499999999997952749e-03	-2.787394446408023003e-11
4.049999999999999822e+00	7.499999999998047291e-03	-2.658524844702315545e-11
4.054999999999999716e+00	7.499999999998137497e-03	-2.535601427166315095e-11
4.059999999999999609e+00	7.499999999998223366e-03	-2.418351061596783129e-11
4.064999999999999503e+00	7.499999999998305765e-03	-2.306512132451086295e-11
4.070000000000000284e+00	7.499999999998383828e-03	-2.199835087781076978e-11
4.075000000000000178e+00	7.499999999998459288e-03	-2.098081058732753898e-11
4.080000000000000071e+00	7.499999999998530412e-03	-2.001021399871018440e-11
4.084999999999999964e+00	7.499999999998598066e-03	-1.908438942253435241e-11
4.089999999999999858e+00	7.499999999998663118e-03	-1.820130466571972528e-11
4.094999999999999751e+00	7.499999999998724701e-03	-1.735899922717768080e-11
4.099999999999999645e+00	7.499999999998783681e-03	-1.655559577896375927e-11
4.105000000000000426e+00	7.499999999998840060e-03	-1.578928114152600779e-11
4.110000000000000320e+00	7.499999999998893836e-03	-1.505834317734992808e-11
4.115000000000000213e+00	7.499999999998945011e-03	-1.436115575837735661e-11
4.120000000000000107e+00	7.499999999998993583e-03	-1.369615515091024492e-11
4.125000000000000000e+00	7.499999999999040420e-03	-1.306186167357328873e-11
4.129999999999999893e+00	7.499999999999084656e-03	-1.245685430191992966e-11
4.134999999999999787e+00	7.499999999999126289e-03	-1.187978350750898858e-11
4.139999999999999680e+00	7.499999999999167055e-03	-1.132937115695706724e-11
4.144999999999999574e+00	7.499999999999206086e-03	-1.080438479721124498e-11
4.150000000000000355e+00	7.499999999999242516e-03	-1.030365903196641574e-11
4.155000000000000249e+00	7.499999999999278077e-03	-9.826066185880975880e-12
4.160000000000000142e+00	7.499999999999311905e-03	-9.370512083904675035e-12
4.165000000000000036e+00	7.499999999999343130e-03	-8.935975787849626837e-12
4.169999999999999929e+00	7.499999999999373487e-03	-8.521500671883897113e-12
4.174999999999999822e+00	7.499999999999402978e-03	-8.126164794914372147e-12
4.179999999999999716e+00	7.499999999999430733e-03	-7.749071351430382072e-12
4.185000000000000497e+00	7.499999999999456754e-03	-7.389385108040929312e-12
4.190000000000000391e+00	7.499999999999482775e-03	-7.046314105159441364e-12
4.195000000000000284e+00	7.499999999999506194e-03	-6.719091888028433589e-12
4.200000000000000178e+00	7.499999999999528745e-03	-6.407000463245966993e-12
4.205000000000000071e+00	7.499999999999550429e-03	-6.109342611876220385e-12
4.209999999999999964e+00	7.499999999999571246e-03	-5.825445655717052639e-12
4.214999999999999858e+00	7.499999999999591195e-03	-5.554682786104666172e-12
4.219999999999999751e+00	7.499999999999610277e-03	-5.296459495324159180e-12
4.224999999999999645e+00	7.499999999999628492e-03	-5.050189144851478250e-12
4.230000000000000426e+00	7.499999999999645839e-03	-4.815317231092935386e-12
4.235000000000000320e+00	7.499999999999662319e-03	-4.591319006975463954e-12
4.240000000000000213e+00	7.499999999999677931e-03	-4.377676799450742534e-12
4.245000000000000107e+00	7.499999999999692676e-03	-4.173922908681866079e-12
4.250000000000000000e+00	7.499999999999707422e-03	-3.979611709664906732e-12
4.254999999999999893e+00	7.499999999999720432e-03	-3.794285177296956992e-12
4.259999999999999787e+00	7.499999999999733442e-03	-3.617528826645963770e-12
4.264999999999999680e+00	7.499999999999746453e-03	-3.448952091246298323e-12
4.269999999999999574e+00	7.499999999999757729e-03	-3.288179663863276486e-12
4.275000000000000355e+00	7.499999999999769004e-03	-3.134869462045283755e-12
4.280000000000000249e+00	7.499999999999780280e-03	-2.988668769831329355e-12
4.285000000000000142e+00	7.499999999999789821e-03	-2.849241982708894788e-12
4.290000000000000036e+00	7.499999999999800229e-03	-2.716289638064274223e-12
4.294999999999999929e+00	7.499999999999808903e-03	-2.589518523207235881e-12
4.299999999999999822e+00	7.499999999999817576e-03	-2.468651644268930957e-12
4.304999999999999716e+00	7.499999999999826250e-03	-2.353421608606936248e-12
4.309999999999999609e+00	7.499999999999834056e-03	-2.243564342695238562e-12
4.314999999999999503e+00	7.499999999999841863e-03	-2.138831948739833554e-12
4.320000000000000284e+00	7.499999999999849669e-03	-2.038975127798427818e-12
4.325000000000000178e+00	7.499999999999856608e-03	-1.943755145542078329e-12
4.330000000000000071e+00	7.499999999999863547e-03	-1.852949911504688512e-12
4.334999999999999964e+00	7.499999999999869618e-03	-1.766347079729614945e-12
4.339999999999999858e+00	7.499999999999875690e-03	-1.683765595157978012e-12
4.344999999999999751e+00	7.499999999999881761e-03	-1.605015258228200465e-12
4.349999999999999645e+00	7.499999999999886965e-03	-1.529902415409046947e-12
4.355000000000000426e+00	7.499999999999892170e-03	-1.458249824450171947e-12
4.360000000000000320e+00	7.499999999999897374e-03	-1.389883141806582093e-12
4.365000000000000213e+00	7.499999999999902578e-03	-1.324670568225652486e-12
4.370000000000000107e+00	7.499999999999906915e-03	-1.262485587310438398e-12
4.375000000000000000e+00	7.499999999999911252e-03	-1.203186562957080781e-12
4.379999999999999893e+00	7.499999999999915588e-03	-1.146617224889154596e-12
4.384999999999999787e+00	7.499999999999919058e-03	-1.092646225032923077e-12
4.389999999999999680e+00	7.499999999999922527e-03	-1.041164984371605175e-12
4.394999999999999574e+00	7.499999999999925997e-03	-9.920458089750081945e-13
4.400000000000000355e+00	7.499999999999930334e-03	-9.451691071869207717e-13
4.405000000000000249e+00	7.499999999999932936e-03	-9.004362718516029832e-13
4.410000000000000142e+00	7.499999999999936405e-03	-8.577505796617483860e-13
4.415000000000000036e+00	7.499999999999939007e-03	-8.170102992859170913e-13
4.419999999999999929e+00	7.499999999999941609e-03	-7.781264600529792356e-13
4.424999999999999822e+00	7.499999999999945079e-03	-7.410161262784474121e-13
4.429999999999999716e+00	7.499999999999947681e-03	-7.056085880162548626e-13
4.435000000000000497e+00	7.499999999999950283e-03	-6.718274800448145446e-13
4.440000000000000391e+00	7.499999999999952885e-03	-6.395891908840736759e-13
4.445000000000000284e+00	7.499999999999954620e-03	-6.088129872427222078e-13
4.450000000000000178e+00	7.499999999999956354e-03	-5.794174390961384980e-13
4.455000000000000071e+00	7.499999999999958956e-03	-5.513457755875174024e-13
4.459999999999999964e+00	7.499999999999960691e-03	-5.245400639276723785e-13
4.464999999999999858e+00	7.499999999999962426e-03	-4.989486694258290256e-13
4.469999999999999751e+00	7.499999999999964161e-03	-4.745067991613885382e-13
4.474999999999999645e+00	7.499999999999965895e-03	-4.511755135223991111e-13
4.480000000000000426e+00	7.499999999999967630e-03	-4.289095230492105098e-13
4.485000000000000320e+00	7.499999999999969365e-03	-4.076407879975835383e-13
4.490000000000000213e+00	7.499999999999971100e-03	-3.873156284040932430e-13
4.495000000000000107e+00	7.499999999999971967e-03	-3.678960856194868590e-13
4.500000000000000000e+00	7.499999999999973702e-03	-3.493386178374269379e-13
4.504999999999999893e+00	7.499999999999975436e-03	-3.315995038583639086e-13
4.509999999999999787e+00	7.499999999999976304e-03	-3.146298392035851362e-13
4.514999999999999680e+00	7.499999999999977171e-03	-2.984096724725308086e-13
4.519999999999999574e+00	7.499999999999978038e-03	-2.829044482510719776e-13
4.525000000000000355e+00	7.499999999999978906e-03	-2.680839625446536874e-13
4.530000000000000249e+00	7.499999999999979773e-03	-2.539193740500263694e-13
4.535000000000000142e+00	7.499999999999981508e-03	-2.403872731231150638e-13
4.540000000000000036e+00	7.499999999999982375e-03	-2.274326916862971712e-13
4.544999999999999929e+00	7.499999999999983243e-03	-2.150281436850291204e-13
4.549999999999999822e+00	7.499999999999984110e-03	-2.031759733437350301e-13
4.554999999999999716e+00	7.499999999999984977e-03	-1.918696094082167199e-13
4.559999999999999609e+00	7.499999999999985845e-03	-1.810729846176672319e-13
4.564999999999999503e+00	7.499999999999986712e-03	-1.707588531622814813e-13
4.570000000000000284e+00	7.499999999999987579e-03	-1.609179258754103553e-13
4.575000000000000178e+00	7.499999999999987579e-03	-1.515250965648135392e-13
4.580000000000000071e+00	7.499999999999988447e-03	-1.425547310279765631e-13
4.584999999999999964e+00	7.499999999999989314e-03	-1.339705447622761530e-13
4.589999999999999858e+00	7.499999999999990181e-03	-1.257372050608285161e-13
4.594999999999999751e+00	7.499999999999990181e-03	-1.178611276457914960e-13
4.599999999999999645e+00	7.499999999999991049e-03	-1.103401102450369263e-13
4.605000000000000426e+00	7.499999999999991916e-03	-1.031462672881187775e-13
4.610000000000000320e+00	7.499999999999992784e-03	-9.626427144795814157e-14
4.615000000000000213e+00	7.499999999999992784e-03	-8.966943575944490567e-14
4.620000000000000107e+00	7.499999999999993651e-03	-8.334139727403423213e-14
4.625000000000000000e+00	7.499999999999993651e-03	-7.725901714424055079e-14
4.629999999999999893e+00	7.499999999999993651e-03	-7.141974972793676212e-14
4.634999999999999787e+00	7.499999999999994518e-03	-6.583729395585790107e-14
4.639999999999999680e+00	7.499999999999994518e-03	-6.049218920052844835e-14
4.644999999999999574e+00	7.499999999999995386e-03	-5.536969887168352444e-14
4.650000000000000355e+00	7.499999999999996253e-03	-5.044038168729327614e-14
4.655000000000000249e+00	7.499999999999996253e-03	-4.569130742846579669e-14
4.660000000000000142e+00	7.499999999999996253e-03	-4.114434063495506077e-14
4.665000000000000036e+00	7.499999999999997120e-03	-3.678940273671239743e-14
4.669999999999999929e+00	7.499999999999997120e-03	-3.260825697698200831e-14
4.674999999999999822e+00	7.499999999999997120e-03	-2.861883336588304442e-14
4.679999999999999716e+00	7.499999999999997120e-03	-2.482431589456867156e-14
4.685000000000000497e+00	7.499999999999997120e-03	-2.121924893548546541e-14
4.690000000000000391e+00	7.499999999999997988e-03	-1.779936108682593017e-14
4.695000000000000284e+00	7.499999999999998855e-03	-1.453602287871308719e-14
4.700000000000000178e+00	7.499999999999998855e-03	-1.138686824578053280e-14
4.705000000000000071e+00	7.499999999999997988e-03	-8.360771975584169657e-15
4.709999999999999964e+00	7.499999999999998855e-03	-5.468578559045510323e-15
4.714999999999999858e+00	7.499999999999998855e-03	-2.696417466814341235e-15
4.719999999999999751e+00	7.499999999999998855e-03	-3.455126990799015565e-17
4.724999999999999645e+00	7.499999999999999722e-03	2.516492993372367599e-15
4.730000000000000426e+00	7.499999999999999722e-03	4.946037662830921063e-15
4.735000000000000320e+00	7.499999999999999722e-03	7.253527369094038838e-15
4.740000000000000213e+00	7.499999999999999722e-03	9.440958346699976892e-15
4.745000000000000107e+00	7.500000000000000590e-03	1.151446162636511616e-14
4.750000000000000000e+00	7.499999999999999722e-03	1.349247551094164148e-14
4.754999999999999893e+00	7.500000000000000590e-03	1.537241255626846032e-14
4.759999999999999787e+00	7.500000000000000590e-03	1.716402530696754830e-14
4.764999999999999680e+00	7.500000000000000590e-03	1.887077475033020800e-14
4.769999999999999574e+00	7.500000000000000590e-03	2.049577477714361165e-14
4.775000000000000355e+00	7.500000000000000590e-03	2.204167228381842941e-14
4.780000000000000249e+00	7.500000000000000590e-03	2.350623123573942450e-14
4.785000000000000142e+00	7.500000000000001457e-03	2.489692770041644369e-14
4.790000000000000036e+00	7.500000000000001457e-03	2.623554200413680706e-14
4.794999999999999929e+00	7.500000000000001457e-03	2.752683589623611642e-14
4.799999999999999822e+00	7.500000000000001457e-03	2.876531772531236979e-14
4.804999999999999716e+00	7.500000000000001457e-03	2.994606122369938560e-14
4.809999999999999609e+00	7.500000000000001457e-03	3.108027692897206770e-14
4.814999999999999503e+00	7.500000000000001457e-03	3.216921041469769064e-14
4.820000000000000284e+00	7.500000000000001457e-03	3.321359458890943071e-14
4.825000000000000178e+00	7.500000000000001457e-03	3.421506127489442678e-14
4.830000000000000071e+00	7.500000000000001457e-03	3.517228037325881083e-14
4.834999999999999964e+00	7.500000000000001457e-03	3.608586253686056488e-14
4.839999999999999858e+00	7.500000000000001457e-03	3.696548605225761518e-14
4.844999999999999751e+00	7.500000000000001457e-03	3.781373778754581212e-14
4.849999999999999645e+00	7.500000000000002325e-03	3.862550118112331346e-14
4.855000000000000426e+00	7.500000000000001457e-03	3.938990961259478953e-14
4.860000000000000320e+00	7.500000000000002325e-03	4.010329302518114174e-14
4.865000000000000213e+00	7.500000000000002325e-03	4.077255214251142139e-14
4.870000000000000107e+00	7.500000000000002325e-03	4.140074575381507536e-14
4.875000000000000000e+00	7.500000000000002325e-03	4.198424065769742063e-14
4.879999999999999893e+00	7.500000000000002325e-03	4.252294620320524081e-14
4.884999999999999787e+00	7.500000000000002325e-03	4.302797992652523487e-14
4.889999999999999680e+00	7.500000000000002325e-03	4.349349501416181530e-14
4.894999999999999574e+00	7.500000000000002325e-03	4.391535890269244847e-14
4.900000000000000355e+00	7.500000000000002325e-03	4.430115855725940026e-14
4.905000000000000249e+00	7.500000000000002325e-03	4.465528130321839147e-14
4.910000000000000142e+00	7.500000000000002325e-03	4.497668470666850169e-14
4.915000000000000036e+00	7.500000000000002325e-03	4.526437284226137650e-14
4.919999999999999929e+00	7.500000000000002325e-03	4.552044266644730702e-14
4.924999999999999822e+00	7.500000000000002325e-03	4.574470874680620078e-14
4.929999999999999716e+00	7.500000000000002325e-03	4.593654997647731062e-14
4.935000000000000497e+00	7.500000000000002325e-03	4.609056573077040138e-14
4.940000000000000391e+00	7.500000000000002325e-03	4.621149006034196117e-14
4.945000000000000284e+00	7.500000000000002325e-03	4.633582091013039344e-14
4.950000000000000178e+00	7.500000000000002325e-03	4.643676946020335564e-14
4.955000000000000071e+00	7.500000000000002325e-03	4.650092359208690000e-14
4.959999999999999964e+00	7.500000000000002325e-03	4.653710232605339751e-14
4.964999999999999858e+00	7.500000000000002325e-03	4.658745682163174980e-14
4.969999999999999751e+00	7.500000000000002325e-03	4.665745046009782665e-14
4.974999999999999645e+00	7.500000000000002325e-03	4.671030069374279634e-14
4.980000000000000426e+00	7.500000000000002325e-03	4.673497732254227789e-14
4.985000000000000320e+00	7.500000000000002325e-03	4.673230020177454820e-14
4.990000000000000213e+00	7.500000000000002325e-03	4.670059647051790361e-14
4.995000000000000107e+00	7.500000000000003192e-03	4.665341788810450952e-14
5.000000000000000000e+00	7.500000000000003192e-03	4.663445171486369430e-14
