# coordinate_x	h	p	@time=591.29
0.000000000000000000e+00	2.700122603155537537e-01	5.715619774945778220e-01
5.000000000000000104e-03	2.700086926430336765e-01	5.715619773781842605e-01
1.000000000000000021e-02	2.699979896266425650e-01	5.715619770289466217e-01
1.499999999999999944e-02	2.699801512676396342e-01	5.715619764468033992e-01
2.000000000000000042e-02	2.699551775690837152e-01	5.715619756316056010e-01
2.500000000000000139e-02	2.699230685344821690e-01	5.715619745831816978e-01
2.999999999999999889e-02	2.698838241691011719e-01	5.715619733012747838e-01
3.500000000000000333e-02	2.698374444786495463e-01	5.715619717856061932e-01
4.000000000000000083e-02	2.697839294705986490e-01	5.715619700358108846e-01
4.499999999999999833e-02	2.697232791528656470e-01	5.715619680515021672e-01
5.000000000000000278e-02	2.696554935351368476e-01	5.715619658322063090e-01
5.500000000000000028e-02	2.695805726275488090e-01	5.715619633774277064e-01
5.999999999999999778e-02	2.694985164420160562e-01	5.715619606865831592e-01
6.500000000000000222e-02	2.694093249909092491e-01	5.715619577590670408e-01
7.000000000000000666e-02	2.693129982883876727e-01	5.715619545941856838e-01
7.500000000000001110e-02	2.692095363490738524e-01	5.715619511912218842e-01
8.000000000000000167e-02	2.690989391893914839e-01	5.715619475493697310e-01
8.499999999999999223e-02	2.689812068262361078e-01	5.715619436677993326e-01
8.999999999999999667e-02	2.688563392783191452e-01	5.715619395455913132e-01
9.500000000000000111e-02	2.687243365648332993e-01	5.715619351818006511e-01
1.000000000000000056e-01	2.685851987068041402e-01	5.715619305753923962e-01
1.050000000000000100e-01	2.684389257257494554e-01	5.715619257253051755e-01
1.100000000000000006e-01	2.682855176450388290e-01	5.715619206303858002e-01
1.149999999999999911e-01	2.681249744885462749e-01	5.715619152894538813e-01
1.199999999999999956e-01	2.679572962820188642e-01	5.715619097012363259e-01
1.250000000000000000e-01	2.677824830517216981e-01	5.715619038644310645e-01
1.300000000000000044e-01	2.676005348258161942e-01	5.715618977776417697e-01
1.350000000000000089e-01	2.674114516329968438e-01	5.715618914394422490e-01
1.400000000000000133e-01	2.672152335038804338e-01	5.715618848483102754e-01
1.450000000000000178e-01	2.670118804696330339e-01	5.715618780026920920e-01
1.499999999999999944e-01	2.668013925633710426e-01	5.715618709009361309e-01
1.549999999999999989e-01	2.665837698187782934e-01	5.715618635413576287e-01
1.600000000000000033e-01	2.663590122715194797e-01	5.715618559221724571e-01
1.650000000000000078e-01	2.661271199578462698e-01	5.715618480415609604e-01
1.700000000000000122e-01	2.658880929160239992e-01	5.715618398976023418e-01
1.749999999999999889e-01	2.656419311849265719e-01	5.715618314883385009e-01
1.799999999999999933e-01	2.653886348054770306e-01	5.715618228117070876e-01
1.849999999999999978e-01	2.651282038192298018e-01	5.715618138656073377e-01
1.900000000000000022e-01	2.648606382698270867e-01	5.715618046478313508e-01
1.950000000000000067e-01	2.645859382015669503e-01	5.715617951561301480e-01
2.000000000000000111e-01	2.643041036608765881e-01	5.715617853881452826e-01
2.050000000000000155e-01	2.640151346948655942e-01	5.715617753414751201e-01
2.099999999999999922e-01	2.637190313528166574e-01	5.715617650136051164e-01
2.149999999999999967e-01	2.634157936847237869e-01	5.715617544019748753e-01
2.200000000000000011e-01	2.631054217428010489e-01	5.715617435039084260e-01
2.250000000000000056e-01	2.627879155800044164e-01	5.715617323166808372e-01
2.300000000000000100e-01	2.624632752515604350e-01	5.715617208374479397e-01
2.349999999999999867e-01	2.621315008134701974e-01	5.715617090633138275e-01
2.399999999999999911e-01	2.617925923240594366e-01	5.715616969912600265e-01
2.449999999999999956e-01	2.614465498424631829e-01	5.715616846182127730e-01
2.500000000000000000e-01	2.610933734301986164e-01	5.715616719409717383e-01
2.550000000000000044e-01	2.607330631496294626e-01	5.715616589562776406e-01
2.600000000000000089e-01	2.603656190655627145e-01	5.715616456607409690e-01
2.650000000000000133e-01	2.599910412436919893e-01	5.715616320509092629e-01
2.700000000000000178e-01	2.596093297522190091e-01	5.715616181231952808e-01
2.750000000000000222e-01	2.592204846602745305e-01	5.715616038739446125e-01
2.800000000000000266e-01	2.588245060395668595e-01	5.715615892993637370e-01
2.850000000000000311e-01	2.584213939627784118e-01	5.715615743955870798e-01
2.899999999999999800e-01	2.580111485052426490e-01	5.715615591586054034e-01
2.949999999999999845e-01	2.575937697433155482e-01	5.715615435843324210e-01
2.999999999999999889e-01	2.571692577560821813e-01	5.715615276685326318e-01
3.049999999999999933e-01	2.567376126237014278e-01	5.715615114068884894e-01
3.099999999999999978e-01	2.562988344291443621e-01	5.715614947949275715e-01
3.150000000000000022e-01	2.558529232565106004e-01	5.715614778280900810e-01
3.200000000000000067e-01	2.553998791927997170e-01	5.715614605016547944e-01
3.250000000000000111e-01	2.549397023261985029e-01	5.715614428108072298e-01
3.300000000000000155e-01	2.544723927478870218e-01	5.715614247505652612e-01
3.350000000000000200e-01	2.539979505502946711e-01	5.715614063158471758e-01
3.400000000000000244e-01	2.535163758289432079e-01	5.715613875013960676e-01
3.449999999999999734e-01	2.530276686806699482e-01	5.715613683018487823e-01
3.499999999999999778e-01	2.525318292055097613e-01	5.715613487116601998e-01
3.549999999999999822e-01	2.520288575048835744e-01	5.715613287251707364e-01
3.599999999999999867e-01	2.515187536835215565e-01	5.715613083365310709e-01
3.649999999999999911e-01	2.510015178476149300e-01	5.715612875397698689e-01
3.699999999999999956e-01	2.504771501067827866e-01	5.715612663287170658e-01
3.750000000000000000e-01	2.499456505721850963e-01	5.715612446970721461e-01
3.800000000000000044e-01	2.494070193585356809e-01	5.715612226383269823e-01
3.850000000000000089e-01	2.488612565821743949e-01	5.715612001458335589e-01
3.900000000000000133e-01	2.483083623631282821e-01	5.715611772127265899e-01
3.950000000000000178e-01	2.477483368231416516e-01	5.715611538319909091e-01
4.000000000000000222e-01	2.471811800877876386e-01	5.715611299963839764e-01
4.050000000000000266e-01	2.466068922844534272e-01	5.715611056985021587e-01
4.099999999999999756e-01	2.460254735445058516e-01	5.715610809307037909e-01
4.149999999999999800e-01	2.454369240012289344e-01	5.715610556851745683e-01
4.199999999999999845e-01	2.448412437920465257e-01	5.715610299538494976e-01
4.249999999999999889e-01	2.442384330564098260e-01	5.715610037284792888e-01
4.299999999999999933e-01	2.436284919380800607e-01	5.715609770005511958e-01
4.349999999999999978e-01	2.430114205829634610e-01	5.715609497613540757e-01
4.400000000000000022e-01	2.423872191414571942e-01	5.715609220019003400e-01
4.450000000000000067e-01	2.417558877662289440e-01	5.715608937129889044e-01
4.500000000000000111e-01	2.411174266146299261e-01	5.715608648851278062e-01
4.550000000000000155e-01	2.404718358464159322e-01	5.715608355085961545e-01
4.600000000000000200e-01	2.398191156262313994e-01	5.715608055733660819e-01
4.649999999999999689e-01	2.391592661212685322e-01	5.715607750691636957e-01
4.699999999999999734e-01	2.384922875038263668e-01	5.715607439853915839e-01
4.749999999999999778e-01	2.378181799489049730e-01	5.715607123111875465e-01
4.799999999999999822e-01	2.371369436368438721e-01	5.715606800353479899e-01
4.849999999999999867e-01	2.364485787508474879e-01	5.715606471463844374e-01
4.899999999999999911e-01	2.357530854797076636e-01	5.715606136324474784e-01
4.949999999999999956e-01	2.350504640152565328e-01	5.715605794813812812e-01
5.000000000000000000e-01	2.343407145551781590e-01	5.715605446806479861e-01
5.050000000000000044e-01	2.336238373003847457e-01	5.715605092173798862e-01
5.100000000000000089e-01	2.328998324579227563e-01	5.715604730783044873e-01
5.150000000000000133e-01	2.321687002382682163e-01	5.715604362497941349e-01
5.200000000000000178e-01	2.314304408583328643e-01	5.715603987177921841e-01
5.250000000000000222e-01	2.306850545386739670e-01	5.715603604678586303e-01
5.300000000000000266e-01	2.299325415066067191e-01	5.715603214850983882e-01
5.350000000000000311e-01	2.291729019933237133e-01	5.715602817542031477e-01
5.400000000000000355e-01	2.284061362371199444e-01	5.715602412593808745e-01
5.450000000000000400e-01	2.276322444804168010e-01	5.715601999843934466e-01
5.500000000000000444e-01	2.268512269731070008e-01	5.715601579124885978e-01
5.550000000000000488e-01	2.260630839694770244e-01	5.715601150264320029e-01
5.600000000000000533e-01	2.252678157316797825e-01	5.715600713084418860e-01
5.649999999999999467e-01	2.244654225265497183e-01	5.715600267402157764e-01
5.699999999999999512e-01	2.236559046292111996e-01	5.715599813028678922e-01
5.749999999999999556e-01	2.228392623197797684e-01	5.715599349769486803e-01
5.799999999999999600e-01	2.220154958871152218e-01	5.715598877423866409e-01
5.849999999999999645e-01	2.211846056254022086e-01	5.715598395785002062e-01
5.899999999999999689e-01	2.203465918380574096e-01	5.715597904639433402e-01
5.949999999999999734e-01	2.195014548341820970e-01	5.715597403767092022e-01
5.999999999999999778e-01	2.186491949326337669e-01	5.715596892940805196e-01
6.049999999999999822e-01	2.177898124583427519e-01	5.715596371926235930e-01
6.099999999999999867e-01	2.169233077465593240e-01	5.715595840481443313e-01
6.149999999999999911e-01	2.160496811390259508e-01	5.715595298356713760e-01
6.199999999999999956e-01	2.151689329884121649e-01	5.715594745294186874e-01
6.250000000000000000e-01	2.142810636543328595e-01	5.715594181027556786e-01
6.300000000000000044e-01	2.133860735079841364e-01	5.715593605281779066e-01
6.350000000000000089e-01	2.124839629279979825e-01	5.715593017772634399e-01
6.400000000000000133e-01	2.115747323052933893e-01	5.715592418206513203e-01
6.450000000000000178e-01	2.106583820387564754e-01	5.715591806279824993e-01
6.500000000000000222e-01	2.097349125403221992e-01	5.715591181678881805e-01
6.550000000000000266e-01	2.088043242304689073e-01	5.715590544079125479e-01
6.600000000000000311e-01	2.078666175435474328e-01	5.715589893145128775e-01
6.650000000000000355e-01	2.069217929230771913e-01	5.715589228529611709e-01
6.700000000000000400e-01	2.059698508273416218e-01	5.715588549873580337e-01
6.750000000000000444e-01	2.050107917244720079e-01	5.715587856805106615e-01
6.800000000000000488e-01	2.040446160983292734e-01	5.715587148939617057e-01
6.850000000000000533e-01	2.030713244433614284e-01	5.715586425878412813e-01
6.899999999999999467e-01	2.020909172707934243e-01	5.715585687209123744e-01
6.949999999999999512e-01	2.011033951032420442e-01	5.715584932503937621e-01
6.999999999999999556e-01	2.001087584812385189e-01	5.715584161320242940e-01
7.049999999999999600e-01	1.991070079575834595e-01	5.715583373198525052e-01
7.099999999999999645e-01	1.980981441042284352e-01	5.715582567663229918e-01
7.149999999999999689e-01	1.970821675063524903e-01	5.715581744220278315e-01
7.199999999999999734e-01	1.960590787696317727e-01	5.715580902358179394e-01
7.249999999999999778e-01	1.950288785140171233e-01	5.715580041545117451e-01
7.299999999999999822e-01	1.939915673814238961e-01	5.715579161230354144e-01
7.349999999999999867e-01	1.929471460291881935e-01	5.715578260840814551e-01
7.399999999999999911e-01	1.918956151382123498e-01	5.715577339782832444e-01
7.449999999999999956e-01	1.908369754060756374e-01	5.715576397438165701e-01
7.500000000000000000e-01	1.897712275556742711e-01	5.715575433166122377e-01
7.550000000000000044e-01	1.886983723279599123e-01	5.715574446298942179e-01
7.600000000000000089e-01	1.876184104911176598e-01	5.715573436144346653e-01
7.650000000000000133e-01	1.865313428329030965e-01	5.715572401980202333e-01
7.700000000000000178e-01	1.854371701704062569e-01	5.715571343057561648e-01
7.750000000000000222e-01	1.843358933419552426e-01	5.715570258594491193e-01
7.800000000000000266e-01	1.832275132175193444e-01	5.715569147779686610e-01
7.850000000000000311e-01	1.821120306901443386e-01	5.715568009765349400e-01
7.900000000000000355e-01	1.809894466870538288e-01	5.715566843671447961e-01
7.950000000000000400e-01	1.798597621605776964e-01	5.715565648577517477e-01
8.000000000000000444e-01	1.787229781000179707e-01	5.715564423527655924e-01
8.050000000000000488e-01	1.775790955220278022e-01	5.715563167521083843e-01
8.100000000000000533e-01	1.764281154833154397e-01	5.715561879517999655e-01
8.149999999999999467e-01	1.752700390704273470e-01	5.715560558428707250e-01
8.199999999999999512e-01	1.741048674133729435e-01	5.715559203120458287e-01
8.249999999999999556e-01	1.729326016747594619e-01	5.715557812404936655e-01
8.299999999999999600e-01	1.717532430644312380e-01	5.715556385046235421e-01
8.349999999999999645e-01	1.705667928278986889e-01	5.715554919746448359e-01
8.399999999999999689e-01	1.693732522620961245e-01	5.715553415154958072e-01
8.449999999999999734e-01	1.681726227030417853e-01	5.715551869851839273e-01
8.499999999999999778e-01	1.669649055428321094e-01	5.715550282358667911e-01
8.549999999999999822e-01	1.657501022164621640e-01	5.715548651119392032e-01
8.599999999999999867e-01	1.645282142201895115e-01	5.715546974512889511e-01
8.649999999999999911e-01	1.632992430974364584e-01	5.715545250830922352e-01
8.699999999999999956e-01	1.620631904586748440e-01	5.715543478292711699e-01
8.750000000000000000e-01	1.608200579663225105e-01	5.715541655019507061e-01
8.800000000000000044e-01	1.595698473563207653e-01	5.715539779051506120e-01
8.850000000000000089e-01	1.583125604219271232e-01	5.715537848318474889e-01
8.900000000000000133e-01	1.570481990371814518e-01	5.715535860659411993e-01
8.950000000000000178e-01	1.557767651394855457e-01	5.715533813788553630e-01
9.000000000000000222e-01	1.544982607551817488e-01	5.715531705318228628e-01
9.050000000000000266e-01	1.532126879807968189e-01	5.715529532719479944e-01
9.100000000000000311e-01	1.519200490109896828e-01	5.715527293348643401e-01
9.150000000000000355e-01	1.506203461183216463e-01	5.715524984401656461e-01
9.200000000000000400e-01	1.493135816838687679e-01	5.715522602944995700e-01
9.250000000000000444e-01	1.479997581753630942e-01	5.715520145862564849e-01
9.300000000000000488e-01	1.466788781808109343e-01	5.715517609891753725e-01
9.350000000000000533e-01	1.453509443848296223e-01	5.715514991561565505e-01
9.399999999999999467e-01	1.440159596056665992e-01	5.715512287234708610e-01
9.449999999999999512e-01	1.426739267695339708e-01	5.715509493035372257e-01
9.499999999999999556e-01	1.413248489514872253e-01	5.715506604898420440e-01
9.549999999999999600e-01	1.399687293475330718e-01	5.715503618484889525e-01
9.599999999999999645e-01	1.386055713199036699e-01	5.715500529239598837e-01
9.649999999999999689e-01	1.372353783666826477e-01	5.715497332292013288e-01
9.699999999999999734e-01	1.358581541721024522e-01	5.715494022523851525e-01
9.749999999999999778e-01	1.344739025733981408e-01	5.715490594452468098e-01
9.799999999999999822e-01	1.330826276168660116e-01	5.715487042310355426e-01
9.849999999999999867e-01	1.316843335216142108e-01	5.715483359907570504e-01
9.899999999999999911e-01	1.302790247422541958e-01	5.715479540725444396e-01
9.949999999999999956e-01	1.288667059291697115e-01	5.715475577753760250e-01
1.000000000000000000e+00	1.274473819988757028e-01	5.715471463601529134e-01
1.004999999999999893e+00	1.260210580903719513e-01	5.715467190303610279e-01
1.010000000000000009e+00	1.245877396444024787e-01	5.715462749452036029e-01
1.015000000000000124e+00	1.231474323553957556e-01	5.715458131965518440e-01
1.020000000000000018e+00	1.217001422611033307e-01	5.715453328245607700e-01
1.024999999999999911e+00	1.202458756895518621e-01	5.715448327900891634e-01
1.030000000000000027e+00	1.187846393608420065e-01	5.715443119933313332e-01
1.035000000000000142e+00	1.173164403284516211e-01	5.715437692406775128e-01
1.040000000000000036e+00	1.158412860953507567e-01	5.715432032670246798e-01
1.044999999999999929e+00	1.143591845488913517e-01	5.715426126957796615e-01
1.050000000000000044e+00	1.128701440938670864e-01	5.715419960656782372e-01
1.055000000000000160e+00	1.113741735801045823e-01	5.715413517822819367e-01
1.060000000000000053e+00	1.098712824556904721e-01	5.715406781503516997e-01
1.064999999999999947e+00	1.083614806862374103e-01	5.715399733147282779e-01
1.070000000000000062e+00	1.068447789322558572e-01	5.715392352995860570e-01
1.075000000000000178e+00	1.053211884589053127e-01	5.715384619359787921e-01
1.080000000000000071e+00	1.037907213424524855e-01	5.715376509096650182e-01
1.084999999999999964e+00	1.022533903691258406e-01	5.715367996717896082e-01
1.090000000000000080e+00	1.007092092768496067e-01	5.715359054974549213e-01
1.095000000000000195e+00	9.915819264159912716e-02	5.715349653749176584e-01
1.100000000000000089e+00	9.760035616222015320e-02	5.715339760777181644e-01
1.104999999999999982e+00	9.603571653242916339e-02	5.715329340262952362e-01
1.110000000000000098e+00	9.446429177865703353e-02	5.715318353773393145e-01
1.115000000000000213e+00	9.288610111555543891e-02	5.715306758496998540e-01
1.120000000000000107e+00	9.130116534962615105e-02	5.715294508357866565e-01
1.125000000000000000e+00	8.970950671578112323e-02	5.715281551808311100e-01
1.129999999999999893e+00	8.811114936330385894e-02	5.715267833227353211e-01
1.134999999999999787e+00	8.650611917068444512e-02	5.715253290098128991e-01
1.139999999999999902e+00	8.489444433558551717e-02	5.715237854776551440e-01
1.145000000000000018e+00	8.327615516485710467e-02	5.715221450848833040e-01
1.149999999999999911e+00	8.165128479721428523e-02	5.715203995386302083e-01
1.154999999999999805e+00	8.001986896508551939e-02	5.715185394197919155e-01
1.159999999999999920e+00	7.838194688847982539e-02	5.715165544729894354e-01
1.165000000000000036e+00	7.673756100524134482e-02	5.715144329810670776e-01
1.169999999999999929e+00	7.508675808834787413e-02	5.715121621414934738e-01
1.174999999999999822e+00	7.342958894141657367e-02	5.715097272324558553e-01
1.179999999999999938e+00	7.176610981136172240e-02	5.715071121064766446e-01
1.185000000000000053e+00	7.009638204696891362e-02	5.715042980642223158e-01
1.189999999999999947e+00	6.842047390745245594e-02	5.715012645090727927e-01
1.194999999999999840e+00	6.673846018420846737e-02	5.714979874044848751e-01
1.199999999999999956e+00	6.505042454814018160e-02	5.714944401525979822e-01
1.205000000000000071e+00	6.335645913946402752e-02	5.714905914479007087e-01
1.209999999999999964e+00	6.165666766049470587e-02	5.714864064723425008e-01
1.214999999999999858e+00	5.995116494771583066e-02	5.714818438570309356e-01
1.219999999999999973e+00	5.824008111498696350e-02	5.714768573318114164e-01
1.225000000000000089e+00	5.652356113995288950e-02	5.714713913410449653e-01
1.229999999999999982e+00	5.480177051741781658e-02	5.714653833575286113e-01
1.234999999999999876e+00	5.307489492605055315e-02	5.714587574193965569e-01
1.239999999999999991e+00	5.134314810160277298e-02	5.714514274345682265e-01
1.245000000000000107e+00	4.960677171432209542e-02	5.714432874220912728e-01
1.250000000000000000e+00	4.786604658634435044e-02	5.714342163262930985e-01
1.254999999999999893e+00	4.612129303408146752e-02	5.714240628797676580e-01
1.260000000000000009e+00	4.437288726267575589e-02	5.714126527760072793e-01
1.265000000000000124e+00	4.262126266946361652e-02	5.713997644641574114e-01
1.270000000000000018e+00	4.086693449843620957e-02	5.713851401107211680e-01
1.274999999999999911e+00	3.911050308273823078e-02	5.713684455344647528e-01
1.280000000000000027e+00	3.735269212382101578e-02	5.713492874555727852e-01
1.285000000000000142e+00	3.559435583336770931e-02	5.713271445273430116e-01
1.290000000000000036e+00	3.383654051568232846e-02	5.713013954264158922e-01
1.294999999999999929e+00	3.208049961885859475e-02	5.712711947296953419e-01
1.300000000000000044e+00	3.032779673408867935e-02	5.712355206053523204e-01
1.305000000000000160e+00	2.858033691433306198e-02	5.711929399585039535e-01
1.310000000000000053e+00	2.684054612800429451e-02	5.711416938411789657e-01
1.314999999999999947e+00	2.511143639718890069e-02	5.710792279458555276e-01
1.320000000000000062e+00	2.339693071417421263e-02	5.710023572894551425e-01
1.325000000000000178e+00	2.170199770117681518e-02	5.709062727727327591e-01
1.330000000000000071e+00	2.003325390087856706e-02	5.707848957459393802e-01
1.334999999999999964e+00	1.839922887730497877e-02	5.706286720671724932e-01
1.340000000000000080e+00	1.681144944985058301e-02	5.704254736143080651e-01
1.345000000000000195e+00	1.528485471871235922e-02	5.701556518927323181e-01
1.350000000000000089e+00	1.383935289831197263e-02	5.697948648065108701e-01
1.354999999999999982e+00	1.249979499883900093e-02	5.693041971286783021e-01
1.360000000000000098e+00	1.129600710129348949e-02	5.686402639117020819e-01
1.365000000000000213e+00	1.025914506655537309e-02	5.677435119857898727e-01
1.370000000000000107e+00	9.413857641054164047e-03	5.665671730313720511e-01
1.375000000000000000e+00	8.769559027958687136e-03	5.650790808336303428e-01
1.379999999999999893e+00	8.311726754733669842e-03	5.632886528776331891e-01
1.384999999999999787e+00	8.007744470102478446e-03	5.612461251299569742e-01
1.389999999999999902e+00	7.816584925926206920e-03	5.590124145409196554e-01
1.395000000000000018e+00	7.700925296779030996e-03	5.566563617478234027e-01
1.399999999999999911e+00	7.632942936330815165e-03	5.542228191244198410e-01
1.404999999999999805e+00	7.593418975997820106e-03	5.517485335231426813e-01
1.409999999999999920e+00	7.570768985896436827e-03	5.492525370355634262e-01
1.415000000000000036e+00	7.557737210253227290e-03	5.467487563474016099e-01
1.419999999999999929e+00	7.550285293680384160e-03	5.442438127462138064e-01
1.424999999999999822e+00	7.545963213042758931e-03	5.417423684017358410e-01
1.429999999999999938e+00	7.543444037158615438e-03	5.392465648568582903e-01
1.435000000000000053e+00	7.541930907014241132e-03	5.367578850881573604e-01
1.439999999999999947e+00	7.540996120566876258e-03	5.342769910484369555e-01
1.444999999999999840e+00	7.540383680154154680e-03	5.318043323085436258e-01
1.449999999999999956e+00	7.539956596389322911e-03	5.293400961163352569e-01
1.455000000000000071e+00	7.539632966475411091e-03	5.268844023161729506e-01
1.459999999999999964e+00	7.539369009132480121e-03	5.244372876222616053e-01
1.464999999999999858e+00	7.539138558777237938e-03	5.219987676477093608e-01
1.469999999999999973e+00	7.538927634077844872e-03	5.195688318827055285e-01
1.475000000000000089e+00	7.538727880047078021e-03	5.171474634141779436e-01
1.479999999999999982e+00	7.538534832528685260e-03	5.147346372861237862e-01
1.484999999999999876e+00	7.538345823381313766e-03	5.123303267889531831e-01
1.489999999999999991e+00	7.538159426370301917e-03	5.099345028924829881e-01
1.495000000000000107e+00	7.537974788385743211e-03	5.075471362764135685e-01
1.500000000000000000e+00	7.537791452602897284e-03	5.051681971046575459e-01
1.504999999999999893e+00	7.537609145048261398e-03	5.027976557054379958e-01
1.510000000000000009e+00	7.537427718177530656e-03	5.004354824550568681e-01
1.515000000000000124e+00	7.537247082782899850e-03	4.980816480293832060e-01
1.520000000000000018e+00	7.537067189993415690e-03	4.957361233234701126e-01
1.524999999999999911e+00	7.536888009559235616e-03	4.933988795664673854e-01
1.530000000000000027e+00	7.536709524108253268e-03	4.910698882537006260e-01
1.535000000000000142e+00	7.536531722224669785e-03	4.887491212175296695e-01
1.540000000000000036e+00	7.536354596614238364e-03	4.864365505644213661e-01
1.544999999999999929e+00	7.536178141900946870e-03	4.841321487310830118e-01
1.550000000000000044e+00	7.536002354038498149e-03	4.818358884241149553e-01
1.555000000000000160e+00	7.535827229611213873e-03	4.795477426707390745e-01
1.560000000000000053e+00	7.535652765642829841e-03	4.772676847602203010e-01
1.564999999999999947e+00	7.535478959376804529e-03	4.749956882921729240e-01
1.570000000000000062e+00	7.535305808211808197e-03	4.727317271194519943e-01
1.575000000000000178e+00	7.535133309634744342e-03	4.704757753950184473e-01
1.580000000000000071e+00	7.534961461196671741e-03	4.682278075161600550e-01
1.584999999999999964e+00	7.534790260494420716e-03	4.659877981702597594e-01
1.590000000000000080e+00	7.534619705159476162e-03	4.637557222802628498e-01
1.595000000000000195e+00	7.534449792855012033e-03	4.615315550494892838e-01
1.600000000000000089e+00	7.534280521268968932e-03	4.593152719082819746e-01
1.604999999999999982e+00	7.534111888115942353e-03	4.571068485579376506e-01
1.610000000000000098e+00	7.533943891131679275e-03	4.549062609184798545e-01
1.615000000000000213e+00	7.533776528076446995e-03	4.527134851717622976e-01
1.620000000000000107e+00	7.533609796730046659e-03	4.505284977103117261e-01
1.625000000000000000e+00	7.533443694895612316e-03	4.483512751796488449e-01
1.629999999999999893e+00	7.533278220394851697e-03	4.461817944281516457e-01
1.634999999999999787e+00	7.533113371071928528e-03	4.440200325486347577e-01
1.639999999999999902e+00	7.532949144788839493e-03	4.418659668291847198e-01
1.645000000000000018e+00	7.532785539429276596e-03	4.397195747940362831e-01
1.649999999999999911e+00	7.532622552894112540e-03	4.375808341553348857e-01
1.654999999999999805e+00	7.532460183105207582e-03	4.354497228533455999e-01
1.659999999999999920e+00	7.532298428000984251e-03	4.333262190090979571e-01
1.665000000000000036e+00	7.532137285540179555e-03	4.312103009639657869e-01
1.669999999999999929e+00	7.531976753697500367e-03	4.291019472331501494e-01
1.674999999999999822e+00	7.531816830467314046e-03	4.270011365446629847e-01
1.679999999999999938e+00	7.531657513859387962e-03	4.249078477936095721e-01
1.685000000000000053e+00	7.531498801902522001e-03	4.228220600806079088e-01
1.689999999999999947e+00	7.531340692640360081e-03	4.207437526668322270e-01
1.694999999999999840e+00	7.531183184134970614e-03	4.186729050118972451e-01
1.699999999999999956e+00	7.531026274462726544e-03	4.166094967296269935e-01
1.705000000000000071e+00	7.530869961717837242e-03	4.145535076254350249e-01
1.709999999999999964e+00	7.530714244008296192e-03	4.125049176527814110e-01
1.714999999999999858e+00	7.530559119459359109e-03	4.104637069500764457e-01
1.719999999999999973e+00	7.530404586209562753e-03	4.084298557977931732e-01
1.725000000000000089e+00	7.530250642414151874e-03	4.064033446549219497e-01
1.729999999999999982e+00	7.530097286241163070e-03	4.043841541167057518e-01
1.734999999999999876e+00	7.529944515874801431e-03	4.023722649506706328e-01
1.739999999999999991e+00	7.529792329511592920e-03	4.003676580549528352e-01
1.745000000000000107e+00	7.529640725363710707e-03	3.983703144939311214e-01
1.750000000000000000e+00	7.529489701655184795e-03	3.963802154571157699e-01
1.754999999999999893e+00	7.529339256625191927e-03	3.943973422944049845e-01
1.760000000000000009e+00	7.529189388524318988e-03	3.924216764755082409e-01
1.765000000000000124e+00	7.529040095617812144e-03	3.904531996248501446e-01
1.770000000000000018e+00	7.528891376181890555e-03	3.884918934815002056e-01
1.774999999999999911e+00	7.528743228506960816e-03	3.865377399337445730e-01
1.780000000000000027e+00	7.528595650893983582e-03	3.845907209794978687e-01
1.785000000000000142e+00	7.528448641657649841e-03	3.826508187605635047e-01
1.790000000000000036e+00	7.528302199122792644e-03	3.807180155235024843e-01
1.794999999999999929e+00	7.528156321627533024e-03	3.787922936536001761e-01
1.800000000000000044e+00	7.528011007519740290e-03	3.768736356361701567e-01
1.805000000000000160e+00	7.527866255160138055e-03	3.749620240902463153e-01
1.810000000000000053e+00	7.527722062918816570e-03	3.730574417302985335e-01
1.814999999999999947e+00	7.527578429178304054e-03	3.711598713996678844e-01
1.820000000000000062e+00	7.527435352330118061e-03	3.692692960326719454e-01
1.825000000000000178e+00	7.527292830777815129e-03	3.673856986878013542e-01
1.830000000000000071e+00	7.527150862933580308e-03	3.655090625101939938e-01
1.834999999999999964e+00	7.527009447221242114e-03	3.636393707646074502e-01
1.840000000000000080e+00	7.526868582072908896e-03	3.617766067982440270e-01
1.845000000000000195e+00	7.526728265931953432e-03	3.599207540735142596e-01
1.850000000000000089e+00	7.526588497249687461e-03	3.580717961311937203e-01
1.854999999999999982e+00	7.526449274488321121e-03	3.562297166229915768e-01
1.860000000000000098e+00	7.526310596117672183e-03	3.543944992750221457e-01
1.865000000000000213e+00	7.526172460618101197e-03	3.525661279201925957e-01
1.870000000000000107e+00	7.526034866477255419e-03	3.507445864619718745e-01
1.875000000000000000e+00	7.525897812192982282e-03	3.489298589066095468e-01
1.879999999999999893e+00	7.525761296270103672e-03	3.471219293271875506e-01
1.884999999999999787e+00	7.525625317223307714e-03	3.453207818956827158e-01
1.889999999999999902e+00	7.525489873573956018e-03	3.435264008472844743e-01
1.895000000000000018e+00	7.525354963852952904e-03	3.417387705123139385e-01
1.899999999999999911e+00	7.525220586597583874e-03	3.399578752807930759e-01
1.904999999999999805e+00	7.525086740354364027e-03	3.381836996342301727e-01
1.909999999999999920e+00	7.524953423675906014e-03	3.364162281104277619e-01
1.915000000000000036e+00	7.524820635123750240e-03	3.346554453351456293e-01
1.919999999999999929e+00	7.524688373265255373e-03	3.329013359871333400e-01
1.924999999999999822e+00	7.524556636676417269e-03	3.311538848296795012e-01
1.929999999999999938e+00	7.524425423938785502e-03	3.294130766758583406e-01
1.935000000000000053e+00	7.524294733642258870e-03	3.276788964199748855e-01
1.939999999999999947e+00	7.524164564382032280e-03	3.259513290030122690e-01
1.944999999999999840e+00	7.524034914761373177e-03	3.242303594439819303e-01
1.949999999999999956e+00	7.523905783388597918e-03	3.225159728055607133e-01
1.955000000000000071e+00	7.523777168879824777e-03	3.208081542253545249e-01
1.959999999999999964e+00	7.523649069855982419e-03	3.191068888817151228e-01
1.964999999999999858e+00	7.523521484945540350e-03	3.174121620249238940e-01
1.969999999999999973e+00	7.523394412781540808e-03	3.157239589431781734e-01
1.975000000000000089e+00	7.523267852004323145e-03	3.140422649937038013e-01
1.979999999999999982e+00	7.523141801258566991e-03	3.123670655689007591e-01
1.984999999999999876e+00	7.523016259196007097e-03	3.106983461273911118e-01
1.989999999999999991e+00	7.522891224472499049e-03	3.090360921603152455e-01
1.995000000000000107e+00	7.522766695750718498e-03	3.073802892223217453e-01
2.000000000000000000e+00	7.522642671697249428e-03	3.057309228980060190e-01
2.004999999999999893e+00	7.522519150985267772e-03	3.040879788328468281e-01
2.009999999999999787e+00	7.522396132291650495e-03	3.024514426997803040e-01
2.014999999999999680e+00	7.522273614299649670e-03	3.008213002300892391e-01
2.020000000000000018e+00	7.522151595696014575e-03	2.991975371801041117e-01
2.024999999999999911e+00	7.522030075173659694e-03	2.975801393620509661e-01
2.029999999999999805e+00	7.521909051428801556e-03	2.959690926108717313e-01
2.035000000000000142e+00	7.521788523163615466e-03	2.943643828150346864e-01
2.040000000000000036e+00	7.521668489083394894e-03	2.927659958834700205e-01
2.044999999999999929e+00	7.521548947899190860e-03	2.911739177763459363e-01
2.049999999999999822e+00	7.521429898324990398e-03	2.895881344721120687e-01
2.054999999999999716e+00	7.521311339080345541e-03	2.880086319982470000e-01
2.060000000000000053e+00	7.521193268887573467e-03	2.864353963984032081e-01
2.064999999999999947e+00	7.521075686474366397e-03	2.848684137631300461e-01
2.069999999999999840e+00	7.520958590571011695e-03	2.833076701971139477e-01
2.075000000000000178e+00	7.520841979912994829e-03	2.817531518498800902e-01
2.080000000000000071e+00	7.520725853238229008e-03	2.802048448831249705e-01
2.084999999999999964e+00	7.520610209289656407e-03	2.786627355013982510e-01
2.089999999999999858e+00	7.520495046812486484e-03	2.771268099195222656e-01
2.094999999999999751e+00	7.520380364556787656e-03	2.755970543932584338e-01
2.100000000000000089e+00	7.520266161274746439e-03	2.740734551868086455e-01
2.104999999999999982e+00	7.520152435723244377e-03	2.725559986034689630e-01
2.109999999999999876e+00	7.520039186661132795e-03	2.710446709532089438e-01
2.115000000000000213e+00	7.519926412851803653e-03	2.695394585833138512e-01
2.120000000000000107e+00	7.519814113060474710e-03	2.680403478460395839e-01
2.125000000000000000e+00	7.519702286056753442e-03	2.665473251292455048e-01
2.129999999999999893e+00	7.519590930611936078e-03	2.650603768241200919e-01
2.134999999999999787e+00	7.519480045501562848e-03	2.635794893558071061e-01
2.140000000000000124e+00	7.519369629502730031e-03	2.621046491511989651e-01
2.145000000000000018e+00	7.519259681396636523e-03	2.606358426695575270e-01
2.149999999999999911e+00	7.519150199965909769e-03	2.591730563703724122e-01
2.155000000000000249e+00	7.519041183997145390e-03	2.577162767439765134e-01
2.160000000000000142e+00	7.518932632278243523e-03	2.562654902794689327e-01
2.165000000000000036e+00	7.518824543600940644e-03	2.548206834953257172e-01
2.169999999999999929e+00	7.518716916758159778e-03	2.533818429073828038e-01
2.174999999999999822e+00	7.518609750546537997e-03	2.519489550594449234e-01
2.180000000000000160e+00	7.518503043763779224e-03	2.505220064913266653e-01
2.185000000000000053e+00	7.518396795211180865e-03	2.491009837694593554e-01
2.189999999999999947e+00	7.518291003691000493e-03	2.476858734549886309e-01
2.195000000000000284e+00	7.518185668008971201e-03	2.462766621343790430e-01
2.200000000000000178e+00	7.518080786971678697e-03	2.448733363875675584e-01
2.205000000000000071e+00	7.517976359389074055e-03	2.434758828185663304e-01
2.209999999999999964e+00	7.517872384071856880e-03	2.420842880236695749e-01
2.214999999999999858e+00	7.517768859833986322e-03	2.406985386220550360e-01
2.220000000000000195e+00	7.517665785490072056e-03	2.393186212240431265e-01
2.225000000000000089e+00	7.517563159857878347e-03	2.379445224616976162e-01
2.229999999999999982e+00	7.517460981755728043e-03	2.365762289571352039e-01
2.235000000000000320e+00	7.517359250004995372e-03	2.352137273531243467e-01
2.240000000000000213e+00	7.517257963427527272e-03	2.338570042814467620e-01
2.245000000000000107e+00	7.517157120848124048e-03	2.325060463934927879e-01
2.250000000000000000e+00	7.517056721091973717e-03	2.311608403286729563e-01
2.254999999999999893e+00	7.516956762987124854e-03	2.298213727450110766e-01
2.259999999999999787e+00	7.516857245361928744e-03	2.284876302876050480e-01
2.264999999999999680e+00	7.516758167047512228e-03	2.271595996192163069e-01
2.270000000000000018e+00	7.516659526875227662e-03	2.258372673887799886e-01
2.274999999999999911e+00	7.516561323679115357e-03	2.245206202619902669e-01
2.279999999999999805e+00	7.516463556293364809e-03	2.232096448898591434e-01
2.285000000000000142e+00	7.516366223554774538e-03	2.219043279392961532e-01
2.290000000000000036e+00	7.516269324300219393e-03	2.206046560617175856e-01
2.294999999999999929e+00	7.516172857369104315e-03	2.193106159236183628e-01
2.299999999999999822e+00	7.516076821600845524e-03	2.180221941752308601e-01
2.304999999999999716e+00	7.515981215837313004e-03	2.167393774810893459e-01
2.310000000000000053e+00	7.515886038920320360e-03	2.154621524887384010e-01
2.314999999999999947e+00	7.515791289694066443e-03	2.141905058592882549e-01
2.319999999999999840e+00	7.515696967002633011e-03	2.129244242361728046e-01
2.325000000000000178e+00	7.515603069692416809e-03	2.116638942756945974e-01
2.330000000000000071e+00	7.515509596609637639e-03	2.104089026158343645e-01
2.334999999999999964e+00	7.515416546602767846e-03	2.091594359067824038e-01
2.339999999999999858e+00	7.515323918520045582e-03	2.079154807798002103e-01
2.344999999999999751e+00	7.515231711211899090e-03	2.066770238777382862e-01
2.350000000000000089e+00	7.515139923528472120e-03	2.054440518239493974e-01
2.354999999999999982e+00	7.515048554322037791e-03	2.042165512527912286e-01
2.359999999999999876e+00	7.514957602444532689e-03	2.029945087785923197e-01
2.365000000000000213e+00	7.514867066749969862e-03	2.017779110261374020e-01
2.370000000000000107e+00	7.514776946091978119e-03	2.005667445996879572e-01
2.375000000000000000e+00	7.514687239326207219e-03	1.993609961134472364e-01
2.379999999999999893e+00	7.514597945307881915e-03	1.981606521606367188e-01
2.384999999999999787e+00	7.514509062894195006e-03	1.969656993439395098e-01
2.390000000000000124e+00	7.514420590941870044e-03	1.957761242446333372e-01
2.395000000000000018e+00	7.514332528309555261e-03	1.945919134530105787e-01
2.399999999999999911e+00	7.514244873855390611e-03	1.934130535375686577e-01
2.405000000000000249e+00	7.514157626439390419e-03	1.922395310754043962e-01
2.410000000000000142e+00	7.514070784921028645e-03	1.910713326214644459e-01
2.415000000000000036e+00	7.513984348161610247e-03	1.899084447389105534e-01
2.419999999999999929e+00	7.513898315021863387e-03	1.887508539684312203e-01
2.424999999999999822e+00	7.513812684364307333e-03	1.875985468585771032e-01
2.430000000000000160e+00	7.513727455050856797e-03	1.864515099351340133e-01
2.435000000000000053e+00	7.513642625945175964e-03	1.853097297314265368e-01
2.439999999999999947e+00	7.513558195910293239e-03	1.841731927577545946e-01
2.445000000000000284e+00	7.513474163810955272e-03	1.830418855316618132e-01
2.450000000000000178e+00	7.513390528511245184e-03	1.819157945474381977e-01
2.455000000000000071e+00	7.513307288876929640e-03	1.807949063063507278e-01
2.459999999999999964e+00	7.513224443773085758e-03	1.796792072862128664e-01
2.464999999999999858e+00	7.513141992066447311e-03	1.785686839715760199e-01
2.470000000000000195e+00	7.513059932623030769e-03	1.774633228233677418e-01
2.475000000000000089e+00	7.512978264310481505e-03	1.763631103090410046e-01
2.479999999999999982e+00	7.512896985995712838e-03	1.752680328722826253e-01
2.485000000000000320e+00	7.512816096547234035e-03	1.741780769631179893e-01
2.490000000000000213e+00	7.512735594832804092e-03	1.730932290076928337e-01
2.495000000000000107e+00	7.512655479721755403e-03	1.720134754383292885e-01
2.500000000000000000e+00	7.512575750082652742e-03	1.709388026633826552e-01
2.504999999999999893e+00	7.512496404785610864e-03	1.698691970972478760e-01
2.509999999999999787e+00	7.512417442699965628e-03	1.688046451302922246e-01
2.514999999999999680e+00	7.512338862696576851e-03	1.677451331588095118e-01
2.520000000000000018e+00	7.512260663645515917e-03	1.666906475550306854e-01
2.524999999999999911e+00	7.512182844418360816e-03	1.656411746970236076e-01
2.529999999999999805e+00	7.512105403885887232e-03	1.645967009387833413e-01
2.535000000000000142e+00	7.512028340920361841e-03	1.635572126400738902e-01
2.540000000000000036e+00	7.511951654393239468e-03	1.625226961366017520e-01
2.544999999999999929e+00	7.511875343177449454e-03	1.614931377697964576e-01
2.549999999999999822e+00	7.511799406145106689e-03	1.604685238570686123e-01
2.554999999999999716e+00	7.511723842169782360e-03	1.594488407215273462e-01
2.560000000000000053e+00	7.511648650124228867e-03	1.584340746623250085e-01
2.564999999999999947e+00	7.511573828882644500e-03	1.574242119843086152e-01
2.569999999999999840e+00	7.511499377318402691e-03	1.564192389684529727e-01
2.575000000000000178e+00	7.511425294306314088e-03	1.554191419014433750e-01
2.580000000000000071e+00	7.511351578720364477e-03	1.544239070462000707e-01
2.584999999999999964e+00	7.511278229435962121e-03	1.534335206713891842e-01
2.589999999999999858e+00	7.511205245327693888e-03	1.524479690220399974e-01
2.594999999999999751e+00	7.511132625271563917e-03	1.514672383489820695e-01
2.600000000000000089e+00	7.511060368142750618e-03	1.504913148795573585e-01
2.604999999999999982e+00	7.510988472817847067e-03	1.495201848469806527e-01
2.609999999999999876e+00	7.510916938172625817e-03	1.485538344611488093e-01
2.615000000000000213e+00	7.510845763084265415e-03	1.475922499379214436e-01
2.620000000000000107e+00	7.510774946429128220e-03	1.466354174700302271e-01
2.625000000000000000e+00	7.510704487084979980e-03	1.456833232562764480e-01
2.629999999999999893e+00	7.510634383928778066e-03	1.447359534725425334e-01
2.634999999999999787e+00	7.510564635838880634e-03	1.437932943009041231e-01
2.640000000000000124e+00	7.510495241692843535e-03	1.428553319007455635e-01
2.645000000000000018e+00	7.510426200369621670e-03	1.419220524377846626e-01
2.649999999999999911e+00	7.510357510747378909e-03	1.409934420552932666e-01
2.655000000000000249e+00	7.510289171705676441e-03	1.400694869030319756e-01
2.660000000000000142e+00	7.510221182123297430e-03	1.391501731085796334e-01
2.665000000000000036e+00	7.510153540880421495e-03	1.382354868061732023e-01
2.669999999999999929e+00	7.510086246856459771e-03	1.373254141081488022e-01
2.674999999999999822e+00	7.510019298932226785e-03	1.364199411336858014e-01
2.680000000000000160e+00	7.509952695987778988e-03	1.355190539803597660e-01
2.685000000000000053e+00	7.509886436904579694e-03	1.346227387527884345e-01
2.689999999999999947e+00	7.509820520563351490e-03	1.337309815342989650e-01
2.695000000000000284e+00	7.509754945846222954e-03	1.328437684154728238e-01
2.700000000000000178e+00	7.509689711634600154e-03	1.319610854659304944e-01
2.705000000000000071e+00	7.509624816811302957e-03	1.310829187627715608e-01
2.709999999999999964e+00	7.509560260258440860e-03	1.302092543624790155e-01
2.714999999999999858e+00	7.509496040859547569e-03	1.293400783292525946e-01
2.720000000000000195e+00	7.509432157497462033e-03	1.284753767070344332e-01
2.725000000000000089e+00	7.509368609056455215e-03	1.276151355477335436e-01
2.729999999999999982e+00	7.509305394420121536e-03	1.267593408833740942e-01
2.735000000000000320e+00	7.509242512473496972e-03	1.259079787542084494e-01
2.740000000000000213e+00	7.509179962100962641e-03	1.250610351809916532e-01
2.745000000000000107e+00	7.509117742188346420e-03	1.242184961929787973e-01
2.750000000000000000e+00	7.509055851620843013e-03	1.233803478003279441e-01
2.754999999999999893e+00	7.508994289285106892e-03	1.225465760219807826e-01
2.759999999999999787e+00	7.508933054067179307e-03	1.217171668581945726e-01
2.764999999999999680e+00	7.508872144854571683e-03	1.208921063183039518e-01
2.770000000000000018e+00	7.508811560534206508e-03	1.200713803933844970e-01
2.774999999999999911e+00	7.508751299994486858e-03	1.192549750838924200e-01
2.779999999999999805e+00	7.508691362123252021e-03	1.184428763724621608e-01
2.785000000000000142e+00	7.508631745809833148e-03	1.176350702514213087e-01
2.790000000000000036e+00	7.508572449943021893e-03	1.168315426957247799e-01
2.794999999999999929e+00	7.508513473413115646e-03	1.160322796903424103e-01
2.799999999999999822e+00	7.508454815109899191e-03	1.152372672033309536e-01
2.804999999999999716e+00	7.508396473924676059e-03	1.144464912130925965e-01
2.810000000000000053e+00	7.508338448748260591e-03	1.136599376815867063e-01
2.814999999999999947e+00	7.508280738473004957e-03	1.128775925814569508e-01
2.819999999999999840e+00	7.508223341990796426e-03	1.120994418693848776e-01
2.825000000000000178e+00	7.508166258195075708e-03	1.113254715130821831e-01
2.830000000000000071e+00	7.508109485978848099e-03	1.105556674647893006e-01
2.834999999999999964e+00	7.508053024236687086e-03	1.097900156881307515e-01
2.839999999999999858e+00	7.507996871862756758e-03	1.090285021317590614e-01
2.844999999999999751e+00	7.507941027752809346e-03	1.082711127560722353e-01
2.850000000000000089e+00	7.507885490802218044e-03	1.075178335070049868e-01
2.854999999999999982e+00	7.507830259907956327e-03	1.067686503426051176e-01
2.859999999999999876e+00	7.507775333966650727e-03	1.060235492069743352e-01
2.865000000000000213e+00	7.507720711876548006e-03	1.052825160567013169e-01
2.870000000000000107e+00	7.507666392535575738e-03	1.045455368349543779e-01
2.875000000000000000e+00	7.507612374843299942e-03	1.038125974977686522e-01
2.879999999999999893e+00	7.507558657699000410e-03	1.030836839882921241e-01
2.884999999999999787e+00	7.507505240003611857e-03	1.023587822629253435e-01
2.890000000000000124e+00	7.507452120657815732e-03	1.016378782657220842e-01
2.895000000000000018e+00	7.507399298563965755e-03	1.009209579543799973e-01
2.899999999999999911e+00	7.507346772624197070e-03	1.002080072747976169e-01
2.905000000000000249e+00	7.507294541742335313e-03	9.949901218691274696e-02
2.910000000000000142e+00	7.507242604822021367e-03	9.879395863941889400e-02
2.915000000000000036e+00	7.507190960768604822e-03	9.809283259544938904e-02
2.919999999999999929e+00	7.507139608487281741e-03	9.739562000745337345e-02
2.924999999999999822e+00	7.507088546884982047e-03	9.670230684272514143e-02
2.930000000000000160e+00	7.507037774868515097e-03	9.601287905844130277e-02
2.935000000000000053e+00	7.506987291346440584e-03	9.532732262703243198e-02
2.939999999999999947e+00	7.506937095227235804e-03	9.464562351138348928e-02
2.945000000000000284e+00	7.506887185421148335e-03	9.396776769004577812e-02
2.950000000000000178e+00	7.506837560838377187e-03	9.329374113260265056e-02
2.955000000000000071e+00	7.506788220390912467e-03	9.262352982471962204e-02
2.959999999999999964e+00	7.506739162990732142e-03	9.195711974367651309e-02
2.964999999999999858e+00	7.506690387551627833e-03	9.129449688325436130e-02
2.970000000000000195e+00	7.506641892987410240e-03	9.063564722943505403e-02
2.975000000000000089e+00	7.506593678213730608e-03	8.998055678512384414e-02
2.979999999999999982e+00	7.506545742146291354e-03	8.932921154601788927e-02
2.985000000000000320e+00	7.506498083702657989e-03	8.868159752516155403e-02
2.990000000000000213e+00	7.506450701800485362e-03	8.803770072898649268e-02
2.995000000000000107e+00	7.506403595359313098e-03	8.739750718169808641e-02
3.000000000000000000e+00	7.506356763298802255e-03	8.676100290148712479e-02
3.004999999999999893e+00	7.506310204540527289e-03	8.612817392474694800e-02
3.009999999999999787e+00	7.506263918006218783e-03	8.549900628245821199e-02
3.014999999999999680e+00	7.506217902619540666e-03	8.487348602423384902e-02
3.020000000000000018e+00	7.506172157304353762e-03	8.425159919487898441e-02
3.024999999999999911e+00	7.506126680986472191e-03	8.363333185826284100e-02
3.029999999999999805e+00	7.506081472591945129e-03	8.301867007405400178e-02
3.035000000000000142e+00	7.506036531048799337e-03	8.240759992141777346e-02
3.040000000000000036e+00	7.505991855285333060e-03	8.180010747592893205e-02
3.044999999999999929e+00	7.505947444231843811e-03	8.119617883309215856e-02
3.049999999999999822e+00	7.505903296818940487e-03	8.059580008543350271e-02
3.054999999999999716e+00	7.505859411979252938e-03	7.999895734584339113e-02
3.060000000000000053e+00	7.505815788645759691e-03	7.940563672484707292e-02
3.064999999999999947e+00	7.505772425753486250e-03	7.881582435376882634e-02
3.069999999999999840e+00	7.505729322237843226e-03	7.822950636218287124e-02
3.075000000000000178e+00	7.505686477036311623e-03	7.764666890089706730e-02
3.080000000000000071e+00	7.505643889086793981e-03	7.706729811958586140e-02
3.084999999999999964e+00	7.505601557329288388e-03	7.649138018959193708e-02
3.089999999999999858e+00	7.505559480704252634e-03	7.591890128174180741e-02
3.094999999999999751e+00	7.505517658154263472e-03	7.534984758896458301e-02
3.100000000000000089e+00	7.505476088622397256e-03	7.478420530429115420e-02
3.104999999999999982e+00	7.505434771053868387e-03	7.422196064328920317e-02
3.109999999999999876e+00	7.505393704394433367e-03	7.366309982224630848e-02
3.115000000000000213e+00	7.505352887592010164e-03	7.310760908041982753e-02
3.120000000000000107e+00	7.505312319595093540e-03	7.255547465840611610e-02
3.125000000000000000e+00	7.505271999354369214e-03	7.200668282020300515e-02
3.129999999999999893e+00	7.505231925821132660e-03	7.146121983176584314e-02
3.134999999999999787e+00	7.505192097948894595e-03	7.091907198288271985e-02
3.140000000000000124e+00	7.505152514691817989e-03	7.038022556591737311e-02
3.145000000000000018e+00	7.505113175006301873e-03	6.984466689749584123e-02
3.149999999999999911e+00	7.505074077849434831e-03	6.931238229743738599e-02
3.155000000000000249e+00	7.505035222180567525e-03	6.878335811025165780e-02
3.160000000000000142e+00	7.504996606959776599e-03	6.825758068425846758e-02
3.165000000000000036e+00	7.504958231149424196e-03	6.773503639289404910e-02
3.169999999999999929e+00	7.504920093712640940e-03	6.721571161402084549e-02
3.174999999999999822e+00	7.504882193614861169e-03	6.669959275104203611e-02
3.180000000000000160e+00	7.504844529822327602e-03	6.618666621240125447e-02
3.185000000000000053e+00	7.504807101303612692e-03	6.567691843250567096e-02
3.189999999999999947e+00	7.504769907028131098e-03	6.517033585141543406e-02
3.195000000000000284e+00	7.504732945967653238e-03	6.466690493557418484e-02
3.200000000000000178e+00	7.504696217094830764e-03	6.416661215769035864e-02
3.205000000000000071e+00	7.504659719384692770e-03	6.366944401727299419e-02
3.209999999999999964e+00	7.504623451813188621e-03	6.317538702070514545e-02
3.214999999999999858e+00	7.504587413358665068e-03	6.268442770158558219e-02
3.220000000000000195e+00	7.504551603000430768e-03	6.219655260099446470e-02
3.225000000000000089e+00	7.504516019720216050e-03	6.171174828763956177e-02
3.229999999999999982e+00	7.504480662500745240e-03	6.123000133831486835e-02
3.235000000000000320e+00	7.504445530327192096e-03	6.075129835785123694e-02
3.240000000000000213e+00	7.504410622185759064e-03	6.027562595976816706e-02
3.245000000000000107e+00	7.504375937065122307e-03	5.980297078602794802e-02
3.250000000000000000e+00	7.504341473955026577e-03	5.933331948788125171e-02
3.254999999999999893e+00	7.504307231847707690e-03	5.886665874542427318e-02
3.259999999999999787e+00	7.504273209736510818e-03	5.840297524863830719e-02
3.264999999999999680e+00	7.504239406617294744e-03	5.794225571674953973e-02
3.270000000000000018e+00	7.504205821487062306e-03	5.748448687946295516e-02
3.274999999999999911e+00	7.504172453345354238e-03	5.702965549612430685e-02
3.279999999999999805e+00	7.504139301192892623e-03	5.657774833714853541e-02
3.285000000000000142e+00	7.504106364032958262e-03	5.612875220298313428e-02
3.290000000000000036e+00	7.504073640870049730e-03	5.568265390573223783e-02
3.294999999999999929e+00	7.504041130711248606e-03	5.523944028792077132e-02
3.299999999999999822e+00	7.504008832564888071e-03	5.479909820431331374e-02
3.304999999999999716e+00	7.503976745441907729e-03	5.436161454047995500e-02
3.310000000000000053e+00	7.503944868354533483e-03	5.392697619480994048e-02
3.314999999999999947e+00	7.503913200317620207e-03	5.349517009687827090e-02
3.319999999999999840e+00	7.503881740347347236e-03	5.306618318965489883e-02
3.325000000000000178e+00	7.503850487462538493e-03	5.264000244767140513e-02
3.330000000000000071e+00	7.503819440683383128e-03	5.221661485942618447e-02
3.334999999999999964e+00	7.503788599032735693e-03	5.179600744535090007e-02
3.339999999999999858e+00	7.503757961534848059e-03	5.137816724041146393e-02
3.344999999999999751e+00	7.503727527216660920e-03	5.096308131187447799e-02
3.350000000000000089e+00	7.503697295106547850e-03	5.055073674210368989e-02
3.354999999999999982e+00	7.503667264235590328e-03	5.014112064612653852e-02
3.359999999999999876e+00	7.503637433636338276e-03	4.973422015462612006e-02
3.365000000000000213e+00	7.503607802344070335e-03	4.933002243130718556e-02
3.370000000000000107e+00	7.503578369395567417e-03	4.892851465608432510e-02
3.375000000000000000e+00	7.503549133830359971e-03	4.852968404224704269e-02
3.379999999999999893e+00	7.503520094689513677e-03	4.813351781984382544e-02
3.384999999999999787e+00	7.503491251016866301e-03	4.774000325264693423e-02
3.390000000000000124e+00	7.503462601857822066e-03	4.734912762173162926e-02
3.395000000000000018e+00	7.503434146260577232e-03	4.696087824224069035e-02
3.399999999999999911e+00	7.503405883274930945e-03	4.657524244715909728e-02
3.405000000000000249e+00	7.503377811953489997e-03	4.619220760387812014e-02
3.410000000000000142e+00	7.503349931350498762e-03	4.581176109816521846e-02
3.415000000000000036e+00	7.503322240523029214e-03	4.543389035052797925e-02
3.419999999999999929e+00	7.503294738529822996e-03	4.505858280037870062e-02
3.424999999999999822e+00	7.503267424432468434e-03	4.468582592219838556e-02
3.430000000000000160e+00	7.503240297294258218e-03	4.431560720989619062e-02
3.435000000000000053e+00	7.503213356181344731e-03	4.394791419277335048e-02
3.439999999999999947e+00	7.503186600161621152e-03	4.358273442007711690e-02
3.445000000000000284e+00	7.503160028305857696e-03	4.322005547676451703e-02
3.450000000000000178e+00	7.503133639686597467e-03	4.285986496825127529e-02
3.455000000000000071e+00	7.503107433379279691e-03	4.250215053597559273e-02
3.459999999999999964e+00	7.503081408461143367e-03	4.214689984234056691e-02
3.464999999999999858e+00	7.503055564012346169e-03	4.179410058607935241e-02
3.470000000000000195e+00	7.503029899114875903e-03	4.144374048739080107e-02
3.475000000000000089e+00	7.503004412853653791e-03	4.109580730310544161e-02
3.479999999999999982e+00	7.502979104315464151e-03	4.075028881201453457e-02
3.485000000000000320e+00	7.502953972590039461e-03	4.040717282983714853e-02
3.490000000000000213e+00	7.502929016769008252e-03	4.006644719474219268e-02
3.495000000000000107e+00	7.502904235946962833e-03	3.972809978211695736e-02
3.500000000000000000e+00	7.502879629220421051e-03	3.939211849028152745e-02
3.504999999999999893e+00	7.502855195688882747e-03	3.905849125505937020e-02
3.509999999999999787e+00	7.502830934453798457e-03	3.872720603568358122e-02
3.514999999999999680e+00	7.502806844619620656e-03	3.839825082916994287e-02
3.520000000000000018e+00	7.502782925292781138e-03	3.807161365641457962e-02
3.524999999999999911e+00	7.502759175582726647e-03	3.774728257636977141e-02
3.529999999999999805e+00	7.502735594600917941e-03	3.742524567233258825e-02
3.535000000000000142e+00	7.502712181461839401e-03	3.710549106592400670e-02
3.540000000000000036e+00	7.502688935282018912e-03	3.678800690356796160e-02
3.544999999999999929e+00	7.502665855181026196e-03	3.647278137027420986e-02
3.549999999999999822e+00	7.502642940280502236e-03	3.615980267630723027e-02
3.554999999999999716e+00	7.502620189705141995e-03	3.584905907077341053e-02
3.560000000000000053e+00	7.502597602581738585e-03	3.554053882847912904e-02
3.564999999999999947e+00	7.502575178040152976e-03	3.523423026332303531e-02
3.569999999999999840e+00	7.502552915212377244e-03	3.493012171534247423e-02
3.575000000000000178e+00	7.502530813233480866e-03	3.462820156391133858e-02
3.580000000000000071e+00	7.502508871240689582e-03	3.432845821497473165e-02
3.584999999999999964e+00	7.502487088374322141e-03	3.403088011405240587e-02
3.589999999999999858e+00	7.502465463776880443e-03	3.373545573366115019e-02
3.594999999999999751e+00	7.502443996593970675e-03	3.344217358612488339e-02
3.600000000000000089e+00	7.502422685973409062e-03	3.315102221118358672e-02
3.604999999999999982e+00	7.502401531066129128e-03	3.286199018861094001e-02
3.609999999999999876e+00	7.502380531025299587e-03	3.257506612600902934e-02
3.615000000000000213e+00	7.502359685007217727e-03	3.229023867123411579e-02
3.620000000000000107e+00	7.502338992170442915e-03	3.200749650037661154e-02
3.625000000000000000e+00	7.502318451676675236e-03	3.172682832999557112e-02
3.629999999999999893e+00	7.502298062689898538e-03	3.144822290528324904e-02
3.634999999999999787e+00	7.502277824377251263e-03	3.117166901210902119e-02
3.640000000000000124e+00	7.502257735908179903e-03	3.089715546536758728e-02
3.645000000000000018e+00	7.502237796455296821e-03	3.062467112083344309e-02
3.649999999999999911e+00	7.502218005193544113e-03	3.035420486369163479e-02
3.655000000000000249e+00	7.502198361301041021e-03	3.008574562020351409e-02
3.660000000000000142e+00	7.502178863958265144e-03	2.981928234641986752e-02
3.665000000000000036e+00	7.502159512348875563e-03	2.955480403965803429e-02
3.669999999999999929e+00	7.502140305658911400e-03	2.929229972739647025e-02
3.674999999999999822e+00	7.502121243077608005e-03	2.903175847856481057e-02
3.680000000000000160e+00	7.502102323796603321e-03	2.877316939261880674e-02
3.685000000000000053e+00	7.502083547010739324e-03	2.851652161064377813e-02
3.689999999999999947e+00	7.502064911917281399e-03	2.826180430460916229e-02
3.695000000000000284e+00	7.502046417716709374e-03	2.800900668828651061e-02
3.700000000000000178e+00	7.502028063611948169e-03	2.775811800668265272e-02
3.705000000000000071e+00	7.502009848809147556e-03	2.750912754677304825e-02
3.709999999999999964e+00	7.501991772516921481e-03	2.726202462711274643e-02
3.714999999999999858e+00	7.501973833947117414e-03	2.701679860838597860e-02
3.720000000000000195e+00	7.501956032314069552e-03	2.677343888319391393e-02
3.725000000000000089e+00	7.501938366835350820e-03	2.653193488642163408e-02
3.729999999999999982e+00	7.501920836731042555e-03	2.629227608520159562e-02
3.735000000000000320e+00	7.501903441224473494e-03	2.605445198909874319e-02
3.740000000000000213e+00	7.501886179541502470e-03	2.581845214024925186e-02
3.745000000000000107e+00	7.501869050911236583e-03	2.558426612336427500e-02
3.750000000000000000e+00	7.501852054565337317e-03	2.535188355604304708e-02
3.754999999999999893e+00	7.501835189738722230e-03	2.512129409859673382e-02
3.759999999999999787e+00	7.501818455668878872e-03	2.489248744453429613e-02
3.764999999999999680e+00	7.501801851596559545e-03	2.466545333020772612e-02
3.770000000000000018e+00	7.501785376765104756e-03	2.444018152546984651e-02
3.774999999999999911e+00	7.501769030421124966e-03	2.421666184314162640e-02
3.779999999999999805e+00	7.501752811813837928e-03	2.399488412984102439e-02
3.785000000000000142e+00	7.501736720195739151e-03	2.377483827527333143e-02
3.790000000000000036e+00	7.501720754821946183e-03	2.355651420323039147e-02
3.794999999999999929e+00	7.501704914950858664e-03	2.333990188070477964e-02
3.799999999999999822e+00	7.501689199843519090e-03	2.312499130905820016e-02
3.804999999999999716e+00	7.501673608764256387e-03	2.291177253296082517e-02
3.810000000000000053e+00	7.501658140980057080e-03	2.270023563172766934e-02
3.814999999999999947e+00	7.501642795761200196e-03	2.249037072808438356e-02
3.819999999999999840e+00	7.501627572380638841e-03	2.228216797967040239e-02
3.825000000000000178e+00	7.501612470114621227e-03	2.207561758763204943e-02
3.830000000000000071e+00	7.501597488242090460e-03	2.187070978829188869e-02
3.834999999999999964e+00	7.501582626045283884e-03	2.166743486156985643e-02
3.839999999999999858e+00	7.501567882809149351e-03	2.146578312281768874e-02
3.844999999999999751e+00	7.501553257821935022e-03	2.126574493106973829e-02
3.850000000000000089e+00	7.501538750374614310e-03	2.106731068104093080e-02
3.854999999999999982e+00	7.501524359761463541e-03	2.087047081120827624e-02
3.859999999999999876e+00	7.501510085279498169e-03	2.067521579597161527e-02
3.865000000000000213e+00	7.501495926229040032e-03	2.048153615356686566e-02
3.870000000000000107e+00	7.501481881913164840e-03	2.028942243838841378e-02
3.875000000000000000e+00	7.501467951638257289e-03	2.009886524873528632e-02
3.879999999999999893e+00	7.501454134713468960e-03	1.990985521929385799e-02
3.884999999999999787e+00	7.501440430451263887e-03	1.972238302871823223e-02
3.890000000000000124e+00	7.501426838166884263e-03	1.953643939227243595e-02
3.895000000000000018e+00	7.501413357178889074e-03	1.935201506924599107e-02
3.899999999999999911e+00	7.501399986808627608e-03	1.916910085575426748e-02
3.905000000000000249e+00	7.501386726380764210e-03	1.898768759199033138e-02
3.910000000000000142e+00	7.501373575222770873e-03	1.880776615518287009e-02
3.915000000000000036e+00	7.501360532665435517e-03	1.862932746668527831e-02
3.919999999999999929e+00	7.501347598042362383e-03	1.845236248508954832e-02
3.924999999999999822e+00	7.501334770690474239e-03	1.827686221315442949e-02
3.930000000000000160e+00	7.501322049949522321e-03	1.810281769107394828e-02
3.935000000000000053e+00	7.501309435162576388e-03	1.793022000324556720e-02
3.939999999999999947e+00	7.501296925675546810e-03	1.775906027169254012e-02
3.945000000000000284e+00	7.501284520837660751e-03	1.758932966267307343e-02
3.950000000000000178e+00	7.501272220000998990e-03	1.742101938025536478e-02
3.955000000000000071e+00	7.501260022520959102e-03	1.725412067276898068e-02
3.959999999999999964e+00	7.501247927755799218e-03	1.708862482653154477e-02
3.964999999999999858e+00	7.501235935067097731e-03	1.692452317214352200e-02
3.970000000000000195e+00	7.501224043819303133e-03	1.676180707836521025e-02
3.975000000000000089e+00	7.501212253380179842e-03	1.660046795825634650e-02
3.979999999999999982e+00	7.501200563120377120e-03	1.644049726320219798e-02
3.985000000000000320e+00	7.501188972413856682e-03	1.628188648889907289e-02
3.990000000000000213e+00	7.501177480637472895e-03	1.612462716952861239e-02
3.995000000000000107e+00	7.501166087171394319e-03	1.596871088359022237e-02
4.000000000000000000e+00	7.501154791398688230e-03	1.581412924822231392e-02
4.004999999999999893e+00	7.501143592705734366e-03	1.566087392488315494e-02
4.009999999999999787e+00	7.501132490481823324e-03	1.550893661381777186e-02
4.014999999999999680e+00	7.501121484119554692e-03	1.535830905958845104e-02
4.019999999999999574e+00	7.501110573014443256e-03	1.520898304568611518e-02
4.025000000000000355e+00	7.501099756565312790e-03	1.506095039991163335e-02
4.030000000000000249e+00	7.501089034173911811e-03	1.491420298913069022e-02
4.035000000000000142e+00	7.501078405245294352e-03	1.476873272450696453e-02
4.040000000000000036e+00	7.501067869187446994e-03	1.462453155639936025e-02
4.044999999999999929e+00	7.501057425411656633e-03	1.448159147944835107e-02
4.049999999999999822e+00	7.501047073332150518e-03	1.433990452761431042e-02
4.054999999999999716e+00	7.501036812366454476e-03	1.419946277911846716e-02
4.059999999999999609e+00	7.501026641935041629e-03	1.406025835162100744e-02
4.064999999999999503e+00	7.501016561461678472e-03	1.392228340701782627e-02
4.070000000000000284e+00	7.501006570373084867e-03	1.378553014675717656e-02
4.075000000000000178e+00	7.500996668099272312e-03	1.364999081649366681e-02
4.080000000000000071e+00	7.500986854073209142e-03	1.351565770154230552e-02
4.084999999999999964e+00	7.500977127731152730e-03	1.338252313139061574e-02
4.089999999999999858e+00	7.500967488512324220e-03	1.325057947528932370e-02
4.094999999999999751e+00	7.500957935859227724e-03	1.311981914662372663e-02
4.099999999999999645e+00	7.500948469217335463e-03	1.299023459863964981e-02
4.105000000000000426e+00	7.500939088035399153e-03	1.286181832867543638e-02
4.110000000000000320e+00	7.500929791765145564e-03	1.273456287402207829e-02
4.115000000000000213e+00	7.500920579861572283e-03	1.260846081601708218e-02
4.120000000000000107e+00	7.500911451782658890e-03	1.248350477603742993e-02
4.125000000000000000e+00	7.500902406989651446e-03	1.235968741945664938e-02
4.129999999999999893e+00	7.500893444946779738e-03	1.223700145176945600e-02
4.134999999999999787e+00	7.500884565121535702e-03	1.211543962241328452e-02
4.139999999999999680e+00	7.500875766984400200e-03	1.199499472102356738e-02
4.144999999999999574e+00	7.500867050009109305e-03	1.187565958112059977e-02
4.150000000000000355e+00	7.500858413672390618e-03	1.175742707649438980e-02
4.155000000000000249e+00	7.500849857454224348e-03	1.164029012475852921e-02
4.160000000000000142e+00	7.500841380837583103e-03	1.152424168386309219e-02
4.165000000000000036e+00	7.500832983308685156e-03	1.140927475551656474e-02
4.169999999999999929e+00	7.500824664356747253e-03	1.129538238182599061e-02
4.174999999999999822e+00	7.500816423474223997e-03	1.118255764858809391e-02
4.179999999999999716e+00	7.500808260156568465e-03	1.107079368205543361e-02
4.185000000000000497e+00	7.500800173902466388e-03	1.096008365209799433e-02
4.190000000000000391e+00	7.500792164213610641e-03	1.085042076909425827e-02
4.195000000000000284e+00	7.500784230594911145e-03	1.074179828696432588e-02
4.200000000000000178e+00	7.500776372554289299e-03	1.063420950018484877e-02
4.205000000000000071e+00	7.500768589602881814e-03	1.052764774669506451e-02
4.209999999999999964e+00	7.500760881254831675e-03	1.042210640503416115e-02
4.214999999999999858e+00	7.500753247027492840e-03	1.031757889712149427e-02
4.219999999999999751e+00	7.500745686441228147e-03	1.021405868551546886e-02
4.224999999999999645e+00	7.500738199019603598e-03	1.011153927606905055e-02
4.230000000000000426e+00	7.500730784289192342e-03	1.001001421530888814e-02
4.235000000000000320e+00	7.500723441779767221e-03	9.909477092967406212e-03
4.240000000000000213e+00	7.500716171024107357e-03	9.809921539481085764e-03
4.245000000000000107e+00	7.500708971558181157e-03	9.711341228400205070e-03
4.250000000000000000e+00	7.500701842920970246e-03	9.613729874005409390e-03
4.254999999999999893e+00	7.500694784654629924e-03	9.517081233596147785e-03
4.259999999999999787e+00	7.500687796304334777e-03	9.421389105224324545e-03
4.264999999999999680e+00	7.500680877418425263e-03	9.326647329862752106e-03
4.269999999999999574e+00	7.500674027548254186e-03	9.232849789254626502e-03
4.275000000000000355e+00	7.500667246248338485e-03	9.139990407963347746e-03
4.280000000000000249e+00	7.500660533076206581e-03	9.048063151336769791e-03
4.285000000000000142e+00	7.500653887592539752e-03	8.957062027439340740e-03
4.290000000000000036e+00	7.500647309361032494e-03	8.866981085130088217e-03
4.294999999999999929e+00	7.500640797948523487e-03	8.777814415878259016e-03
4.299999999999999822e+00	7.500634352924862025e-03	8.689556151954085789e-03
4.304999999999999716e+00	7.500627973863032913e-03	8.602200468129038088e-03
4.309999999999999609e+00	7.500621660339034172e-03	8.515741579978112694e-03
4.314999999999999503e+00	7.500615411931986325e-03	8.430173745465951995e-03
4.320000000000000284e+00	7.500609228224023109e-03	8.345491263359636203e-03
4.325000000000000178e+00	7.500603108800393826e-03	8.261688474701840007e-03
4.330000000000000071e+00	7.500597053249354919e-03	8.178759761332945327e-03
4.334999999999999964e+00	7.500591061162271457e-03	8.096699547252349943e-03
4.339999999999999858e+00	7.500585132133516519e-03	8.015502297249036887e-03
4.344999999999999751e+00	7.500579265760558799e-03	7.935162518152025571e-03
4.349999999999999645e+00	7.500573461643874999e-03	7.855674757568311892e-03
4.355000000000000426e+00	7.500567719387026162e-03	7.777033605023580751e-03
4.360000000000000320e+00	7.500562038596579606e-03	7.699233690806617410e-03
4.365000000000000213e+00	7.500556418882179180e-03	7.622269687001378621e-03
4.370000000000000107e+00	7.500550859856471540e-03	7.546136306436606288e-03
4.375000000000000000e+00	7.500545361135169467e-03	7.470828303610527014e-03
4.379999999999999893e+00	7.500539922336985077e-03	7.396340473744694895e-03
4.384999999999999787e+00	7.500534543083688804e-03	7.322667653602375065e-03
4.389999999999999680e+00	7.500529223000046083e-03	7.249804720645585190e-03
4.394999999999999574e+00	7.500523961713871125e-03	7.177746593748085893e-03
4.400000000000000355e+00	7.500518758855971406e-03	7.106488232454744904e-03
4.405000000000000249e+00	7.500513614060190168e-03	7.036024637590453622e-03
4.410000000000000142e+00	7.500508526963362184e-03	6.966350850620546716e-03
4.415000000000000036e+00	7.500503497205348452e-03	6.897461954156553811e-03
4.419999999999999929e+00	7.500498524428997164e-03	6.829353071416946822e-03
4.424999999999999822e+00	7.500493608280172329e-03	6.762019366630778877e-03
4.429999999999999716e+00	7.500488748407721680e-03	6.695456044597672580e-03
4.435000000000000497e+00	7.500483944463496623e-03	6.629658350990494560e-03
4.440000000000000391e+00	7.500479196102332290e-03	6.564621572013470963e-03
4.445000000000000284e+00	7.500474502982054474e-03	6.500341034604935862e-03
4.450000000000000178e+00	7.500469864763467491e-03	6.436812106192837599e-03
4.455000000000000071e+00	7.500465281110358512e-03	6.374030194798405852e-03
4.459999999999999964e+00	7.500460751689487157e-03	6.311990748887988910e-03
4.464999999999999858e+00	7.500456276170583761e-03	6.250689257378871065e-03
4.469999999999999751e+00	7.500451854226350239e-03	6.190121249586482376e-03
4.474999999999999645e+00	7.500447485532447077e-03	6.130282295133259764e-03
4.480000000000000426e+00	7.500443169767499405e-03	6.071168003990217929e-03
4.485000000000000320e+00	7.500438906613083982e-03	6.012774026290073660e-03
4.490000000000000213e+00	7.500434695753734407e-03	5.955096052462227271e-03
4.495000000000000107e+00	7.500430536876923765e-03	5.898129812950935087e-03
4.500000000000000000e+00	7.500426429673081978e-03	5.841871078442889553e-03
4.504999999999999893e+00	7.500422373835564580e-03	5.786315659491436496e-03
4.509999999999999787e+00	7.500418369060677867e-03	5.731459406835855315e-03
4.514999999999999680e+00	7.500414415047643342e-03	5.677298210932569915e-03
4.519999999999999574e+00	7.500410511498630667e-03	5.623828002365170546e-03
4.525000000000000355e+00	7.500406658118709095e-03	5.571044751283740770e-03
4.530000000000000249e+00	7.500402854615892574e-03	5.518944467904623487e-03
4.535000000000000142e+00	7.500399100701085967e-03	5.467523201858720885e-03
4.540000000000000036e+00	7.500395396088129288e-03	5.416777042780184133e-03
4.544999999999999929e+00	7.500391740493742194e-03	5.366702119564717606e-03
4.549999999999999822e+00	7.500388133637577760e-03	5.317294601046203446e-03
4.554999999999999716e+00	7.500384575242155689e-03	5.268550695165930345e-03
4.559999999999999609e+00	7.500381065032922165e-03	5.220466649736414839e-03
4.564999999999999503e+00	7.500377602738178724e-03	5.173038751522454973e-03
4.570000000000000284e+00	7.500374188089147312e-03	5.126263327091165611e-03
4.575000000000000178e+00	7.500370820819893952e-03	5.080136741805813677e-03
4.580000000000000071e+00	7.500367500667401606e-03	5.034655400761232219e-03
4.584999999999999964e+00	7.500364227371484303e-03	4.989815747691334936e-03
4.589999999999999858e+00	7.500361000674861736e-03	4.945614265989056388e-03
4.594999999999999751e+00	7.500357820323078593e-03	4.902047477528489496e-03
4.599999999999999645e+00	7.500354686064582624e-03	4.859111943768511417e-03
4.605000000000000426e+00	7.500351597650626624e-03	4.816804264490346342e-03
4.610000000000000320e+00	7.500348554835362981e-03	4.775121078984118084e-03
4.615000000000000213e+00	7.500345557375739589e-03	4.734059064702739357e-03
4.620000000000000107e+00	7.500342605031595257e-03	4.693614938530397962e-03
4.625000000000000000e+00	7.500339697565553895e-03	4.653785455353826386e-03
4.629999999999999893e+00	7.500336834743124258e-03	4.614567409411928813e-03
4.634999999999999787e+00	7.500334016332586319e-03	4.575957632785139680e-03
4.639999999999999680e+00	7.500331242105098828e-03	4.537952996825442113e-03
4.644999999999999574e+00	7.500328511834581345e-03	4.500550410564727911e-03
4.650000000000000355e+00	7.500325825297824399e-03	4.463746822224275851e-03
4.655000000000000249e+00	7.500323182274367187e-03	4.427539217543049847e-03
4.660000000000000142e+00	7.500320582546614670e-03	4.391924621365933708e-03
4.665000000000000036e+00	7.500318025899708335e-03	4.356900095892691713e-03
4.669999999999999929e+00	7.500315512121645024e-03	4.322462742344110667e-03
4.674999999999999822e+00	7.500313041003150299e-03	4.288609699132498072e-03
4.679999999999999716e+00	7.500310612337798138e-03	4.255338143604952585e-03
4.685000000000000497e+00	7.500308225921874759e-03	4.222645290136230710e-03
4.690000000000000391e+00	7.500305881554513061e-03	4.190528391948502088e-03
4.695000000000000284e+00	7.500303579037544306e-03	4.158984739127312424e-03
4.700000000000000178e+00	7.500301318175638630e-03	4.128011660516881648e-03
4.705000000000000071e+00	7.500299098776151523e-03	4.097606521660104167e-03
4.709999999999999964e+00	7.500296920649273009e-03	4.067766726768645702e-03
4.714999999999999858e+00	7.500294783607865459e-03	4.038489716587767564e-03
4.719999999999999751e+00	7.500292687467617105e-03	4.009772970440511793e-03
4.724999999999999645e+00	7.500290632046877244e-03	3.981614004018105800e-03
4.730000000000000426e+00	7.500288617166814970e-03	3.954010371497360642e-03
4.735000000000000320e+00	7.500286642651247428e-03	3.926959663257508643e-03
4.740000000000000213e+00	7.500284708326802018e-03	3.900459508070199411e-03
4.745000000000000107e+00	7.500282814022747255e-03	3.874507570743476043e-03
4.750000000000000000e+00	7.500280959571149764e-03	3.849101554383579579e-03
4.754999999999999893e+00	7.500279144806706877e-03	3.824239197966815794e-03
4.759999999999999787e+00	7.500277369566907965e-03	3.799918278672462495e-03
4.764999999999999680e+00	7.500275633691857492e-03	3.776136609383365633e-03
4.769999999999999574e+00	7.500273937024448494e-03	3.752892041089189203e-03
4.775000000000000355e+00	7.500272279410172618e-03	3.730182460316445840e-03
4.780000000000000249e+00	7.500270660697307482e-03	3.708005791601373755e-03
4.785000000000000142e+00	7.500269080736715437e-03	3.686359994850090058e-03
4.790000000000000036e+00	7.500267539382032660e-03	3.665243067880445942e-03
4.794999999999999929e+00	7.500266036489473126e-03	3.644653043713174442e-03
4.799999999999999822e+00	7.500264571918016827e-03	3.624587993181876446e-03
4.804999999999999716e+00	7.500263145529207677e-03	3.605046022155820352e-03
4.809999999999999609e+00	7.500261757187346064e-03	3.586025274217463470e-03
4.814999999999999503e+00	7.500260406759288491e-03	3.567523927817655566e-03
4.820000000000000284e+00	7.500259094114638397e-03	3.549540199019938017e-03
4.825000000000000178e+00	7.500257819125541459e-03	3.532072338588863360e-03
4.830000000000000071e+00	7.500256581666884213e-03	3.515118634800401716e-03
4.834999999999999964e+00	7.500255381616083294e-03	3.498677410464032505e-03
4.839999999999999858e+00	7.500254218853287524e-03	3.482747025798638846e-03
4.844999999999999751e+00	7.500253093261162810e-03	3.467325875389166805e-03
4.849999999999999645e+00	7.500252004725104643e-03	3.452412391127175975e-03
4.855000000000000426e+00	7.500250953133005653e-03	3.438005039102675145e-03
4.860000000000000320e+00	7.500249938375484586e-03	3.424102322608823384e-03
4.865000000000000213e+00	7.500248960345646046e-03	3.410702778969727528e-03
4.870000000000000107e+00	7.500248018939309480e-03	3.397804982608454601e-03
4.875000000000000000e+00	7.500247114054770653e-03	3.385407541811423417e-03
4.879999999999999893e+00	7.500246245593032365e-03	3.373509101859166297e-03
4.884999999999999787e+00	7.500245413457558991e-03	3.362108341727962704e-03
4.889999999999999680e+00	7.500244617554515866e-03	3.351203977282684113e-03
4.894999999999999574e+00	7.500243857792518627e-03	3.340794757916450749e-03
4.900000000000000355e+00	7.500243134082872597e-03	3.330879469804823214e-03
4.905000000000000249e+00	7.500242446339323854e-03	3.321456932484073438e-03
4.910000000000000142e+00	7.500241794478299494e-03	3.312526002166069072e-03
4.915000000000000036e+00	7.500241178418656091e-03	3.304085568255883329e-03
4.919999999999999929e+00	7.500240598081921693e-03	3.296134556726795783e-03
4.924999999999999822e+00	7.500240053392041688e-03	3.288671926577873411e-03
4.929999999999999716e+00	7.500239544275625996e-03	3.281696673268331890e-03
4.935000000000000497e+00	7.500239070661687130e-03	3.275207825115763072e-03
4.940000000000000391e+00	7.500238632481898669e-03	3.269204446789280866e-03
4.945000000000000284e+00	7.500238229670322040e-03	3.263685635648974539e-03
4.950000000000000178e+00	7.500237862163667592e-03	3.258650525297275818e-03
4.955000000000000071e+00	7.500237529901027447e-03	3.254098281860242151e-03
4.959999999999999964e+00	7.500237232824133113e-03	3.250028107596455908e-03
4.964999999999999858e+00	7.500236970877083124e-03	3.246439237120929498e-03
4.969999999999999751e+00	7.500236744006609328e-03	3.243330941070772955e-03
4.974999999999999645e+00	7.500236552161797590e-03	3.240702522272264317e-03
4.980000000000000426e+00	7.500236395294360148e-03	3.238553319462816795e-03
4.985000000000000320e+00	7.500236273358348513e-03	3.236882703401898313e-03
4.990000000000000213e+00	7.500236186310434497e-03	3.235690080648503334e-03
4.995000000000000107e+00	7.500236134109617044e-03	3.234974889616569482e-03
5.000000000000000000e+00	7.500236116717505855e-03	3.234736604407456150e-03
