# coordinate_x	h	p	@time=411.28999999999996
0.000000000000000000e+00	2.700406330170791458e-01	5.715929243866466614e-01
5.000000000000000104e-03	2.700370651496939445e-01	5.715929241737941480e-01
1.000000000000000021e-02	2.700263615487109581e-01	5.715929235351445703e-01
1.499999999999999944e-02	2.700085222153930653e-01	5.715929224705991185e-01
2.000000000000000042e-02	2.699835471528080899e-01	5.715929209799175403e-01
2.500000000000000139e-02	2.699514363644736625e-01	5.715929190628242784e-01
2.999999999999999889e-02	2.699121898556714472e-01	5.715929167189057747e-01
3.500000000000000333e-02	2.698658076321269750e-01	5.715929139477132770e-01
4.000000000000000083e-02	2.698122897013335297e-01	5.715929107486594773e-01
4.499999999999999833e-02	2.697516360712314820e-01	5.715929071211218737e-01
5.000000000000000278e-02	2.696838467515355053e-01	5.715929030643388531e-01
5.500000000000000028e-02	2.696089217524118564e-01	5.715928985775124982e-01
5.999999999999999778e-02	2.695268610858099212e-01	5.715928936597050036e-01
6.500000000000000222e-02	2.694376647641365530e-01	5.715928883099419267e-01
7.000000000000000666e-02	2.693413328015923924e-01	5.715928825271079372e-01
7.500000000000001110e-02	2.692378652128425975e-01	5.715928763100496246e-01
8.000000000000000167e-02	2.691272620143588812e-01	5.715928696574716916e-01
8.499999999999999223e-02	2.690095232230859112e-01	5.715928625680400943e-01
8.999999999999999667e-02	2.688846488577895655e-01	5.715928550402767927e-01
9.500000000000000111e-02	2.687526389377184466e-01	5.715928470726640009e-01
1.000000000000000056e-01	2.686134934839591315e-01	5.715928386635388270e-01
1.050000000000000100e-01	2.684672125180918578e-01	5.715928298111966344e-01
1.100000000000000006e-01	2.683137960635539332e-01	5.715928205137859042e-01
1.149999999999999911e-01	2.681532441442884274e-01	5.715928107694118188e-01
1.199999999999999956e-01	2.679855567861167964e-01	5.715928005760310127e-01
1.250000000000000000e-01	2.678107340153798588e-01	5.715927899315546012e-01
1.300000000000000044e-01	2.676287758603202449e-01	5.715927788337430426e-01
1.350000000000000089e-01	2.674396823497150466e-01	5.715927672803091664e-01
1.400000000000000133e-01	2.672434535142687029e-01	5.715927552688129243e-01
1.450000000000000178e-01	2.670400893852368784e-01	5.715927427967644192e-01
1.499999999999999944e-01	2.668295899958305628e-01	5.715927298615179897e-01
1.549999999999999989e-01	2.666119553798299568e-01	5.715927164603755717e-01
1.600000000000000033e-01	2.663871855730011728e-01	5.715927025904808945e-01
1.650000000000000078e-01	2.661552806116991299e-01	5.715926882489225092e-01
1.700000000000000122e-01	2.659162405342977986e-01	5.715926734326270964e-01
1.749999999999999889e-01	2.656700653797811063e-01	5.715926581384638272e-01
1.799999999999999933e-01	2.654167551891878918e-01	5.715926423631364495e-01
1.849999999999999978e-01	2.651563100041896548e-01	5.715926261032878708e-01
1.900000000000000022e-01	2.648887298685514979e-01	5.715926093553921339e-01
1.950000000000000067e-01	2.646140148266957759e-01	5.715925921158589995e-01
2.000000000000000111e-01	2.643321649251795802e-01	5.715925743809252557e-01
2.050000000000000155e-01	2.640431802112442328e-01	5.715925561467597449e-01
2.099999999999999922e-01	2.637470607343096463e-01	5.715925374093542288e-01
2.149999999999999967e-01	2.634438065445086075e-01	5.715925181646284159e-01
2.200000000000000011e-01	2.631334176942000669e-01	5.715924984083201599e-01
2.250000000000000056e-01	2.628158942364861028e-01	5.715924781360914864e-01
2.300000000000000100e-01	2.624912362267455279e-01	5.715924573434173483e-01
2.349999999999999867e-01	2.621594437211332007e-01	5.715924360256920966e-01
2.399999999999999911e-01	2.618205167781345599e-01	5.715924141781182355e-01
2.449999999999999956e-01	2.614744554570462287e-01	5.715923917958121159e-01
2.500000000000000000e-01	2.611212598195525869e-01	5.715923688736930242e-01
2.550000000000000044e-01	2.607609299281867243e-01	5.715923454065887643e-01
2.600000000000000089e-01	2.603934658479308273e-01	5.715923213891237475e-01
2.650000000000000133e-01	2.600188676446554825e-01	5.715922968158255735e-01
2.700000000000000178e-01	2.596371353867455434e-01	5.715922716810116766e-01
2.750000000000000222e-01	2.592482691435168962e-01	5.715922459788967958e-01
2.800000000000000266e-01	2.588522689868689719e-01	5.715922197034786212e-01
2.850000000000000311e-01	2.584491349896773649e-01	5.715921928486451531e-01
2.899999999999999800e-01	2.580388672274748774e-01	5.715921654080607928e-01
2.949999999999999845e-01	2.576214657768188809e-01	5.715921373752723689e-01
2.999999999999999889e-01	2.571969307170021701e-01	5.715921087435955616e-01
3.049999999999999933e-01	2.567652621283934011e-01	5.715920795062211512e-01
3.099999999999999978e-01	2.563264600941798088e-01	5.715920496561002206e-01
3.150000000000000022e-01	2.558805246986793347e-01	5.715920191860509592e-01
3.200000000000000067e-01	2.554274560291164287e-01	5.715919880886425331e-01
3.250000000000000111e-01	2.549672541739048115e-01	5.715919563563027772e-01
3.300000000000000155e-01	2.544999192244581931e-01	5.715919239812009556e-01
3.350000000000000200e-01	2.540254512734418380e-01	5.715918909553556748e-01
3.400000000000000244e-01	2.535438504166199758e-01	5.715918572705170897e-01
3.449999999999999734e-01	2.530551167510749488e-01	5.715918229182737065e-01
3.499999999999999778e-01	2.525592503770933139e-01	5.715917878899358096e-01
3.549999999999999822e-01	2.520562513963501283e-01	5.715917521766407106e-01
3.599999999999999867e-01	2.515461199138365189e-01	5.715917157692360639e-01
3.649999999999999911e-01	2.510288560360073307e-01	5.715916786583847831e-01
3.699999999999999956e-01	2.505044598727521055e-01	5.715916408344479116e-01
3.750000000000000000e-01	2.499729315355040393e-01	5.715916022875893177e-01
3.800000000000000044e-01	2.494342711392571188e-01	5.715915630076578990e-01
3.850000000000000089e-01	2.488884788006341664e-01	5.715915229842917222e-01
3.900000000000000133e-01	2.483355546399524938e-01	5.715914822067998946e-01
3.950000000000000178e-01	2.477754987792492036e-01	5.715914406642663703e-01
4.000000000000000222e-01	2.472083113443979130e-01	5.715913983454312675e-01
4.050000000000000266e-01	2.466339924630889247e-01	5.715913552387935637e-01
4.099999999999999756e-01	2.460525422669998241e-01	5.715913113324928574e-01
4.149999999999999800e-01	2.454639608897282443e-01	5.715912666144106202e-01
4.199999999999999845e-01	2.448682484690194450e-01	5.715912210720516251e-01
4.249999999999999889e-01	2.442654051446489505e-01	5.715911746926448656e-01
4.299999999999999933e-01	2.436554310607102758e-01	5.715911274630244288e-01
4.349999999999999978e-01	2.430383263634448843e-01	5.715910793697283054e-01
4.400000000000000022e-01	2.424140912035933626e-01	5.715910303988810393e-01
4.450000000000000067e-01	2.417827257341699232e-01	5.715909805362895391e-01
4.500000000000000111e-01	2.411442301128806365e-01	5.715909297673263945e-01
4.550000000000000155e-01	2.404986044998393135e-01	5.715908780770238007e-01
4.600000000000000200e-01	2.398458490600567927e-01	5.715908254499572072e-01
4.649999999999999689e-01	2.391859639610951771e-01	5.715907718703373552e-01
4.699999999999999734e-01	2.385189493756318946e-01	5.715907173218943704e-01
4.749999999999999778e-01	2.378448054790490152e-01	5.715906617879664697e-01
4.799999999999999822e-01	2.371635324520767751e-01	5.715906052513861635e-01
4.849999999999999867e-01	2.364751304783139219e-01	5.715905476945651875e-01
4.899999999999999911e-01	2.357795997469556148e-01	5.715904890993815934e-01
4.949999999999999956e-01	2.350769404502410787e-01	5.715904294472621272e-01
5.000000000000000000e-01	2.343671527862705717e-01	5.715903687190699856e-01
5.050000000000000044e-01	2.336502369563765169e-01	5.715903068951831978e-01
5.100000000000000089e-01	2.329261931680348119e-01	5.715902439553847136e-01
5.150000000000000133e-01	2.321950216321551075e-01	5.715901798789355670e-01
5.200000000000000178e-01	2.314567225660922323e-01	5.715901146444677394e-01
5.250000000000000222e-01	2.307112961908507898e-01	5.715900482300513286e-01
5.300000000000000266e-01	2.299587427342031642e-01	5.715899806130906313e-01
5.350000000000000311e-01	2.291990624278033850e-01	5.715899117703852061e-01
5.400000000000000355e-01	2.284322555104180141e-01	5.715898416780288427e-01
5.450000000000000400e-01	2.276583222249444483e-01	5.715897703114638517e-01
5.500000000000000444e-01	2.268772628217617104e-01	5.715896976453842537e-01
5.550000000000000488e-01	2.260890775556472776e-01	5.715896236537814090e-01
5.600000000000000533e-01	2.252937666892556035e-01	5.715895483098522023e-01
5.649999999999999467e-01	2.244913304899275042e-01	5.715894715860355690e-01
5.699999999999999512e-01	2.236817692333044616e-01	5.715893934539260091e-01
5.749999999999999556e-01	2.228650832000242110e-01	5.715893138842995658e-01
5.799999999999999600e-01	2.220412726794797897e-01	5.715892328470337791e-01
5.849999999999999645e-01	2.212103379663943048e-01	5.715891503111224514e-01
5.899999999999999689e-01	2.203722793647342471e-01	5.715890662446017068e-01
5.949999999999999734e-01	2.195270971841559726e-01	5.715889806145524332e-01
5.999999999999999778e-01	2.186747917440839128e-01	5.715888933870343358e-01
6.049999999999999822e-01	2.178153633700206926e-01	5.715888045270735018e-01
6.099999999999999867e-01	2.169488123978010330e-01	5.715887139986055576e-01
6.149999999999999911e-01	2.160751391697574297e-01	5.715886217644471357e-01
6.199999999999999956e-01	2.151943440391618501e-01	5.715885277862493563e-01
6.250000000000000000e-01	2.143064273662375341e-01	5.715884320244506434e-01
6.300000000000000044e-01	2.134113895228015867e-01	5.715883344382419740e-01
6.350000000000000089e-01	2.125092308881131042e-01	5.715882349854990441e-01
6.400000000000000133e-01	2.115999518537312052e-01	5.715881336227611742e-01
6.450000000000000178e-01	2.106835528191884077e-01	5.715880303051397160e-01
6.500000000000000222e-01	2.097600341970795312e-01	5.715879249863123901e-01
6.550000000000000266e-01	2.088293964085492227e-01	5.715878176184052695e-01
6.600000000000000311e-01	2.078916398886283545e-01	5.715877081520047698e-01
6.650000000000000355e-01	2.069467650815232929e-01	5.715875965360093236e-01
6.700000000000000400e-01	2.059947724462182495e-01	5.715874827176622430e-01
6.750000000000000444e-01	2.050356624515525250e-01	5.715873666423684218e-01
6.800000000000000488e-01	2.040694355821093819e-01	5.715872482537506238e-01
6.850000000000000533e-01	2.030960923330664691e-01	5.715871274934284374e-01
6.899999999999999467e-01	2.021156332163932257e-01	5.715870043010996548e-01
6.949999999999999512e-01	2.011280587554583610e-01	5.715868786142761504e-01
6.999999999999999556e-01	2.001333694915602701e-01	5.715867503683954576e-01
7.049999999999999600e-01	1.991315659782745273e-01	5.715866194965075753e-01
7.099999999999999645e-01	1.981226487883432086e-01	5.715864859294194078e-01
7.149999999999999689e-01	1.971066185077439692e-01	5.715863495953275031e-01
7.199999999999999734e-01	1.960834757429674169e-01	5.715862104199994631e-01
7.249999999999999778e-01	1.950532211147872619e-01	5.715860683263450648e-01
7.299999999999999822e-01	1.940158552659579649e-01	5.715859232346410801e-01
7.349999999999999867e-01	1.929713788546634223e-01	5.715857750620312316e-01
7.399999999999999911e-01	1.919197925626704437e-01	5.715856237228001957e-01
7.449999999999999956e-01	1.908610970884316027e-01	5.715854691277936217e-01
7.500000000000000000e-01	1.897952931557335132e-01	5.715853111847486456e-01
7.550000000000000044e-01	1.887223815064273946e-01	5.715851497976222051e-01
7.600000000000000089e-01	1.876423629096153622e-01	5.715849848669856126e-01
7.650000000000000133e-01	1.865552381539793414e-01	5.715848162892500639e-01
7.700000000000000178e-01	1.854610080575535003e-01	5.715846439571330428e-01
7.750000000000000222e-01	1.843596734596198161e-01	5.715844677587668121e-01
7.800000000000000266e-01	1.832512352311194970e-01	5.715842875782478627e-01
7.850000000000000311e-01	1.821356942660800893e-01	5.715841032946114009e-01
7.900000000000000355e-01	1.810130514927255074e-01	5.715839147824749444e-01
7.950000000000000400e-01	1.798833078643959360e-01	5.715837219108610423e-01
8.000000000000000444e-01	1.787464643714225254e-01	5.715835245439481183e-01
8.050000000000000488e-01	1.776025220314976505e-01	5.715833225397194406e-01
8.100000000000000533e-01	1.764514819023879633e-01	5.715831157508377558e-01
8.149999999999999467e-01	1.752933450717084340e-01	5.715829040230935298e-01
8.199999999999999512e-01	1.741281126705564453e-01	5.715826871964226896e-01
8.249999999999999556e-01	1.729557858626374900e-01	5.715824651031260473e-01
8.299999999999999600e-01	1.717763658589134823e-01	5.715822375690485790e-01
8.349999999999999645e-01	1.705898539060228813e-01	5.715820044115371701e-01
8.399999999999999689e-01	1.693962513020474681e-01	5.715817654408064108e-01
8.449999999999999734e-01	1.681955593841632235e-01	5.715815204575946940e-01
8.499999999999999778e-01	1.669877795456438385e-01	5.715812692547439511e-01
8.549999999999999822e-01	1.657729132226716529e-01	5.715810116145088049e-01
8.599999999999999867e-01	1.645509619127107914e-01	5.715807473103834413e-01
8.649999999999999911e-01	1.633219271603998657e-01	5.715804761040089721e-01
8.699999999999999956e-01	1.620858105774461433e-01	5.715801977472860784e-01
8.750000000000000000e-01	1.608426138275120265e-01	5.715799119788174121e-01
8.800000000000000044e-01	1.595923386478019790e-01	5.715796185263505302e-01
8.850000000000000089e-01	1.583349868328452481e-01	5.715793171026818387e-01
8.900000000000000133e-01	1.570705602579712534e-01	5.715790074084817762e-01
8.950000000000000178e-01	1.557990608618790851e-01	5.715786891275718151e-01
9.000000000000000222e-01	1.545204906722250637e-01	5.715783619301944007e-01
9.050000000000000266e-01	1.532348517868566407e-01	5.715780254675598693e-01
9.100000000000000311e-01	1.519421464017686185e-01	5.715776793756336405e-01
9.150000000000000355e-01	1.506423767908634526e-01	5.715773232688284855e-01
9.200000000000000400e-01	1.493355453365717012e-01	5.715769567443962362e-01
9.250000000000000444e-01	1.480216545079832691e-01	5.715765793751198531e-01
9.300000000000000488e-01	1.467007068944733150e-01	5.715761907144100151e-01
9.350000000000000533e-01	1.453727051820289384e-01	5.715757902878217944e-01
9.399999999999999467e-01	1.440376521902752560e-01	5.715753775989793617e-01
9.449999999999999512e-01	1.426955508468000233e-01	5.715749521197053262e-01
9.499999999999999556e-01	1.413464042280383193e-01	5.715745132969199949e-01
9.549999999999999600e-01	1.399902155313706986e-01	5.715740605411291364e-01
9.599999999999999645e-01	1.386269881204021392e-01	5.715735932344729875e-01
9.649999999999999689e-01	1.372567254945786519e-01	5.715731107172656866e-01
9.699999999999999734e-01	1.358794313394878772e-01	5.715726122974038592e-01
9.749999999999999778e-01	1.344951094937037184e-01	5.715720972345856854e-01
9.799999999999999822e-01	1.331037640048463866e-01	5.715715647513331943e-01
9.849999999999999867e-01	1.317053990933243213e-01	5.715710140144358853e-01
9.899999999999999911e-01	1.303000192150247649e-01	5.715704441478960396e-01
9.949999999999999956e-01	1.288876290215743570e-01	5.715698542110391189e-01
1.000000000000000000e+00	1.274682334306943832e-01	5.715692432137582379e-01
1.004999999999999893e+00	1.260418375825468340e-01	5.715686100906057776e-01
1.010000000000000009e+00	1.246084469189863569e-01	5.715679537187970949e-01
1.015000000000000124e+00	1.231680671354937195e-01	5.715672728874326980e-01
1.020000000000000018e+00	1.217207042708023518e-01	5.715665663188287393e-01
1.024999999999999911e+00	1.202663646538449094e-01	5.715658326318132643e-01
1.030000000000000027e+00	1.188050550055341215e-01	5.715650703670812627e-01
1.035000000000000142e+00	1.173367823800619270e-01	5.715642779432431597e-01
1.040000000000000036e+00	1.158615542809891263e-01	5.715634536870730642e-01
1.044999999999999929e+00	1.143793785961326748e-01	5.715625957806440560e-01
1.050000000000000044e+00	1.128902637305910089e-01	5.715617022975555406e-01
1.055000000000000160e+00	1.113942185343348851e-01	5.715607711390440215e-01
1.060000000000000053e+00	1.098912524553882081e-01	5.715598000775524712e-01
1.064999999999999947e+00	1.083813754590962630e-01	5.715587866791257410e-01
1.070000000000000062e+00	1.068645982054362148e-01	5.715577283560445698e-01
1.075000000000000178e+00	1.053409319587739201e-01	5.715566222720459555e-01
1.080000000000000071e+00	1.038103887942414538e-01	5.715554654062150464e-01
1.084999999999999964e+00	1.022729814966011619e-01	5.715542544365509459e-01
1.090000000000000080e+00	1.007287238018744341e-01	5.715529858179254630e-01
1.095000000000000195e+00	9.917763028371109901e-02	5.715516556381482483e-01
1.100000000000000089e+00	9.761971663807167410e-02	5.715502597136168372e-01
1.104999999999999982e+00	9.605499955524726685e-02	5.715487934101846079e-01
1.110000000000000098e+00	9.448349705752472072e-02	5.715472517612144587e-01
1.115000000000000213e+00	9.290522835471912155e-02	5.715456292430223240e-01
1.120000000000000107e+00	9.132021424757021111e-02	5.715439199215162080e-01
1.125000000000000000e+00	8.972847696433618181e-02	5.715421171684869073e-01
1.129999999999999893e+00	8.813004064645030278e-02	5.715402138450113023e-01
1.134999999999999787e+00	8.652493116339833590e-02	5.715382019399688485e-01
1.139999999999999902e+00	8.491317670228390457e-02	5.715360728011339431e-01
1.145000000000000018e+00	8.329480755789525626e-02	5.715338166703664013e-01
1.149999999999999911e+00	8.166985685485339541e-02	5.715314229771358834e-01
1.154999999999999805e+00	8.003836030952210523e-02	5.715288797348896388e-01
1.159999999999999920e+00	7.840035712317006134e-02	5.715261739171204614e-01
1.165000000000000036e+00	7.675588971229632684e-02	5.715232906649414524e-01
1.169999999999999929e+00	7.510500482498168318e-02	5.715202137734550769e-01
1.174999999999999822e+00	7.344775323647194376e-02	5.715169246391605951e-01
1.179999999999999938e+00	7.178419116055050064e-02	5.715134028954289569e-01
1.185000000000000053e+00	7.011437990818990273e-02	5.715096249961807429e-01
1.189999999999999947e+00	6.843838769434525127e-02	5.715055650554610178e-01
1.194999999999999840e+00	6.675628925977050709e-02	5.715011929145288327e-01
1.199999999999999956e+00	6.506816821589050948e-02	5.714964752646378709e-01
1.205000000000000071e+00	6.337411663462831635e-02	5.714913729676465159e-01
1.209999999999999964e+00	6.167423813772697494e-02	5.714858425776542239e-01
1.214999999999999858e+00	5.996864746874693008e-02	5.714798325622126862e-01
1.219999999999999973e+00	5.825747463130051540e-02	5.714732853949106017e-01
1.225000000000000089e+00	5.654086447519408171e-02	5.714661321229971280e-01
1.229999999999999982e+00	5.481898234252596119e-02	5.714582952920327363e-01
1.234999999999999876e+00	5.309201373374270588e-02	5.714496809676621325e-01
1.239999999999999991e+00	5.136017216998074730e-02	5.714401828971178432e-01
1.245000000000000107e+00	4.962369906909176037e-02	5.714296705082376748e-01
1.250000000000000000e+00	4.788287494638196473e-02	5.714179949504883949e-01
1.254999999999999893e+00	4.613801975418612561e-02	5.714049705501923482e-01
1.260000000000000009e+00	4.438950925013109700e-02	5.713903837791494134e-01
1.265000000000000124e+00	4.263777629501147581e-02	5.713739637126805659e-01
1.270000000000000018e+00	4.088333546480744929e-02	5.713553956880749185e-01
1.274999999999999911e+00	3.912678628212171855e-02	5.713342725922472276e-01
1.280000000000000027e+00	3.736885142424189316e-02	5.713101162801673683e-01
1.285000000000000142e+00	3.561038384299915899e-02	5.712822940412086714e-01
1.290000000000000036e+00	3.385242822374836397e-02	5.712500533596759356e-01
1.294999999999999929e+00	3.209623599190638416e-02	5.712123721527138098e-01
1.300000000000000044e+00	3.034336808996546120e-02	5.711680175828836026e-01
1.305000000000000160e+00	2.859572620460104631e-02	5.711152637729253190e-01
1.310000000000000053e+00	2.685573180610082225e-02	5.710519967526718199e-01
1.314999999999999947e+00	2.512639109807823096e-02	5.709751522689758829e-01
1.320000000000000062e+00	2.341161914674183206e-02	5.708809172982401980e-01
1.325000000000000178e+00	2.171637416665203255e-02	5.707635449154707663e-01
1.330000000000000071e+00	2.004725835720174223e-02	5.706157857888355389e-01
1.334999999999999964e+00	1.841278239084270796e-02	5.704262659174204053e-01
1.340000000000000080e+00	1.682444746838995461e-02	5.701805753806399313e-01
1.345000000000000195e+00	1.529716023078014735e-02	5.698554067959689107e-01
1.350000000000000089e+00	1.385078961065097647e-02	5.694219370499077337e-01
1.354999999999999982e+00	1.251014636290053404e-02	5.688341437286947855e-01
1.360000000000000098e+00	1.130503264336496679e-02	5.680407909096316654e-01
1.365000000000000213e+00	1.026662154403796406e-02	5.669715752826751665e-01
1.370000000000000107e+00	9.419658370859404842e-03	5.655713263286370474e-01
1.375000000000000000e+00	8.773724442776227248e-03	5.638020626678811320e-01
1.379999999999999893e+00	8.314477282337489131e-03	5.616749090059663940e-01
1.384999999999999787e+00	8.009409426032742391e-03	5.592492682454245356e-01
1.389999999999999902e+00	7.817492566515831312e-03	5.565972116230137878e-01
1.395000000000000018e+00	7.701340097330775479e-03	5.538002976504460273e-01
1.399999999999999911e+00	7.633047617947605855e-03	5.509116649763273754e-01
1.404999999999999805e+00	7.593328580050906496e-03	5.479748969909996603e-01
1.409999999999999920e+00	7.570552808101305847e-03	5.450125601382358465e-01
1.415000000000000036e+00	7.557434829280873165e-03	5.420411857481791662e-01
1.419999999999999929e+00	7.549919436145620909e-03	5.390686357165105358e-01
1.424999999999999822e+00	7.545546406926928115e-03	5.361004555137282024e-01
1.429999999999999938e+00	7.542983373992032288e-03	5.331391999615602284e-01
1.435000000000000053e+00	7.541430272322941983e-03	5.301866454107811988e-01
1.439999999999999947e+00	7.540457736221806151e-03	5.272435944557708476e-01
1.444999999999999840e+00	7.539808800180764804e-03	5.243105986855424172e-01
1.449999999999999956e+00	7.539345981296205999e-03	5.213878986618666334e-01
1.455000000000000071e+00	7.538987092970735743e-03	5.184756552238465321e-01
1.459999999999999964e+00	7.538688211786302891e-03	5.155739306188841242e-01
1.464999999999999858e+00	7.538423091617825131e-03	5.126827620306299016e-01
1.469999999999999973e+00	7.538177711837216848e-03	5.098021555853912146e-01
1.475000000000000089e+00	7.537943695762702734e-03	5.069321096794252579e-01
1.479999999999999982e+00	7.537716569205947861e-03	5.040726130516922643e-01
1.484999999999999876e+00	7.537493658848870570e-03	5.012236521886592744e-01
1.489999999999999991e+00	7.537273536450550364e-03	4.983852106853212116e-01
1.495000000000000107e+00	7.537055348165971717e-03	4.955572716062563443e-01
1.500000000000000000e+00	7.536838637246351738e-03	4.927398172553451583e-01
1.504999999999999893e+00	7.536623130097252522e-03	4.899328299402636588e-01
1.510000000000000009e+00	7.536408679738099657e-03	4.871362918720587021e-01
1.515000000000000124e+00	7.536195197581727762e-03	4.843501854245773619e-01
1.520000000000000018e+00	7.535982635407471528e-03	4.815744930754395359e-01
1.524999999999999911e+00	7.535770963616174496e-03	4.788091975058475502e-01
1.530000000000000027e+00	7.535560165482255678e-03	4.760542815548655105e-01
1.535000000000000142e+00	7.535350230226446969e-03	4.733097282689137097e-01
1.540000000000000036e+00	7.535141151181441038e-03	4.705755208604018858e-01
1.544999999999999929e+00	7.534932923587445500e-03	4.678516427415014278e-01
1.550000000000000044e+00	7.534725544004815083e-03	4.651380774842547861e-01
1.555000000000000160e+00	7.534519009614424646e-03	4.624348088495895959e-01
1.560000000000000053e+00	7.534313318027520932e-03	4.597418207479533891e-01
1.564999999999999947e+00	7.534108467065421359e-03	4.570590972670601770e-01
1.570000000000000062e+00	7.533904454695877426e-03	4.543866226327141766e-01
1.575000000000000178e+00	7.533701278965410086e-03	4.517243812364208910e-01
1.580000000000000071e+00	7.533498937975960374e-03	4.490723575962556890e-01
1.584999999999999964e+00	7.533297429865818719e-03	4.464305363847231867e-01
1.590000000000000080e+00	7.533096752799122928e-03	4.437989023895932972e-01
1.595000000000000195e+00	7.532896904962247363e-03	4.411774405421541312e-01
1.600000000000000089e+00	7.532697884557402676e-03	4.385661358779605057e-01
1.604999999999999982e+00	7.532499689803957670e-03	4.359649735655473646e-01
1.610000000000000098e+00	7.532302318933355688e-03	4.333739388670465043e-01
1.615000000000000213e+00	7.532105770192008137e-03	4.307930171674025921e-01
1.620000000000000107e+00	7.531910041836645427e-03	4.282221939348163087e-01
1.625000000000000000e+00	7.531715132137715291e-03	4.256614547504949386e-01
1.629999999999999893e+00	7.531521039374890723e-03	4.231107852688856807e-01
1.634999999999999787e+00	7.531327761840627896e-03	4.205701712479881782e-01
1.639999999999999902e+00	7.531135297835737409e-03	4.180395985093430800e-01
1.645000000000000018e+00	7.530943645673007260e-03	4.155190529689308243e-01
1.649999999999999911e+00	7.530752803672794912e-03	4.130085205968841988e-01
1.654999999999999805e+00	7.530562770166684960e-03	4.105079874489954150e-01
1.659999999999999920e+00	7.530373543493096809e-03	4.080174396261216363e-01
1.665000000000000036e+00	7.530185122000964022e-03	4.055368633063234363e-01
1.669999999999999929e+00	7.529997504045345472e-03	4.030662447039343732e-01
1.674999999999999822e+00	7.529810687991135912e-03	4.006055701023477633e-01
1.679999999999999938e+00	7.529624672208672792e-03	3.981548258127272644e-01
1.685000000000000053e+00	7.529439455077475453e-03	3.957139982074583395e-01
1.689999999999999947e+00	7.529255034981847602e-03	3.932830736784759251e-01
1.694999999999999840e+00	7.529071410314646003e-03	3.908620386713944073e-01
1.699999999999999956e+00	7.528888579472881211e-03	3.884508796434325006e-01
1.705000000000000071e+00	7.528706540861507951e-03	3.860495830982358378e-01
1.709999999999999964e+00	7.528525292889025854e-03	3.836581355433782425e-01
1.714999999999999858e+00	7.528344833971294982e-03	3.812765235258880336e-01
1.719999999999999973e+00	7.528165162527136571e-03	3.789047335893089841e-01
1.725000000000000089e+00	7.527986276982168504e-03	3.765427523099406648e-01
1.729999999999999982e+00	7.527808175764406050e-03	3.741905662534432131e-01
1.734999999999999876e+00	7.527630857308120760e-03	3.718481620117997100e-01
1.739999999999999991e+00	7.527454320049436869e-03	3.695155261594501583e-01
1.745000000000000107e+00	7.527278562430223148e-03	3.671926452909847205e-01
1.750000000000000000e+00	7.527103582893669362e-03	3.648795059767934168e-01
1.754999999999999893e+00	7.526929379888217149e-03	3.625760948014950524e-01
1.760000000000000009e+00	7.526755951863126071e-03	3.602823983190930335e-01
1.765000000000000124e+00	7.526583297272431382e-03	3.579984030921445348e-01
1.770000000000000018e+00	7.526411414570497067e-03	3.557240956464118864e-01
1.774999999999999911e+00	7.526240302216011778e-03	3.534594625107748689e-01
1.780000000000000027e+00	7.526069958667523652e-03	3.512044901713708422e-01
1.785000000000000142e+00	7.525900382387469209e-03	3.489591651122520011e-01
1.790000000000000036e+00	7.525731571837696032e-03	3.467234737690075286e-01
1.794999999999999929e+00	7.525563525483523752e-03	3.444974025701646458e-01
1.800000000000000044e+00	7.525396241789250248e-03	3.422809378902890720e-01
1.805000000000000160e+00	7.525229719222244727e-03	3.400740660921304226e-01
1.810000000000000053e+00	7.525063956248446984e-03	3.378767734791950361e-01
1.814999999999999947e+00	7.524898951336482164e-03	3.356890463386351664e-01
1.820000000000000062e+00	7.524734702953146150e-03	3.335108708932905675e-01
1.825000000000000178e+00	7.524571209567562820e-03	3.313422333453197033e-01
1.830000000000000071e+00	7.524408469646642547e-03	3.291831198277085369e-01
1.834999999999999964e+00	7.524246481659275024e-03	3.270335164486388169e-01
1.840000000000000080e+00	7.524085244071776479e-03	3.248934092424644038e-01
1.845000000000000195e+00	7.523924755352106794e-03	3.227627842148130255e-01
1.850000000000000089e+00	7.523765013965306309e-03	3.206416272930291411e-01
1.854999999999999982e+00	7.523606018377743294e-03	3.185299243720037810e-01
1.860000000000000098e+00	7.523447767052533416e-03	3.164276612640860020e-01
1.865000000000000213e+00	7.523290258453819296e-03	3.143348237456348726e-01
1.870000000000000107e+00	7.523133491042172626e-03	3.122513975064014624e-01
1.875000000000000000e+00	7.522977463278909295e-03	3.101773681967948670e-01
1.879999999999999893e+00	7.522822173621468954e-03	3.081127213767392292e-01
1.884999999999999787e+00	7.522667620527763964e-03	3.060574425636467533e-01
1.889999999999999902e+00	7.522513802451543351e-03	3.040115171807514227e-01
1.895000000000000018e+00	7.522360717846771246e-03	3.019749306057825100e-01
1.899999999999999911e+00	7.522208365162975224e-03	2.999476681187795979e-01
1.904999999999999805e+00	7.522056742849652505e-03	2.979297149514557597e-01
1.909999999999999920e+00	7.521905849351602676e-03	2.959210562345011009e-01
1.915000000000000036e+00	7.521755683113365981e-03	2.939216770476261176e-01
1.919999999999999929e+00	7.521606242574538706e-03	2.919315623663591985e-01
1.924999999999999822e+00	7.521457526174240085e-03	2.899506971127588373e-01
1.929999999999999938e+00	7.521309532346409470e-03	2.879790661017131437e-01
1.935000000000000053e+00	7.521162259524306198e-03	2.860166540923109735e-01
1.939999999999999947e+00	7.521015706135788549e-03	2.840634457336494445e-01
1.944999999999999840e+00	7.520869870607838764e-03	2.821194256168524928e-01
1.949999999999999956e+00	7.520724751361835062e-03	2.801845782203949975e-01
1.955000000000000071e+00	7.520580346818094876e-03	2.782588879627570511e-01
1.959999999999999964e+00	7.520436655391135594e-03	2.763423391472736301e-01
1.964999999999999858e+00	7.520293675494246419e-03	2.744349160154109235e-01
1.969999999999999973e+00	7.520151405534729154e-03	2.725366026911508199e-01
1.975000000000000089e+00	7.520009843918503030e-03	2.706473832348778585e-01
1.979999999999999982e+00	7.519868989045322936e-03	2.687672415873079146e-01
1.984999999999999876e+00	7.519728839313416340e-03	2.668961616239712287e-01
1.989999999999999991e+00	7.519589393114685036e-03	2.650341270986959485e-01
1.995000000000000107e+00	7.519450648839368090e-03	2.631811216986742474e-01
2.000000000000000000e+00	7.519312604871224506e-03	2.613371289875113246e-01
2.004999999999999893e+00	7.519175259592227392e-03	2.595021324608591806e-01
2.009999999999999787e+00	7.519038611377731884e-03	2.576761154890430672e-01
2.014999999999999680e+00	7.518902658601185791e-03	2.558590613732489305e-01
2.020000000000000018e+00	7.518767399629294919e-03	2.540509532877384680e-01
2.024999999999999911e+00	7.518632832826749324e-03	2.522517743365751408e-01
2.029999999999999805e+00	7.518498956551379099e-03	2.504615074954396059e-01
2.035000000000000142e+00	7.518365769158900577e-03	2.486801356688788101e-01
2.040000000000000036e+00	7.518233268998063441e-03	2.469076416317354250e-01
2.044999999999999929e+00	7.518101454415416010e-03	2.451440080869038696e-01
2.049999999999999822e+00	7.517970323750436737e-03	2.433892176063857105e-01
2.054999999999999716e+00	7.517839875340328985e-03	2.416432526895374300e-01
2.060000000000000053e+00	7.517710107515137782e-03	2.399060957037645325e-01
2.064999999999999947e+00	7.517581018602557605e-03	2.381777289432459588e-01
2.069999999999999840e+00	7.517452606923050000e-03	2.364581345692792214e-01
2.075000000000000178e+00	7.517324870794663515e-03	2.347472946694636187e-01
2.080000000000000071e+00	7.517197808528140041e-03	2.330451911977132751e-01
2.084999999999999964e+00	7.517071418431758162e-03	2.313518060338813909e-01
2.089999999999999858e+00	7.516945698806428225e-03	2.296671209234528721e-01
2.094999999999999751e+00	7.516820647950550431e-03	2.279911175375953780e-01
2.100000000000000089e+00	7.516696264155103835e-03	2.263237774125452240e-01
2.104999999999999982e+00	7.516572545708520917e-03	2.246650820100676293e-01
2.109999999999999876e+00	7.516449490891767039e-03	2.230150126565502711e-01
2.115000000000000213e+00	7.516327097983232369e-03	2.213735506038549405e-01
2.120000000000000107e+00	7.516205365253802659e-03	2.197406769681349292e-01
2.125000000000000000e+00	7.516084290971765912e-03	2.181163727910602756e-01
2.129999999999999893e+00	7.515963873397875361e-03	2.165006189783721113e-01
2.134999999999999787e+00	7.515844110790275215e-03	2.148933963614658993e-01
2.140000000000000124e+00	7.515725001399552359e-03	2.132946856356969234e-01
2.145000000000000018e+00	7.515606543473672511e-03	2.117044674223038658e-01
2.149999999999999911e+00	7.515488735253036262e-03	2.101227222064808164e-01
2.155000000000000249e+00	7.515371574975419564e-03	2.085494303996222321e-01
2.160000000000000142e+00	7.515255060871025433e-03	2.069845722771784802e-01
2.165000000000000036e+00	7.515139191167435721e-03	2.054281280412041943e-01
2.169999999999999929e+00	7.515023964084666282e-03	2.038800777580104528e-01
2.174999999999999822e+00	7.514909377840119607e-03	2.023404014210007928e-01
2.180000000000000160e+00	7.514795430643638266e-03	2.008090788881350397e-01
2.185000000000000053e+00	7.514682120702471414e-03	1.992860899450347723e-01
2.189999999999999947e+00	7.514569446216323896e-03	1.977714142422741794e-01
2.195000000000000284e+00	7.514457405382326226e-03	1.962650313587367135e-01
2.200000000000000178e+00	7.514345996390088891e-03	1.947669207387493218e-01
2.205000000000000071e+00	7.514235217426677542e-03	1.932770617556723025e-01
2.209999999999999964e+00	7.514125066671664688e-03	1.917954336488911504e-01
2.214999999999999858e+00	7.514015542302110093e-03	1.903220155876229336e-01
2.220000000000000195e+00	7.513906642487619414e-03	1.888567866077809076e-01
2.225000000000000089e+00	7.513798365395321123e-03	1.873997256759799002e-01
2.229999999999999982e+00	7.513690709184930351e-03	1.859508116262885147e-01
2.235000000000000320e+00	7.513583672013730147e-03	1.845100232244150651e-01
2.240000000000000213e+00	7.513477252031637056e-03	1.830773391043648279e-01
2.245000000000000107e+00	7.513371447386183247e-03	1.816527378327879028e-01
2.250000000000000000e+00	7.513266256217589027e-03	1.802361978455554459e-01
2.254999999999999893e+00	7.513161676663743238e-03	1.788276975122536638e-01
2.259999999999999787e+00	7.513057706855278371e-03	1.774272150726941000e-01
2.264999999999999680e+00	7.512954344920555298e-03	1.760347287015352480e-01
2.270000000000000018e+00	7.512851588980744462e-03	1.746502164447424621e-01
2.274999999999999911e+00	7.512749437154804533e-03	1.732736562843207040e-01
2.279999999999999805e+00	7.512647887554572274e-03	1.719050260747382597e-01
2.285000000000000142e+00	7.512546938289740329e-03	1.705443036077526064e-01
2.290000000000000036e+00	7.512446587462953164e-03	1.691914665488150338e-01
2.294999999999999929e+00	7.512346833174781378e-03	1.678464925019712561e-01
2.299999999999999822e+00	7.512247673518827190e-03	1.665093589462608437e-01
2.304999999999999716e+00	7.512149106586694415e-03	1.651800433006773150e-01
2.310000000000000053e+00	7.512051130463097415e-03	1.638585228605766442e-01
2.314999999999999947e+00	7.511953743230833681e-03	1.625447748626796529e-01
2.319999999999999840e+00	7.511856942965904060e-03	1.612387764215043318e-01
2.325000000000000178e+00	7.511760727742465386e-03	1.599405045943931569e-01
2.330000000000000071e+00	7.511665095627974124e-03	1.586499363179855737e-01
2.334999999999999964e+00	7.511570044688131199e-03	1.573670484732521690e-01
2.339999999999999858e+00	7.511475572982031709e-03	1.560918178220211949e-01
2.344999999999999751e+00	7.511381678567100213e-03	1.548242210720051915e-01
2.350000000000000089e+00	7.511288359494261262e-03	1.535642348133945401e-01
2.354999999999999982e+00	7.511195613812860807e-03	1.523118355838600502e-01
2.359999999999999876e+00	7.511103439565846272e-03	1.510669998052284746e-01
2.365000000000000213e+00	7.511011834794683630e-03	1.498297038484440180e-01
2.370000000000000107e+00	7.510920797534547874e-03	1.485999239703409691e-01
2.375000000000000000e+00	7.510830325819229693e-03	1.473776363785472554e-01
2.379999999999999893e+00	7.510740417676343289e-03	1.461628171683681254e-01
2.384999999999999787e+00	7.510651071132217436e-03	1.449554423876166787e-01
2.390000000000000124e+00	7.510562284207119785e-03	1.437554879736218649e-01
2.395000000000000018e+00	7.510474054920136637e-03	1.425629298179704185e-01
2.399999999999999911e+00	7.510386381284413736e-03	1.413777437036524698e-01
2.405000000000000249e+00	7.510299261312015223e-03	1.401999053696993125e-01
2.410000000000000142e+00	7.510212693009193051e-03	1.390293904484815046e-01
2.415000000000000036e+00	7.510126674381223388e-03	1.378661745302257324e-01
2.419999999999999929e+00	7.510041203427695981e-03	1.367102331004783067e-01
2.424999999999999822e+00	7.509956278147333214e-03	1.355615416044878008e-01
2.430000000000000160e+00	7.509871896533300284e-03	1.344200753848458219e-01
2.435000000000000053e+00	7.509788056578009519e-03	1.332858097457205737e-01
2.439999999999999947e+00	7.509704756268443561e-03	1.321587198906884753e-01
2.445000000000000284e+00	7.509621993590945808e-03	1.310387809868029940e-01
2.450000000000000178e+00	7.509539766526568752e-03	1.299259681026308788e-01
2.455000000000000071e+00	7.509458073055837526e-03	1.288202562721415256e-01
2.459999999999999964e+00	7.509376911154123403e-03	1.277216204329593707e-01
2.464999999999999858e+00	7.509296278796389126e-03	1.266300354900608827e-01
2.470000000000000195e+00	7.509216173952580620e-03	1.255454762542552449e-01
2.475000000000000089e+00	7.509136594592354108e-03	1.244679175056744302e-01
2.479999999999999982e+00	7.509057538680492978e-03	1.233973339324944546e-01
2.485000000000000320e+00	7.508979004181608879e-03	1.223337001942045588e-01
2.490000000000000213e+00	7.508900989055585472e-03	1.212769908605820929e-01
2.495000000000000107e+00	7.508823491262256108e-03	1.202271804747261225e-01
2.500000000000000000e+00	7.508746508756871003e-03	1.191842434922973648e-01
2.504999999999999893e+00	7.508670039494754096e-03	1.181481543443042570e-01
2.509999999999999787e+00	7.508594081426791036e-03	1.171188873766184774e-01
2.514999999999999680e+00	7.508518632504066967e-03	1.160964169125007772e-01
2.520000000000000018e+00	7.508443690673383131e-03	1.150807171924030786e-01
2.524999999999999911e+00	7.508369253881856491e-03	1.140717624362216770e-01
2.529999999999999805e+00	7.508295320072475368e-03	1.130695267833968370e-01
2.535000000000000142e+00	7.508221887188671305e-03	1.120739843548797798e-01
2.540000000000000036e+00	7.508148953169896389e-03	1.110851091935424334e-01
2.544999999999999929e+00	7.508076515956175166e-03	1.101028753258452286e-01
2.549999999999999822e+00	7.508004573483706250e-03	1.091272567025664969e-01
2.554999999999999716e+00	7.507933123689387346e-03	1.081582272601602501e-01
2.560000000000000053e+00	7.507862164506445488e-03	1.071957608618153979e-01
2.564999999999999947e+00	7.507791693868938639e-03	1.062398313584916321e-01
2.569999999999999840e+00	7.507721709707405877e-03	1.052904125303183586e-01
2.575000000000000178e+00	7.507652209953344716e-03	1.043474781472970569e-01
2.580000000000000071e+00	7.507583192534898579e-03	1.034110019110504874e-01
2.584999999999999964e+00	7.507514655381294227e-03	1.024809575151798408e-01
2.589999999999999858e+00	7.507446596418560457e-03	1.015573185873734907e-01
2.594999999999999751e+00	7.507379013573942106e-03	1.006400587494087062e-01
2.600000000000000089e+00	7.507311904771644777e-03	9.972915155962903955e-02
2.604999999999999982e+00	7.507245267937221085e-03	9.882457057257972022e-02
2.609999999999999876e+00	7.507179100993343138e-03	9.792628928186278281e-02
2.615000000000000213e+00	7.507113401864160158e-03	9.703428117939572051e-02
2.620000000000000107e+00	7.507048168471103060e-03	9.614851969865387260e-02
2.625000000000000000e+00	7.506983398737206506e-03	9.526897827354165182e-02
2.629999999999999893e+00	7.506919090582950781e-03	9.439563028203043493e-02
2.634999999999999787e+00	7.506855241930553493e-03	9.352844910463302408e-02
2.640000000000000124e+00	7.506791850699833998e-03	9.266740806844545042e-02
2.645000000000000018e+00	7.506728914812479080e-03	9.181248050521535753e-02
2.649999999999999911e+00	7.506666432187944667e-03	9.096363969579482345e-02
2.655000000000000249e+00	7.506604400747679887e-03	9.012085892779379825e-02
2.660000000000000142e+00	7.506542818411068678e-03	8.928411144045293735e-02
2.665000000000000036e+00	7.506481683099611342e-03	8.845337048187124074e-02
2.669999999999999929e+00	7.506420992732911260e-03	8.762860925430711323e-02
2.674999999999999822e+00	7.506360745232820014e-03	8.680980097097285020e-02
2.680000000000000160e+00	7.506300938519448393e-03	8.599691880176957293e-02
2.685000000000000053e+00	7.506241570515287224e-03	8.518993592964047012e-02
2.689999999999999947e+00	7.506182639141251341e-03	8.438882549674706079e-02
2.695000000000000284e+00	7.506124142320759647e-03	8.359356066037269828e-02
2.700000000000000178e+00	7.506066077975821586e-03	8.280411453954755752e-02
2.705000000000000071e+00	7.506008444031077309e-03	8.202046027049392229e-02
2.709999999999999964e+00	7.505951238409918833e-03	8.124257095370641946e-02
2.714999999999999858e+00	7.505894459038499854e-03	8.047041970893201168e-02
2.720000000000000195e+00	7.505838103841883796e-03	7.970397962271141834e-02
2.725000000000000089e+00	7.505782170748023265e-03	7.894322380288672225e-02
2.729999999999999982e+00	7.505726657683946257e-03	7.818812532660966708e-02
2.735000000000000320e+00	7.505671562579691383e-03	7.743865729436985590e-02
2.740000000000000213e+00	7.505616883364536578e-03	7.669479277847669751e-02
2.745000000000000107e+00	7.505562617970893552e-03	7.595650487660013384e-02
2.750000000000000000e+00	7.505508764330576406e-03	7.522376666073195273e-02
2.754999999999999893e+00	7.505455320378657917e-03	7.449655123023381231e-02
2.759999999999999787e+00	7.505402284049769376e-03	7.377483166128188941e-02
2.764999999999999680e+00	7.505349653281926520e-03	7.305858105941634428e-02
2.770000000000000018e+00	7.505297426012866660e-03	7.234777250947489746e-02
2.774999999999999911e+00	7.505245600183827782e-03	7.164237912763696259e-02
2.779999999999999805e+00	7.505194173735933380e-03	7.094237401185141123e-02
2.785000000000000142e+00	7.505143144613926447e-03	7.024773029336961461e-02
2.790000000000000036e+00	7.505092510762592477e-03	6.955842108767222587e-02
2.794999999999999929e+00	7.505042270130460498e-03	6.887441954548564893e-02
2.799999999999999822e+00	7.504992420666255562e-03	6.819569880421164076e-02
2.804999999999999716e+00	7.504942960322565949e-03	6.752223203842254440e-02
2.810000000000000053e+00	7.504893887052335559e-03	6.685399241179768026e-02
2.814999999999999947e+00	7.504845198812485144e-03	6.619095312709272205e-02
2.819999999999999840e+00	7.504796893560448066e-03	6.553308737858680455e-02
2.825000000000000178e+00	7.504748969257752506e-03	6.488036840152032469e-02
2.830000000000000071e+00	7.504701423866591038e-03	6.423276942505744269e-02
2.834999999999999964e+00	7.504654255353366415e-03	6.359026372118836701e-02
2.839999999999999858e+00	7.504607461685300178e-03	6.295282455820915002e-02
2.844999999999999751e+00	7.504561040833937664e-03	6.232042524908547321e-02
2.850000000000000089e+00	7.504514990771796526e-03	6.169303910545304026e-02
2.854999999999999982e+00	7.504469309475825765e-03	6.107063948543811627e-02
2.859999999999999876e+00	7.504423994924101088e-03	6.045319974818195996e-02
2.865000000000000213e+00	7.504379045099241440e-03	5.984069330111445317e-02
2.870000000000000107e+00	7.504334457985137319e-03	5.923309355500548656e-02
2.875000000000000000e+00	7.504290231570336957e-03	5.863037397068823764e-02
2.879999999999999893e+00	7.504246363844805853e-03	5.803250801463962633e-02
2.884999999999999787e+00	7.504202852803273059e-03	5.743946920515061866e-02
2.890000000000000124e+00	7.504159696442034948e-03	5.685123106843767427e-02
2.895000000000000018e+00	7.504116892762256394e-03	5.626776718425765406e-02
2.899999999999999911e+00	7.504074439766813577e-03	5.568905114255214700e-02
2.905000000000000249e+00	7.504032335463555262e-03	5.511505658850351236e-02
2.910000000000000142e+00	7.503990577862190703e-03	5.454575717971505561e-02
2.915000000000000036e+00	7.503949164977499753e-03	5.398112663070599171e-02
2.919999999999999929e+00	7.503908094826261532e-03	5.342113867062771998e-02
2.924999999999999822e+00	7.503867365430432444e-03	5.286576708719659123e-02
2.930000000000000160e+00	7.503826974814109541e-03	5.231498568494786366e-02
2.935000000000000053e+00	7.503786921006662565e-03	5.176876832860376199e-02
2.939999999999999947e+00	7.503747202039743290e-03	5.122708890186639108e-02
2.945000000000000284e+00	7.503707815950371590e-03	5.068992135021951895e-02
2.950000000000000178e+00	7.503668760777985544e-03	5.015723964026172488e-02
2.955000000000000071e+00	7.503630034567492814e-03	4.962901780194024087e-02
2.959999999999999964e+00	7.503591635366351105e-03	4.910522988842484782e-02
2.964999999999999858e+00	7.503553561227579646e-03	4.858585001777303986e-02
2.970000000000000195e+00	7.503515810206883886e-03	4.807085233334486285e-02
2.975000000000000089e+00	7.503478380365622737e-03	4.756021104489875639e-02
2.979999999999999982e+00	7.503441269767970566e-03	4.705390038954774395e-02
2.985000000000000320e+00	7.503404476483848014e-03	4.655189467228443290e-02
2.990000000000000213e+00	7.503367998586123883e-03	4.605416822747949307e-02
2.995000000000000107e+00	7.503331834153496513e-03	4.556069545883550259e-02
3.000000000000000000e+00	7.503295981267738175e-03	4.507145080142666016e-02
3.004999999999999893e+00	7.503260438016541752e-03	4.458640876108214274e-02
3.009999999999999787e+00	7.503225202490802423e-03	4.410554387696667689e-02
3.014999999999999680e+00	7.503190272787414912e-03	4.362883076039253405e-02
3.020000000000000018e+00	7.503155647006602876e-03	4.315624405794132867e-02
3.024999999999999911e+00	7.503121323254670176e-03	4.268775848970498416e-02
3.029999999999999805e+00	7.503087299641372776e-03	4.222334881294734221e-02
3.035000000000000142e+00	7.503053574282629243e-03	4.176298985977475176e-02
3.040000000000000036e+00	7.503020145297925603e-03	4.130665650133718420e-02
3.044999999999999929e+00	7.502987010812993754e-03	4.085432368492823707e-02
3.049999999999999822e+00	7.502954168957247545e-03	4.040596639872488099e-02
3.054999999999999716e+00	7.502921617866423025e-03	3.996155970831841847e-02
3.060000000000000053e+00	7.502889355680056153e-03	3.952107872199110000e-02
3.064999999999999947e+00	7.502857380544077949e-03	3.908449862667877361e-02
3.069999999999999840e+00	7.502825690608334701e-03	3.865179465378337786e-02
3.075000000000000178e+00	7.502794284029138880e-03	3.822294211456828822e-02
3.080000000000000071e+00	7.502763158966826648e-03	3.779791636650544490e-02
3.084999999999999964e+00	7.502732313588274075e-03	3.737669284810448550e-02
3.089999999999999858e+00	7.502701746064491944e-03	3.695924704579275910e-02
3.094999999999999751e+00	7.502671454573094263e-03	3.654555452817993821e-02
3.100000000000000089e+00	7.502641437295940775e-03	3.613559091346897623e-02
3.104999999999999982e+00	7.502611692421558634e-03	3.572933190315825958e-02
3.109999999999999876e+00	7.502582218142824812e-03	3.532675324998100358e-02
3.115000000000000213e+00	7.502553012659350477e-03	3.492783079104678362e-02
3.120000000000000107e+00	7.502524074175196366e-03	3.453254041630807875e-02
3.125000000000000000e+00	7.502495400901220725e-03	3.414085810114229208e-02
3.129999999999999893e+00	7.502466991052831984e-03	3.375275987534324257e-02
3.134999999999999787e+00	7.502438842852293330e-03	3.336822185514655426e-02
3.140000000000000124e+00	7.502410954526519613e-03	3.298722021274321653e-02
3.145000000000000018e+00	7.502383324309337687e-03	3.260973120775063211e-02
3.149999999999999911e+00	7.502355950439318875e-03	3.223573115724576860e-02
3.155000000000000249e+00	7.502328831162004621e-03	3.186519646668434236e-02
3.160000000000000142e+00	7.502301964727772776e-03	3.149810360045113972e-02
3.165000000000000036e+00	7.502275349394026821e-03	3.113442911222978268e-02
3.169999999999999929e+00	7.502248983423096852e-03	3.077414961606728117e-02
3.174999999999999822e+00	7.502222865084388036e-03	3.041724181619736081e-02
3.180000000000000160e+00	7.502196992652323225e-03	3.006368247861614801e-02
3.185000000000000053e+00	7.502171364408449783e-03	2.971344846036258827e-02
3.189999999999999947e+00	7.502145978639417762e-03	2.936651668160148929e-02
3.195000000000000284e+00	7.502120833639048560e-03	2.902286415436396150e-02
3.200000000000000178e+00	7.502095927706352134e-03	2.868246795513574796e-02
3.205000000000000071e+00	7.502071259147554023e-03	2.834530525306001164e-02
3.209999999999999964e+00	7.502046826274149857e-03	2.801135328302737509e-02
3.214999999999999858e+00	7.502022627404892480e-03	2.768058937334532191e-02
3.220000000000000195e+00	7.501998660863887225e-03	2.735299091932630669e-02
3.225000000000000089e+00	7.501974924982536541e-03	2.702853541042677527e-02
3.229999999999999982e+00	7.501951418097669959e-03	2.670720040432999695e-02
3.235000000000000320e+00	7.501928138553454889e-03	2.638896355355863088e-02
3.240000000000000213e+00	7.501905084699560418e-03	2.607380258004844686e-02
3.245000000000000107e+00	7.501882254893030809e-03	2.576169530123812931e-02
3.250000000000000000e+00	7.501859647496481390e-03	2.545261960513021948e-02
3.254999999999999893e+00	7.501837260879939094e-03	2.514655347586195952e-02
3.259999999999999787e+00	7.501815093419075646e-03	2.484347496924960152e-02
3.264999999999999680e+00	7.501793143497000396e-03	2.454336223784437526e-02
3.270000000000000018e+00	7.501771409502538610e-03	2.424619350695626091e-02
3.274999999999999911e+00	7.501749889831982668e-03	2.395194709919907378e-02
3.279999999999999805e+00	7.501728582887405052e-03	2.366060141098955821e-02
3.285000000000000142e+00	7.501707487078376584e-03	2.337213493658570063e-02
3.290000000000000036e+00	7.501686600820308901e-03	2.308652624505765083e-02
3.294999999999999929e+00	7.501665922536140604e-03	2.280375400382318035e-02
3.299999999999999822e+00	7.501645450654706622e-03	2.252379695608555318e-02
3.304999999999999716e+00	7.501625183612398336e-03	2.224663394387160070e-02
3.310000000000000053e+00	7.501605119851559832e-03	2.197224388593195868e-02
3.314999999999999947e+00	7.501585257822111601e-03	2.170060580028571051e-02
3.319999999999999840e+00	7.501565595979987552e-03	2.143169878257926084e-02
3.325000000000000178e+00	7.501546132788713614e-03	2.116550202814175205e-02
3.330000000000000071e+00	7.501526866717886377e-03	2.090199481079824465e-02
3.334999999999999964e+00	7.501507796244710931e-03	2.064115650444072955e-02
3.339999999999999858e+00	7.501488919852510734e-03	2.038296656229087594e-02
3.344999999999999751e+00	7.501470236032241161e-03	2.012740453799144458e-02
3.350000000000000089e+00	7.501451743281020192e-03	1.987445006531398523e-02
3.354999999999999982e+00	7.501433440103611600e-03	1.962408287877573723e-02
3.359999999999999876e+00	7.501415325010992070e-03	1.937628279378750262e-02
3.365000000000000213e+00	7.501397396521793624e-03	1.913102972680054761e-02
3.370000000000000107e+00	7.501379653160905429e-03	1.888830367589053663e-02
3.375000000000000000e+00	7.501362093460882396e-03	1.864808474043916364e-02
3.379999999999999893e+00	7.501344715960580820e-03	1.841035310214914067e-02
3.384999999999999787e+00	7.501327519206529675e-03	1.817508904426612740e-02
3.390000000000000124e+00	7.501310501751598352e-03	1.794227293301960818e-02
3.395000000000000018e+00	7.501293662156337597e-03	1.771188523639017839e-02
3.399999999999999911e+00	7.501276998987674131e-03	1.748390650597165044e-02
3.405000000000000249e+00	7.501260510820222972e-03	1.725831739528873102e-02
3.410000000000000142e+00	7.501244196235006337e-03	1.703509864207551627e-02
3.415000000000000036e+00	7.501228053820741676e-03	1.681423108614884393e-02
3.419999999999999929e+00	7.501212082172588336e-03	1.659569565209797343e-02
3.424999999999999822e+00	7.501196279893396560e-03	1.637947336671894197e-02
3.430000000000000160e+00	7.501180645592492313e-03	1.616554534211075284e-02
3.435000000000000053e+00	7.501165177886893326e-03	1.595389279267590138e-02
3.439999999999999947e+00	7.501149875400118204e-03	1.574449701861794712e-02
3.445000000000000284e+00	7.501134736763374715e-03	1.553733942251339650e-02
3.450000000000000178e+00	7.501119760614403595e-03	1.533240149320596983e-02
3.455000000000000071e+00	7.501104945598627803e-03	1.512966482195527568e-02
3.459999999999999964e+00	7.501090290368023217e-03	1.492911108672215735e-02
3.464999999999999858e+00	7.501075793582247069e-03	1.473072206790013335e-02
3.470000000000000195e+00	7.501061453907532060e-03	1.453447963298659662e-02
3.475000000000000089e+00	7.501047270017780107e-03	1.434036575190217842e-02
3.479999999999999982e+00	7.501033240593493745e-03	1.414836248204306979e-02
3.485000000000000320e+00	7.501019364322834317e-03	1.395845198319365689e-02
3.490000000000000213e+00	7.501005639900576796e-03	1.377061650295475538e-02
3.495000000000000107e+00	7.500992066029151494e-03	1.358483839125511523e-02
3.500000000000000000e+00	7.500978641417615361e-03	1.340110008615032211e-02
3.504999999999999893e+00	7.500965364782666810e-03	1.321938412793875056e-02
3.509999999999999787e+00	7.500952234847643903e-03	1.303967314532597510e-02
3.514999999999999680e+00	7.500939250343516621e-03	1.286194986915083389e-02
3.520000000000000018e+00	7.500926410007903271e-03	1.268619711891005516e-02
3.524999999999999911e+00	7.500913712586037597e-03	1.251239781610002065e-02
3.529999999999999805e+00	7.500901156829815550e-03	1.234053497109627306e-02
3.535000000000000142e+00	7.500888741498727696e-03	1.217059169611670218e-02
3.540000000000000036e+00	7.500876465358935485e-03	1.200255119245096161e-02
3.544999999999999929e+00	7.500864327184175902e-03	1.183639676305036671e-02
3.549999999999999822e+00	7.500852325754863749e-03	1.167211180010189683e-02
3.554999999999999716e+00	7.500840459858972020e-03	1.150967979725079152e-02
3.560000000000000053e+00	7.500828728291149793e-03	1.134908433751378835e-02
3.564999999999999947e+00	7.500817129853582649e-03	1.119030910514004148e-02
3.569999999999999840e+00	7.500805663355143531e-03	1.103333787385831107e-02
3.575000000000000178e+00	7.500794327612208927e-03	1.087815451838190957e-02
3.580000000000000071e+00	7.500783121447847021e-03	1.072474300298467860e-02
3.584999999999999964e+00	7.500772043692605258e-03	1.057308739265530421e-02
3.589999999999999858e+00	7.500761093183719308e-03	1.042317184199717008e-02
3.594999999999999751e+00	7.500750268765880684e-03	1.027498060603781842e-02
3.600000000000000089e+00	7.500739569290463919e-03	1.012849802944706945e-02
3.604999999999999982e+00	7.500728993616275105e-03	9.983708557007444501e-03
3.609999999999999876e+00	7.500718540608794678e-03	9.840596723145387387e-03
3.615000000000000213e+00	7.500708209140906878e-03	9.699147162068291056e-03
3.620000000000000107e+00	7.500697998092164219e-03	9.559344597603635849e-03
3.625000000000000000e+00	7.500687906349493526e-03	9.421173853008174212e-03
3.629999999999999893e+00	7.500677932806482963e-03	9.284619841109757396e-03
3.634999999999999787e+00	7.500668076364060306e-03	9.149667573794387221e-03
3.640000000000000124e+00	7.500658335929805132e-03	9.016302152445589482e-03
3.645000000000000018e+00	7.500648710418606271e-03	8.884508777114993178e-03
3.649999999999999911e+00	7.500639198751991345e-03	8.754272737253918080e-03
3.655000000000000249e+00	7.500629799858762534e-03	8.625579420573122741e-03
3.660000000000000142e+00	7.500620512674352133e-03	8.498414304061674418e-03
3.665000000000000036e+00	7.500611336141427103e-03	8.372762962541234824e-03
3.669999999999999929e+00	7.500602269209269771e-03	8.248611059967077622e-03
3.674999999999999822e+00	7.500593310834362433e-03	8.125944357682594876e-03
3.680000000000000160e+00	7.500584459979788010e-03	8.004748705997362032e-03
3.685000000000000053e+00	7.500575715615791228e-03	7.885010052147362405e-03
3.689999999999999947e+00	7.500567076719197486e-03	7.766714432144957922e-03
3.695000000000000284e+00	7.500558542273957560e-03	7.649847978450458226e-03
3.700000000000000178e+00	7.500550111270581216e-03	7.534396912088971686e-03
3.705000000000000071e+00	7.500541782706668034e-03	7.420347550038736660e-03
3.709999999999999964e+00	7.500533555586354033e-03	7.307686297609816868e-03
3.714999999999999858e+00	7.500525428920825147e-03	7.196399655554747664e-03
3.720000000000000195e+00	7.500517401727778595e-03	7.086474212704028594e-03
3.725000000000000089e+00	7.500509473031921615e-03	6.977896652804650539e-03
3.729999999999999982e+00	7.500501641864451910e-03	6.870653747407306187e-03
3.735000000000000320e+00	7.500493907263530366e-03	6.764732362438008288e-03
3.740000000000000213e+00	7.500486268273787518e-03	6.660119451332447045e-03
3.745000000000000107e+00	7.500478723946771981e-03	6.556802061345929668e-03
3.750000000000000000e+00	7.500471273340474261e-03	6.454767326929918177e-03
3.754999999999999893e+00	7.500463915519759578e-03	6.354002475785842236e-03
3.759999999999999787e+00	7.500456649555907289e-03	6.254494822478791002e-03
3.764999999999999680e+00	7.500449474527028960e-03	6.156231774240520510e-03
3.770000000000000018e+00	7.500442389517617339e-03	6.059200824815454481e-03
3.774999999999999911e+00	7.500435393618953145e-03	5.963389560018158078e-03
3.779999999999999805e+00	7.500428485928670522e-03	5.868785651806990820e-03
3.785000000000000142e+00	7.500421665551140413e-03	5.775376863601180619e-03
3.790000000000000036e+00	7.500414931597057695e-03	5.683151044577442433e-03
3.794999999999999929e+00	7.500408283183808075e-03	5.592096134751711051e-03
3.799999999999999822e+00	7.500401719435067366e-03	5.502200159494099845e-03
3.804999999999999716e+00	7.500395239481153636e-03	5.413451234380506870e-03
3.810000000000000053e+00	7.500388842458642104e-03	5.325837559921125890e-03
3.814999999999999947e+00	7.500382527510700802e-03	5.239347426187136031e-03
3.819999999999999840e+00	7.500376293786718482e-03	5.153969207748156783e-03
3.825000000000000178e+00	7.500370140442628140e-03	5.069691368078941759e-03
3.830000000000000071e+00	7.500364066640553135e-03	4.986502454701374938e-03
3.834999999999999964e+00	7.500358071549102085e-03	4.904391103376049173e-03
3.839999999999999858e+00	7.500352154343040145e-03	4.823346033444208397e-03
3.844999999999999751e+00	7.500346314203569162e-03	4.743356051809371685e-03
3.850000000000000089e+00	7.500340550318007615e-03	4.664410048474726747e-03
3.854999999999999982e+00	7.500334861880057769e-03	4.586497000319627280e-03
3.859999999999999876e+00	7.500329248089502958e-03	4.509605966828029826e-03
3.865000000000000213e+00	7.500323708152455658e-03	4.433726093664633154e-03
3.870000000000000107e+00	7.500318241281069519e-03	4.358846608590060713e-03
3.875000000000000000e+00	7.500312846693777021e-03	4.284956824841516625e-03
3.879999999999999893e+00	7.500307523615008451e-03	4.212046137230325733e-03
3.884999999999999787e+00	7.500302271275419153e-03	4.140104025331808185e-03
3.890000000000000124e+00	7.500297088911624978e-03	4.069120049760983383e-03
3.895000000000000018e+00	7.500291975766410456e-03	3.999083855176274911e-03
3.899999999999999911e+00	7.500286931088476390e-03	3.929985166729225467e-03
3.905000000000000249e+00	7.500281954132638484e-03	3.861813792886681189e-03
3.910000000000000142e+00	7.500277044159589686e-03	3.794559622050317806e-03
3.915000000000000036e+00	7.500272200436080595e-03	3.728212625201830256e-03
3.919999999999999929e+00	7.500267422234692220e-03	3.662762852688247663e-03
3.924999999999999822e+00	7.500262708834012915e-03	3.598200436694635497e-03
3.930000000000000160e+00	7.500258059518412866e-03	3.534515588190997003e-03
3.935000000000000053e+00	7.500253473578215833e-03	3.471698599237165589e-03
3.939999999999999947e+00	7.500248950309484908e-03	3.409739840087360960e-03
3.945000000000000284e+00	7.500244489014176036e-03	3.348629761331373047e-03
3.950000000000000178e+00	7.500240088999939395e-03	3.288358891152948216e-03
3.955000000000000071e+00	7.500235749580263372e-03	3.228917837311598513e-03
3.959999999999999964e+00	7.500231470074284618e-03	3.170297284551019338e-03
3.964999999999999858e+00	7.500227249806919877e-03	3.112487996425832622e-03
3.970000000000000195e+00	7.500223088108687319e-03	3.055480812856049139e-03
3.975000000000000089e+00	7.500218984315828834e-03	2.999266651803029950e-03
3.979999999999999982e+00	7.500214937770138292e-03	2.943836506966338723e-03
3.985000000000000320e+00	7.500210947819076039e-03	2.889181449312845824e-03
3.990000000000000213e+00	7.500207013815611903e-03	2.835292624912419662e-03
3.995000000000000107e+00	7.500203135118318001e-03	2.782161256324321152e-03
4.000000000000000000e+00	7.500199311091228227e-03	2.729778640567886040e-03
4.004999999999999893e+00	7.500195541103924120e-03	2.678136150370376972e-03
4.009999999999999787e+00	7.500191824531396954e-03	2.627225232269129237e-03
4.014999999999999680e+00	7.500188160754131007e-03	2.577037407724668168e-03
4.019999999999999574e+00	7.500184549157967381e-03	2.527564271350832802e-03
4.025000000000000355e+00	7.500180989134181200e-03	2.478797491897081259e-03
4.030000000000000249e+00	7.500177480079360179e-03	2.430728810603174049e-03
4.035000000000000142e+00	7.500174021395462735e-03	2.383350042054381904e-03
4.040000000000000036e+00	7.500170612489711307e-03	2.336653072657407168e-03
4.044999999999999929e+00	7.500167252774640921e-03	2.290629861372264937e-03
4.049999999999999822e+00	7.500163941667996846e-03	2.245272438305965287e-03
4.054999999999999716e+00	7.500160678592784035e-03	2.200572905324933107e-03
4.059999999999999609e+00	7.500157462977163035e-03	2.156523434763221118e-03
4.064999999999999503e+00	7.500154294254495965e-03	2.113116269918838535e-03
4.070000000000000284e+00	7.500151171863250234e-03	2.070343723873366727e-03
4.075000000000000178e+00	7.500148095247034102e-03	2.028198179875971476e-03
4.080000000000000071e+00	7.500145063854512552e-03	1.986672090271074560e-03
4.084999999999999964e+00	7.500142077139429833e-03	1.945757976773426464e-03
4.089999999999999858e+00	7.500139134560539211e-03	1.905448429501016691e-03
4.094999999999999751e+00	7.500136235581610772e-03	1.865736107144481872e-03
4.099999999999999645e+00	7.500133379671370705e-03	1.826613736102207768e-03
4.105000000000000426e+00	7.500130566303508245e-03	1.788074110547517494e-03
4.110000000000000320e+00	7.500127794956614087e-03	1.750110091662934438e-03
4.115000000000000213e+00	7.500125065114181255e-03	1.712714607608431180e-03
4.120000000000000107e+00	7.500122376264554795e-03	1.675880652851982362e-03
4.125000000000000000e+00	7.500119727900924835e-03	1.639601288042091777e-03
4.129999999999999893e+00	7.500117119521278013e-03	1.603869639431739933e-03
4.134999999999999787e+00	7.500114550628386202e-03	1.568678898658416344e-03
4.139999999999999680e+00	7.500112020729770949e-03	1.534022322258720480e-03
4.144999999999999574e+00	7.500109529337675718e-03	1.499893231358805134e-03
4.150000000000000355e+00	7.500107075969043337e-03	1.466285011276978164e-03
4.155000000000000249e+00	7.500104660145480440e-03	1.433191111127742100e-03
4.160000000000000142e+00	7.500102281393239249e-03	1.400605043509664483e-03
4.165000000000000036e+00	7.500099939243178547e-03	1.368520384025834809e-03
4.169999999999999929e+00	7.500097633230750661e-03	1.336930771054478358e-03
4.174999999999999822e+00	7.500095362895956366e-03	1.305829905188777553e-03
4.179999999999999716e+00	7.500093127783333605e-03	1.275211549087665363e-03
4.185000000000000497e+00	7.500090927441915856e-03	1.245069526837763643e-03
4.190000000000000391e+00	7.500088761425221726e-03	1.215397723881932266e-03
4.195000000000000284e+00	7.500086629291203774e-03	1.186190086306069223e-03
4.200000000000000178e+00	7.500084530602248514e-03	1.157440620842994450e-03
4.205000000000000071e+00	7.500082464925122636e-03	1.129143394086852548e-03
4.209999999999999964e+00	7.500080431830969535e-03	1.101292532569963633e-03
4.214999999999999858e+00	7.500078430895254673e-03	1.073882221907355734e-03
4.219999999999999751e+00	7.500076461697775115e-03	1.046906706944392574e-03
4.224999999999999645e+00	7.500074523822590142e-03	1.020360290834003902e-03
4.230000000000000426e+00	7.500072616858033392e-03	9.942373352527277344e-04
4.235000000000000320e+00	7.500070740396647812e-03	9.685322594132018872e-04
4.240000000000000213e+00	7.500068894035201265e-03	9.432395403465061593e-04
4.245000000000000107e+00	7.500067077374611077e-03	9.183537118522498970e-04
4.250000000000000000e+00	7.500065290019968314e-03	8.938693648451416637e-04
4.254999999999999893e+00	7.500063531580458860e-03	8.697811462450326034e-04
4.259999999999999787e+00	7.500061801669390300e-03	8.460837593857342773e-04
4.264999999999999680e+00	7.500060099904107790e-03	8.227719628471418878e-04
4.269999999999999574e+00	7.500058425906027879e-03	7.998405709243109870e-04
4.275000000000000355e+00	7.500056779300549176e-03	7.772844524040821261e-04
4.280000000000000249e+00	7.500055159717092246e-03	7.550985310923911476e-04
4.285000000000000142e+00	7.500053566789001598e-03	7.332777845374403901e-04
4.290000000000000036e+00	7.500052000153594259e-03	7.118172446134943959e-04
4.294999999999999929e+00	7.500050459452057422e-03	6.907119961927006991e-04
4.299999999999999822e+00	7.500048944329498757e-03	6.699571777834896404e-04
4.304999999999999716e+00	7.500047454434843192e-03	6.495479801531193597e-04
4.309999999999999609e+00	7.500045989420884955e-03	6.294796470189295990e-04
4.314999999999999503e+00	7.500044548944180892e-03	6.097474736234626078e-04
4.320000000000000284e+00	7.500043132665107706e-03	5.903468074769404033e-04
4.325000000000000178e+00	7.500041740247753545e-03	5.712730468870059596e-04
4.330000000000000071e+00	7.500040371359973507e-03	5.525216417506987427e-04
4.334999999999999964e+00	7.500039025673281221e-03	5.340880920405309583e-04
4.339999999999999858e+00	7.500037702862911299e-03	5.159679486444618008e-04
4.344999999999999751e+00	7.500036402607702241e-03	4.981568118101021387e-04
4.349999999999999645e+00	7.500035124590162354e-03	4.806503320311938813e-04
4.355000000000000426e+00	7.500033868496353527e-03	4.634442084516577666e-04
4.360000000000000320e+00	7.500032634015960618e-03	4.465341897969947482e-04
4.365000000000000213e+00	7.500031420842169158e-03	4.299160727398757226e-04
4.370000000000000107e+00	7.500030228671739074e-03	4.135857028751423171e-04
4.375000000000000000e+00	7.500029057204879793e-03	3.975389730484102531e-04
4.379999999999999893e+00	7.500027906145325697e-03	3.817718243733500614e-04
4.384999999999999787e+00	7.500026775200212964e-03	3.662802445249959240e-04
4.389999999999999680e+00	7.500025664080155023e-03	3.510602687978002512e-04
4.394999999999999574e+00	7.500024572499115923e-03	3.361079783650587128e-04
4.400000000000000355e+00	7.500023500174489259e-03	3.214195013766846156e-04
4.405000000000000249e+00	7.500022446826971542e-03	3.069910111861447861e-04
4.410000000000000142e+00	7.500021412180641125e-03	2.928187274866713005e-04
4.415000000000000036e+00	7.500020395962829836e-03	2.788989145069966312e-04
4.419999999999999929e+00	7.500019397904207109e-03	2.652278821849395605e-04
4.424999999999999822e+00	7.500018417738646415e-03	2.518019843333366386e-04
4.429999999999999716e+00	7.500017455203311992e-03	2.386176198498605626e-04
4.435000000000000497e+00	7.500016510038524410e-03	2.256712308543214868e-04
4.440000000000000391e+00	7.500015581987852509e-03	2.129593039336362121e-04
4.445000000000000284e+00	7.500014670797972884e-03	2.004783682516931371e-04
4.450000000000000178e+00	7.500013776218763563e-03	1.882249968286273925e-04
4.455000000000000071e+00	7.500012898003166964e-03	1.761958046243144451e-04
4.459999999999999964e+00	7.500012035907280099e-03	1.643874498509008300e-04
4.464999999999999858e+00	7.500011189690218398e-03	1.527966320310886173e-04
4.469999999999999751e+00	7.500010359114211989e-03	1.414200933430342954e-04
4.474999999999999645e+00	7.500009543944459976e-03	1.302546166544754516e-04
4.480000000000000426e+00	7.500008743949233662e-03	1.192970268990864533e-04
4.485000000000000320e+00	7.500007958899729960e-03	1.085441890873076431e-04
4.490000000000000213e+00	7.500007188570173740e-03	9.799300971356024632e-05
4.495000000000000107e+00	7.500006432737672118e-03	8.764043474471561765e-05
4.500000000000000000e+00	7.500005691182319405e-03	7.748345105726768447e-05
4.504999999999999893e+00	7.500004963687046181e-03	6.751908440429434664e-05
4.509999999999999787e+00	7.500004250037730323e-03	5.774440088197826281e-05
4.514999999999999680e+00	7.500003550023043482e-03	4.815650487589226414e-05
4.519999999999999574e+00	7.500002863434561233e-03	3.875254055610034685e-05
4.525000000000000355e+00	7.500002190066613027e-03	2.952968980353474875e-05
4.530000000000000249e+00	7.500001529716392341e-03	2.048517373318903349e-05
4.535000000000000142e+00	7.500000882183803161e-03	1.161625060128079218e-05
4.540000000000000036e+00	7.500000247271573599e-03	2.920217355896469569e-06
4.544999999999999929e+00	7.499999624785102376e-03	-5.605592474447925182e-06
4.549999999999999822e+00	7.499999014532575045e-03	-1.396380720315986901e-05
4.554999999999999716e+00	7.499998416324805267e-03	-2.215701911500669134e-05
4.559999999999999609e+00	7.499997829975352769e-03	-3.018778286194963111e-05
4.564999999999999503e+00	7.499997255300370688e-03	-3.805861761002165807e-05
4.570000000000000284e+00	7.499996692118717466e-03	-4.577200540903419079e-05
4.575000000000000178e+00	7.499996140251805922e-03	-5.333039335641160403e-05
4.580000000000000071e+00	7.499995599523719483e-03	-6.073619194119437962e-05
4.584999999999999964e+00	7.499995069761055191e-03	-6.799177722427672532e-05
4.589999999999999858e+00	7.499994550793044265e-03	-7.509948915715032570e-05
4.594999999999999751e+00	7.499994042451395108e-03	-8.206163377814668916e-05
4.599999999999999645e+00	7.499993544570415609e-03	-8.888048150608023621e-05
4.605000000000000426e+00	7.499993056986850939e-03	-9.555826935221920805e-05
4.610000000000000320e+00	7.499992579540010196e-03	-1.020971991891779507e-04
4.615000000000000213e+00	7.499992112071607667e-03	-1.084994399782048219e-04
4.620000000000000107e+00	7.499991654425884266e-03	-1.147671260134805959e-04
4.625000000000000000e+00	7.499991206449450540e-03	-1.209023591644312984e-04
4.629999999999999893e+00	7.499990767991411567e-03	-1.269072070956623927e-04
4.634999999999999787e+00	7.499990338903206495e-03	-1.327837055242331711e-04
4.639999999999999680e+00	7.499989919038732578e-03	-1.385338564152691966e-04
4.644999999999999574e+00	7.499989508254191646e-03	-1.441596302538034784e-04
4.650000000000000355e+00	7.499989106408209809e-03	-1.496629642163374205e-04
4.655000000000000249e+00	7.499988713361681325e-03	-1.550457644571433973e-04
4.660000000000000142e+00	7.499988328977899577e-03	-1.603099042557175314e-04
4.665000000000000036e+00	7.499987953122387932e-03	-1.654572263175442797e-04
4.669999999999999929e+00	7.499987585663039392e-03	-1.704895408974549322e-04
4.674999999999999822e+00	7.499987226469944854e-03	-1.754086281147268142e-04
4.679999999999999716e+00	7.499986875415533619e-03	-1.802162360524078150e-04
4.685000000000000497e+00	7.499986532374404262e-03	-1.849140830866365819e-04
4.690000000000000391e+00	7.499986197223461673e-03	-1.895038559618904966e-04
4.695000000000000284e+00	7.499985869841751390e-03	-1.939872121346440366e-04
4.700000000000000178e+00	7.499985550110594909e-03	-1.983657778244173856e-04
4.705000000000000071e+00	7.499985237913423149e-03	-2.026411503718357379e-04
4.709999999999999964e+00	7.499984933135919567e-03	-2.068148962653949786e-04
4.714999999999999858e+00	7.499984635665844085e-03	-2.108885535138661207e-04
4.719999999999999751e+00	7.499984345393182275e-03	-2.148636296486253455e-04
4.724999999999999645e+00	7.499984062209969285e-03	-2.187416041107139797e-04
4.730000000000000426e+00	7.499983786010437289e-03	-2.225239262285688018e-04
4.735000000000000320e+00	7.499983516690840284e-03	-2.262120176197934232e-04
4.740000000000000213e+00	7.499983254149605004e-03	-2.298072701440001910e-04
4.745000000000000107e+00	7.499982998287155721e-03	-2.333110483195693094e-04
4.750000000000000000e+00	7.499982749006057353e-03	-2.367246872514339629e-04
4.754999999999999893e+00	7.499982506210848936e-03	-2.400494950629629735e-04
4.759999999999999787e+00	7.499982269808189335e-03	-2.432867507984012888e-04
4.764999999999999680e+00	7.499982039706682910e-03	-2.464377068701655493e-04
4.769999999999999574e+00	7.499981815817028698e-03	-2.495035869357392004e-04
4.775000000000000355e+00	7.499981598051847810e-03	-2.524855883606787459e-04
4.780000000000000249e+00	7.499981386325836087e-03	-2.553848800694144181e-04
4.785000000000000142e+00	7.499981180555584555e-03	-2.582026050243829891e-04
4.790000000000000036e+00	7.499980980659734682e-03	-2.609398780505601200e-04
4.794999999999999929e+00	7.499980786558803174e-03	-2.635977883310027621e-04
4.799999999999999822e+00	7.499980598175334627e-03	-2.661773972045653369e-04
4.804999999999999716e+00	7.499980415433726323e-03	-2.686797406782889049e-04
4.809999999999999609e+00	7.499980238260383486e-03	-2.711058271980640072e-04
4.814999999999999503e+00	7.499980066583540605e-03	-2.734566401782281288e-04
4.820000000000000284e+00	7.499979900333421032e-03	-2.757331357445913598e-04
4.825000000000000178e+00	7.499979739442055697e-03	-2.779362452818087562e-04
4.830000000000000071e+00	7.499979583843446179e-03	-2.800668731483084146e-04
4.834999999999999964e+00	7.499979433473381689e-03	-2.821258992418740385e-04
4.839999999999999858e+00	7.499979288269600398e-03	-2.841141766860198975e-04
4.844999999999999751e+00	7.499979148171610766e-03	-2.860325344142966987e-04
4.849999999999999645e+00	7.499979013120855464e-03	-2.878817748275548497e-04
4.855000000000000426e+00	7.499978883060522301e-03	-2.896626763975513512e-04
4.860000000000000320e+00	7.499978757935721156e-03	-2.913759912945540595e-04
4.865000000000000213e+00	7.499978637693286224e-03	-2.930224480107830273e-04
4.870000000000000107e+00	7.499978522281957292e-03	-2.946027489578838666e-04
4.875000000000000000e+00	7.499978411652183721e-03	-2.961175731107341469e-04
4.879999999999999893e+00	7.499978305756303983e-03	-2.975675735741292651e-04
4.884999999999999787e+00	7.499978204548347904e-03	-2.989533802476829183e-04
4.889999999999999680e+00	7.499978107984219683e-03	-3.002755973610296406e-04
4.894999999999999574e+00	7.499978016021500125e-03	-3.015348061605233228e-04
4.900000000000000355e+00	7.499977928619630529e-03	-3.027315624123666634e-04
4.905000000000000249e+00	7.499977845739711456e-03	-3.038663991116462054e-04
4.910000000000000142e+00	7.499977767344693548e-03	-3.049398239528204168e-04
4.915000000000000036e+00	7.499977693399171100e-03	-3.059523220618211282e-04
4.919999999999999929e+00	7.499977623869572875e-03	-3.069043534331060115e-04
4.924999999999999822e+00	7.499977558723961747e-03	-3.077963556856726929e-04
4.929999999999999716e+00	7.499977497932222917e-03	-3.086287414659620067e-04
4.935000000000000497e+00	7.499977441465858347e-03	-3.094019012283282400e-04
4.940000000000000391e+00	7.499977389298184520e-03	-3.101162006032777874e-04
4.945000000000000284e+00	7.499977341404125142e-03	-3.107719832032734050e-04
4.950000000000000178e+00	7.499977297760400223e-03	-3.113695679553401272e-04
4.955000000000000071e+00	7.499977258345330924e-03	-3.119092519329760794e-04
4.959999999999999964e+00	7.499977223139026039e-03	-3.123913076525150880e-04
4.964999999999999858e+00	7.499977192123179030e-03	-3.128159859319429455e-04
4.969999999999999751e+00	7.499977165281267524e-03	-3.131835131501654532e-04
4.974999999999999645e+00	7.499977142598341674e-03	-3.134940941335466512e-04
4.980000000000000426e+00	7.499977124061226255e-03	-3.137479093773551191e-04
4.985000000000000320e+00	7.499977109658308161e-03	-3.139451179609031883e-04
4.990000000000000213e+00	7.499977099379745438e-03	-3.140858547303696240e-04
4.995000000000000107e+00	7.499977093217248710e-03	-3.141702332433277101e-04
5.000000000000000000e+00	7.499977091164287610e-03	-3.141983429120431782e-04
