# coordinate_x	h	p	@time=401.28999999999996
0.000000000000000000e+00	2.700429577543360660e-01	5.715975347362456382e-01
5.000000000000000104e-03	2.700393898580175644e-01	5.715975345081537595e-01
1.000000000000000021e-02	2.700286861702353991e-01	5.715975338237812009e-01
1.499999999999999944e-02	2.700108466922529482e-01	5.715975326830233794e-01
2.000000000000000042e-02	2.699858714271396454e-01	5.715975310856266089e-01
2.500000000000000139e-02	2.699537603784148421e-01	5.715975290312997892e-01
2.999999999999999889e-02	2.699145135513628113e-01	5.715975265196059363e-01
3.500000000000000333e-02	2.698681309517118598e-01	5.715975235500710960e-01
4.000000000000000083e-02	2.698146125869589906e-01	5.715975201220749868e-01
4.499999999999999833e-02	2.697539584650485156e-01	5.715975162349599126e-01
5.000000000000000278e-02	2.696861685956998267e-01	5.715975118879212946e-01
5.500000000000000028e-02	2.696112429890843432e-01	5.715975070801163627e-01
5.999999999999999778e-02	2.695291816571571686e-01	5.715975018105546868e-01
6.500000000000000222e-02	2.694399846123313180e-01	5.715974960782068681e-01
7.000000000000000666e-02	2.693436518688143710e-01	5.715974898818946270e-01
7.500000000000001110e-02	2.692401834412787021e-01	5.715974832203999378e-01
8.000000000000000167e-02	2.691295793462041286e-01	5.715974760923546727e-01
8.499999999999999223e-02	2.690118396005436452e-01	5.715974684963496255e-01
8.999999999999999667e-02	2.688869642230722889e-01	5.715974604308239337e-01
9.500000000000000111e-02	2.687549532330480440e-01	5.715974518941745464e-01
1.000000000000000056e-01	2.686158066515678677e-01	5.715974428846452016e-01
1.050000000000000100e-01	2.684695245002224340e-01	5.715974334004357837e-01
1.100000000000000006e-01	2.683161068024605411e-01	5.715974234395907461e-01
1.149999999999999911e-01	2.681555535822369163e-01	5.715974130001094666e-01
1.199999999999999956e-01	2.679878648653855611e-01	5.715974020798337829e-01
1.250000000000000000e-01	2.678130406782601169e-01	5.715973906765581258e-01
1.300000000000000044e-01	2.676310810491167591e-01	5.715973787879176093e-01
1.350000000000000089e-01	2.674419860067466792e-01	5.715973664114973873e-01
1.400000000000000133e-01	2.672457555818690822e-01	5.715973535447208542e-01
1.450000000000000178e-01	2.670423898057546208e-01	5.715973401849594460e-01
1.499999999999999944e-01	2.668318887116304383e-01	5.715973263294196194e-01
1.549999999999999989e-01	2.666142523332928893e-01	5.715973119752534304e-01
1.600000000000000033e-01	2.663894807065252390e-01	5.715972971194449581e-01
1.650000000000000078e-01	2.661575738676997815e-01	5.715972817589211052e-01
1.700000000000000122e-01	2.659185318552090282e-01	5.715972658904378001e-01
1.749999999999999889e-01	2.656723547080553360e-01	5.715972495106901308e-01
1.799999999999999933e-01	2.654190424672969728e-01	5.715972326161989914e-01
1.849999999999999978e-01	2.651585951746254777e-01	5.715972152034212161e-01
1.900000000000000022e-01	2.648910128738264369e-01	5.715971972686355596e-01
1.950000000000000067e-01	2.646162956093434104e-01	5.715971788080531635e-01
2.000000000000000111e-01	2.643344434277554167e-01	5.715971598177025381e-01
2.050000000000000155e-01	2.640454563763258156e-01	5.715971402935412504e-01
2.099999999999999922e-01	2.637493345044980009e-01	5.715971202313396837e-01
2.149999999999999967e-01	2.634460778624280741e-01	5.715970996267928372e-01
2.200000000000000011e-01	2.631356865024993552e-01	5.715970784754043077e-01
2.250000000000000056e-01	2.628181604778387914e-01	5.715970567725970897e-01
2.300000000000000100e-01	2.624934998438507860e-01	5.715970345135980013e-01
2.349999999999999867e-01	2.621617046567163434e-01	5.715970116935485956e-01
2.399999999999999911e-01	2.618227749749478250e-01	5.715969883073884761e-01
2.449999999999999956e-01	2.614767108578691102e-01	5.715969643499669850e-01
2.500000000000000000e-01	2.611235123671929448e-01	5.715969398159256309e-01
2.550000000000000044e-01	2.607631795654810070e-01	5.715969146998099992e-01
2.600000000000000089e-01	2.603957125177451815e-01	5.715968889959515131e-01
2.650000000000000133e-01	2.600211112898859200e-01	5.715968626985797885e-01
2.700000000000000178e-01	2.596393759503191623e-01	5.715968358017036177e-01
2.750000000000000222e-01	2.592505065683921028e-01	5.715968082992234356e-01
2.800000000000000266e-01	2.588545032160363135e-01	5.715967801848117480e-01
2.850000000000000311e-01	2.584513659661603069e-01	5.715967514520258197e-01
2.899999999999999800e-01	2.580410948943305804e-01	5.715967220941873261e-01
2.949999999999999845e-01	2.576236900771386451e-01	5.715966921044951521e-01
2.999999999999999889e-01	2.571991515939123785e-01	5.715966614759049325e-01
3.049999999999999933e-01	2.567674795250560194e-01	5.715966302012409628e-01
3.099999999999999978e-01	2.563286739537933845e-01	5.715965982730757400e-01
3.150000000000000022e-01	2.558827349644794413e-01	5.715965656838422060e-01
3.200000000000000067e-01	2.554296626443767204e-01	5.715965324257119562e-01
3.250000000000000111e-01	2.549694570819375228e-01	5.715964984907078161e-01
3.300000000000000155e-01	2.545021183686149713e-01	5.715964638705817169e-01
3.350000000000000200e-01	2.540276465971144648e-01	5.715964285569266057e-01
3.400000000000000244e-01	2.535460418632414226e-01	5.715963925410540991e-01
3.449999999999999734e-01	2.530573042641195425e-01	5.715963558141065048e-01
3.499999999999999778e-01	2.525614339000782915e-01	5.715963183669333647e-01
3.549999999999999822e-01	2.520584308728356926e-01	5.715962801902034762e-01
3.599999999999999867e-01	2.515482952874272815e-01	5.715962412742812138e-01
3.649999999999999911e-01	2.510310272503526452e-01	5.715962016093375508e-01
3.699999999999999956e-01	2.505066268715472333e-01	5.715961611852267144e-01
3.750000000000000000e-01	2.499750942624906491e-01	5.715961199915962077e-01
3.800000000000000044e-01	2.494364295382245356e-01	5.715960780177631317e-01
3.850000000000000089e-01	2.488906328154198155e-01	5.715960352528238753e-01
3.900000000000000133e-01	2.483377042144430669e-01	5.715959916855297696e-01
3.950000000000000178e-01	2.477776438573812690e-01	5.715959473043961125e-01
4.000000000000000222e-01	2.472104518701591092e-01	5.715959020975782678e-01
4.050000000000000266e-01	2.466361283805185156e-01	5.715958560529786903e-01
4.099999999999999756e-01	2.460546735201899482e-01	5.715958091581232470e-01
4.149999999999999800e-01	2.454660874228244694e-01	5.715957614002675768e-01
4.199999999999999845e-01	2.448703702262220172e-01	5.715957127662729675e-01
4.249999999999999889e-01	2.442675220702134609e-01	5.715956632427114936e-01
4.299999999999999933e-01	2.436575430989489088e-01	5.715956128157422267e-01
4.349999999999999978e-01	2.430404334587270010e-01	5.715955614712141530e-01
4.400000000000000022e-01	2.424161933003469160e-01	5.715955091945431610e-01
4.450000000000000067e-01	2.417848227768819858e-01	5.715954559708131821e-01
4.500000000000000111e-01	2.411463220460988710e-01	5.715954017846534008e-01
4.550000000000000155e-01	2.405006912681724729e-01	5.715953466203370636e-01
4.600000000000000200e-01	2.398479306081763018e-01	5.715952904616595776e-01
4.649999999999999689e-01	2.391880402337356604e-01	5.715952332920347656e-01
4.699999999999999734e-01	2.385210203175927024e-01	5.715951750943736309e-01
4.749999999999999778e-01	2.378468710351948345e-01	5.715951158511781705e-01
4.799999999999999822e-01	2.371655925673391008e-01	5.715950555444205827e-01
4.849999999999999867e-01	2.364771850976919165e-01	5.715949941556340841e-01
4.899999999999999911e-01	2.357816488155174417e-01	5.715949316657940038e-01
4.949999999999999956e-01	2.350789839131246783e-01	5.715948680554034933e-01
5.000000000000000000e-01	2.343691905886853277e-01	5.715948033043772858e-01
5.050000000000000044e-01	2.336522690436038385e-01	5.715947373921231867e-01
5.100000000000000089e-01	2.329282194854299104e-01	5.715946702974273874e-01
5.150000000000000133e-01	2.321970421251476624e-01	5.715946019985310711e-01
5.200000000000000178e-01	2.314587371801880844e-01	5.715945324730180577e-01
5.250000000000000222e-01	2.307133048716327739e-01	5.715944616978861914e-01
5.300000000000000266e-01	2.299607454273327189e-01	5.715943896494378729e-01
5.350000000000000311e-01	2.292010590790214686e-01	5.715943163033440078e-01
5.400000000000000355e-01	2.284342460655468532e-01	5.715942416345395349e-01
5.450000000000000400e-01	2.276603066298883149e-01	5.715941656172789376e-01
5.500000000000000444e-01	2.268792410225088929e-01	5.715940882250365451e-01
5.550000000000000488e-01	2.260910494982708019e-01	5.715940094305531627e-01
5.600000000000000533e-01	2.252957323199152040e-01	5.715939292057412580e-01
5.649999999999999467e-01	2.244932897548704287e-01	5.715938475217225978e-01
5.699999999999999512e-01	2.236837220788675529e-01	5.715937643487385422e-01
5.749999999999999556e-01	2.228670295726347672e-01	5.715936796561772448e-01
5.799999999999999600e-01	2.220432125256575628e-01	5.715935934124901641e-01
5.849999999999999645e-01	2.212122712327525276e-01	5.715935055852073843e-01
5.899999999999999689e-01	2.203742059979816037e-01	5.715934161408613434e-01
5.949999999999999734e-01	2.195290171310977367e-01	5.715933250449888314e-01
5.999999999999999778e-01	2.186767049516239736e-01	5.715932322620631556e-01
6.049999999999999822e-01	2.178172697851626649e-01	5.715931377554805959e-01
6.099999999999999867e-01	2.169507119676504225e-01	5.715930414875018961e-01
6.149999999999999911e-01	2.160770318415227986e-01	5.715929434192223990e-01
6.199999999999999956e-01	2.151962297601570651e-01	5.715928435105241956e-01
6.250000000000000000e-01	2.143083060838828491e-01	5.715927417200262761e-01
6.300000000000000044e-01	2.134132611846260852e-01	5.715926380050502242e-01
6.350000000000000089e-01	2.125110954417558651e-01	5.715925323215478304e-01
6.400000000000000133e-01	2.116018092469436618e-01	5.715924246240809969e-01
6.450000000000000178e-01	2.106854029998356803e-01	5.715923148657252595e-01
6.500000000000000222e-01	2.097618771131429527e-01	5.715922029980657904e-01
6.550000000000000266e-01	2.088312320081276152e-01	5.715920889710727204e-01
6.600000000000000311e-01	2.078934681199406109e-01	5.715919727331163491e-01
6.650000000000000355e-01	2.069485858929097088e-01	5.715918542308107142e-01
6.700000000000000400e-01	2.059965857861433269e-01	5.715917334090500068e-01
6.750000000000000444e-01	2.050374682686063044e-01	5.715916102108170582e-01
6.800000000000000488e-01	2.040712338250103008e-01	5.715914845772428476e-01
6.850000000000000533e-01	2.030978829506627503e-01	5.715913564473761310e-01
6.899999999999999467e-01	2.021174161576658745e-01	5.715912257582700384e-01
6.949999999999999512e-01	2.011298339695227200e-01	5.715910924447062946e-01
6.999999999999999556e-01	2.001351369276689329e-01	5.715909564393125697e-01
7.049999999999999600e-01	1.991333255858190321e-01	5.715908176722361844e-01
7.099999999999999645e-01	1.981244005168571742e-01	5.715906760712973211e-01
7.149999999999999689e-01	1.971083623069047053e-01	5.715905315616035542e-01
7.199999999999999734e-01	1.960852115625993097e-01	5.715903840657442503e-01
7.249999999999999778e-01	1.950549489048634400e-01	5.715902335033403725e-01
7.299999999999999822e-01	1.940175749766036850e-01	5.715900797912826237e-01
7.349999999999999867e-01	1.929730904361580124e-01	5.715899228432094192e-01
7.399999999999999911e-01	1.919214959654506891e-01	5.715897625697953233e-01
7.449999999999999956e-01	1.908627922630938278e-01	5.715895988781463100e-01
7.500000000000000000e-01	1.897969800530371065e-01	5.715894316721468194e-01
7.550000000000000044e-01	1.887240600772969734e-01	5.715892608517597617e-01
7.600000000000000089e-01	1.876440331051444643e-01	5.715890863134405198e-01
7.650000000000000133e-01	1.865568999254327009e-01	5.715889079493303715e-01
7.700000000000000178e-01	1.854626613563708781e-01	5.715887256477454326e-01
7.750000000000000222e-01	1.843613182374183590e-01	5.715885392922477326e-01
7.800000000000000266e-01	1.832528714396977898e-01	5.715883487622218651e-01
7.850000000000000311e-01	1.821373218574205421e-01	5.715881539318060645e-01
7.900000000000000355e-01	1.810146704189986577e-01	5.715879546705676661e-01
7.950000000000000400e-01	1.798849180779630019e-01	5.715877508422763098e-01
8.000000000000000444e-01	1.787480658248397636e-01	5.715875423056913096e-01
8.050000000000000488e-01	1.776041146775191315e-01	5.715873289131542245e-01
8.100000000000000533e-01	1.764530656939701236e-01	5.715871105115052364e-01
8.149999999999999467e-01	1.752949199620129350e-01	5.715868869404685526e-01
8.199999999999999512e-01	1.741296786129549468e-01	5.715866580337163327e-01
8.249999999999999556e-01	1.729573428107146482e-01	5.715864236170172807e-01
8.299999999999999600e-01	1.717779137664720290e-01	5.715861835094692145e-01
8.349999999999999645e-01	1.705913927270867048e-01	5.715859375213760973e-01
8.399999999999999689e-01	1.693977809908668863e-01	5.715856854556746747e-01
8.449999999999999734e-01	1.681970798952183155e-01	5.715854271054986446e-01
8.499999999999999778e-01	1.669892908336498560e-01	5.715851622558285605e-01
8.549999999999999822e-01	1.657744152425826012e-01	5.715848906806959562e-01
8.599999999999999867e-01	1.645524546197251470e-01	5.715846121450903761e-01
8.649999999999999911e-01	1.633234105099642397e-01	5.715843264017476111e-01
8.699999999999999956e-01	1.620872845252612215e-01	5.715840331933531582e-01
8.750000000000000000e-01	1.608440783295366772e-01	5.715837322488507288e-01
8.800000000000000044e-01	1.595937936602592477e-01	5.715834232859869912e-01
8.850000000000000089e-01	1.583364323122267159e-01	5.715831060070637459e-01
8.900000000000000133e-01	1.570719961610434201e-01	5.715827801018796839e-01
8.950000000000000178e-01	1.558004871456878104e-01	5.715824452428341917e-01
9.000000000000000222e-01	1.545219072941024507e-01	5.715821010883308517e-01
9.050000000000000266e-01	1.532362587044255042e-01	5.715817472771258512e-01
9.100000000000000311e-01	1.519435435729498962e-01	5.715813834322682752e-01
9.150000000000000355e-01	1.506437641738808675e-01	5.715810091545663330e-01
9.200000000000000400e-01	1.493369228899593670e-01	5.715806240271533722e-01
9.250000000000000444e-01	1.480230221905907972e-01	5.715802276079210431e-01
9.300000000000000488e-01	1.467020646654736971e-01	5.715798194348166161e-01
9.350000000000000533e-01	1.453740530009239862e-01	5.715793990170623395e-01
9.399999999999999467e-01	1.440389900169038728e-01	5.715789658413100716e-01
9.449999999999999512e-01	1.426968786413437829e-01	5.715785193614301152e-01
9.499999999999999556e-01	1.413477219510303473e-01	5.715780590056729338e-01
9.549999999999999600e-01	1.399915231437013907e-01	5.715775841647671163e-01
9.599999999999999645e-01	1.386282855833285144e-01	5.715770942002692534e-01
9.649999999999999689e-01	1.372580127697304031e-01	5.715765884306536204e-01
9.699999999999999734e-01	1.358807083888770861e-01	5.715760661410682619e-01
9.749999999999999778e-01	1.344963762797313223e-01	5.715755265670338092e-01
9.799999999999999822e-01	1.331050204903122258e-01	5.715749689058672312e-01
9.849999999999999867e-01	1.317066452414339950e-01	5.715743922975222713e-01
9.899999999999999911e-01	1.303012549894000116e-01	5.715737958379997208e-01
9.949999999999999956e-01	1.288888543862603819e-01	5.715731785567567114e-01
1.000000000000000000e+00	1.274694483501706277e-01	5.715725394324912001e-01
1.004999999999999893e+00	1.260430420217345249e-01	5.715718773664149044e-01
1.010000000000000009e+00	1.246096408432597613e-01	5.715711912008862861e-01
1.015000000000000124e+00	1.231692505106879859e-01	5.715704796876762694e-01
1.020000000000000018e+00	1.217218770632252089e-01	5.715697415100307044e-01
1.024999999999999911e+00	1.202675268302847433e-01	5.715689752448454009e-01
1.030000000000000027e+00	1.188062065332719797e-01	5.715681793888780504e-01
1.035000000000000142e+00	1.173379232268798589e-01	5.715673523134752188e-01
1.040000000000000036e+00	1.158626844151824792e-01	5.715664922958276772e-01
1.044999999999999929e+00	1.143804979865185589e-01	5.715655974645419413e-01
1.050000000000000044e+00	1.128913723465207880e-01	5.715646658370538979e-01
1.055000000000000160e+00	1.113953163457026968e-01	5.715636952538836191e-01
1.060000000000000053e+00	1.098923394326434544e-01	5.715626834236074982e-01
1.064999999999999947e+00	1.083824515732520338e-01	5.715616278430382113e-01
1.070000000000000062e+00	1.068656634280816392e-01	5.715605258515256137e-01
1.075000000000000178e+00	1.053419862620821740e-01	5.715593745335201259e-01
1.080000000000000071e+00	1.038114321509817362e-01	5.715581707844535897e-01
1.084999999999999964e+00	1.022740138801460502e-01	5.715569111911011912e-01
1.090000000000000080e+00	1.007297451862109311e-01	5.715555921119250815e-01
1.095000000000000195e+00	9.917864064344697472e-02	5.715542095292546199e-01
1.100000000000000089e+00	9.762071594844506928e-02	5.715527591478096747e-01
1.104999999999999982e+00	9.605598779213135596e-02	5.715512362108285949e-01
1.110000000000000098e+00	9.448447419743510878e-02	5.715496356216037688e-01
1.115000000000000213e+00	9.290619437481603682e-02	5.715479517131023535e-01
1.120000000000000107e+00	9.132116912566250189e-02	5.715461783988505795e-01
1.125000000000000000e+00	8.972942067887997031e-02	5.715443088820185702e-01
1.129999999999999893e+00	8.813097317654808305e-02	5.715423358440341328e-01
1.134999999999999787e+00	8.652585248879240964e-02	5.715402510741112163e-01
1.139999999999999902e+00	8.491408680334837367e-02	5.715380457067820164e-01
1.145000000000000018e+00	8.329570641562214495e-02	5.715357097457818281e-01
1.149999999999999911e+00	8.167074445083434553e-02	5.715332323655907265e-01
1.154999999999999805e+00	8.003923662592403454e-02	5.715306012934507907e-01
1.159999999999999920e+00	7.840122214270231482e-02	5.715278031954965643e-01
1.165000000000000036e+00	7.675674341817122215e-02	5.715248228659268737e-01
1.169999999999999929e+00	7.510584720086081745e-02	5.715216437261206872e-01
1.174999999999999822e+00	7.344858426640532567e-02	5.715182467481807471e-01
1.179999999999999938e+00	7.178501082889270080e-02	5.715146111067116452e-01
1.185000000000000053e+00	7.011518819950837700e-02	5.715107127311775947e-01
1.189999999999999947e+00	6.843918459329306758e-02	5.715065251665520929e-01
1.194999999999999840e+00	6.675707475094977417e-02	5.715020175987467477e-01
1.199999999999999956e+00	6.506894228366173760e-02	5.714971560049542099e-01
1.205000000000000071e+00	6.337487926290819029e-02	5.714919004180220030e-01
1.209999999999999964e+00	6.167498930970419235e-02	5.714862064845992462e-01
1.214999999999999858e+00	5.996938716658252455e-02	5.714800216091832086e-01
1.219999999999999973e+00	5.825820283570393165e-02	5.714732870957582866e-01
1.225000000000000089e+00	5.654158116497669945e-02	5.714659326075903767e-01
1.229999999999999982e+00	5.481968749396509688e-02	5.714578791588280637e-01
1.234999999999999876e+00	5.309270731991024006e-02	5.714490309824930003e-01
1.239999999999999991e+00	5.136085415977920121e-02	5.714392797849716654e-01
1.245000000000000107e+00	4.962436942623170422e-02	5.714284925206305488e-01
1.250000000000000000e+00	4.788353362790059159e-02	5.714165175645500305e-01
1.254999999999999893e+00	4.613866670886359461e-02	5.714031658317263451e-01
1.260000000000000009e+00	4.439014441617285950e-02	5.713882199364187509e-01
1.265000000000000124e+00	4.263839959754570780e-02	5.713714041320673287e-01
1.270000000000000018e+00	4.088394681217979998e-02	5.713523982529646883e-01
1.274999999999999911e+00	3.912738556184509192e-02	5.713307881759277507e-01
1.280000000000000027e+00	3.736943849692021813e-02	5.713060876716958836e-01
1.285000000000000142e+00	3.561095853558993857e-02	5.712776535035219982e-01
1.290000000000000036e+00	3.385299031930564390e-02	5.712447208724941161e-01
1.294999999999999929e+00	3.209678521802505902e-02	5.712062512904414469e-01
1.300000000000000044e+00	3.034390410091325832e-02	5.711609925208914751e-01
1.305000000000000160e+00	2.859624856085299024e-02	5.711071919997073865e-01
1.310000000000000053e+00	2.685623994222855609e-02	5.710427037393873695e-01
1.314999999999999947e+00	2.512688428543576394e-02	5.709644179101931449e-01
1.320000000000000062e+00	2.341209643441669389e-02	5.708684659886659185e-01
1.325000000000000178e+00	2.171683431249308779e-02	5.707490189508408474e-01
1.330000000000000071e+00	2.004769972002004574e-02	5.705987262126194226e-01
1.334999999999999964e+00	1.841320280780417429e-02	5.704060579124551333e-01
1.340000000000000080e+00	1.682484407911014751e-02	5.701564112465605794e-01
1.345000000000000195e+00	1.529752930648236621e-02	5.698261727193456583e-01
1.350000000000000089e+00	1.385112640828510024e-02	5.693861497828173190e-01
1.354999999999999982e+00	1.251044516270806949e-02	5.687897407019723017e-01
1.360000000000000098e+00	1.130528731067682174e-02	5.679850812022176898e-01
1.365000000000000213e+00	1.026682677406777489e-02	5.669010208670690609e-01
1.370000000000000107e+00	9.419811919979328985e-03	5.654817490325608764e-01
1.375000000000000000e+00	8.773828940461974799e-03	5.636888707682197186e-01
1.379999999999999893e+00	8.314540234225445067e-03	5.615336919486154654e-01
1.384999999999999787e+00	8.009440946189392077e-03	5.590763824151117056e-01
1.389999999999999902e+00	7.817502223948507786e-03	5.563899082588182887e-01
1.395000000000000018e+00	7.701335294778963517e-03	5.535568369911082476e-01
1.399999999999999911e+00	7.633033287278602821e-03	5.506309548798732356e-01
1.404999999999999805e+00	7.593307699957741602e-03	5.476563799600419058e-01
1.409999999999999920e+00	7.570527098214123105e-03	5.446559525716780925e-01
1.415000000000000036e+00	7.557405219102851859e-03	5.416464068679459620e-01
1.419999999999999929e+00	7.549886430370659693e-03	5.386357008316310369e-01
1.424999999999999822e+00	7.545510264226132358e-03	5.356294488714401503e-01
1.429999999999999938e+00	7.542944231627410172e-03	5.326302381067313796e-01
1.435000000000000053e+00	7.541388200585926772e-03	5.296398681038544387e-01
1.439999999999999947e+00	7.540412774728607465e-03	5.266591527917231508e-01
1.444999999999999840e+00	7.539760972637939325e-03	5.236886521727138755e-01
1.449999999999999956e+00	7.539295304996321279e-03	5.207286114374758412e-01
1.455000000000000071e+00	7.538933582333282556e-03	5.177791951203588594e-01
1.459999999999999964e+00	7.538631880510412477e-03	5.148404679612235135e-01
1.464999999999999858e+00	7.538363953351549795e-03	5.119124693319555552e-01
1.469999999999999973e+00	7.538115780526283109e-03	5.089952071600200023e-01
1.475000000000000089e+00	7.537878985690984156e-03	5.060886815364260549e-01
1.479999999999999982e+00	7.537649094980899446e-03	5.031928827643815660e-01
1.484999999999999876e+00	7.537423435350734321e-03	5.003077988500551632e-01
1.489999999999999991e+00	7.537200578781628503e-03	4.974334148579895865e-01
1.495000000000000107e+00	7.536979671611042028e-03	4.945697152969737997e-01
1.500000000000000000e+00	7.536760257239575982e-03	4.917166838898964221e-01
1.504999999999999893e+00	7.536542062200743929e-03	4.888743043439724989e-01
1.510000000000000009e+00	7.536324939624919166e-03	4.860425602521569188e-01
1.515000000000000124e+00	7.536108801025421036e-03	4.832214353524444395e-01
1.520000000000000018e+00	7.535893598273896675e-03	4.804109134711055940e-01
1.524999999999999911e+00	7.535679301858353406e-03	4.776109786206522712e-01
1.530000000000000027e+00	7.535465895136305228e-03	4.748216149564010724e-01
1.535000000000000142e+00	7.535253367408749695e-03	4.720428068237096375e-01
1.540000000000000036e+00	7.535041712086323201e-03	4.692745387187862716e-01
1.544999999999999929e+00	7.534830924485302721e-03	4.665167953201961870e-01
1.550000000000000044e+00	7.534621001240488641e-03	4.637695614510009001e-01
1.555000000000000160e+00	7.534411939605702678e-03	4.610328221056234077e-01
1.560000000000000053e+00	7.534203737263777539e-03	4.583065624123557336e-01
1.564999999999999947e+00	7.533996392106257455e-03	4.555907676591117172e-01
1.570000000000000062e+00	7.533789902169853517e-03	4.528854232559635928e-01
1.575000000000000178e+00	7.533584265568732223e-03	4.501905147609255309e-01
1.580000000000000071e+00	7.533379480471242423e-03	4.475060278423755866e-01
1.584999999999999964e+00	7.533175545080783922e-03	4.448319483052552425e-01
1.590000000000000080e+00	7.532972457625358373e-03	4.421682620533011199e-01
1.595000000000000195e+00	7.532770216353915950e-03	4.395149551158052947e-01
1.600000000000000089e+00	7.532568819529988045e-03	4.368720136096033158e-01
1.604999999999999982e+00	7.532368265432972700e-03	4.342394237664604084e-01
1.610000000000000098e+00	7.532168552353078750e-03	4.316171718947741098e-01
1.615000000000000213e+00	7.531969678594187256e-03	4.290052444076261073e-01
1.620000000000000107e+00	7.531771642469223260e-03	4.264036277841596334e-01
1.625000000000000000e+00	7.531574442303533290e-03	4.238123085983274696e-01
1.629999999999999893e+00	7.531378076430399367e-03	4.212312734799094072e-01
1.634999999999999787e+00	7.531182543194594320e-03	4.186605091439813409e-01
1.639999999999999902e+00	7.530987840947939160e-03	4.161000023515404878e-01
1.645000000000000018e+00	7.530793968052940796e-03	4.135497399397179974e-01
1.649999999999999911e+00	7.530600922878363281e-03	4.110097087819823414e-01
1.654999999999999805e+00	7.530408703802902830e-03	4.084798958191152018e-01
1.659999999999999920e+00	7.530217309210768609e-03	4.059602880189645546e-01
1.665000000000000036e+00	7.530026737495390705e-03	4.034508724082044306e-01
1.669999999999999929e+00	7.529836987054993984e-03	4.009516360316111583e-01
1.674999999999999822e+00	7.529648056296345086e-03	3.984625659846215973e-01
1.679999999999999938e+00	7.529459943630320215e-03	3.959836493721113349e-01
1.685000000000000053e+00	7.529272647475681625e-03	3.935148733417658806e-01
1.689999999999999947e+00	7.529086166254634997e-03	3.910562250423397224e-01
1.694999999999999840e+00	7.528900498396647566e-03	3.886076916578506957e-01
1.699999999999999956e+00	7.528715642333993346e-03	3.861692603653030242e-01
1.705000000000000071e+00	7.528531596505602490e-03	3.837409183697170767e-01
1.709999999999999964e+00	7.528348359352596102e-03	3.813226528612965738e-01
1.714999999999999858e+00	7.528165929322174627e-03	3.789144510513033359e-01
1.719999999999999973e+00	7.527984304863138791e-03	3.765163001286548350e-01
1.725000000000000089e+00	7.527803484429807478e-03	3.741281872966504829e-01
1.729999999999999982e+00	7.527623466477533463e-03	3.717500997289869269e-01
1.734999999999999876e+00	7.527444249466658591e-03	3.693820246073413194e-01
1.739999999999999991e+00	7.527265831858004352e-03	3.670239490767917556e-01
1.745000000000000107e+00	7.527088212116871298e-03	3.646758602842637975e-01
1.750000000000000000e+00	7.526911388708516608e-03	3.623377453333458398e-01
1.754999999999999893e+00	7.526735360102182991e-03	3.600095913236010525e-01
1.760000000000000009e+00	7.526560124766564983e-03	3.576913853047695158e-01
1.765000000000000124e+00	7.526385681173876005e-03	3.553831143169475792e-01
1.770000000000000018e+00	7.526212027795291248e-03	3.530847653441703260e-01
1.774999999999999911e+00	7.526039163105058098e-03	3.507963253554575167e-01
1.780000000000000027e+00	7.525867085575917333e-03	3.485177812577714973e-01
1.785000000000000142e+00	7.525695793683256918e-03	3.462491199379303386e-01
1.790000000000000036e+00	7.525525285900508052e-03	3.439903282149358033e-01
1.794999999999999929e+00	7.525355560703339726e-03	3.417413928827500724e-01
1.800000000000000044e+00	7.525186616565033952e-03	3.395023006619936612e-01
1.805000000000000160e+00	7.525018451960721957e-03	3.372730382435825125e-01
1.810000000000000053e+00	7.524851065362735993e-03	3.350535922397926414e-01
1.814999999999999947e+00	7.524684455244882823e-03	3.328439492287543766e-01
1.820000000000000062e+00	7.524518620077780794e-03	3.306440957048830676e-01
1.825000000000000178e+00	7.524353558333164542e-03	3.284540181242259216e-01
1.830000000000000071e+00	7.524189268479202983e-03	3.262737028542594953e-01
1.834999999999999964e+00	7.524025748984849125e-03	3.241031362200813559e-01
1.840000000000000080e+00	7.523862998315125096e-03	3.219423044535777989e-01
1.845000000000000195e+00	7.523701014935517926e-03	3.197911937404541716e-01
1.850000000000000089e+00	7.523539797307243759e-03	3.176497901687734826e-01
1.854999999999999982e+00	7.523379343891673128e-03	3.155180797768174505e-01
1.860000000000000098e+00	7.523219653145581283e-03	3.133960485010017227e-01
1.865000000000000213e+00	7.523060723525610768e-03	3.112836822245582113e-01
1.870000000000000107e+00	7.522902553483495729e-03	3.091809667248314741e-01
1.875000000000000000e+00	7.522745141470564383e-03	3.070878877227711801e-01
1.879999999999999893e+00	7.522588485932939044e-03	3.050044308296170903e-01
1.884999999999999787e+00	7.522432585316080229e-03	3.029305815971923277e-01
1.889999999999999902e+00	7.522277438059958923e-03	3.008663254639808438e-01
1.895000000000000018e+00	7.522123042603640584e-03	2.988116478062118331e-01
1.899999999999999911e+00	7.521969397380435726e-03	2.967665338833370692e-01
1.904999999999999805e+00	7.521816500822519486e-03	2.947309688898935853e-01
1.909999999999999920e+00	7.521664351356057918e-03	2.927049379003899832e-01
1.915000000000000036e+00	7.521512947405866595e-03	2.906884259219350564e-01
1.919999999999999929e+00	7.521362287390515218e-03	2.886814178385419538e-01
1.924999999999999822e+00	7.521212369727015706e-03	2.866838984645077026e-01
1.929999999999999938e+00	7.521063192825914664e-03	2.846958524881465502e-01
1.935000000000000053e+00	7.520914755096008361e-03	2.827172645259073969e-01
1.939999999999999947e+00	7.520767054939415247e-03	2.807481190655446435e-01
1.944999999999999840e+00	7.520620090756327362e-03	2.787884005209599336e-01
1.949999999999999956e+00	7.520473860940062039e-03	2.768380931748212759e-01
1.955000000000000071e+00	7.520328363881841928e-03	2.748971812341146070e-01
1.959999999999999964e+00	7.520183597965832828e-03	2.729656487722229574e-01
1.964999999999999858e+00	7.520039561573950600e-03	2.710434797851713484e-01
1.969999999999999973e+00	7.519896253080880777e-03	2.691306581331778247e-01
1.975000000000000089e+00	7.519753670858917577e-03	2.672271675975774752e-01
1.979999999999999982e+00	7.519611813272964428e-03	2.653329918218571559e-01
1.984999999999999876e+00	7.519470678685404204e-03	2.634481143692415928e-01
1.989999999999999991e+00	7.519330265451075468e-03	2.615725186632250621e-01
1.995000000000000107e+00	7.519190571922181737e-03	2.597061880458034766e-01
2.000000000000000000e+00	7.519051596443243439e-03	2.578491057175168466e-01
2.004999999999999893e+00	7.518913337356034066e-03	2.560012547963085860e-01
2.009999999999999787e+00	7.518775792994520854e-03	2.541626182570933534e-01
2.014999999999999680e+00	7.518638961689824360e-03	2.523331789912272027e-01
2.020000000000000018e+00	7.518502841765143524e-03	2.505129197456140711e-01
2.024999999999999911e+00	7.518367431540743002e-03	2.487018231827695103e-01
2.029999999999999805e+00	7.518232729328860886e-03	2.468998718194797271e-01
2.035000000000000142e+00	7.518098733438721183e-03	2.451070480874404933e-01
2.040000000000000036e+00	7.517965442171428529e-03	2.433233342714857805e-01
2.044999999999999929e+00	7.517832853825004089e-03	2.415487125707822536e-01
2.049999999999999822e+00	7.517700966689265518e-03	2.397831650366415712e-01
2.054999999999999716e+00	7.517569779050885422e-03	2.380266736342536715e-01
2.060000000000000053e+00	7.517439289188262638e-03	2.362792201800976988e-01
2.064999999999999947e+00	7.517309495376598046e-03	2.345407864041956503e-01
2.069999999999999840e+00	7.517180395882753705e-03	2.328113538871371124e-01
2.075000000000000178e+00	7.517051988970350346e-03	2.310909041228331740e-01
2.080000000000000071e+00	7.516924272894618710e-03	2.293794184551738724e-01
2.084999999999999964e+00	7.516797245907513511e-03	2.276768781412618348e-01
2.089999999999999858e+00	7.516670906252551770e-03	2.259832642877170339e-01
2.094999999999999751e+00	7.516545252169947594e-03	2.242985579143730590e-01
2.100000000000000089e+00	7.516420281891445301e-03	2.226227398902451693e-01
2.104999999999999982e+00	7.516295993645468951e-03	2.209557909976691270e-01
2.109999999999999876e+00	7.516172385651938986e-03	2.192976918679493958e-01
2.115000000000000213e+00	7.516049456127447785e-03	2.176484230459202196e-01
2.120000000000000107e+00	7.515927203280071099e-03	2.160079649252921730e-01
2.125000000000000000e+00	7.515805625314547073e-03	2.143762978136155017e-01
2.129999999999999893e+00	7.515684720427085949e-03	2.127534018673403471e-01
2.134999999999999787e+00	7.515564486810568171e-03	2.111392571571643340e-01
2.140000000000000124e+00	7.515444922649346278e-03	2.095338436028227058e-01
2.145000000000000018e+00	7.515326026124447348e-03	2.079371410388001773e-01
2.149999999999999911e+00	7.515207795408378362e-03	2.063491291488689650e-01
2.155000000000000249e+00	7.515090228670345124e-03	2.047697875321428662e-01
2.160000000000000142e+00	7.514973324071037679e-03	2.031990956373827262e-01
2.165000000000000036e+00	7.514857079767871782e-03	2.016370328293726755e-01
2.169999999999999929e+00	7.514741493909772585e-03	2.000835783230079101e-01
2.174999999999999822e+00	7.514626564642416968e-03	1.985387112499751305e-01
2.180000000000000160e+00	7.514512290103021568e-03	1.970024105926398705e-01
2.185000000000000053e+00	7.514398668425588575e-03	1.954746552510105984e-01
2.189999999999999947e+00	7.514285697735698967e-03	1.939554239764429699e-01
2.195000000000000284e+00	7.514173376155761780e-03	1.924446954388669973e-01
2.200000000000000178e+00	7.514061701799802130e-03	1.909424481603267665e-01
2.205000000000000071e+00	7.513950672778726102e-03	1.894486605824506065e-01
2.209999999999999964e+00	7.513840287195103565e-03	1.879633109998424811e-01
2.214999999999999858e+00	7.513730543148437399e-03	1.864863776277760898e-01
2.220000000000000195e+00	7.513621438729953250e-03	1.850178385354550037e-01
2.225000000000000089e+00	7.513512972027863550e-03	1.835576717139113245e-01
2.229999999999999982e+00	7.513405141122169416e-03	1.821058550091514683e-01
2.235000000000000320e+00	7.513297944089922936e-03	1.806623661902381772e-01
2.240000000000000213e+00	7.513191379000029070e-03	1.792271828823418511e-01
2.245000000000000107e+00	7.513085443918513136e-03	1.778002826349852905e-01
2.250000000000000000e+00	7.512980136903331385e-03	1.763816428550158411e-01
2.254999999999999893e+00	7.512875456009630686e-03	1.749712408749954928e-01
2.259999999999999787e+00	7.512771399284566901e-03	1.735690538861106302e-01
2.264999999999999680e+00	7.512667964772568908e-03	1.721750590066870312e-01
2.270000000000000018e+00	7.512565150510156116e-03	1.707892332150545978e-01
2.274999999999999911e+00	7.512462954531204211e-03	1.694115534181683813e-01
2.279999999999999805e+00	7.512361374861770483e-03	1.680419963844449194e-01
2.285000000000000142e+00	7.512260409525354371e-03	1.666805388124690812e-01
2.290000000000000036e+00	7.512160056537733194e-03	1.653271572638203568e-01
2.294999999999999929e+00	7.512060313912216625e-03	1.639818282318460940e-01
2.299999999999999822e+00	7.511961179654492830e-03	1.626445280744930055e-01
2.304999999999999716e+00	7.511862651767877742e-03	1.613152330831292558e-01
2.310000000000000053e+00	7.511764728248169001e-03	1.599939194153977284e-01
2.314999999999999947e+00	7.511667407088890892e-03	1.586805631640676173e-01
2.319999999999999840e+00	7.511570686276163034e-03	1.573751402899257745e-01
2.325000000000000178e+00	7.511474563793927965e-03	1.560776266906389598e-01
2.330000000000000071e+00	7.511379037618839787e-03	1.547879981337011435e-01
2.334999999999999964e+00	7.511284105725484807e-03	1.535062303252864857e-01
2.339999999999999858e+00	7.511189766081274519e-03	1.522322988432677493e-01
2.344999999999999751e+00	7.511096016651661912e-03	1.509661792060441876e-01
2.350000000000000089e+00	7.511002855395049194e-03	1.497078468056458889e-01
2.354999999999999982e+00	7.510910280267991956e-03	1.484572769765180600e-01
2.359999999999999876e+00	7.510818289220120778e-03	1.472144449287274559e-01
2.365000000000000213e+00	7.510726880199334113e-03	1.459793258166849073e-01
2.370000000000000107e+00	7.510636051146737241e-03	1.447518946724703492e-01
2.375000000000000000e+00	7.510545800001816943e-03	1.435321264744748304e-01
2.379999999999999893e+00	7.510456124697405603e-03	1.423199960808597397e-01
2.384999999999999787e+00	7.510367023164835065e-03	1.411154782981015321e-01
2.390000000000000124e+00	7.510278493328918954e-03	1.399185478145996697e-01
2.395000000000000018e+00	7.510190533113095257e-03	1.387291792691074666e-01
2.399999999999999911e+00	7.510103140434423383e-03	1.375473471845031215e-01
2.405000000000000249e+00	7.510016313208711138e-03	1.363730260360893065e-01
2.410000000000000142e+00	7.509930049345534334e-03	1.352061901855438897e-01
2.415000000000000036e+00	7.509844346753339478e-03	1.340468139490700872e-01
2.419999999999999929e+00	7.509759203334494607e-03	1.328948715315407259e-01
2.424999999999999822e+00	7.509674616990363351e-03	1.317503370944843599e-01
2.430000000000000160e+00	7.509590585616380924e-03	1.306131846904364513e-01
2.435000000000000053e+00	7.509507107107109107e-03	1.294833883307451028e-01
2.439999999999999947e+00	7.509424179351335653e-03	1.283609219201435614e-01
2.445000000000000284e+00	7.509341800237105853e-03	1.272457593243591090e-01
2.450000000000000178e+00	7.509259967646848832e-03	1.261378743049216267e-01
2.455000000000000071e+00	7.509178679462384827e-03	1.250372405865593783e-01
2.459999999999999964e+00	7.509097933560071429e-03	1.239438317922567923e-01
2.464999999999999858e+00	7.509017727815798723e-03	1.228576215104226488e-01
2.470000000000000195e+00	7.508938060100152877e-03	1.217785832302101662e-01
2.475000000000000089e+00	7.508858928283386990e-03	1.207066904084423409e-01
2.479999999999999982e+00	7.508780330230618513e-03	1.196419164052070633e-01
2.485000000000000320e+00	7.508702263806764539e-03	1.185842345505247752e-01
2.490000000000000213e+00	7.508624726871772175e-03	1.175336180802329378e-01
2.495000000000000107e+00	7.508547717285531282e-03	1.164900402023798104e-01
2.500000000000000000e+00	7.508471232903124806e-03	1.154534740334107051e-01
2.504999999999999893e+00	7.508395271579721558e-03	1.144238926642750648e-01
2.509999999999999787e+00	7.508319831165848231e-03	1.134012690969258552e-01
2.514999999999999680e+00	7.508244909512258765e-03	1.123855763101261479e-01
2.520000000000000018e+00	7.508170504465242791e-03	1.113767871962734468e-01
2.524999999999999911e+00	7.508096613871450761e-03	1.103748746268925218e-01
2.529999999999999805e+00	7.508023235573243158e-03	1.093798113897965912e-01
2.535000000000000142e+00	7.507950367413486134e-03	1.083915702542517512e-01
2.540000000000000036e+00	7.507878007230924140e-03	1.074101239084882253e-01
2.544999999999999929e+00	7.507806152864957352e-03	1.064354450245228317e-01
2.549999999999999822e+00	7.507734802151035114e-03	1.054675061960304583e-01
2.554999999999999716e+00	7.507663952925403873e-03	1.045062800028129374e-01
2.560000000000000053e+00	7.507593603020537923e-03	1.035517389490415302e-01
2.564999999999999947e+00	7.507523750269854378e-03	1.026038555273593444e-01
2.569999999999999840e+00	7.507454392503171668e-03	1.016626021575057631e-01
2.575000000000000178e+00	7.507385527551397632e-03	1.007279512500400820e-01
2.580000000000000071e+00	7.507317153242017496e-03	9.979987514535873516e-02
2.584999999999999964e+00	7.507249267403750745e-03	9.887834617702778717e-02
2.589999999999999858e+00	7.507181867862073796e-03	9.796333661120290581e-02
2.594999999999999751e+00	7.507114952443841305e-03	9.705481870955996737e-02
2.600000000000000089e+00	7.507048518972844406e-03	9.615276466912713038e-02
2.604999999999999982e+00	7.506982565274396453e-03	9.525714668480202152e-02
2.609999999999999876e+00	7.506917089170928557e-03	9.436793688960597171e-02
2.615000000000000213e+00	7.506852088486537164e-03	9.348510741677637514e-02
2.620000000000000107e+00	7.506787561042615152e-03	9.260863034045307973e-02
2.625000000000000000e+00	7.506723504662369921e-03	9.173847773733498356e-02
2.629999999999999893e+00	7.506659917166481379e-03	9.087462162780696184e-02
2.634999999999999787e+00	7.506596796377588802e-03	9.001703403715087537e-02
2.640000000000000124e+00	7.506534140115987859e-03	8.916568693712191573e-02
2.645000000000000018e+00	7.506471946204074965e-03	8.832055230670433910e-02
2.649999999999999911e+00	7.506410212462083335e-03	8.748160207414466816e-02
2.655000000000000249e+00	7.506348936712490053e-03	8.664880817724263107e-02
2.660000000000000142e+00	7.506288116775793745e-03	8.582214250585069870e-02
2.665000000000000036e+00	7.506227750474874817e-03	8.500157696168929300e-02
2.669999999999999929e+00	7.506167835630817367e-03	8.418708340132066703e-02
2.674999999999999822e+00	7.506108370067232118e-03	8.337863369548068060e-02
2.680000000000000160e+00	7.506049351606113029e-03	8.257619967253340687e-02
2.685000000000000053e+00	7.505990778072121200e-03	8.177975317731074612e-02
2.689999999999999947e+00	7.505932647288480510e-03	8.098926601505539169e-02
2.695000000000000284e+00	7.505874957081226824e-03	8.020471000975952502e-02
2.700000000000000178e+00	7.505817705275133998e-03	7.942605694860391252e-02
2.705000000000000071e+00	7.505760889697930122e-03	7.865327863978695266e-02
2.709999999999999964e+00	7.505704508176261683e-03	7.788634685746632924e-02
2.714999999999999858e+00	7.505648558539868183e-03	7.712523339907118025e-02
2.720000000000000195e+00	7.505593038617586199e-03	7.636991003075253859e-02
2.725000000000000089e+00	7.505537946241483231e-03	7.562034854417142016e-02
2.729999999999999982e+00	7.505483279242901665e-03	7.487652070246367253e-02
2.735000000000000320e+00	7.505429035456553585e-03	7.413839829649679358e-02
2.740000000000000213e+00	7.505375212716603774e-03	7.340595309135609925e-02
2.745000000000000107e+00	7.505321808860720284e-03	7.267915688206205704e-02
2.750000000000000000e+00	7.505268821726203410e-03	7.195798144058358770e-02
2.754999999999999893e+00	7.505216249153989425e-03	7.124239857101061224e-02
2.759999999999999787e+00	7.505164088984823782e-03	7.053238005709840108e-02
2.764999999999999680e+00	7.505112339063224960e-03	6.982789771688947822e-02
2.770000000000000018e+00	7.505060997233688885e-03	6.912892335079459660e-02
2.774999999999999911e+00	7.505010061344619815e-03	6.843542879565717163e-02
2.779999999999999805e+00	7.504959529244578133e-03	6.774738587337617024e-02
2.785000000000000142e+00	7.504909398786157454e-03	6.706476644440730051e-02
2.790000000000000036e+00	7.504859667822280991e-03	6.638754235693253292e-02
2.794999999999999929e+00	7.504810334210037896e-03	6.571568549979261986e-02
2.799999999999999822e+00	7.504761395807015185e-03	6.504916775220694058e-02
2.804999999999999716e+00	7.504712850475097653e-03	6.438796103613282640e-02
2.810000000000000053e+00	7.504664696076837095e-03	6.373203726653953183e-02
2.814999999999999947e+00	7.504616930479207117e-03	6.308136840318986915e-02
2.819999999999999840e+00	7.504569551550018328e-03	6.243592640147211520e-02
2.825000000000000178e+00	7.504522557161632385e-03	6.179568326359818897e-02
2.830000000000000071e+00	7.504475945187411012e-03	6.116061098999828888e-02
2.834999999999999964e+00	7.504429713505391016e-03	6.053068162993174850e-02
2.839999999999999858e+00	7.504383859994777535e-03	5.990586723344586834e-02
2.844999999999999751e+00	7.504338382539570487e-03	5.928613990139680601e-02
2.850000000000000089e+00	7.504293279025104658e-03	5.867147173797571807e-02
2.854999999999999982e+00	7.504248547341627572e-03	5.806183490013514664e-02
2.859999999999999876e+00	7.504204185380887286e-03	5.745720155068569784e-02
2.865000000000000213e+00	7.504160191039660824e-03	5.685754390712454559e-02
2.870000000000000107e+00	7.504116562216386205e-03	5.626283419530514474e-02
2.875000000000000000e+00	7.504073296814649241e-03	5.567304469766461150e-02
2.879999999999999893e+00	7.504030392739858071e-03	5.508814770746846973e-02
2.884999999999999787e+00	7.503987847902678782e-03	5.450811557643459732e-02
2.890000000000000124e+00	7.503945660215758512e-03	5.393292066955453212e-02
2.895000000000000018e+00	7.503903827597120310e-03	5.336253541211178480e-02
2.899999999999999911e+00	7.503862347966916597e-03	5.279693224508152233e-02
2.905000000000000249e+00	7.503821219250791062e-03	5.223608367153997206e-02
2.910000000000000142e+00	7.503780439376673758e-03	5.167996221264491846e-02
2.915000000000000036e+00	7.503740006278089222e-03	5.112854045343456777e-02
2.919999999999999929e+00	7.503699917891002748e-03	5.058179099938876766e-02
2.924999999999999822e+00	7.503660172157080796e-03	5.003968652161641661e-02
2.930000000000000160e+00	7.503620767020582373e-03	4.950219971399866942e-02
2.935000000000000053e+00	7.503581700431571737e-03	4.896930333776293442e-02
2.939999999999999947e+00	7.503542970342853141e-03	4.844097017920878656e-02
2.945000000000000284e+00	7.503504574713141910e-03	4.791717309366735206e-02
2.950000000000000178e+00	7.503466511504033876e-03	4.739788496381085875e-02
2.955000000000000071e+00	7.503428778683140024e-03	4.688307874299613154e-02
2.959999999999999964e+00	7.503391374221099301e-03	4.637272741415791877e-02
2.964999999999999858e+00	7.503354296094659481e-03	4.586680403253629024e-02
2.970000000000000195e+00	7.503317542283738546e-03	4.536528168515344128e-02
2.975000000000000089e+00	7.503281110774463920e-03	4.486813353292461864e-02
2.979999999999999982e+00	7.503244999556268544e-03	4.437533277071846471e-02
2.985000000000000320e+00	7.503209206624890208e-03	4.388685266885057612e-02
2.990000000000000213e+00	7.503173729979513602e-03	4.340266653372771427e-02
2.995000000000000107e+00	7.503138567625714135e-03	4.292274774872434362e-02
3.000000000000000000e+00	7.503103717572652889e-03	4.244706973540901540e-02
3.004999999999999893e+00	7.503069177835971007e-03	4.197560599380485702e-02
3.009999999999999787e+00	7.503034946435030612e-03	4.150833006419758775e-02
3.014999999999999680e+00	7.503001021395758890e-03	4.104521556677970251e-02
3.020000000000000018e+00	7.502967400747933245e-03	4.058623616403971707e-02
3.024999999999999911e+00	7.502934082527984612e-03	4.013136559979085111e-02
3.029999999999999805e+00	7.502901064776320780e-03	3.968057766213972659e-02
3.035000000000000142e+00	7.502868345540088940e-03	3.923384622190079912e-02
3.040000000000000036e+00	7.502835922870536300e-03	3.879114519614364903e-02
3.044999999999999929e+00	7.502803794825731003e-03	3.835244858599345941e-02
3.049999999999999822e+00	7.502771959467962638e-03	3.791773044075554683e-02
3.054999999999999716e+00	7.502740414866424130e-03	3.748696489510400243e-02
3.060000000000000053e+00	7.502709159094648680e-03	3.706012613378095039e-02
3.064999999999999947e+00	7.502678190233150017e-03	3.663718842817485777e-02
3.069999999999999840e+00	7.502647506366901843e-03	3.621812610159305668e-02
3.075000000000000178e+00	7.502617105587928645e-03	3.580291356523121471e-02
3.080000000000000071e+00	7.502586985992833711e-03	3.539152528401729586e-02
3.084999999999999964e+00	7.502557145685342238e-03	3.498393581197391938e-02
3.089999999999999858e+00	7.502527582773871849e-03	3.458011975863136550e-02
3.094999999999999751e+00	7.502498295374032330e-03	3.418005182378531376e-02
3.100000000000000089e+00	7.502469281606236051e-03	3.378370676447622900e-02
3.104999999999999982e+00	7.502440539598152595e-03	3.339105942914519232e-02
3.109999999999999876e+00	7.502412067482365152e-03	3.300208472517666275e-02
3.115000000000000213e+00	7.502383863398779176e-03	3.261675765245462127e-02
3.120000000000000107e+00	7.502355925492317813e-03	3.223505327146696658e-02
3.125000000000000000e+00	7.502328251915290659e-03	3.185694673626396356e-02
3.129999999999999893e+00	7.502300840825125612e-03	3.148241326312125471e-02
3.134999999999999787e+00	7.502273690386698606e-03	3.111142816290404095e-02
3.140000000000000124e+00	7.502246798770105356e-03	3.074396681028521844e-02
3.145000000000000018e+00	7.502220164152947728e-03	3.038000467551849743e-02
3.149999999999999911e+00	7.502193784718142779e-03	3.001951729420852810e-02
3.155000000000000249e+00	7.502167658656170093e-03	2.966248029849597942e-02
3.160000000000000142e+00	7.502141784162920726e-03	2.930886938737659042e-02
3.165000000000000036e+00	7.502116159441901168e-03	2.895866035730124827e-02
3.169999999999999929e+00	7.502090782702123054e-03	2.861182907304063439e-02
3.174999999999999822e+00	7.502065652160260292e-03	2.826835149770403482e-02
3.180000000000000160e+00	7.502040766038585613e-03	2.792820366414555666e-02
3.185000000000000053e+00	7.502016122567083459e-03	2.759136170440592423e-02
3.189999999999999947e+00	7.501991719981421225e-03	2.725780182165600876e-02
3.195000000000000284e+00	7.501967556525023992e-03	2.692750031906523608e-02
3.200000000000000178e+00	7.501943630447089131e-03	2.660043357227965047e-02
3.205000000000000071e+00	7.501919940004610730e-03	2.627657805771992441e-02
3.209999999999999964e+00	7.501896483460439302e-03	2.595591032558976566e-02
3.214999999999999858e+00	7.501873259085263708e-03	2.563840702760858056e-02
3.220000000000000195e+00	7.501850265155707298e-03	2.532404489054581806e-02
3.225000000000000089e+00	7.501827499956273404e-03	2.501280074339206488e-02
3.229999999999999982e+00	7.501804961777473572e-03	2.470465149141532965e-02
3.235000000000000320e+00	7.501782648917739230e-03	2.439957414277521899e-02
3.240000000000000213e+00	7.501760559681582008e-03	2.409754578309666884e-02
3.245000000000000107e+00	7.501738692381469849e-03	2.379854360153148621e-02
3.250000000000000000e+00	7.501717045336020288e-03	2.350254486584538172e-02
3.254999999999999893e+00	7.501695616871840132e-03	2.320952694793141508e-02
3.259999999999999787e+00	7.501674405321758637e-03	2.291946729940568320e-02
3.264999999999999680e+00	7.501653409026616884e-03	2.263234347657756482e-02
3.270000000000000018e+00	7.501632626333551261e-03	2.234813311654936657e-02
3.274999999999999911e+00	7.501612055597735133e-03	2.206681396164822048e-02
3.279999999999999805e+00	7.501591695180698759e-03	2.178836383602502855e-02
3.285000000000000142e+00	7.501571543452038859e-03	2.151276066955257193e-02
3.290000000000000036e+00	7.501551598787768900e-03	2.123998247491950056e-02
3.294999999999999929e+00	7.501531859571991361e-03	2.097000737099963610e-02
3.299999999999999822e+00	7.501512324195283576e-03	2.070281356043556995e-02
3.304999999999999716e+00	7.501492991056334450e-03	2.043837935248495399e-02
3.310000000000000053e+00	7.501473858560362383e-03	2.017668314108850974e-02
3.314999999999999947e+00	7.501454925120714691e-03	1.991770342719827516e-02
3.319999999999999840e+00	7.501436189157325435e-03	1.966141879732543826e-02
3.325000000000000178e+00	7.501417649098274069e-03	1.940780794535550136e-02
3.330000000000000071e+00	7.501399303378273632e-03	1.915684965157102293e-02
3.334999999999999964e+00	7.501381150440199902e-03	1.890852280395906304e-02
3.339999999999999858e+00	7.501363188733609945e-03	1.866280637770362932e-02
3.344999999999999751e+00	7.501345416716235712e-03	1.841967945599099973e-02
3.350000000000000089e+00	7.501327832852536411e-03	1.817912120996638056e-02
3.354999999999999982e+00	7.501310435615155675e-03	1.794111091904285540e-02
3.359999999999999876e+00	7.501293223483509499e-03	1.770562795131707182e-02
3.365000000000000213e+00	7.501276194945205242e-03	1.747265178338712130e-02
3.370000000000000107e+00	7.501259348494663387e-03	1.724216198122222043e-02
3.375000000000000000e+00	7.501242682634500988e-03	1.701413821949501054e-02
3.379999999999999893e+00	7.501226195874187257e-03	1.678856026289976891e-02
3.384999999999999787e+00	7.501209886731393175e-03	1.656540798500530376e-02
3.390000000000000124e+00	7.501193753730676581e-03	1.634466135001585302e-02
3.395000000000000018e+00	7.501177795404797947e-03	1.612630043115030609e-02
3.399999999999999911e+00	7.501162010293439299e-03	1.591030539284057216e-02
3.405000000000000249e+00	7.501146396944486164e-03	1.569665650864295048e-02
3.410000000000000142e+00	7.501130953912775109e-03	1.548533414386838239e-02
3.415000000000000036e+00	7.501115679761343608e-03	1.527631877303190291e-02
3.419999999999999929e+00	7.501100573060210525e-03	1.506959096290911258e-02
3.424999999999999822e+00	7.501085632387590428e-03	1.486513138952972810e-02
3.430000000000000160e+00	7.501070856328707036e-03	1.466292082165483734e-02
3.435000000000000053e+00	7.501056243476972828e-03	1.446294013732037087e-02
3.439999999999999947e+00	7.501041792432831118e-03	1.426517030772944672e-02
3.445000000000000284e+00	7.501027501804907911e-03	1.406959241335179779e-02
3.450000000000000178e+00	7.501013370208884333e-03	1.387618762822594165e-02
3.455000000000000071e+00	7.500999396268612923e-03	1.368493723562039070e-02
3.459999999999999964e+00	7.500985578615016088e-03	1.349582261273943318e-02
3.464999999999999858e+00	7.500971915887181575e-03	1.330882524595297482e-02
3.470000000000000195e+00	7.500958406731283480e-03	1.312392671590020300e-02
3.475000000000000089e+00	7.500945049801644761e-03	1.294110871229374286e-02
3.479999999999999982e+00	7.500931843759692068e-03	1.276035301941578180e-02
3.485000000000000320e+00	7.500918787274986170e-03	1.258164153050253184e-02
3.490000000000000213e+00	7.500905879024200203e-03	1.240495623362716272e-02
3.495000000000000107e+00	7.500893117692127542e-03	1.223027922567088144e-02
3.500000000000000000e+00	7.500880501970686939e-03	1.205759269858670650e-02
3.504999999999999893e+00	7.500868030559893970e-03	1.188687895296343562e-02
3.509999999999999787e+00	7.500855702166897392e-03	1.171812038466451406e-02
3.514999999999999680e+00	7.500843515506926303e-03	1.155129949799113716e-02
3.520000000000000018e+00	7.500831469302348189e-03	1.138639889269056626e-02
3.524999999999999911e+00	7.500819562283585727e-03	1.122340127672442553e-02
3.529999999999999805e+00	7.500807793188207784e-03	1.106228945364052391e-02
3.535000000000000142e+00	7.500796160761812395e-03	1.090304633495280985e-02
3.540000000000000036e+00	7.500784663757146392e-03	1.074565492787103206e-02
3.544999999999999929e+00	7.500773300934961488e-03	1.059009834729844959e-02
3.549999999999999822e+00	7.500762071063156455e-03	1.043635980391359984e-02
3.554999999999999716e+00	7.500750972917608062e-03	1.028442261579193447e-02
3.560000000000000053e+00	7.500740005281337532e-03	1.013427019683385034e-02
3.564999999999999947e+00	7.500729166945318063e-03	9.985886068016846737e-03
3.569999999999999840e+00	7.500718456707662109e-03	9.839253846163858661e-03
3.575000000000000178e+00	7.500707873374404602e-03	9.694357254831909715e-03
3.580000000000000071e+00	7.500697415758711926e-03	9.551180113415484729e-03
3.584999999999999964e+00	7.500687082681641721e-03	9.409706347677553734e-03
3.589999999999999858e+00	7.500676872971377002e-03	9.269919979182276656e-03
3.594999999999999751e+00	7.500666785463957348e-03	9.131805135475012936e-03
3.600000000000000089e+00	7.500656819002539909e-03	8.995346039838187854e-03
3.604999999999999982e+00	7.500646972438102834e-03	8.860527021126574435e-03
3.609999999999999876e+00	7.500637244628727968e-03	8.727332503840817129e-03
3.615000000000000213e+00	7.500627634440287794e-03	8.595747017624031511e-03
3.620000000000000107e+00	7.500618140745740278e-03	8.465755187647342264e-03
3.625000000000000000e+00	7.500608762425797597e-03	8.337341743773997102e-03
3.629999999999999893e+00	7.500599498368246999e-03	8.210491511251222230e-03
3.634999999999999787e+00	7.500590347468583975e-03	8.085189419548020895e-03
3.640000000000000124e+00	7.500581308629367810e-03	7.961420493347705005e-03
3.645000000000000018e+00	7.500572380760826136e-03	7.839169861065562600e-03
3.649999999999999911e+00	7.500563562780225221e-03	7.718422746136385272e-03
3.655000000000000249e+00	7.500554853612466724e-03	7.599164475218115125e-03
3.660000000000000142e+00	7.500546252189470124e-03	7.481380469768981675e-03
3.665000000000000036e+00	7.500537757450742582e-03	7.365056253942922279e-03
3.669999999999999929e+00	7.500529368342790867e-03	7.250177446450757450e-03
3.674999999999999822e+00	7.500521083819664328e-03	7.136729768153817106e-03
3.680000000000000160e+00	7.500512902842391104e-03	7.024699034203481761e-03
3.685000000000000053e+00	7.500504824379497677e-03	6.914071161338760860e-03
3.689999999999999947e+00	7.500496847406458965e-03	6.804832160298888120e-03
3.695000000000000284e+00	7.500488970906206594e-03	6.696968142831016303e-03
3.700000000000000178e+00	7.500481193868596339e-03	6.590465314370237519e-03
3.705000000000000071e+00	7.500473515290888640e-03	6.485309980763281218e-03
3.709999999999999964e+00	7.500465934177243804e-03	6.381488541210719734e-03
3.714999999999999858e+00	7.500458449539179097e-03	6.278987494712546732e-03
3.720000000000000195e+00	7.500451060395076953e-03	6.177793433267091475e-03
3.725000000000000089e+00	7.500443765770635138e-03	6.077893048044431291e-03
3.729999999999999982e+00	7.500436564698383622e-03	5.979273122836667280e-03
3.735000000000000320e+00	7.500429456218113064e-03	5.881920539964956979e-03
3.740000000000000213e+00	7.500422439376421176e-03	5.785822273976034928e-03
3.745000000000000107e+00	7.500415513227112578e-03	5.690965397288477376e-03
3.750000000000000000e+00	7.500408676830763385e-03	5.597337074130194143e-03
3.754999999999999893e+00	7.500401929255106313e-03	5.504924565929871123e-03
3.759999999999999787e+00	7.500395269574612611e-03	5.413715225490080100e-03
3.764999999999999680e+00	7.500388696870856353e-03	5.323696502129558576e-03
3.770000000000000018e+00	7.500382210232112851e-03	5.234855936086871275e-03
3.774999999999999911e+00	7.500375808753708198e-03	5.147181163419192046e-03
3.779999999999999805e+00	7.500369491537630696e-03	5.060659910631416097e-03
3.785000000000000142e+00	7.500363257692869122e-03	4.975279999336906615e-03
3.790000000000000036e+00	7.500357106335032824e-03	4.891029341107184028e-03
3.794999999999999929e+00	7.500351036586674382e-03	4.807895941900130338e-03
3.799999999999999822e+00	7.500345047576933120e-03	4.725867897125106756e-03
3.804999999999999716e+00	7.500339138441832615e-03	4.644933395844219777e-03
3.810000000000000053e+00	7.500333308323940684e-03	4.565080716047979596e-03
3.814999999999999947e+00	7.500327556372656489e-03	4.486298228635001231e-03
3.819999999999999840e+00	7.500321881743879197e-03	4.408574392893260634e-03
3.825000000000000178e+00	7.500316283600281207e-03	4.331897760263587679e-03
3.830000000000000071e+00	7.500310761110996760e-03	4.256256970021861374e-03
3.834999999999999964e+00	7.500305313451872610e-03	4.181640752831499754e-03
3.839999999999999858e+00	7.500299939805171387e-03	4.108037926621677972e-03
3.844999999999999751e+00	7.500294639359812721e-03	4.035437399934273424e-03
3.850000000000000089e+00	7.500289411311085279e-03	3.963828167993389134e-03
3.854999999999999982e+00	7.500284254860876618e-03	3.893199315851803011e-03
3.859999999999999876e+00	7.500279169217399962e-03	3.823540014647162661e-03
3.865000000000000213e+00	7.500274153595405842e-03	3.754839524553045798e-03
3.870000000000000107e+00	7.500269207215920150e-03	3.687087191217268065e-03
3.875000000000000000e+00	7.500264329306449707e-03	3.620272448522819479e-03
3.879999999999999893e+00	7.500259519100732457e-03	3.554384815203554676e-03
3.884999999999999787e+00	7.500254775838919620e-03	3.489413897419777616e-03
3.890000000000000124e+00	7.500250098767351041e-03	3.425349385547146568e-03
3.895000000000000018e+00	7.500245487138714785e-03	3.362181056571906992e-03
3.899999999999999911e+00	7.500240940211838972e-03	3.299898771048341388e-03
3.905000000000000249e+00	7.500236457251841828e-03	3.238492475318480689e-03
3.910000000000000142e+00	7.500232037529928723e-03	3.177952198634044923e-03
3.915000000000000036e+00	7.500227680323533555e-03	3.118268055205313839e-03
3.919999999999999929e+00	7.500223384916127056e-03	3.059430241483067185e-03
3.924999999999999822e+00	7.500219150597347770e-03	3.001429038041641788e-03
3.930000000000000160e+00	7.500214976662814698e-03	2.944254807016502551e-03
3.935000000000000053e+00	7.500210862414257405e-03	2.887897993826011884e-03
3.939999999999999947e+00	7.500206807159334743e-03	2.832349124760690992e-03
3.945000000000000284e+00	7.500202810211748471e-03	2.777598808548229718e-03
3.950000000000000178e+00	7.500198870891078458e-03	2.723637734090324225e-03
3.955000000000000071e+00	7.500194988522886769e-03	2.670456671875489577e-03
3.959999999999999964e+00	7.500191162438558934e-03	2.618046471859383339e-03
3.964999999999999858e+00	7.500187391975397626e-03	2.566398064729825783e-03
3.970000000000000195e+00	7.500183676476477809e-03	2.515502459926711488e-03
3.975000000000000089e+00	7.500180015290727406e-03	2.465350746763693684e-03
3.979999999999999982e+00	7.500176407772791987e-03	2.415934092583729969e-03
3.985000000000000320e+00	7.500172853283104159e-03	2.367243743741634463e-03
3.990000000000000213e+00	7.500169351187763872e-03	2.319271023891496773e-03
3.995000000000000107e+00	7.500165900858592194e-03	2.272007334834448729e-03
4.000000000000000000e+00	7.500162501673019420e-03	2.225444154934058238e-03
4.004999999999999893e+00	7.500159153014136250e-03	2.179573039833413231e-03
4.009999999999999787e+00	7.500155854270587966e-03	2.134385620994947667e-03
4.014999999999999680e+00	7.500152604836613467e-03	2.089873606291003418e-03
4.019999999999999574e+00	7.500149404111949858e-03	2.046028778664292849e-03
4.025000000000000355e+00	7.500146251501864543e-03	2.002842996595835708e-03
4.030000000000000249e+00	7.500143146417068488e-03	1.960308192882632625e-03
4.035000000000000142e+00	7.500140088273737037e-03	1.918416374987051221e-03
4.040000000000000036e+00	7.500137076493431851e-03	1.877159623928188184e-03
4.044999999999999929e+00	7.500134110503116520e-03	1.836530094516451586e-03
4.049999999999999822e+00	7.500131189735080237e-03	1.796520014355181124e-03
4.054999999999999716e+00	7.500128313626952536e-03	1.757121683964288795e-03
4.059999999999999609e+00	7.500125481621633915e-03	1.718327475888679337e-03
4.064999999999999503e+00	7.500122693167295823e-03	1.680129834714774121e-03
4.070000000000000284e+00	7.500119947717325160e-03	1.642521276282474631e-03
4.075000000000000178e+00	7.500117244730316463e-03	1.605494387598153504e-03
4.080000000000000071e+00	7.500114583670020735e-03	1.569041826146954201e-03
4.084999999999999964e+00	7.500111964005331568e-03	1.533156319705783694e-03
4.089999999999999858e+00	7.500109385210244374e-03	1.497830665752848591e-03
4.094999999999999751e+00	7.500106846763832102e-03	1.463057731184094204e-03
4.099999999999999645e+00	7.500104348150208808e-03	1.428830451816908396e-03
4.105000000000000426e+00	7.500101888858502763e-03	1.395141832013476043e-03
4.110000000000000320e+00	7.500099468382827837e-03	1.361984944275599664e-03
4.115000000000000213e+00	7.500097086222246197e-03	1.329352928778311429e-03
4.120000000000000107e+00	7.500094741880747491e-03	1.297238993052811460e-03
4.125000000000000000e+00	7.500092434867207218e-03	1.265636411433741348e-03
4.129999999999999893e+00	7.500090164695369377e-03	1.234538524827341610e-03
4.134999999999999787e+00	7.500087930883797029e-03	1.203938740075491875e-03
4.139999999999999680e+00	7.500085732955870561e-03	1.173830529806293944e-03
4.144999999999999574e+00	7.500083570439721771e-03	1.144207431717976856e-03
4.150000000000000355e+00	7.500081442868239065e-03	1.115063048509267038e-03
4.155000000000000249e+00	7.500079349779002411e-03	1.086391047086240642e-03
4.160000000000000142e+00	7.500077290714289406e-03	1.058185158569573386e-03
4.165000000000000036e+00	7.500075265221008494e-03	1.030439177427464395e-03
4.169999999999999929e+00	7.500073272850703299e-03	1.003146961557298961e-03
4.174999999999999822e+00	7.500071313159488440e-03	9.763024313473696791e-04
4.179999999999999716e+00	7.500069385708055605e-03	9.498995698303315006e-04
4.185000000000000497e+00	7.500067490061603295e-03	9.239324216766433943e-04
4.190000000000000391e+00	7.500065625789852433e-03	8.983950934174703400e-04
4.195000000000000284e+00	7.500063792466963968e-03	8.732817523725429050e-04
4.200000000000000178e+00	7.500061989671566627e-03	8.485866269399383556e-04
4.205000000000000071e+00	7.500060216986668450e-03	8.243040054611486646e-04
4.209999999999999964e+00	7.500058473999683673e-03	8.004282365754193575e-04
4.214999999999999858e+00	7.500056760302346859e-03	7.769537280246007144e-04
4.219999999999999751e+00	7.500055075490741525e-03	7.538749470698255300e-04
4.224999999999999645e+00	7.500053419165210802e-03	7.311864192386177685e-04
4.230000000000000426e+00	7.500051790930387791e-03	7.088827288016685173e-04
4.235000000000000320e+00	7.500050190395104489e-03	6.869585174647942043e-04
4.240000000000000213e+00	7.500048617172425623e-03	6.654084849035708923e-04
4.245000000000000107e+00	7.500047070879556702e-03	6.442273874025613483e-04
4.250000000000000000e+00	7.500045551137878713e-03	6.234100384457388032e-04
4.254999999999999893e+00	7.500044057572849247e-03	6.029513073052504817e-04
4.259999999999999787e+00	7.500042589814051933e-03	5.828461196856543278e-04
4.264999999999999680e+00	7.500041147495081946e-03	5.630894562644921325e-04
4.269999999999999574e+00	7.500039730253604126e-03	5.436763533883244527e-04
4.275000000000000355e+00	7.500038337731240214e-03	5.246019015674248560e-04
4.280000000000000249e+00	7.500036969573621766e-03	5.058612462216212444e-04
4.285000000000000142e+00	7.500035625430279129e-03	4.874495861311793328e-04
4.290000000000000036e+00	7.500034304954699554e-03	4.693621742307364699e-04
4.294999999999999929e+00	7.500033007804207501e-03	4.515943160183551880e-04
4.299999999999999822e+00	7.500031733640028821e-03	4.341413703957548958e-04
4.304999999999999716e+00	7.500030482127171931e-03	4.169987480376424836e-04
4.309999999999999609e+00	7.500029252934491998e-03	4.001619122764453105e-04
4.314999999999999503e+00	7.500028045734566905e-03	3.836263774337875959e-04
4.320000000000000284e+00	7.500026860203765772e-03	3.673877097481520124e-04
4.325000000000000178e+00	7.500025696022125793e-03	3.514415256703254365e-04
4.330000000000000071e+00	7.500024552873423359e-03	3.357834928323673979e-04
4.334999999999999964e+00	7.500023430445043951e-03	3.204093283089025942e-04
4.339999999999999858e+00	7.500022328428057605e-03	3.053147996257528710e-04
4.344999999999999751e+00	7.500021246517089672e-03	2.904957229888388711e-04
4.349999999999999645e+00	7.500020184410398014e-03	2.759479643311288583e-04
4.355000000000000426e+00	7.500019141809739429e-03	2.616674375106149090e-04
4.360000000000000320e+00	7.500018118420447716e-03	2.476501053941294883e-04
4.365000000000000213e+00	7.500017113951304437e-03	2.338919780262253964e-04
4.370000000000000107e+00	7.500016128114616980e-03	2.203891137484021974e-04
4.375000000000000000e+00	7.500015160626084115e-03	2.071376173402941789e-04
4.379999999999999893e+00	7.500014211204876664e-03	1.941336411731096206e-04
4.384999999999999787e+00	7.500013279573507392e-03	1.813733833246354067e-04
4.389999999999999680e+00	7.500012365457909072e-03	1.688530887655873328e-04
4.394999999999999574e+00	7.500011468587300910e-03	1.565690474498159521e-04
4.400000000000000355e+00	7.500010588694274415e-03	1.445175955323734006e-04
4.405000000000000249e+00	7.500009725514655487e-03	1.326951134363922537e-04
4.410000000000000142e+00	7.500008878787590288e-03	1.210980271016084178e-04
4.415000000000000036e+00	7.500008048255407331e-03	1.097228060290896955e-04
4.419999999999999929e+00	7.500007233663706814e-03	9.856596455936218054e-05
4.424999999999999822e+00	7.500006434761221849e-03	8.762405989617794253e-05
4.429999999999999716e+00	7.500005651299904326e-03	7.689369341308951793e-05
4.435000000000000497e+00	7.500004883034792208e-03	6.637150865752078561e-05
4.440000000000000391e+00	7.500004129724093666e-03	5.605419268474554865e-05
4.445000000000000284e+00	7.500003391129049166e-03	4.593847404336746644e-05
4.450000000000000178e+00	7.500002667014027749e-03	3.602112413588080727e-05
4.455000000000000071e+00	7.500001957146377844e-03	2.629895518659297301e-05
4.459999999999999964e+00	7.500001261296527014e-03	1.676882162780185567e-05
4.464999999999999858e+00	7.500000579237838839e-03	7.427618051178088027e-06
4.469999999999999751e+00	7.499999910746706598e-03	-1.727719381201565988e-06
4.474999999999999645e+00	7.499999255602412748e-03	-1.070021500114477588e-05
4.480000000000000426e+00	7.499998613587222605e-03	-1.949285219924044819e-05
4.485000000000000320e+00	7.499997984486242962e-03	-2.810857550381820787e-05
4.490000000000000213e+00	7.499997368087521835e-03	-3.655028912252686449e-05
4.495000000000000107e+00	7.499996764181896675e-03	-4.482085903525823866e-05
4.500000000000000000e+00	7.499996172563105391e-03	-5.292311151304597062e-05
4.504999999999999893e+00	7.499995593027630227e-03	-6.085983522405623232e-05
4.509999999999999787e+00	7.499995025374807042e-03	-6.863377973048722692e-05
4.514999999999999680e+00	7.499994469406672665e-03	-7.624765760699738371e-05
4.519999999999999574e+00	7.499993924928073305e-03	-8.370414291612306525e-05
4.525000000000000355e+00	7.499993391746512771e-03	-9.100587333841039274e-05
4.530000000000000249e+00	7.499992869672260885e-03	-9.815544862692423623e-05
4.535000000000000142e+00	7.499992358518202569e-03	-1.051554327485796248e-04
4.540000000000000036e+00	7.499991858099944522e-03	-1.120083523181218227e-04
4.544999999999999929e+00	7.499991368235666908e-03	-1.187166987499747444e-04
4.549999999999999822e+00	7.499990888746233507e-03	-1.252829266723122059e-04
4.554999999999999716e+00	7.499990419455033856e-03	-1.317094560889495213e-04
4.559999999999999609e+00	7.499989960188104682e-03	-1.379986707737176194e-04
4.564999999999999503e+00	7.499989510773965098e-03	-1.441529204419814342e-04
4.570000000000000284e+00	7.499989071043740643e-03	-1.501745191257724686e-04
4.575000000000000178e+00	7.499988640831001946e-03	-1.560657473543908475e-04
4.580000000000000071e+00	7.499988219971883557e-03	-1.618288505106244219e-04
4.584999999999999964e+00	7.499987808304927825e-03	-1.674660410202083742e-04
4.589999999999999858e+00	7.499987405671200251e-03	-1.729794966892740182e-04
4.594999999999999751e+00	7.499987011914135103e-03	-1.783713629022406241e-04
4.599999999999999645e+00	7.499986626879656844e-03	-1.836437509408392051e-04
4.605000000000000426e+00	7.499986250416014466e-03	-1.887987401902761547e-04
4.610000000000000320e+00	7.499985882373909861e-03	-1.938383764398167333e-04
4.615000000000000213e+00	7.499985522606337357e-03	-1.987646740969654046e-04
4.620000000000000107e+00	7.499985170968703416e-03	-2.035796144699752921e-04
4.625000000000000000e+00	7.499984827318670506e-03	-2.082851479896750144e-04
4.629999999999999893e+00	7.499984491516281139e-03	-2.128831924739222183e-04
4.634999999999999787e+00	7.499984163423794800e-03	-2.173756353571799113e-04
4.639999999999999680e+00	7.499983842905815455e-03	-2.217643319369219592e-04
4.644999999999999574e+00	7.499983529829130219e-03	-2.260511076107756315e-04
4.650000000000000355e+00	7.499983224062836858e-03	-2.302377561049065750e-04
4.655000000000000249e+00	7.499982925478179858e-03	-2.343260417186573974e-04
4.660000000000000142e+00	7.499982633948685737e-03	-2.383176975348944709e-04
4.665000000000000036e+00	7.499982349349990432e-03	-2.422144276721413894e-04
4.669999999999999929e+00	7.499982071559978085e-03	-2.460179054769432209e-04
4.674999999999999822e+00	7.499981800458611902e-03	-2.497297757834416850e-04
4.679999999999999716e+00	7.499981535928070334e-03	-2.533516530875124764e-04
4.685000000000000497e+00	7.499981277852579668e-03	-2.568851238141029499e-04
4.690000000000000391e+00	7.499981026118550213e-03	-2.603317444729859559e-04
4.695000000000000284e+00	7.499980780614409759e-03	-2.636930439337465716e-04
4.700000000000000178e+00	7.499980541230736285e-03	-2.669705215631245580e-04
4.705000000000000071e+00	7.499980307860097499e-03	-2.701656495078890948e-04
4.709999999999999964e+00	7.499980080397183543e-03	-2.732798708134655231e-04
4.714999999999999858e+00	7.499979858738640461e-03	-2.763146017148628833e-04
4.719999999999999751e+00	7.499979642783209839e-03	-2.792712297364037728e-04
4.724999999999999645e+00	7.499979432431561413e-03	-2.821511159909266780e-04
4.730000000000000426e+00	7.499979227586432706e-03	-2.849555932603110874e-04
4.735000000000000320e+00	7.499979028152458163e-03	-2.876859683032927800e-04
4.740000000000000213e+00	7.499978834036315732e-03	-2.903435199165077768e-04
4.745000000000000107e+00	7.499978645146552526e-03	-2.929295012510557314e-04
4.750000000000000000e+00	7.499978461393730540e-03	-2.954451378537571379e-04
4.754999999999999893e+00	7.499978282690256647e-03	-2.978916299929899566e-04
4.759999999999999787e+00	7.499978108950527446e-03	-3.002701506796940333e-04
4.764999999999999680e+00	7.499977940090759264e-03	-3.025818480027439887e-04
4.769999999999999574e+00	7.499977776029129531e-03	-3.048278431293636082e-04
4.775000000000000355e+00	7.499977616685611984e-03	-3.070092326504965385e-04
4.780000000000000249e+00	7.499977461982119779e-03	-3.091270865602410950e-04
4.785000000000000142e+00	7.499977311842338096e-03	-3.111824506115789916e-04
4.790000000000000036e+00	7.499977166191866378e-03	-3.131763442742868382e-04
4.794999999999999929e+00	7.499977024958050069e-03	-3.151097631016240943e-04
4.799999999999999822e+00	7.499976888070132401e-03	-3.169836766662758112e-04
4.804999999999999716e+00	7.499976755459078319e-03	-3.187990309383594402e-04
4.809999999999999609e+00	7.499976627057725401e-03	-3.205567461988682648e-04
4.814999999999999503e+00	7.499976502800615591e-03	-3.222577194297129616e-04
4.820000000000000284e+00	7.499976382624140916e-03	-3.239028222041107205e-04
4.825000000000000178e+00	7.499976266466374351e-03	-3.254929030890339270e-04
4.830000000000000071e+00	7.499976154267222472e-03	-3.270287855120551819e-04
4.834999999999999964e+00	7.499976045968251119e-03	-3.285112701768662575e-04
4.839999999999999858e+00	7.499975941512841519e-03	-3.299411329059388494e-04
4.844999999999999751e+00	7.499975840846013347e-03	-3.313191270697355968e-04
4.849999999999999645e+00	7.499975743914584318e-03	-3.326459814045976278e-04
4.855000000000000426e+00	7.499975650666989777e-03	-3.339224024563145366e-04
4.860000000000000320e+00	7.499975561053446628e-03	-3.351490723724666072e-04
4.865000000000000213e+00	7.499975475025774663e-03	-3.363266513610743626e-04
4.870000000000000107e+00	7.499975392537554415e-03	-3.374557754568308695e-04
4.875000000000000000e+00	7.499975313543951957e-03	-3.385370589954979142e-04
4.879999999999999893e+00	7.499975238001881095e-03	-3.395710923533377511e-04
4.884999999999999787e+00	7.499975165869822956e-03	-3.405584444378564456e-04
4.889999999999999680e+00	7.499975097107991658e-03	-3.414996603998134389e-04
4.894999999999999574e+00	7.499975031678153027e-03	-3.423952641412415982e-04
4.900000000000000355e+00	7.499974969543789401e-03	-3.432457559990828859e-04
4.905000000000000249e+00	7.499974910669922681e-03	-3.440516152712397757e-04
4.910000000000000142e+00	7.499974855023278271e-03	-3.448132978711771802e-04
4.915000000000000036e+00	7.499974802572103791e-03	-3.455312388727958882e-04
4.919999999999999929e+00	7.499974753286340820e-03	-3.462058501352574752e-04
4.924999999999999822e+00	7.499974707137437545e-03	-3.468375228674256934e-04
4.929999999999999716e+00	7.499974664098523966e-03	-3.474266252221397573e-04
4.935000000000000497e+00	7.499974624144224548e-03	-3.479735048811730125e-04
4.940000000000000391e+00	7.499974587250836898e-03	-3.484784866180232676e-04
4.945000000000000284e+00	7.499974553396138340e-03	-3.489418749042119770e-04
4.950000000000000178e+00	7.499974522559568063e-03	-3.493639514398198288e-04
4.955000000000000071e+00	7.499974494722035437e-03	-3.497449777821223901e-04
4.959999999999999964e+00	7.499974469866103888e-03	-3.500851928429970844e-04
4.964999999999999858e+00	7.499974447975793143e-03	-3.503848155406327726e-04
4.969999999999999751e+00	7.499974429036769183e-03	-3.506440422629947522e-04
4.974999999999999645e+00	7.499974413036144746e-03	-3.508630495436163661e-04
4.980000000000000426e+00	7.499974399962671887e-03	-3.510419914902188814e-04
4.985000000000000320e+00	7.499974389806540742e-03	-3.511810024856267193e-04
4.990000000000000213e+00	7.499974382559570357e-03	-3.512801945804715112e-04
4.995000000000000107e+00	7.499974378215011790e-03	-3.513396602201126757e-04
5.000000000000000000e+00	7.499974376767738066e-03	-3.513594696007581630e-04
