# coordinate_x	h	p	@time=461.28999999999996
0.000000000000000000e+00	2.700308490992868182e-01	5.715773633053505831e-01
5.000000000000000104e-03	2.700272813296573649e-01	5.715773631407604638e-01
1.000000000000000021e-02	2.700165780219398459e-01	5.715773626469149438e-01
1.499999999999999944e-02	2.699987391773951972e-01	5.715773618237331988e-01
2.000000000000000042e-02	2.699737647990865796e-01	5.715773606710192745e-01
2.500000000000000139e-02	2.699416548905261837e-01	5.715773591885476845e-01
2.999999999999999889e-02	2.699024094569876242e-01	5.715773573759805881e-01
3.500000000000000333e-02	2.698560285041877171e-01	5.715773552329512786e-01
4.000000000000000083e-02	2.698025120396083110e-01	5.715773527589800285e-01
4.499999999999999833e-02	2.697418600711775638e-01	5.715773499535580227e-01
5.000000000000000278e-02	2.696740726085953277e-01	5.715773468160628701e-01
5.500000000000000028e-02	2.695991496620124828e-01	5.715773433458426478e-01
5.999999999999999778e-02	2.695170912433600963e-01	5.715773395421307468e-01
6.500000000000000222e-02	2.694278973650260922e-01	5.715773354041309151e-01
7.000000000000000666e-02	2.693315680411895174e-01	5.715773309309313266e-01
7.500000000000001110e-02	2.692281032864931589e-01	5.715773261215894019e-01
8.000000000000000167e-02	2.691175031173838050e-01	5.715773209750460992e-01
8.499999999999999223e-02	2.689997675507803665e-01	5.715773154902108466e-01
8.999999999999999667e-02	2.688748966054202993e-01	5.715773096658750552e-01
9.500000000000000111e-02	2.687428903005228964e-01	5.715773035007979397e-01
1.000000000000000056e-01	2.686037486571429267e-01	5.715772969936193659e-01
1.050000000000000100e-01	2.684574716968279873e-01	5.715772901429454489e-01
1.100000000000000006e-01	2.683040594429798587e-01	5.715772829472615113e-01
1.149999999999999911e-01	2.681435119195057504e-01	5.715772754050177928e-01
1.199999999999999956e-01	2.679758291521880387e-01	5.715772675145424087e-01
1.250000000000000000e-01	2.678010111673280180e-01	5.715772592741265035e-01
1.300000000000000044e-01	2.676190579931258529e-01	5.715772506819370991e-01
1.350000000000000089e-01	2.674299696583155028e-01	5.715772417361024704e-01
1.400000000000000133e-01	2.672337461935554437e-01	5.715772324346253264e-01
1.450000000000000178e-01	2.670303876300545998e-01	5.715772227754674084e-01
1.499999999999999944e-01	2.668198940009745002e-01	5.715772127564623384e-01
1.549999999999999989e-01	2.666022653400448861e-01	5.715772023754008835e-01
1.600000000000000033e-01	2.663775016829789677e-01	5.715771916299435818e-01
1.650000000000000078e-01	2.661456030660774852e-01	5.715771805177055631e-01
1.700000000000000122e-01	2.659065695276577879e-01	5.715771690361688417e-01
1.749999999999999889e-01	2.656604011066461268e-01	5.715771571827681363e-01
1.799999999999999933e-01	2.654070978440207229e-01	5.715771449548016081e-01
1.849999999999999978e-01	2.651466597813919579e-01	5.715771323495175693e-01
1.900000000000000022e-01	2.648790869624605970e-01	5.715771193640252212e-01
1.950000000000000067e-01	2.646043794315839914e-01	5.715771059953803634e-01
2.000000000000000111e-01	2.643225372352511759e-01	5.715770922404963539e-01
2.050000000000000155e-01	2.640335604206345832e-01	5.715770780962304842e-01
2.099999999999999922e-01	2.637374490370824054e-01	5.715770635592937188e-01
2.149999999999999967e-01	2.634342031346547652e-01	5.715770486263375139e-01
2.200000000000000011e-01	2.631238227656346740e-01	5.715770332938630016e-01
2.250000000000000056e-01	2.628063079830478266e-01	5.715770175583086976e-01
2.300000000000000100e-01	2.624816588421933217e-01	5.715770014159581303e-01
2.349999999999999867e-01	2.621498753991455266e-01	5.715769848630284367e-01
2.399999999999999911e-01	2.618109577123062803e-01	5.715769678955774369e-01
2.449999999999999956e-01	2.614649058408875515e-01	5.715769505095921188e-01
2.500000000000000000e-01	2.611117198464861233e-01	5.715769327008956013e-01
2.550000000000000044e-01	2.607513997915464898e-01	5.715769144652355083e-01
2.600000000000000089e-01	2.603839457409590774e-01	5.715768957981904874e-01
2.650000000000000133e-01	2.600093577605016582e-01	5.715768766952586954e-01
2.700000000000000178e-01	2.596276359184632176e-01	5.715768571517645391e-01
2.750000000000000222e-01	2.592387802840626643e-01	5.715768371629458278e-01
2.800000000000000266e-01	2.588427909290991757e-01	5.715768167238608477e-01
2.850000000000000311e-01	2.584396679263472052e-01	5.715767958294764028e-01
2.899999999999999800e-01	2.580294113512350274e-01	5.715767744745731127e-01
2.949999999999999845e-01	2.576120212802144871e-01	5.715767526538338972e-01
2.999999999999999889e-01	2.571874977924694106e-01	5.715767303617488304e-01
3.049999999999999933e-01	2.567558409682585974e-01	5.715767075927041807e-01
3.099999999999999978e-01	2.563170508906557066e-01	5.715766843408862652e-01
3.150000000000000022e-01	2.558711276438643267e-01	5.715766606003701567e-01
3.200000000000000067e-01	2.554180713149908910e-01	5.715766363650237603e-01
3.250000000000000111e-01	2.549578819923301043e-01	5.715766116285962983e-01
3.300000000000000155e-01	2.544905597671729969e-01	5.715765863846214989e-01
3.350000000000000200e-01	2.540161047320610987e-01	5.715765606265064136e-01
3.400000000000000244e-01	2.535345169826313527e-01	5.715765343474342730e-01
3.449999999999999734e-01	2.530457966158374816e-01	5.715765075404525275e-01
3.499999999999999778e-01	2.525499437318338147e-01	5.715764801983761467e-01
3.549999999999999822e-01	2.520469584321620715e-01	5.715764523138745501e-01
3.599999999999999867e-01	2.515368408216762108e-01	5.715764238793750174e-01
3.649999999999999911e-01	2.510195910066925773e-01	5.715763948871492861e-01
3.699999999999999956e-01	2.504952090969586043e-01	5.715763653292166291e-01
3.750000000000000000e-01	2.499636952037639359e-01	5.715763351974300077e-01
3.800000000000000044e-01	2.494250494419552044e-01	5.715763044833781503e-01
3.850000000000000089e-01	2.488792719280064902e-01	5.715762731784727047e-01
3.900000000000000133e-01	2.483263627820824493e-01	5.715762412738487619e-01
3.950000000000000178e-01	2.477663221260661408e-01	5.715762087604516761e-01
4.000000000000000222e-01	2.471991500856731139e-01	5.715761756289379214e-01
4.050000000000000266e-01	2.466248467884341600e-01	5.715761418697604679e-01
4.099999999999999756e-01	2.460434123658632177e-01	5.715761074730699720e-01
4.149999999999999800e-01	2.454548469513928299e-01	5.715760724287987093e-01
4.199999999999999845e-01	2.448591506825989750e-01	5.715760367265625419e-01
4.249999999999999889e-01	2.442563236990863418e-01	5.715760003557431856e-01
4.299999999999999933e-01	2.436463661447733076e-01	5.715759633053899558e-01
4.349999999999999978e-01	2.430292781657246437e-01	5.715759255643018122e-01
4.400000000000000022e-01	2.424050599124998595e-01	5.715758871209282166e-01
4.450000000000000067e-01	2.417737115379304247e-01	5.715758479634500677e-01
4.500000000000000111e-01	2.411352331995351983e-01	5.715758080796808915e-01
4.550000000000000155e-01	2.404896250572390870e-01	5.715757674571458891e-01
4.600000000000000200e-01	2.398368872758594728e-01	5.715757260829842368e-01
4.649999999999999689e-01	2.391770200227630871e-01	5.715756839440249149e-01
4.699999999999999734e-01	2.385100234704274902e-01	5.715756410266904508e-01
4.749999999999999778e-01	2.378358977940329688e-01	5.715755973170704163e-01
4.799999999999999822e-01	2.371546431741031191e-01	5.715755528008255038e-01
4.849999999999999867e-01	2.364662597940282163e-01	5.715755074632590249e-01
4.899999999999999911e-01	2.357707478427900349e-01	5.715754612892210984e-01
4.949999999999999956e-01	2.350681075124123887e-01	5.715754142631778167e-01
5.000000000000000000e-01	2.343583390007751288e-01	5.715753663691168773e-01
5.050000000000000044e-01	2.336414425089881342e-01	5.715753175906125305e-01
5.100000000000000089e-01	2.329174182442997620e-01	5.715752679107325429e-01
5.150000000000000133e-01	2.321862664173898194e-01	5.715752173121005919e-01
5.200000000000000178e-01	2.314479872453780729e-01	5.715751657768035621e-01
5.250000000000000222e-01	2.307025809490318158e-01	5.715751132864501649e-01
5.300000000000000266e-01	2.299500477558807376e-01	5.715750598220805667e-01
5.350000000000000311e-01	2.291903878973337583e-01	5.715750053642190132e-01
5.400000000000000355e-01	2.284236016119068902e-01	5.715749498927872319e-01
5.450000000000000400e-01	2.276496891422444824e-01	5.715748933871501736e-01
5.500000000000000444e-01	2.268686507384667927e-01	5.715748358260331896e-01
5.550000000000000488e-01	2.260804866550900627e-01	5.715747771875610006e-01
5.600000000000000533e-01	2.252851971545015985e-01	5.715747174491777605e-01
5.649999999999999467e-01	2.244827825037724323e-01	5.715746565876796970e-01
5.699999999999999512e-01	2.236732429782683218e-01	5.715745945791387284e-01
5.749999999999999556e-01	2.228565788583483920e-01	5.715745313989264442e-01
5.799999999999999600e-01	2.220327904331210189e-01	5.715744670216428291e-01
5.849999999999999645e-01	2.212018779970217064e-01	5.715744014211305846e-01
5.899999999999999689e-01	2.203638418537229859e-01	5.715743345704097367e-01
5.949999999999999734e-01	2.195186823125843401e-01	5.715742664416805230e-01
5.999999999999999778e-01	2.186663996927266651e-01	5.715741970062651056e-01
6.049999999999999822e-01	2.178069943193459979e-01	5.715741262345976903e-01
6.099999999999999867e-01	2.169404665279637268e-01	5.715740540961736782e-01
6.149999999999999911e-01	2.160668166605957674e-01	5.715739805595262402e-01
6.199999999999999956e-01	2.151860450701905958e-01	5.715739055921840173e-01
6.250000000000000000e-01	2.142981521166444081e-01	5.715738291606319299e-01
6.300000000000000044e-01	2.134031381714402986e-01	5.715737512302783152e-01
6.350000000000000089e-01	2.125010036134997726e-01	5.715736717653985277e-01
6.400000000000000133e-01	2.115917488340369190e-01	5.715735907291131790e-01
6.450000000000000178e-01	2.106753742322355349e-01	5.715735080833115322e-01
6.500000000000000222e-01	2.097518802203341970e-01	5.715734237886428426e-01
6.550000000000000266e-01	2.088212672191173402e-01	5.715733378044169921e-01
6.600000000000000311e-01	2.078835356632479092e-01	5.715732500886102629e-01
6.650000000000000355e-01	2.069386859965601233e-01	5.715731605977409924e-01
6.700000000000000400e-01	2.059867186776581371e-01	5.715730692868915552e-01
6.750000000000000444e-01	2.050276341749968367e-01	5.715729761095552641e-01
6.800000000000000488e-01	2.040614329727668541e-01	5.715728810176775587e-01
6.850000000000000533e-01	2.030881155657486281e-01	5.715727839614700434e-01
6.899999999999999467e-01	2.021076824655058668e-01	5.715726848894738810e-01
6.949999999999999512e-01	2.011201341949969135e-01	5.715725837483361937e-01
6.999999999999999556e-01	2.001254712951008874e-01	5.715724804828983263e-01
7.049999999999999600e-01	1.991236943189692021e-01	5.715723750359311683e-01
7.099999999999999645e-01	1.981148038389106691e-01	5.715722673482509508e-01
7.149999999999999689e-01	1.970988004404644611e-01	5.715721573584069404e-01
7.199999999999999734e-01	1.960756847296734051e-01	5.715720450028302091e-01
7.249999999999999778e-01	1.950454573268579628e-01	5.715719302154671499e-01
7.299999999999999822e-01	1.940081188743095486e-01	5.715718129279646620e-01
7.349999999999999867e-01	1.929636700297434893e-01	5.715716930692433806e-01
7.399999999999999911e-01	1.919121114744478662e-01	5.715715705657240520e-01
7.449999999999999956e-01	1.908534439063906962e-01	5.715714453408314855e-01
7.500000000000000000e-01	1.897876680488634615e-01	5.715713173152692228e-01
7.550000000000000044e-01	1.887147846432162823e-01	5.715711864064445535e-01
7.600000000000000089e-01	1.876347944580391558e-01	5.715710525287966970e-01
7.650000000000000133e-01	1.865476982814956441e-01	5.715709155931336660e-01
7.700000000000000178e-01	1.854534969310902004e-01	5.715707755070219553e-01
7.750000000000000222e-01	1.843521912455684530e-01	5.715706321740207096e-01
7.800000000000000266e-01	1.832437820953235763e-01	5.715704854941431323e-01
7.850000000000000311e-01	1.821282703738281716e-01	5.715703353629747463e-01
7.900000000000000355e-01	1.810056570087390238e-01	5.715701816722142947e-01
7.950000000000000400e-01	1.798759429528219433e-01	5.715700243086607735e-01
8.000000000000000444e-01	1.787391291958211614e-01	5.715698631548462583e-01
8.050000000000000488e-01	1.775952167548345839e-01	5.715696980878710587e-01
8.100000000000000533e-01	1.764442066870212655e-01	5.715695289801432377e-01
8.149999999999999467e-01	1.752861000793808355e-01	5.715693556980390166e-01
8.199999999999999512e-01	1.741208980623816238e-01	5.715691781027646412e-01
8.249999999999999556e-01	1.729486017990919666e-01	5.715689960488176125e-01
8.299999999999999600e-01	1.717692124998226044e-01	5.715688093849876639e-01
8.349999999999999645e-01	1.705827314105521353e-01	5.715686179525886201e-01
8.399999999999999689e-01	1.693891598286880740e-01	5.715684215866211337e-01
8.449999999999999734e-01	1.681884990907230593e-01	5.715682201137393115e-01
8.499999999999999778e-01	1.669807505892324795e-01	5.715680133535997465e-01
8.549999999999999822e-01	1.657659157596909627e-01	5.715678011165229444e-01
8.599999999999999867e-01	1.645439960988394068e-01	5.715675832050560734e-01
8.649999999999999911e-01	1.633149931505835095e-01	5.715673594112823386e-01
8.699999999999999956e-01	1.620789085258813322e-01	5.715671295186312006e-01
8.750000000000000000e-01	1.608357438876362733e-01	5.715668932987788553e-01
8.800000000000000044e-01	1.595855009722768614e-01	5.715666505137457776e-01
8.850000000000000089e-01	1.583281815735460840e-01	5.715664009123214706e-01
8.900000000000000133e-01	1.570637875659698091e-01	5.715661442324961872e-01
8.950000000000000178e-01	1.557923208874328613e-01	5.715658801973328984e-01
9.000000000000000222e-01	1.545137835647594216e-01	5.715656085177851509e-01
9.050000000000000266e-01	1.532281776949536989e-01	5.715653288879245508e-01
9.100000000000000311e-01	1.519355054731489907e-01	5.715650409882113703e-01
9.150000000000000355e-01	1.506357691723746728e-01	5.715647444799646371e-01
9.200000000000000400e-01	1.493289711741695447e-01	5.715644390091623173e-01
9.250000000000000444e-01	1.480151139467199006e-01	5.715641242000238931e-01
9.300000000000000488e-01	1.466942000784781097e-01	5.715637996594298276e-01
9.350000000000000533e-01	1.453662322544964358e-01	5.715634649694599778e-01
9.399999999999999467e-01	1.440312132934456202e-01	5.715631196925399227e-01
9.449999999999999512e-01	1.426891461219467194e-01	5.715627633627463622e-01
9.499999999999999556e-01	1.413400338154483793e-01	5.715623954918107597e-01
9.549999999999999600e-01	1.399838795703322869e-01	5.715620155589625773e-01
9.599999999999999645e-01	1.386206867491846795e-01	5.715616230179458856e-01
9.649999999999999689e-01	1.372504588504204204e-01	5.715612172851260997e-01
9.699999999999999734e-01	1.358731995585760743e-01	5.715607977477054069e-01
9.749999999999999778e-01	1.344889127111623950e-01	5.715603637497572720e-01
9.799999999999999822e-01	1.330976023547165710e-01	5.715599146018690568e-01
9.849999999999999867e-01	1.316992727085524451e-01	5.715594495646929563e-01
9.899999999999999911e-01	1.302939282274432897e-01	5.715589678602919221e-01
9.949999999999999956e-01	1.288815735618909220e-01	5.715584686527052094e-01
1.000000000000000000e+00	1.274622136284733198e-01	5.715579510613322256e-01
1.004999999999999893e+00	1.260358535661992574e-01	5.715574141378932937e-01
1.010000000000000009e+00	1.246024988157530822e-01	5.715568568822639861e-01
1.015000000000000124e+00	1.231621550714368934e-01	5.715562782150619414e-01
1.020000000000000018e+00	1.217148283707903816e-01	5.715556769964400541e-01
1.024999999999999911e+00	1.202605250415462596e-01	5.715550519933410012e-01
1.030000000000000027e+00	1.187992518034049622e-01	5.715544019018770072e-01
1.035000000000000142e+00	1.173310157093428313e-01	5.715537253080531510e-01
1.040000000000000036e+00	1.158558242616966188e-01	5.715530207145144148e-01
1.044999999999999929e+00	1.143736853470599668e-01	5.715522864932247593e-01
1.050000000000000044e+00	1.128846073693046959e-01	5.715515209175578981e-01
1.055000000000000160e+00	1.113885991771809553e-01	5.715507221050138975e-01
1.060000000000000053e+00	1.098856702174958316e-01	5.715498880558814720e-01
1.064999999999999947e+00	1.083758304543908507e-01	5.715490165835411807e-01
1.070000000000000062e+00	1.068590905466526020e-01	5.715481053612542217e-01
1.075000000000000178e+00	1.053354617574787239e-01	5.715471518368973047e-01
1.080000000000000071e+00	1.038049561608588578e-01	5.715461532898602481e-01
1.084999999999999964e+00	1.022675865404475554e-01	5.715451067261229090e-01
1.090000000000000080e+00	1.007233666312008641e-01	5.715440089478029950e-01
1.095000000000000195e+00	9.917231100575429892e-02	5.715428564232302167e-01
1.100000000000000089e+00	9.761443535911858149e-02	5.715416453724291301e-01
1.104999999999999982e+00	9.604975638070772925e-02	5.715403716051437044e-01
1.110000000000000098e+00	9.447829209202546208e-02	5.715390306265315523e-01
1.115000000000000213e+00	9.290006170220528603e-02	5.715376174337645221e-01
1.120000000000000107e+00	9.131508601143858983e-02	5.715361266475497137e-01
1.125000000000000000e+00	8.972338724757525363e-02	5.715345522547042867e-01
1.129999999999999893e+00	8.812498955182607174e-02	5.715328877729459744e-01
1.134999999999999787e+00	8.651991879364615001e-02	5.715311259223256890e-01
1.139999999999999902e+00	8.490820316036513937e-02	5.715292588332392398e-01
1.145000000000000018e+00	8.328987294725899437e-02	5.715272776232023233e-01
1.149999999999999911e+00	8.166496127978921382e-02	5.715251726615305783e-01
1.154999999999999805e+00	8.003350387551701195e-02	5.715229330187427959e-01
1.159999999999999920e+00	7.839553993739253879e-02	5.715205468062822813e-01
1.165000000000000036e+00	7.675111188408391405e-02	5.715180004524280655e-01
1.169999999999999929e+00	7.510026646650620752e-02	5.715152791424495948e-01
1.174999999999999822e+00	7.344305446340830545e-02	5.715123658550661512e-01
1.179999999999999938e+00	7.177953209299418880e-02	5.715092419385737754e-01
1.185000000000000053e+00	7.010976067157992375e-02	5.715058858120189988e-01
1.189999999999999947e+00	6.843380842073730486e-02	5.715022737277326570e-01
1.194999999999999840e+00	6.675175008912072327e-02	5.714983779955662424e-01
1.199999999999999956e+00	6.506366929783655162e-02	5.714941680044779426e-01
1.205000000000000071e+00	6.336965813029267480e-02	5.714896077565069232e-01
1.209999999999999964e+00	6.166982022223441856e-02	5.714846572537481961e-01
1.214999999999999858e+00	5.996427033378751159e-02	5.714792690141260456e-01
1.219999999999999973e+00	5.825313848873234918e-02	5.714733899821999863e-01
1.225000000000000089e+00	5.653656956073709050e-02	5.714669565110598315e-01
1.229999999999999982e+00	5.481472892099415600e-02	5.714598970376701947e-01
1.234999999999999876e+00	5.308780210445435133e-02	5.714521246994819226e-01
1.239999999999999991e+00	5.135600267448840045e-02	5.714435411479242832e-01
1.245000000000000107e+00	4.961957209925543788e-02	5.714340254216421222e-01
1.250000000000000000e+00	4.787879095601765833e-02	5.714234394920315596e-01
1.254999999999999893e+00	4.613397927137286025e-02	5.714116110374524160e-01
1.260000000000000009e+00	4.438551289516743520e-02	5.713983416905029644e-01
1.265000000000000124e+00	4.263382479963921667e-02	5.713833795461283893e-01
1.270000000000000018e+00	4.087942970061755887e-02	5.713664317429798523e-01
1.274999999999999911e+00	3.912292729142109737e-02	5.713471190469034955e-01
1.280000000000000027e+00	3.736504046632121295e-02	5.713249956135376673e-01
1.285000000000000142e+00	3.560662244524823161e-02	5.712994709610864641e-01
1.290000000000000036e+00	3.384871825950238472e-02	5.712698420968337354e-01
1.294999999999999929e+00	3.209257976800631434e-02	5.712351533663063696e-01
1.300000000000000044e+00	3.033976848238481225e-02	5.711942508996541434e-01
1.305000000000000160e+00	2.859218681384246077e-02	5.711455179518443170e-01
1.310000000000000053e+00	2.685225720184964207e-02	5.710869722268521187e-01
1.314999999999999947e+00	2.512298710420560188e-02	5.710157378189151256e-01
1.320000000000000062e+00	2.340829329491538394e-02	5.709282324579423307e-01
1.325000000000000178e+00	2.171313622900393481e-02	5.708190523137326444e-01
1.330000000000000071e+00	2.004412118709645446e-02	5.706813739716203315e-01
1.334999999999999964e+00	1.840976288956389095e-02	5.705044825975351674e-01
1.340000000000000080e+00	1.682156800134107164e-02	5.702747898581534969e-01
1.345000000000000195e+00	1.529445004769893444e-02	5.699702997020682504e-01
1.350000000000000089e+00	1.384828620149815108e-02	5.695637843668031053e-01
1.354999999999999982e+00	1.250789550737031221e-02	5.690117388014546140e-01
1.360000000000000098e+00	1.130308464062298839e-02	5.682656848551237427e-01
1.365000000000000213e+00	1.026502213160327900e-02	5.672590682659151007e-01
1.370000000000000107e+00	9.418431628831372068e-03	5.659396038351590663e-01
1.375000000000000000e+00	8.772858003677146826e-03	5.642712455759607559e-01
1.379999999999999893e+00	8.313920422911602257e-03	5.622644261747865579e-01
1.384999999999999787e+00	8.009089046853521549e-03	5.599752602333776252e-01
1.389999999999999902e+00	7.817337054123612433e-03	5.574718976549074556e-01
1.395000000000000018e+00	7.701292507987970472e-03	5.548314507937572859e-01
1.399999999999999911e+00	7.633069064802182856e-03	5.521041816292963089e-01
1.404999999999999805e+00	7.593394897623880445e-03	5.493313000662289891e-01
1.409999999999999920e+00	7.570649629195945821e-03	5.465341504681214824e-01
1.415000000000000036e+00	7.557554081976246285e-03	5.437283616693411314e-01
1.419999999999999929e+00	7.550056559555594869e-03	5.409213665962439022e-01
1.424999999999999822e+00	7.545698936839336998e-03	5.381184042050105587e-01
1.429999999999999938e+00	7.543149938991586603e-03	5.353218856711878804e-01
1.435000000000000053e+00	7.541610133609539038e-03	5.325334847304423747e-01
1.439999999999999947e+00	7.540650472828758222e-03	5.297539542304476878e-01
1.444999999999999840e+00	7.540014171080827721e-03	5.269838092215159975e-01
1.449999999999999956e+00	7.539563832857329104e-03	5.242232705765775824e-01
1.455000000000000071e+00	7.539217319724908842e-03	5.214724836635856731e-01
1.459999999999999964e+00	7.538930730541998533e-03	5.187315006112857008e-01
1.464999999999999858e+00	7.538677830888636244e-03	5.160003498507264030e-01
1.469999999999999973e+00	7.538444605018236946e-03	5.132790304713846785e-01
1.475000000000000089e+00	7.538222678496925983e-03	5.105675343008673206e-01
1.479999999999999982e+00	7.538007577745571217e-03	5.078658440798846652e-01
1.484999999999999876e+00	7.537796629488020123e-03	5.051739404834447722e-01
1.489999999999999991e+00	7.537588405199975583e-03	5.024918015061706766e-01
1.495000000000000107e+00	7.537382050672048611e-03	4.998194047114259964e-01
1.500000000000000000e+00	7.537177108759531702e-03	4.971567270010724404e-01
1.504999999999999893e+00	7.536973305483546208e-03	4.945037453530233273e-01
1.510000000000000009e+00	7.536770493496161398e-03	4.918604367135981925e-01
1.515000000000000124e+00	7.536568583861523798e-03	4.892267782562553791e-01
1.520000000000000018e+00	7.536367528026931620e-03	4.866027473134676984e-01
1.524999999999999911e+00	7.536167296074312502e-03	4.839883214836164793e-01
1.530000000000000027e+00	7.535967870970130406e-03	4.813834785760011115e-01
1.535000000000000142e+00	7.535769241635802834e-03	4.787881966694082503e-01
1.540000000000000036e+00	7.535571401111956606e-03	4.762024540618381985e-01
1.544999999999999929e+00	7.535374344353025326e-03	4.736262293135299895e-01
1.550000000000000044e+00	7.535178067639039350e-03	4.710595011986934422e-01
1.555000000000000160e+00	7.534982567875787157e-03	4.685022487433910254e-01
1.560000000000000053e+00	7.534787842404121541e-03	4.659544511783729193e-01
1.564999999999999947e+00	7.534593888779784164e-03	4.634160879751341722e-01
1.570000000000000062e+00	7.534400704709371711e-03	4.608871387995283064e-01
1.575000000000000178e+00	7.534208287982908057e-03	4.583675835470820137e-01
1.580000000000000071e+00	7.534016636450199984e-03	4.558574022972424200e-01
1.584999999999999964e+00	7.533825748002009361e-03	4.533565753483218552e-01
1.590000000000000080e+00	7.533635620559320407e-03	4.508650831722971208e-01
1.595000000000000195e+00	7.533446252069960457e-03	4.483829064495307715e-01
1.600000000000000089e+00	7.533257640502008003e-03	4.459100260240613234e-01
1.604999999999999982e+00	7.533069783845314053e-03	4.434464229381725464e-01
1.610000000000000098e+00	7.532882680106274542e-03	4.409920783881243200e-01
1.615000000000000213e+00	7.532696327310879972e-03	4.385469737586182304e-01
1.620000000000000107e+00	7.532510723499961404e-03	4.361110905789207237e-01
1.625000000000000000e+00	7.532325866732711948e-03	4.336844105572636998e-01
1.629999999999999893e+00	7.532141755082115767e-03	4.312669155373165530e-01
1.634999999999999787e+00	7.531958386638604869e-03	4.288585875325562902e-01
1.639999999999999902e+00	7.531775759505575721e-03	4.264594086830462150e-01
1.645000000000000018e+00	7.531593871803076400e-03	4.240693612898082110e-01
1.649999999999999911e+00	7.531412721663385650e-03	4.216884277718685459e-01
1.654999999999999805e+00	7.531232307234686160e-03	4.193165907006616844e-01
1.659999999999999920e+00	7.531052626676699134e-03	4.169538327573055758e-01
1.665000000000000036e+00	7.530873678164346288e-03	4.146001367670673621e-01
1.669999999999999929e+00	7.530695459883419117e-03	4.122554856568314552e-01
1.674999999999999822e+00	7.530517970034227883e-03	4.099198624896523979e-01
1.679999999999999938e+00	7.530341206827310778e-03	4.075932504223842012e-01
1.685000000000000053e+00	7.530165168487072506e-03	4.052756327403452818e-01
1.689999999999999947e+00	7.529989853247522937e-03	4.029669928150774738e-01
1.694999999999999840e+00	7.529815259355905274e-03	4.006673141391442483e-01
1.699999999999999956e+00	7.529641385068466808e-03	3.983765802839920878e-01
1.705000000000000071e+00	7.529468228654080143e-03	3.960947749349043034e-01
1.709999999999999964e+00	7.529295788390038234e-03	3.938218818489351847e-01
1.714999999999999858e+00	7.529124062565670412e-03	3.915578848900402309e-01
1.719999999999999973e+00	7.528953049478169512e-03	3.893027679870571522e-01
1.725000000000000089e+00	7.528782747436190553e-03	3.870565151690311123e-01
1.729999999999999982e+00	7.528613154755710822e-03	3.848191105232193765e-01
1.734999999999999876e+00	7.528444269763620751e-03	3.825905382306276081e-01
1.739999999999999991e+00	7.528276090793610022e-03	3.803707825240146834e-01
1.745000000000000107e+00	7.528108616189751502e-03	3.781598277236581929e-01
1.750000000000000000e+00	7.527941844302405566e-03	3.759576581953376628e-01
1.754999999999999893e+00	7.527775773491811838e-03	3.737642583863426959e-01
1.760000000000000009e+00	7.527610402124004785e-03	3.715796127834158358e-01
1.765000000000000124e+00	7.527445728574404596e-03	3.694037059490172803e-01
1.770000000000000018e+00	7.527281751223751857e-03	3.672365224792082938e-01
1.774999999999999911e+00	7.527118468461701899e-03	3.650780470401844280e-01
1.780000000000000027e+00	7.526955878682769011e-03	3.629282643260834385e-01
1.785000000000000142e+00	7.526793980289927730e-03	3.607871590957982821e-01
1.790000000000000036e+00	7.526632771690568331e-03	3.586547161306936071e-01
1.794999999999999929e+00	7.526472251300099850e-03	3.565309202717075188e-01
1.800000000000000044e+00	7.526312417537922052e-03	3.544157563769634312e-01
1.805000000000000160e+00	7.526153268831027587e-03	3.523092093591697060e-01
1.810000000000000053e+00	7.525994803609990444e-03	3.502112641431131546e-01
1.814999999999999947e+00	7.525837020312565497e-03	3.481219057033647646e-01
1.820000000000000062e+00	7.525679917379693440e-03	3.460411190216418631e-01
1.825000000000000178e+00	7.525523493259102942e-03	3.439688891248286473e-01
1.830000000000000071e+00	7.525367746401323381e-03	3.419052010421954058e-01
1.834999999999999964e+00	7.525212675263294806e-03	3.398500398437385717e-01
1.840000000000000080e+00	7.525058278304389350e-03	3.378033905972485096e-01
1.845000000000000195e+00	7.524904553990024655e-03	3.357652384069750306e-01
1.850000000000000089e+00	7.524751500787693094e-03	3.337355683705330867e-01
1.854999999999999982e+00	7.524599117170584738e-03	3.317143656178982436e-01
1.860000000000000098e+00	7.524447401613618309e-03	3.297016152681435108e-01
1.865000000000000213e+00	7.524296352597078033e-03	3.276973024687679925e-01
1.870000000000000107e+00	7.524145968602641982e-03	3.257014123522573024e-01
1.875000000000000000e+00	7.523996248117033672e-03	3.237139300757476135e-01
1.879999999999999893e+00	7.523847189628052150e-03	3.217348407774044960e-01
1.884999999999999787e+00	7.523698791628227051e-03	3.197641296164254743e-01
1.889999999999999902e+00	7.523551052610864300e-03	3.178017817292292380e-01
1.895000000000000018e+00	7.523403971073700305e-03	3.158477822697997039e-01
1.899999999999999911e+00	7.523257545514949393e-03	3.139021163656813274e-01
1.904999999999999805e+00	7.523111774436975346e-03	3.119647691586640015e-01
1.909999999999999920e+00	7.522966656342337105e-03	3.100357257605812489e-01
1.915000000000000036e+00	7.522822189737468114e-03	3.081149712943370145e-01
1.919999999999999929e+00	7.522678373128723756e-03	3.062024908495032949e-01
1.924999999999999822e+00	7.522535205026071974e-03	3.042982695236862711e-01
1.929999999999999938e+00	7.522392683939146778e-03	3.024022923779224881e-01
1.935000000000000053e+00	7.522250808380939735e-03	3.005145444783846598e-01
1.939999999999999947e+00	7.522109576863856076e-03	2.986350108515723467e-01
1.944999999999999840e+00	7.521968987903423533e-03	2.967636765263561016e-01
1.949999999999999956e+00	7.521829040014342375e-03	2.949005264889624223e-01
1.955000000000000071e+00	7.521689731714202055e-03	2.930455457253532403e-01
1.959999999999999964e+00	7.521551061519541649e-03	2.911987191760054272e-01
1.964999999999999858e+00	7.521413027949566503e-03	2.893600317786223508e-01
1.969999999999999973e+00	7.521275629522210411e-03	2.875294684227067132e-01
1.975000000000000089e+00	7.521138864757866138e-03	2.857070139926035091e-01
1.979999999999999982e+00	7.521002732175446730e-03	2.838926533218655845e-01
1.984999999999999876e+00	7.520867230296122107e-03	2.820863712366235565e-01
1.989999999999999991e+00	7.520732357639382110e-03	2.802881525097460358e-01
1.995000000000000107e+00	7.520598112726786105e-03	2.784979819045324545e-01
2.000000000000000000e+00	7.520464494078019958e-03	2.767158441286695081e-01
2.004999999999999893e+00	7.520331500214656913e-03	2.749417238782415063e-01
2.009999999999999787e+00	7.520199129656218902e-03	2.731756057914858649e-01
2.014999999999999680e+00	7.520067380923939164e-03	2.714174744931164285e-01
2.020000000000000018e+00	7.519936252536827889e-03	2.696673145478798439e-01
2.024999999999999911e+00	7.519805743015446978e-03	2.679251105051871917e-01
2.029999999999999805e+00	7.519675850877961809e-03	2.661908468524733506e-01
2.035000000000000142e+00	7.519546574643942022e-03	2.644645080601305542e-01
2.040000000000000036e+00	7.519417912830405476e-03	2.627460785346766858e-01
2.044999999999999929e+00	7.519289863955620767e-03	2.610355426639833776e-01
2.049999999999999822e+00	7.519162426535162466e-03	2.593328847702555673e-01
2.054999999999999716e+00	7.519035599085715366e-03	2.576380891555500874e-01
2.060000000000000053e+00	7.518909380121130588e-03	2.559511400545694260e-01
2.064999999999999947e+00	7.518783768156238508e-03	2.542720216804645328e-01
2.069999999999999840e+00	7.518658761702903121e-03	2.526007181774468924e-01
2.075000000000000178e+00	7.518534359273847112e-03	2.509372136668677200e-01
2.080000000000000071e+00	7.518410559378698420e-03	2.492814921996555355e-01
2.084999999999999964e+00	7.518287360527828311e-03	2.476335378026632283e-01
2.089999999999999858e+00	7.518164761228400550e-03	2.459933344309350733e-01
2.094999999999999751e+00	7.518042759988210338e-03	2.443608660143158362e-01
2.100000000000000089e+00	7.517921355311733486e-03	2.427361164095524215e-01
2.104999999999999982e+00	7.517800545703980097e-03	2.411190694471568585e-01
2.109999999999999876e+00	7.517680329666535932e-03	2.395097088833481047e-01
2.115000000000000213e+00	7.517560705701424768e-03	2.379080184471608073e-01
2.120000000000000107e+00	7.517441672307153232e-03	2.363139817922344232e-01
2.125000000000000000e+00	7.517323227982575760e-03	2.347275825441588748e-01
2.129999999999999893e+00	7.517205371222941170e-03	2.331488042521161208e-01
2.134999999999999787e+00	7.517088100523763687e-03	2.315776304364560445e-01
2.140000000000000124e+00	7.516971414376871254e-03	2.300140445401960554e-01
2.145000000000000018e+00	7.516855311274279160e-03	2.284580299768186606e-01
2.149999999999999911e+00	7.516739789704241816e-03	2.269095700816361749e-01
2.155000000000000249e+00	7.516624848155131593e-03	2.253686481597996227e-01
2.160000000000000142e+00	7.516510485111490593e-03	2.238352474375379098e-01
2.165000000000000036e+00	7.516396699057912092e-03	2.223093511103685083e-01
2.169999999999999929e+00	7.516283488475099250e-03	2.207909422942159194e-01
2.174999999999999822e+00	7.516170851843748286e-03	2.192800040738172307e-01
2.180000000000000160e+00	7.516058787640607190e-03	2.177765194537269744e-01
2.185000000000000053e+00	7.515947294342361501e-03	2.162804714069080092e-01
2.189999999999999947e+00	7.515836370421699955e-03	2.147918428256299916e-01
2.195000000000000284e+00	7.515726014351202869e-03	2.133106165702357004e-01
2.200000000000000178e+00	7.515616224599405183e-03	2.118367754199419750e-01
2.205000000000000071e+00	7.515506999634692653e-03	2.103703021217715186e-01
2.209999999999999964e+00	7.515398337921364892e-03	2.089111793412633811e-01
2.214999999999999858e+00	7.515290237923535899e-03	2.074593897115615815e-01
2.220000000000000195e+00	7.515182698101200570e-03	2.060149157840422407e-01
2.225000000000000089e+00	7.515075716914130025e-03	2.045777400775501409e-01
2.229999999999999982e+00	7.514969292817953728e-03	2.031478450289497528e-01
2.235000000000000320e+00	7.514863424268048743e-03	2.017252130424993239e-01
2.240000000000000213e+00	7.514758109715622726e-03	2.003098264403359585e-01
2.245000000000000107e+00	7.514653347611609246e-03	1.989016675119762156e-01
2.250000000000000000e+00	7.514549136402755986e-03	1.975007184647424308e-01
2.254999999999999893e+00	7.514445474535518324e-03	1.961069614733813027e-01
2.259999999999999787e+00	7.514342360452147540e-03	1.947203786304394779e-01
2.264999999999999680e+00	7.514239792594590468e-03	1.933409519959899958e-01
2.270000000000000018e+00	7.514137769400582034e-03	1.919686635479649905e-01
2.274999999999999911e+00	7.514036289307542311e-03	1.906034952319807796e-01
2.279999999999999805e+00	7.513935350748675128e-03	1.892454289116358157e-01
2.285000000000000142e+00	7.513834952156860786e-03	1.878944464184235663e-01
2.290000000000000036e+00	7.513735091960764209e-03	1.865505295020055687e-01
2.294999999999999929e+00	7.513635768588727663e-03	1.852136598802015255e-01
2.299999999999999822e+00	7.513536980464882373e-03	1.838838191892449847e-01
2.304999999999999716e+00	7.513438726013035168e-03	1.825609890338417696e-01
2.310000000000000053e+00	7.513341003652793115e-03	1.812451509374163050e-01
2.314999999999999947e+00	7.513243811803443223e-03	1.799362863922286393e-01
2.319999999999999840e+00	7.513147148880086612e-03	1.786343768096194939e-01
2.325000000000000178e+00	7.513051013297513889e-03	1.773394035701753579e-01
2.330000000000000071e+00	7.512955403466343648e-03	1.760513479739826415e-01
2.334999999999999964e+00	7.512860317796899584e-03	1.747701912908291855e-01
2.339999999999999858e+00	7.512765754695355062e-03	1.734959147104753741e-01
2.344999999999999751e+00	7.512671712567602425e-03	1.722284993928843155e-01
2.350000000000000089e+00	7.512578189815407106e-03	1.709679264185169911e-01
2.354999999999999982e+00	7.512485184840275200e-03	1.697141768385812821e-01
2.359999999999999876e+00	7.512392696039614515e-03	1.684672316253597590e-01
2.365000000000000213e+00	7.512300721810594335e-03	1.672270717224670911e-01
2.370000000000000107e+00	7.512209260546316887e-03	1.659936779952204400e-01
2.375000000000000000e+00	7.512118310639673627e-03	1.647670312808938442e-01
2.379999999999999893e+00	7.512027870479523646e-03	1.635471123391395165e-01
2.384999999999999787e+00	7.511937938454542156e-03	1.623339019022309038e-01
2.390000000000000124e+00	7.511848512949411902e-03	1.611273806255423269e-01
2.395000000000000018e+00	7.511759592348662973e-03	1.599275291377709463e-01
2.399999999999999911e+00	7.511671175032875493e-03	1.587343279914831540e-01
2.405000000000000249e+00	7.511583259382508156e-03	1.575477577133052032e-01
2.410000000000000142e+00	7.511495843774117394e-03	1.563677987545461501e-01
2.415000000000000036e+00	7.511408926584175506e-03	1.551944315413462949e-01
2.419999999999999929e+00	7.511322506185300237e-03	1.540276364253844454e-01
2.424999999999999822e+00	7.511236580950059021e-03	1.528673937339762867e-01
2.430000000000000160e+00	7.511151149247222852e-03	1.517136837208730160e-01
2.435000000000000053e+00	7.511066209445553185e-03	1.505664866163000937e-01
2.439999999999999947e+00	7.510981759910063602e-03	1.494257825778559645e-01
2.445000000000000284e+00	7.510897799005804981e-03	1.482915517404810313e-01
2.450000000000000178e+00	7.510814325094141049e-03	1.471637741674654831e-01
2.455000000000000071e+00	7.510731336536514459e-03	1.460424299003387494e-01
2.459999999999999964e+00	7.510648831690738825e-03	1.449274989099935407e-01
2.464999999999999858e+00	7.510566808914757864e-03	1.438189611464877338e-01
2.470000000000000195e+00	7.510485266562947834e-03	1.427167964902925912e-01
2.475000000000000089e+00	7.510404202989864539e-03	1.416209848019971962e-01
2.479999999999999982e+00	7.510323616546562241e-03	1.405315058736889833e-01
2.485000000000000320e+00	7.510243505584324186e-03	1.394483394785512864e-01
2.490000000000000213e+00	7.510163868450999737e-03	1.383714653223851176e-01
2.495000000000000107e+00	7.510084703494723617e-03	1.373008630930899476e-01
2.500000000000000000e+00	7.510006009060263450e-03	1.362365124123339211e-01
2.504999999999999893e+00	7.509927783492729471e-03	1.351783928849102923e-01
2.509999999999999787e+00	7.509850025133936804e-03	1.341264840505630440e-01
2.514999999999999680e+00	7.509772732326094359e-03	1.330807654332102352e-01
2.520000000000000018e+00	7.509695903408198335e-03	1.320412164929323784e-01
2.524999999999999911e+00	7.509619536719694226e-03	1.310078166750543449e-01
2.529999999999999805e+00	7.509543630596887676e-03	1.299805453623041063e-01
2.535000000000000142e+00	7.509468183376597807e-03	1.289593819237435379e-01
2.540000000000000036e+00	7.509393193392579352e-03	1.279443056671064061e-01
2.544999999999999929e+00	7.509318658979162973e-03	1.269352958875690773e-01
2.549999999999999822e+00	7.509244578467696475e-03	1.259323318202741071e-01
2.554999999999999716e+00	7.509170950190164305e-03	1.249353926889335692e-01
2.560000000000000053e+00	7.509097772475647851e-03	1.239444576585453511e-01
2.564999999999999947e+00	7.509025043653935402e-03	1.229595058838205412e-01
2.569999999999999840e+00	7.508952762051989381e-03	1.219805164620994670e-01
2.575000000000000178e+00	7.508880925997546765e-03	1.210074684815948681e-01
2.580000000000000071e+00	7.508809533815606271e-03	1.200403409745153249e-01
2.584999999999999964e+00	7.508738583832004487e-03	1.190791129651158770e-01
2.589999999999999858e+00	7.508668074369925609e-03	1.181237634230350858e-01
2.594999999999999751e+00	7.508598003753461092e-03	1.171742713111462442e-01
2.600000000000000089e+00	7.508528370304139339e-03	1.162306155391144430e-01
2.604999999999999982e+00	7.508459172344461932e-03	1.152927750110401689e-01
2.609999999999999876e+00	7.508390408194457605e-03	1.143607285792435646e-01
2.615000000000000213e+00	7.508322076175198527e-03	1.134344550916925459e-01
2.620000000000000107e+00	7.508254174605374226e-03	1.125139333460210556e-01
2.625000000000000000e+00	7.508186701804788789e-03	1.115991421367339698e-01
2.629999999999999893e+00	7.508119656090952131e-03	1.106900602094655767e-01
2.634999999999999787e+00	7.508053035782564187e-03	1.097866663079543059e-01
2.640000000000000124e+00	7.507986839196122662e-03	1.088889391285474545e-01
2.645000000000000018e+00	7.507921064649387272e-03	1.079968573669391335e-01
2.649999999999999911e+00	7.507855710458008307e-03	1.071103996729264041e-01
2.655000000000000249e+00	7.507790774938970929e-03	1.062295446969035856e-01
2.660000000000000142e+00	7.507726256407248888e-03	1.053542710448770875e-01
2.665000000000000036e+00	7.507662153179218457e-03	1.044845573247074333e-01
2.669999999999999929e+00	7.507598463569345112e-03	1.036203821013891579e-01
2.674999999999999822e+00	7.507535185893570578e-03	1.027617239430351215e-01
2.680000000000000160e+00	7.507472318466020325e-03	1.019085613764255938e-01
2.685000000000000053e+00	7.507409859602372400e-03	1.010608729327287930e-01
2.689999999999999947e+00	7.507347807616585739e-03	1.002186371033249035e-01
2.695000000000000284e+00	7.507286160824245581e-03	9.938183238525594154e-02
2.700000000000000178e+00	7.507224917539316936e-03	9.855043723733108996e-02
2.705000000000000071e+00	7.507164076077466573e-03	9.772443012529896667e-02
2.709999999999999964e+00	7.507103634752839913e-03	9.690378947823934108e-02
2.714999999999999858e+00	7.507043591881361333e-03	9.608849373345212941e-02
2.720000000000000195e+00	7.506983945777531003e-03	9.527852129314046126e-02
2.725000000000000089e+00	7.506924694757704380e-03	9.447385056901098921e-02
2.729999999999999982e+00	7.506865837136913328e-03	9.367445993925252457e-02
2.735000000000000320e+00	7.506807371232120454e-03	9.288032779284180473e-02
2.740000000000000213e+00	7.506749295359067126e-03	9.209143248682388760e-02
2.745000000000000107e+00	7.506691607835500046e-03	9.130775239031631296e-02
2.750000000000000000e+00	7.506634306978045290e-03	9.052926584209611272e-02
2.754999999999999893e+00	7.506577391105411466e-03	8.975595119429807811e-02
2.759999999999999787e+00	7.506520858535286299e-03	8.898778677031163320e-02
2.764999999999999680e+00	7.506464707587519845e-03	8.822475090816848942e-02
2.770000000000000018e+00	7.506408936581039290e-03	8.746682191875428114e-02
2.774999999999999911e+00	7.506353543837012213e-03	8.671397812887944589e-02
2.779999999999999805e+00	7.506298527675786536e-03	8.596619783981038210e-02
2.785000000000000142e+00	7.506243886420022569e-03	8.522345937001851723e-02
2.790000000000000036e+00	7.506189618391666783e-03	8.448574101403558134e-02
2.794999999999999929e+00	7.506135721915054362e-03	8.375302108487586716e-02
2.799999999999999822e+00	7.506082195313906399e-03	8.302527787321892228e-02
2.804999999999999716e+00	7.506029036914409029e-03	8.230248968950075461e-02
2.810000000000000053e+00	7.505976245042238378e-03	8.158463482342798168e-02
2.814999999999999947e+00	7.505923818025611940e-03	8.087169158573373484e-02
2.819999999999999840e+00	7.505871754192334350e-03	8.016363826802674897e-02
2.825000000000000178e+00	7.505820051872833139e-03	7.946045318420648373e-02
2.830000000000000071e+00	7.505768709397224459e-03	7.876211463065226071e-02
2.834999999999999964e+00	7.505717725098319353e-03	7.806860092729346612e-02
2.839999999999999858e+00	7.505667097308720698e-03	7.737989037814062276e-02
2.844999999999999751e+00	7.505616824363801724e-03	7.669596131200789868e-02
2.850000000000000089e+00	7.505566904598831579e-03	7.601679204338945839e-02
2.854999999999999982e+00	7.505517336351921753e-03	7.534236091282960068e-02
2.859999999999999876e+00	7.505468117961182871e-03	7.467264624814805296e-02
2.865000000000000213e+00	7.505419247767640759e-03	7.400762640445372742e-02
2.870000000000000107e+00	7.505370724112420990e-03	7.334727972572240018e-02
2.875000000000000000e+00	7.505322545339641535e-03	7.269158458445039439e-02
2.879999999999999893e+00	7.505274709793621594e-03	7.204051934358704501e-02
2.884999999999999787e+00	7.505227215821742154e-03	7.139406239582533897e-02
2.890000000000000124e+00	7.505180061771686909e-03	7.075219212589171913e-02
2.895000000000000018e+00	7.505133245994276801e-03	7.011488694947067002e-02
2.899999999999999911e+00	7.505086766840736098e-03	6.948212527585456710e-02
2.905000000000000249e+00	7.505040622665495702e-03	6.885388554649789217e-02
2.910000000000000142e+00	7.504994811823493053e-03	6.823014619803087488e-02
2.915000000000000036e+00	7.504949332672941620e-03	6.761088570044061774e-02
2.919999999999999929e+00	7.504904183572659419e-03	6.699608252044932100e-02
2.924999999999999822e+00	7.504859362884818558e-03	6.638571515932070732e-02
2.930000000000000160e+00	7.504814868972287632e-03	6.577976211660514771e-02
2.935000000000000053e+00	7.504770700201360452e-03	6.517820192756786091e-02
2.939999999999999947e+00	7.504726854939132268e-03	6.458101312730334109e-02
2.945000000000000284e+00	7.504683331556187727e-03	6.398817428778294514e-02
2.950000000000000178e+00	7.504640128424008329e-03	6.339966398234080092e-02
2.955000000000000071e+00	7.504597243917639562e-03	6.281546082233792350e-02
2.959999999999999964e+00	7.504554676413121780e-03	6.223554342202129719e-02
2.964999999999999858e+00	7.504512424290121775e-03	6.165989043480291781e-02
2.970000000000000195e+00	7.504470485929401816e-03	6.108848051849328359e-02
2.975000000000000089e+00	7.504428859715419134e-03	6.052129237119333732e-02
2.979999999999999982e+00	7.504387544033818379e-03	5.995830469690419801e-02
2.985000000000000320e+00	7.504346537274008550e-03	5.939949624102919962e-02
2.990000000000000213e+00	7.504305837826683208e-03	5.884484575636207693e-02
2.995000000000000107e+00	7.504265444086361848e-03	5.829433203819762987e-02
3.000000000000000000e+00	7.504225354448943938e-03	5.774793389069830807e-02
3.004999999999999893e+00	7.504185567314222531e-03	5.720563016161293868e-02
3.009999999999999787e+00	7.504146081083461726e-03	5.666739970902303497e-02
3.014999999999999680e+00	7.504106894161885130e-03	5.613322143566686767e-02
3.020000000000000018e+00	7.504068004956280201e-03	5.560307425606737797e-02
3.024999999999999911e+00	7.504029411877453752e-03	5.507693713046060702e-02
3.029999999999999805e+00	7.503991113337871860e-03	5.455478903230512322e-02
3.035000000000000142e+00	7.503953107754082405e-03	5.403660898181391475e-02
3.040000000000000036e+00	7.503915393544381002e-03	5.352237601384678134e-02
3.044999999999999929e+00	7.503877969131209254e-03	5.301206921104373998e-02
3.049999999999999822e+00	7.503840832938843235e-03	5.250566767210104735e-02
3.054999999999999716e+00	7.503803983395768325e-03	5.200315054450599384e-02
3.060000000000000053e+00	7.503767418932393712e-03	5.150449699319641084e-02
3.064999999999999947e+00	7.503731137983391669e-03	5.100968623289595799e-02
3.069999999999999840e+00	7.503695138985454552e-03	5.051869749715787172e-02
3.075000000000000178e+00	7.503659420379593312e-03	5.003151007029967706e-02
3.080000000000000071e+00	7.503623980608920517e-03	4.954810325683191990e-02
3.084999999999999964e+00	7.503588818120930648e-03	4.906845641299163036e-02
3.089999999999999858e+00	7.503553931365306538e-03	4.859254891655585828e-02
3.094999999999999751e+00	7.503519318796165842e-03	4.812036019797377023e-02
3.100000000000000089e+00	7.503484978869900436e-03	4.765186971056493970e-02
3.104999999999999982e+00	7.503450910047392529e-03	4.718705696125011922e-02
3.109999999999999876e+00	7.503417110791880951e-03	4.672590148113371644e-02
3.115000000000000213e+00	7.503383579571152977e-03	4.626838285583292909e-02
3.120000000000000107e+00	7.503350314855431434e-03	4.581448069644519089e-02
3.125000000000000000e+00	7.503317315119541371e-03	4.536417466947474664e-02
3.129999999999999893e+00	7.503284578840826655e-03	4.491744446818473485e-02
3.134999999999999787e+00	7.503252104501281945e-03	4.447426984212207723e-02
3.140000000000000124e+00	7.503219890585503989e-03	4.403463056885317806e-02
3.145000000000000018e+00	7.503187935582792366e-03	4.359850648308734311e-02
3.149999999999999911e+00	7.503156237985123336e-03	4.316587744879589461e-02
3.155000000000000249e+00	7.503124796289228904e-03	4.273672338793416126e-02
3.160000000000000142e+00	7.503093608994597548e-03	4.231102425294356456e-02
3.165000000000000036e+00	7.503062674605515993e-03	4.188876005507249228e-02
3.169999999999999929e+00	7.503031991629108971e-03	4.146991083726078026e-02
3.174999999999999822e+00	7.503001558577347165e-03	4.105445670206005204e-02
3.180000000000000160e+00	7.502971373965110387e-03	4.064237778489931951e-02
3.185000000000000053e+00	7.502941436312174708e-03	4.023365428160636387e-02
3.189999999999999947e+00	7.502911744141299057e-03	3.982826642205280349e-02
3.195000000000000284e+00	7.502882295980181117e-03	3.942619449727687714e-02
3.200000000000000178e+00	7.502853090359578626e-03	3.902741883350847873e-02
3.205000000000000071e+00	7.502824125815227979e-03	3.863191981889325943e-02
3.209999999999999964e+00	7.502795400885996745e-03	3.823967787789588763e-02
3.214999999999999858e+00	7.502766914115777987e-03	3.785067349762755162e-02
3.220000000000000195e+00	7.502738664051663599e-03	3.746488720262621669e-02
3.225000000000000089e+00	7.502710649245812602e-03	3.708229958078795158e-02
3.229999999999999982e+00	7.502682868253652236e-03	3.670289125852307932e-02
3.235000000000000320e+00	7.502655319635715900e-03	3.632664292629288888e-02
3.240000000000000213e+00	7.502628001955872865e-03	3.595353531414006293e-02
3.245000000000000107e+00	7.502600913783141930e-03	3.558354921683203748e-02
3.250000000000000000e+00	7.502574053689938481e-03	3.521666546976433276e-02
3.254999999999999893e+00	7.502547420253864729e-03	3.485286497371186537e-02
3.259999999999999787e+00	7.502521012055991464e-03	3.449212867110367647e-02
3.264999999999999680e+00	7.502494827682607524e-03	3.413443757038376464e-02
3.270000000000000018e+00	7.502468865723533643e-03	3.377977272265546282e-02
3.274999999999999911e+00	7.502443124773845035e-03	3.342811524565345027e-02
3.279999999999999805e+00	7.502417603432210390e-03	3.307944630075615455e-02
3.285000000000000142e+00	7.502392300302587573e-03	3.273374711657006664e-02
3.290000000000000036e+00	7.502367213992591245e-03	3.239099896630906472e-02
3.294999999999999929e+00	7.502342343115153862e-03	3.205118319099298924e-02
3.299999999999999822e+00	7.502317686286923658e-03	3.171428117719096718e-02
3.304999999999999716e+00	7.502293242129903957e-03	3.138027437983682139e-02
3.310000000000000053e+00	7.502269009269865903e-03	3.104914430033454270e-02
3.314999999999999947e+00	7.502244986337968692e-03	3.072087250899207048e-02
3.319999999999999840e+00	7.502221171969196585e-03	3.039544062348719863e-02
3.325000000000000178e+00	7.502197564803947914e-03	3.007283033092142746e-02
3.330000000000000071e+00	7.502174163486505058e-03	2.975302336664463823e-02
3.334999999999999964e+00	7.502150966666591356e-03	2.943600153593097651e-02
3.339999999999999858e+00	7.502127972997866233e-03	2.912174669315985287e-02
3.344999999999999751e+00	7.502105181139456964e-03	2.881024076311626200e-02
3.350000000000000089e+00	7.502082589754478954e-03	2.850146572052580235e-02
3.354999999999999982e+00	7.502060197511544945e-03	2.819540361098198805e-02
3.359999999999999876e+00	7.502038003083301779e-03	2.789203653083277556e-02
3.365000000000000213e+00	7.502016005147918790e-03	2.759134664773673154e-02
3.370000000000000107e+00	7.501994202387652320e-03	2.729331618089950520e-02
3.375000000000000000e+00	7.501972593490297686e-03	2.699792742126101708e-02
3.379999999999999893e+00	7.501951177147789251e-03	2.670516271207906342e-02
3.384999999999999787e+00	7.501929952057624640e-03	2.641500446875048175e-02
3.390000000000000124e+00	7.501908916921483025e-03	2.612743515973912217e-02
3.395000000000000018e+00	7.501888070446628524e-03	2.584243732603360572e-02
3.399999999999999911e+00	7.501867411344550172e-03	2.555999356241726861e-02
3.405000000000000249e+00	7.501846938332342764e-03	2.528008653656485180e-02
3.410000000000000142e+00	7.501826650131372849e-03	2.500269897065203820e-02
3.415000000000000036e+00	7.501806545468625749e-03	2.472781366009389400e-02
3.419999999999999929e+00	7.501786623075401908e-03	2.445541345549090764e-02
3.424999999999999822e+00	7.501766881688637888e-03	2.418548128101192032e-02
3.430000000000000160e+00	7.501747320049628742e-03	2.391800011667449127e-02
3.435000000000000053e+00	7.501727936905317785e-03	2.365295301637499251e-02
3.439999999999999947e+00	7.501708731007046722e-03	2.339032309050030969e-02
3.445000000000000284e+00	7.501689701111821131e-03	2.313009352360763729e-02
3.450000000000000178e+00	7.501670845981081408e-03	2.287224755736539175e-02
3.455000000000000071e+00	7.501652164381948304e-03	2.261676850788552767e-02
3.459999999999999964e+00	7.501633655086010349e-03	2.236363974899012799e-02
3.464999999999999858e+00	7.501615316870547702e-03	2.211284472920004712e-02
3.470000000000000195e+00	7.501597148517346464e-03	2.186436695532409380e-02
3.475000000000000089e+00	7.501579148813895641e-03	2.161819000910642982e-02
3.479999999999999982e+00	7.501561316552223142e-03	2.137429753113608000e-02
3.485000000000000320e+00	7.501543650530065853e-03	2.113267323715594878e-02
3.490000000000000213e+00	7.501526149549734256e-03	2.089330090228963890e-02
3.495000000000000107e+00	7.501508812419259084e-03	2.065616437701519800e-02
3.500000000000000000e+00	7.501491637951271559e-03	2.042124757170618587e-02
3.504999999999999893e+00	7.501474624964133558e-03	2.018853447227339851e-02
3.509999999999999787e+00	7.501457772280834338e-03	1.995800912501713084e-02
3.514999999999999680e+00	7.501441078730100749e-03	1.972965565194007703e-02
3.520000000000000018e+00	7.501424543145316509e-03	1.950345823590771827e-02
3.524999999999999911e+00	7.501408164365605535e-03	1.927940113563552174e-02
3.529999999999999805e+00	7.501391941234778100e-03	1.905746867115446636e-02
3.535000000000000142e+00	7.501375872602387279e-03	1.883764523847579475e-02
3.540000000000000036e+00	7.501359957322697655e-03	1.861991529535854395e-02
3.544999999999999929e+00	7.501344194255717482e-03	1.840426337565508400e-02
3.549999999999999822e+00	7.501328582266195144e-03	1.819067407537759348e-02
3.554999999999999716e+00	7.501313120224623564e-03	1.797913206672762873e-02
3.560000000000000053e+00	7.501297807006252275e-03	1.776962208445831762e-02
3.564999999999999947e+00	7.501282641492081418e-03	1.756212893959151894e-02
3.569999999999999840e+00	7.501267622567892035e-03	1.735663750607244205e-02
3.575000000000000178e+00	7.501252749125206232e-03	1.715313273417764031e-02
3.580000000000000071e+00	7.501238020060353902e-03	1.695159963745914572e-02
3.584999999999999964e+00	7.501223434275405139e-03	1.675202330584625240e-02
3.589999999999999858e+00	7.501208990677249965e-03	1.655438889287612694e-02
3.594999999999999751e+00	7.501194688178522071e-03	1.635868162849328164e-02
3.600000000000000089e+00	7.501180525696690693e-03	1.616488680656292740e-02
3.604999999999999982e+00	7.501166502154962661e-03	1.597298979737139107e-02
3.609999999999999876e+00	7.501152616481401164e-03	1.578297603541925845e-02
3.615000000000000213e+00	7.501138867609798318e-03	1.559483103162629530e-02
3.620000000000000107e+00	7.501125254478818206e-03	1.540854036140099949e-02
3.625000000000000000e+00	7.501111776032848635e-03	1.522408967655340326e-02
3.629999999999999893e+00	7.501098431221162391e-03	1.504146469363778008e-02
3.634999999999999787e+00	7.501085218998750775e-03	1.486065120557688614e-02
3.640000000000000124e+00	7.501072138325501348e-03	1.468163507027453116e-02
3.645000000000000018e+00	7.501059188167012379e-03	1.450440222195492103e-02
3.649999999999999911e+00	7.501046367493787066e-03	1.432893866004150175e-02
3.655000000000000249e+00	7.501033675282033249e-03	1.415523046021484668e-02
3.660000000000000142e+00	7.501021110512876705e-03	1.398326376355498411e-02
3.665000000000000036e+00	7.501008672173133107e-03	1.381302478732095509e-02
3.669999999999999929e+00	7.500996359254543007e-03	1.364449981435314312e-02
3.674999999999999822e+00	7.500984170754529910e-03	1.347767520357851488e-02
3.680000000000000160e+00	7.500972105675453479e-03	1.331253737966952080e-02
3.685000000000000053e+00	7.500960163025337246e-03	1.314907284327836330e-02
3.689999999999999947e+00	7.500948341817149576e-03	1.298726816094922590e-02
3.695000000000000284e+00	7.500936641069513161e-03	1.282710997508521543e-02
3.700000000000000178e+00	7.500925059805994659e-03	1.266858499411046592e-02
3.705000000000000071e+00	7.500913597055807250e-03	1.251168000217333341e-02
3.709999999999999964e+00	7.500902251853109812e-03	1.235638184955520531e-02
3.714999999999999858e+00	7.500891023237693869e-03	1.220267746211342423e-02
3.720000000000000195e+00	7.500879910254300113e-03	1.205055383193336625e-02
3.725000000000000089e+00	7.500868911953283667e-03	1.189999802651486860e-02
3.729999999999999982e+00	7.500858027389952290e-03	1.175099717966408656e-02
3.735000000000000320e+00	7.500847255625211693e-03	1.160353850042695339e-02
3.740000000000000213e+00	7.500836595724925428e-03	1.145760926421785127e-02
3.745000000000000107e+00	7.500826046760532446e-03	1.131319682150319465e-02
3.750000000000000000e+00	7.500815607808427807e-03	1.117028858916375642e-02
3.754999999999999893e+00	7.500805277950568957e-03	1.102887205893232810e-02
3.759999999999999787e+00	7.500795056273866848e-03	1.088893478898586911e-02
3.764999999999999680e+00	7.500784941870774873e-03	1.075046441214092680e-02
3.770000000000000018e+00	7.500774933838698193e-03	1.061344862767252262e-02
3.774999999999999911e+00	7.500765031280563593e-03	1.047787520927074417e-02
3.779999999999999805e+00	7.500755233304248759e-03	1.034373199708309154e-02
3.785000000000000142e+00	7.500745539023130452e-03	1.021100690543572630e-02
3.790000000000000036e+00	7.500735947555531996e-03	1.007968791509612598e-02
3.794999999999999929e+00	7.500726458025256706e-03	9.949763080762447434e-03
3.799999999999999822e+00	7.500717069561046654e-03	9.821220523543193470e-03
3.804999999999999716e+00	7.500707781297103957e-03	9.694048438218317784e-03
3.810000000000000053e+00	7.500698592372560813e-03	9.568235085932453449e-03
3.814999999999999947e+00	7.500689501931989515e-03	9.443768801231532464e-03
3.819999999999999840e+00	7.500680509124883766e-03	9.320637984966359882e-03
3.825000000000000178e+00	7.500671613106152207e-03	9.198831111107884373e-03
3.830000000000000071e+00	7.500662813035621421e-03	9.078336719858156809e-03
3.834999999999999964e+00	7.500654108078504308e-03	8.959143424247762930e-03
3.839999999999999858e+00	7.500645497404924769e-03	8.841239903450809692e-03
3.844999999999999751e+00	7.500636980190368737e-03	8.724614909168175100e-03
3.850000000000000089e+00	7.500628555615221002e-03	8.609257259143226343e-03
3.854999999999999982e+00	7.500620222865204099e-03	8.495155843334321541e-03
3.859999999999999876e+00	7.500611981130929015e-03	8.382299617628107685e-03
3.865000000000000213e+00	7.500603829608319326e-03	8.270677609804703845e-03
3.870000000000000107e+00	7.500595767498172313e-03	8.160278913445473750e-03
3.875000000000000000e+00	7.500587794006573564e-03	8.051092693694352972e-03
3.879999999999999893e+00	7.500579908344468492e-03	7.943108181356897321e-03
3.884999999999999787e+00	7.500572109728064797e-03	7.836314678461022212e-03
3.890000000000000124e+00	7.500564397378417861e-03	7.730701552544314535e-03
3.895000000000000018e+00	7.500556770521814125e-03	7.626258242017756005e-03
3.899999999999999911e+00	7.500549228389373838e-03	7.522974250638089257e-03
3.905000000000000249e+00	7.500541770217421418e-03	7.420839152677635546e-03
3.910000000000000142e+00	7.500534395247101214e-03	7.319842587578869256e-03
3.915000000000000036e+00	7.500527102724731388e-03	7.219974264933820204e-03
3.919999999999999929e+00	7.500519891901431813e-03	7.121223959317538044e-03
3.924999999999999822e+00	7.500512762033471892e-03	7.023581515080498314e-03
3.930000000000000160e+00	7.500505712381902793e-03	6.927036841357917495e-03
3.935000000000000053e+00	7.500498742212894851e-03	6.831579916678439703e-03
3.939999999999999947e+00	7.500491850797384556e-03	6.737200784146475663e-03
3.945000000000000284e+00	7.500485037411396341e-03	6.643889555870238772e-03
3.950000000000000178e+00	7.500478301335702577e-03	6.551636408314089575e-03
3.955000000000000071e+00	7.500471641856134089e-03	6.460431586549220638e-03
3.959999999999999964e+00	7.500465058263250558e-03	6.370265399773216222e-03
3.964999999999999858e+00	7.500458549852635423e-03	6.281128225386561383e-03
3.970000000000000195e+00	7.500452115924586237e-03	6.193010504676301278e-03
3.975000000000000089e+00	7.500445755784391350e-03	6.105902746721647047e-03
3.979999999999999982e+00	7.500439468742030671e-03	6.019795524238923633e-03
3.985000000000000320e+00	7.500433254112443687e-03	5.934679477319373259e-03
3.990000000000000213e+00	7.500427111215244962e-03	5.850545309432571978e-03
3.995000000000000107e+00	7.500421039374972204e-03	5.767383790999518547e-03
4.000000000000000000e+00	7.500415037920814786e-03	5.685185755551633996e-03
4.004999999999999893e+00	7.500409106186855732e-03	5.603942103142250594e-03
4.009999999999999787e+00	7.500403243511808912e-03	5.523643796658465714e-03
4.014999999999999680e+00	7.500397449239247158e-03	5.444281865074114372e-03
4.019999999999999574e+00	7.500391722717347255e-03	5.365847399911639372e-03
4.025000000000000355e+00	7.500386063299118063e-03	5.288331558339555427e-03
4.030000000000000249e+00	7.500380470342148109e-03	5.211725559781648504e-03
4.035000000000000142e+00	7.500374943208818965e-03	5.136020688861900503e-03
4.040000000000000036e+00	7.500369481266075389e-03	5.061208292158327245e-03
4.044999999999999929e+00	7.500364083885616151e-03	4.987279780998244219e-03
4.049999999999999822e+00	7.500358750443678925e-03	4.914226628354123778e-03
4.054999999999999716e+00	7.500353480321224169e-03	4.842040371492360024e-03
4.059999999999999609e+00	7.500348272903724356e-03	4.770712609008303726e-03
4.064999999999999503e+00	7.500343127581340918e-03	4.700235003331198688e-03
4.070000000000000284e+00	7.500338043748722150e-03	4.630599277895990941e-03
4.075000000000000178e+00	7.500333020805169740e-03	4.561797219507544333e-03
4.080000000000000071e+00	7.500328058154445351e-03	4.493820675646395535e-03
4.084999999999999964e+00	7.500323155204931085e-03	4.426661556694826659e-03
4.089999999999999858e+00	7.500318311369443859e-03	4.360311833374500880e-03
4.094999999999999751e+00	7.500313526065382867e-03	4.294763538837075706e-03
4.099999999999999645e+00	7.500308798714557836e-03	4.230008766230956667e-03
4.105000000000000426e+00	7.500304128743322599e-03	4.166039670659330008e-03
4.110000000000000320e+00	7.500299515582417240e-03	4.102848466873694304e-03
4.115000000000000213e+00	7.500294958667089520e-03	4.040427431101935481e-03
4.120000000000000107e+00	7.500290457436944828e-03	3.978768898866131415e-03
4.125000000000000000e+00	7.500286011336062403e-03	3.917865266683491672e-03
4.129999999999999893e+00	7.500281619812849618e-03	3.857708990005923651e-03
4.134999999999999787e+00	7.500277282320152138e-03	3.798292584796428718e-03
4.139999999999999680e+00	7.500272998315118608e-03	3.739608625588338679e-03
4.144999999999999574e+00	7.500268767259295200e-03	3.681649746939461617e-03
4.150000000000000355e+00	7.500264588618503307e-03	3.624408641608633814e-03
4.155000000000000249e+00	7.500260461862930626e-03	3.567878061890529182e-03
4.160000000000000142e+00	7.500256386467006250e-03	3.512050817907098887e-03
4.165000000000000036e+00	7.500252361909490011e-03	3.456919778825334657e-03
4.169999999999999929e+00	7.500248387673356248e-03	3.402477871261570808e-03
4.174999999999999822e+00	7.500244463245872746e-03	3.348718080384683812e-03
4.179999999999999716e+00	7.500240588118490571e-03	3.295633448430903157e-03
4.185000000000000497e+00	7.500236761786920406e-03	3.243217075694927818e-03
4.190000000000000391e+00	7.500232983751027593e-03	3.191462119153235834e-03
4.195000000000000284e+00	7.500229253514896326e-03	3.140361793345374138e-03
4.200000000000000178e+00	7.500225570586737701e-03	3.089909369103614918e-03
4.205000000000000071e+00	7.500221934478947840e-03	3.040098174326887753e-03
4.209999999999999964e+00	7.500218344708016807e-03	2.990921592814554941e-03
4.214999999999999858e+00	7.500214800794581527e-03	2.942373064935320005e-03
4.219999999999999751e+00	7.500211302263348583e-03	2.894446086563195152e-03
4.224999999999999645e+00	7.500207848643130649e-03	2.847134209643532865e-03
4.230000000000000426e+00	7.500204439466777971e-03	2.800431041229204006e-03
4.235000000000000320e+00	7.500201074271215657e-03	2.754330243946067486e-03
4.240000000000000213e+00	7.500197752597371689e-03	2.708825535127277334e-03
4.245000000000000107e+00	7.500194473990212489e-03	2.663910687180306817e-03
4.250000000000000000e+00	7.500191237998680462e-03	2.619579526817686615e-03
4.254999999999999893e+00	7.500188044175715683e-03	2.575825935327528005e-03
4.259999999999999787e+00	7.500184892078206461e-03	2.532643847898801304e-03
4.264999999999999680e+00	7.500181781267001475e-03	2.490027253797660965e-03
4.269999999999999574e+00	7.500178711306864678e-03	2.447970195785173064e-03
4.275000000000000355e+00	7.500175681766485698e-03	2.406466770201536997e-03
4.280000000000000249e+00	7.500172692218440816e-03	2.365511126474595383e-03
4.285000000000000142e+00	7.500169742239191223e-03	2.325097467113851867e-03
4.290000000000000036e+00	7.500166831409057870e-03	2.285220047308060814e-03
4.294999999999999929e+00	7.500163959312206724e-03	2.245873174830893479e-03
4.299999999999999822e+00	7.500161125536634020e-03	2.207051209725906151e-03
4.304999999999999716e+00	7.500158329674148049e-03	2.168748564125895159e-03
4.309999999999999609e+00	7.500155571320350073e-03	2.130959702023513518e-03
4.314999999999999503e+00	7.500152850074622186e-03	2.093679139006074646e-03
4.320000000000000284e+00	7.500150165540107362e-03	2.056901442110228937e-03
4.325000000000000178e+00	7.500147517323691240e-03	2.020621229474238879e-03
4.330000000000000071e+00	7.500144905035991717e-03	1.984833170274822537e-03
4.334999999999999964e+00	7.500142328291333794e-03	1.949531984298697243e-03
4.339999999999999858e+00	7.500139786707742638e-03	1.914712441960356821e-03
4.344999999999999751e+00	7.500137279906913222e-03	1.880369363794345567e-03
4.349999999999999645e+00	7.500134807514212930e-03	1.846497620552435721e-03
4.355000000000000426e+00	7.500132369158641656e-03	1.813092132618518253e-03
4.360000000000000320e+00	7.500129964472841346e-03	1.780147870183523481e-03
4.365000000000000213e+00	7.500127593093050028e-03	1.747659852584570366e-03
4.370000000000000107e+00	7.500125254659119160e-03	1.715623148556379542e-03
4.375000000000000000e+00	7.500122948814458984e-03	1.684032875496240412e-03
4.379999999999999893e+00	7.500120675206062813e-03	1.652884199790314581e-03
4.384999999999999787e+00	7.500118433484448052e-03	1.622172336006158511e-03
4.389999999999999680e+00	7.500116223303683952e-03	1.591892547292602864e-03
4.394999999999999574e+00	7.500114044321330893e-03	1.562040144501246688e-03
4.400000000000000355e+00	7.500111896198469880e-03	1.532610486658657605e-03
4.405000000000000249e+00	7.500109778599636616e-03	1.503598980018251751e-03
4.410000000000000142e+00	7.500107691192857071e-03	1.475001078603490126e-03
4.415000000000000036e+00	7.500105633649578954e-03	1.446812283191714664e-03
4.419999999999999929e+00	7.500103605644713352e-03	1.419028141927089785e-03
4.424999999999999822e+00	7.500101606856554061e-03	1.391644249237725117e-03
4.429999999999999716e+00	7.500099636966827028e-03	1.364656246517180482e-03
4.435000000000000497e+00	7.500097695660609687e-03	1.338059820976276494e-03
4.440000000000000391e+00	7.500095782626382997e-03	1.311850706391885562e-03
4.445000000000000284e+00	7.500093897555942975e-03	1.286024681894745508e-03
4.450000000000000178e+00	7.500092040144462277e-03	1.260577572784541290e-03
4.455000000000000071e+00	7.500090210090393922e-03	1.235505249255008150e-03
4.459999999999999964e+00	7.500088407095534607e-03	1.210803627274039881e-03
4.464999999999999858e+00	7.500086630864932769e-03	1.186468667247366502e-03
4.469999999999999751e+00	7.500084881106951901e-03	1.162496374962710462e-03
4.474999999999999645e+00	7.500083157533169072e-03	1.138882800193140397e-03
4.480000000000000426e+00	7.500081459858450386e-03	1.115624037704317272e-03
4.485000000000000320e+00	7.500079787800845166e-03	1.092716225798765839e-03
4.490000000000000213e+00	7.500078141081661411e-03	1.070155547385032418e-03
4.495000000000000107e+00	7.500076519425354776e-03	1.047938228464070790e-03
4.500000000000000000e+00	7.500074922559614443e-03	1.026060539259451843e-03
4.504999999999999893e+00	7.500073350215245155e-03	1.004518792646713057e-03
4.509999999999999787e+00	7.500071802126254822e-03	9.833093453438758111e-04
4.514999999999999680e+00	7.500070278029737428e-03	9.624285962849651790e-04
4.519999999999999574e+00	7.500068777665960633e-03	9.418729878696434658e-04
4.525000000000000355e+00	7.500067300778246945e-03	9.216390042818900855e-04
4.530000000000000249e+00	7.500065847113067397e-03	9.017231727981362592e-04
4.535000000000000142e+00	7.500064416419913171e-03	8.821220620520159187e-04
4.540000000000000036e+00	7.500063008451396222e-03	8.628322834000886699e-04
4.544999999999999929e+00	7.500061622963120032e-03	8.438504891336314319e-04
4.549999999999999822e+00	7.500060259713783699e-03	8.251733739011644876e-04
4.554999999999999716e+00	7.500058918465042287e-03	8.067976728681519778e-04
4.559999999999999609e+00	7.500057598981623060e-03	7.887201631956481003e-04
4.564999999999999503e+00	7.500056301031180622e-03	7.709376621487533301e-04
4.570000000000000284e+00	7.500055024384408818e-03	7.534470286305786730e-04
4.575000000000000178e+00	7.500053768814905417e-03	7.362451612402968939e-04
4.580000000000000071e+00	7.500052534099282270e-03	7.193289998618417405e-04
4.584999999999999964e+00	7.500051320017018727e-03	7.026955236722924126e-04
4.589999999999999858e+00	7.500050126350586537e-03	6.863417527845682223e-04
4.594999999999999751e+00	7.500048952885298055e-03	6.702647462069386388e-04
4.599999999999999645e+00	7.500047799409430282e-03	6.544616035391833189e-04
4.605000000000000426e+00	7.500046665714070471e-03	6.389294628838491918e-04
4.610000000000000320e+00	7.500045551593247095e-03	6.236655025952716341e-04
4.615000000000000213e+00	7.500044456843773730e-03	6.086669391432730260e-04
4.620000000000000107e+00	7.500043381265375682e-03	5.939310289145028612e-04
4.625000000000000000e+00	7.500042324660535602e-03	5.794550660292632077e-04
4.629999999999999893e+00	7.500041286834627924e-03	5.652363841945583223e-04
4.634999999999999787e+00	7.500040267595754068e-03	5.512723544746344359e-04
4.639999999999999680e+00	7.500039266754882084e-03	5.375603871953891100e-04
4.644999999999999574e+00	7.500038284125681853e-03	5.240979296691242965e-04
4.650000000000000355e+00	7.500037319524665604e-03	5.108824681497319171e-04
4.655000000000000249e+00	7.500036372771021372e-03	4.979115255122461021e-04
4.660000000000000142e+00	7.500035443686755253e-03	4.851826632585415854e-04
4.665000000000000036e+00	7.500034532096524868e-03	4.726934791521523039e-04
4.669999999999999929e+00	7.500033637827781610e-03	4.604416092738783297e-04
4.674999999999999822e+00	7.500032760710600641e-03	4.484247256123408847e-04
4.679999999999999716e+00	7.500031900577832679e-03	4.366405381693019491e-04
4.685000000000000497e+00	7.500031057264924458e-03	4.250867925063990765e-04
4.690000000000000391e+00	7.500030230610075718e-03	4.137612718997643255e-04
4.695000000000000284e+00	7.500029420454059660e-03	4.026617948433103234e-04
4.700000000000000178e+00	7.500028626640378206e-03	3.917862172523512874e-04
4.705000000000000071e+00	7.500027849015081585e-03	3.811324299237776317e-04
4.709999999999999964e+00	7.500027087426934004e-03	3.706983607884045033e-04
4.714999999999999858e+00	7.500026341727215884e-03	3.604819723284914375e-04
4.719999999999999751e+00	7.500025611769903407e-03	3.504812638784550374e-04
4.724999999999999645e+00	7.500024897411470756e-03	3.406942690000135630e-04
4.730000000000000426e+00	7.500024198511058386e-03	3.311190578311263883e-04
4.735000000000000320e+00	7.500023514930287405e-03	3.217537344189088603e-04
4.740000000000000213e+00	7.500022846533426976e-03	3.125964391166503225e-04
4.745000000000000107e+00	7.500022193187198295e-03	3.036453458749195904e-04
4.750000000000000000e+00	7.500021554760953266e-03	2.948986646862853224e-04
4.754999999999999893e+00	7.500020931126476741e-03	2.863546388346923971e-04
4.759999999999999787e+00	7.500020322158162597e-03	2.780115473879303848e-04
4.764999999999999680e+00	7.500019727732815979e-03	2.698677024055712846e-04
4.769999999999999574e+00	7.500019147729832837e-03	2.619214514789790682e-04
4.775000000000000355e+00	7.500018582030998707e-03	2.541711748978677573e-04
4.780000000000000249e+00	7.500018030520673451e-03	2.466152882377075695e-04
4.785000000000000142e+00	7.500017493085583097e-03	2.392522394851598854e-04
4.790000000000000036e+00	7.500016969615009785e-03	2.320805116728291749e-04
4.794999999999999929e+00	7.500016460000584473e-03	2.250986199635936647e-04
4.799999999999999822e+00	7.500015964136476886e-03	2.183051143326144932e-04
4.804999999999999716e+00	7.500015481919183012e-03	2.116985766107237863e-04
4.809999999999999609e+00	7.500015013247721997e-03	2.052776232136740737e-04
4.814999999999999503e+00	7.500014558023420166e-03	1.990409021445775661e-04
4.820000000000000284e+00	7.500014116150110523e-03	1.929870957703457967e-04
4.825000000000000178e+00	7.500013687533913301e-03	1.871149177832508983e-04
4.830000000000000071e+00	7.500013272083441533e-03	1.814231160246124175e-04
4.834999999999999964e+00	7.500012869709577271e-03	1.759104694054094140e-04
4.839999999999999858e+00	7.500012480325674545e-03	1.705757907772435312e-04
4.844999999999999751e+00	7.500012103847344264e-03	1.654179238120877596e-04
4.849999999999999645e+00	7.500011740192654569e-03	1.604357459204812570e-04
4.855000000000000426e+00	7.500011389281906193e-03	1.556281650903117500e-04
4.860000000000000320e+00	7.500011051037850165e-03	1.509941228524196415e-04
4.865000000000000213e+00	7.500010725385448419e-03	1.465325910783605722e-04
4.870000000000000107e+00	7.500010412252101043e-03	1.422425749933575582e-04
4.875000000000000000e+00	7.500010111567404283e-03	1.381231099330719556e-04
4.879999999999999893e+00	7.500009823263373461e-03	1.341732644040515682e-04
4.884999999999999787e+00	7.500009547274208779e-03	1.303921367993360542e-04
4.889999999999999680e+00	7.500009283536515636e-03	1.267788585065427365e-04
4.894999999999999574e+00	7.500009031989065232e-03	1.233325905820903704e-04
4.900000000000000355e+00	7.500008792573025287e-03	1.200525269070801910e-04
4.905000000000000249e+00	7.500008565231712845e-03	1.169378908200962458e-04
4.910000000000000142e+00	7.500008349910827592e-03	1.139879383209737001e-04
4.915000000000000036e+00	7.500008146558207259e-03	1.112019546620392348e-04
4.919999999999999929e+00	7.500007955124059211e-03	1.085792575999202004e-04
4.924999999999999822e+00	7.500007775560711513e-03	1.061191939449981415e-04
4.929999999999999716e+00	7.500007607822853188e-03	1.038211428614534826e-04
4.935000000000000497e+00	7.500007451867280947e-03	1.016845123747171147e-04
4.940000000000000391e+00	7.500007307653141185e-03	9.970874271999686134e-05
4.945000000000000284e+00	7.500007175141674108e-03	9.789330280750305007e-05
4.950000000000000178e+00	7.500007054296458330e-03	9.623769361961518817e-05
4.955000000000000071e+00	7.500006945083154998e-03	9.474144463366047670e-05
4.959999999999999964e+00	7.500006847469753261e-03	9.340411726797868215e-05
4.964999999999999858e+00	7.500006761426310925e-03	9.222530126203913798e-05
4.969999999999999751e+00	7.500006686925206854e-03	9.120461817156527674e-05
4.974999999999999645e+00	7.500006623940877297e-03	9.034171770567042865e-05
4.980000000000000426e+00	7.500006572450067417e-03	8.963628127133073723e-05
4.985000000000000320e+00	7.500006532431567619e-03	8.908801826737383135e-05
4.990000000000000213e+00	7.500006503866475487e-03	8.869666967848128093e-05
4.995000000000000107e+00	7.500006486737916499e-03	8.846200432565065825e-05
5.000000000000000000e+00	7.500006481031312906e-03	8.838382251009354674e-05
