# coordinate_x	h	p	@time=2.45
0.000000000000000000e+00	4.358283856073236207e-01	1.579112483826536462e+00
5.000000000000000104e-03	4.358185172210072289e-01	1.579107539216152878e+00
1.000000000000000021e-02	4.357889122603430532e-01	1.579092702803168047e+00
1.499999999999999944e-02	4.357395709388757754e-01	1.579067971806368043e+00
2.000000000000000042e-02	4.356704937753378415e-01	1.579033339469278596e+00
2.500000000000000139e-02	4.355816813644699526e-01	1.578988798040856789e+00
2.999999999999999889e-02	4.354731345991594282e-01	1.578934335881898132e+00
3.500000000000000333e-02	4.353448544472196535e-01	1.578869940364368896e+00
4.000000000000000083e-02	4.351968421750735394e-01	1.578795594958355419e+00
4.499999999999999833e-02	4.350290991244517014e-01	1.578711282127556403e+00
5.000000000000000278e-02	4.348416269365565912e-01	1.578616980411732706e+00
5.500000000000000028e-02	4.346344273285001059e-01	1.578512667319501572e+00
5.999999999999999778e-02	4.344075023180045680e-01	1.578398316406679935e+00
6.500000000000000222e-02	4.341608539994724070e-01	1.578273900166539123e+00
7.000000000000000666e-02	4.338944847693205764e-01	1.578139387103944635e+00
7.500000000000001110e-02	4.336083971015796124e-01	1.577994744623097079e+00
8.000000000000000167e-02	4.333025937739640177e-01	1.577839936097328755e+00
8.499999999999999223e-02	4.329770776428998880e-01	1.577674923754282199e+00
8.999999999999999667e-02	4.326318518704356797e-01	1.577499665741237456e+00
9.500000000000000111e-02	4.322669196985960971e-01	1.577314119007606541e+00
1.000000000000000056e-01	4.318822846772407131e-01	1.577118236365700144e+00
1.050000000000000100e-01	4.314779504376402564e-01	1.576911969370335731e+00
1.100000000000000006e-01	4.310539209213924416e-01	1.576695265374995936e+00
1.149999999999999911e-01	4.306102001531158519e-01	1.576468070408256095e+00
1.199999999999999956e-01	4.301467924705343338e-01	1.576230326225343203e+00
1.250000000000000000e-01	4.296637022961821151e-01	1.575981973180984541e+00
1.300000000000000044e-01	4.291609343687702860e-01	1.575722947276440022e+00
1.350000000000000089e-01	4.286384935137948493e-01	1.575453183028258097e+00
1.400000000000000133e-01	4.280963848763026380e-01	1.575172610510931825e+00
1.450000000000000178e-01	4.275346136902912764e-01	1.574881158220912347e+00
1.499999999999999944e-01	4.269531855129938824e-01	1.574578750115130710e+00
1.549999999999999989e-01	4.263521059929586965e-01	1.574265308469469993e+00
1.600000000000000033e-01	4.257313811059754705e-01	1.573940750913497277e+00
1.650000000000000078e-01	4.250910169217188561e-01	1.573604993282428754e+00
1.700000000000000122e-01	4.244310198414435464e-01	1.573257946648529693e+00
1.749999999999999889e-01	4.237513963630731850e-01	1.572899520165423448e+00
1.799999999999999933e-01	4.230521533207944884e-01	1.572529618096749182e+00
1.849999999999999978e-01	4.223332976484702184e-01	1.572148142651453195e+00
1.900000000000000022e-01	4.215948366212672882e-01	1.571754991010449354e+00
1.950000000000000067e-01	4.208367776172688979e-01	1.571350058151291806e+00
2.000000000000000111e-01	4.200591283612757909e-01	1.570933233873753831e+00
2.050000000000000155e-01	4.192618966844897099e-01	1.570504405612023202e+00
2.099999999999999922e-01	4.184450907706314116e-01	1.570063455460302348e+00
2.149999999999999967e-01	4.176087189135628819e-01	1.569610262970370762e+00
2.200000000000000011e-01	4.167527897658723224e-01	1.569144702178532746e+00
2.250000000000000056e-01	4.158773120942985124e-01	1.568666644386061293e+00
2.300000000000000100e-01	4.149822950309375313e-01	1.568175955189060611e+00
2.349999999999999867e-01	4.140677478263282141e-01	1.567672497238935980e+00
2.399999999999999911e-01	4.131336801034424799e-01	1.567156127277020694e+00
2.449999999999999956e-01	4.121801016082847768e-01	1.566626698871796952e+00
2.500000000000000000e-01	4.112070224668353813e-01	1.566084059460447264e+00
2.550000000000000044e-01	4.102144529330113421e-01	1.565528053059091151e+00
2.600000000000000089e-01	4.092024036487384997e-01	1.564958517313771225e+00
2.650000000000000133e-01	4.081708853891166666e-01	1.564375286179447988e+00
2.700000000000000178e-01	4.071199093258033863e-01	1.563778186983326712e+00
2.750000000000000222e-01	4.060494867692193144e-01	1.563167043067766437e+00
2.800000000000000266e-01	4.049596294354365078e-01	1.562541670869301402e+00
2.850000000000000311e-01	4.038503491852524774e-01	1.561901882519964868e+00
2.899999999999999800e-01	4.027216582947845125e-01	1.561247482945859133e+00
2.949999999999999845e-01	4.015735691912338812e-01	1.560578272420652723e+00
2.999999999999999889e-01	4.004060947273980764e-01	1.559894043688127008e+00
3.049999999999999933e-01	3.992192479139386463e-01	1.559194584460771082e+00
3.099999999999999978e-01	3.980130421980327959e-01	1.558479674571371820e+00
3.150000000000000022e-01	3.967874911919507808e-01	1.557749088408695748e+00
3.200000000000000067e-01	3.955426089560803438e-01	1.557002592103909677e+00
3.250000000000000111e-01	3.942784097236096685e-01	1.556239945894287713e+00
3.300000000000000155e-01	3.929949081881707329e-01	1.555460901351067182e+00
3.350000000000000200e-01	3.916921192244137706e-01	1.554665203660920536e+00
3.400000000000000244e-01	3.903700581805292780e-01	1.553852588902780330e+00
3.449999999999999734e-01	3.890287405944897747e-01	1.553022786235472186e+00
3.499999999999999778e-01	3.876681824917247443e-01	1.552175515232085967e+00
3.549999999999999822e-01	3.862884000967929943e-01	1.551310487960645412e+00
3.599999999999999867e-01	3.848894101365013531e-01	1.550427406385785911e+00
3.649999999999999911e-01	3.834712295467593846e-01	1.549525964327614913e+00
3.699999999999999956e-01	3.820338757814485398e-01	1.548605844941802090e+00
3.750000000000000000e-01	3.805773665141978235e-01	1.547666722539831730e+00
3.800000000000000044e-01	3.791017199533295301e-01	1.546708260160136961e+00
3.850000000000000089e-01	3.776069545382794157e-01	1.545730111230728232e+00
3.900000000000000133e-01	3.760930892609653520e-01	1.544731917245734554e+00
3.950000000000000178e-01	3.745601433565605154e-01	1.543713309248884835e+00
4.000000000000000222e-01	3.730081366316531089e-01	1.542673905631783082e+00
4.050000000000000266e-01	3.714370891490636484e-01	1.541613313413854103e+00
4.099999999999999756e-01	3.698470215631878832e-01	1.540531126180929578e+00
4.149999999999999800e-01	3.682379547985321633e-01	1.539426925134008473e+00
4.199999999999999845e-01	3.666099103926573344e-01	1.538300277189289078e+00
4.249999999999999889e-01	3.649629101680856302e-01	1.537150735764375664e+00
4.299999999999999933e-01	3.632969765832922970e-01	1.535977839063807693e+00
4.349999999999999978e-01	3.616121323976165813e-01	1.534781110567102536e+00
4.400000000000000022e-01	3.599084010307779802e-01	1.533560057527168397e+00
4.450000000000000067e-01	3.581858062204011373e-01	1.532314171119710799e+00
4.500000000000000111e-01	3.564443723905680872e-01	1.531042925185739811e+00
4.550000000000000155e-01	3.546841243015410039e-01	1.529745775996297130e+00
4.600000000000000200e-01	3.529050874278992223e-01	1.528422161274647584e+00
4.649999999999999689e-01	3.511072876000168597e-01	1.527071499523889209e+00
4.699999999999999734e-01	3.492907513923731444e-01	1.525693189369450531e+00
4.749999999999999778e-01	3.474555057563126770e-01	1.524286608389794795e+00
4.799999999999999822e-01	3.456015784191631135e-01	1.522851112825625686e+00
4.849999999999999867e-01	3.437289975077731929e-01	1.521386035845429641e+00
4.899999999999999911e-01	3.418377919591197855e-01	1.519890687674457119e+00
4.949999999999999956e-01	3.399279911340842841e-01	1.518364353217067197e+00
5.000000000000000000e-01	3.379996252402859835e-01	1.516806292666246225e+00
5.050000000000000044e-01	3.360527249355180768e-01	1.515215738393416167e+00
5.100000000000000089e-01	3.340873217636038950e-01	1.513591896108139823e+00
5.150000000000000133e-01	3.321034477468724488e-01	1.511933940912957075e+00
5.200000000000000178e-01	3.301011358358993397e-01	1.510241019093228498e+00
5.250000000000000222e-01	3.280804194903561566e-01	1.508512243219352733e+00
5.300000000000000266e-01	3.260413331435707551e-01	1.506746694658653629e+00
5.350000000000000311e-01	3.239839117710344718e-01	1.504943417589636567e+00
5.400000000000000355e-01	3.219081913707974585e-01	1.503101422341726501e+00
5.450000000000000400e-01	3.198142085188622197e-01	1.501219678165580440e+00
5.500000000000000444e-01	3.177020008665200623e-01	1.499297117522689016e+00
5.550000000000000488e-01	3.155716066817983445e-01	1.497332627431633423e+00
5.600000000000000533e-01	3.134230653649440201e-01	1.495325054848491542e+00
5.649999999999999467e-01	3.112564169750260401e-01	1.493273196380654921e+00
5.699999999999999512e-01	3.090717027648824944e-01	1.491175804921140102e+00
5.749999999999999556e-01	3.068689646919067204e-01	1.489031577488363789e+00
5.799999999999999600e-01	3.046482459739004445e-01	1.486839163303472100e+00
5.849999999999999645e-01	3.024095905829887188e-01	1.484597149475346711e+00
5.899999999999999689e-01	3.001530438239620180e-01	1.482304070740664725e+00
5.949999999999999734e-01	2.978786518101767533e-01	1.479958392667193756e+00
5.999999999999999778e-01	2.955864620661253217e-01	1.477558523312404004e+00
6.049999999999999822e-01	2.932765229840793575e-01	1.475102793563368264e+00
6.099999999999999867e-01	2.909488844528042573e-01	1.472589471012444529e+00
6.149999999999999911e-01	2.886035972935915295e-01	1.470016736987075356e+00
6.199999999999999956e-01	2.862407139172346016e-01	1.467382702991716137e+00
6.250000000000000000e-01	2.838602877379735046e-01	1.464685383903326699e+00
6.300000000000000044e-01	2.814623738610752546e-01	1.461922717388994153e+00
6.350000000000000089e-01	2.790470284730777184e-01	1.459092532650260621e+00
6.400000000000000133e-01	2.766143095625749337e-01	1.456192573297816706e+00
6.450000000000000178e-01	2.741642762849932913e-01	1.453220460916672563e+00
6.500000000000000222e-01	2.716969897194758121e-01	1.450173721965418494e+00
6.550000000000000266e-01	2.692125122062529741e-01	1.447049745300459156e+00
6.600000000000000311e-01	2.667109081428546413e-01	1.443845813770796349e+00
6.650000000000000355e-01	2.641922432919457386e-01	1.440559054677907902e+00
6.700000000000000400e-01	2.616565856204784435e-01	1.437186476861731066e+00
6.750000000000000444e-01	2.591040045756475285e-01	1.433724912876727542e+00
6.800000000000000488e-01	2.565345719710366290e-01	1.430171062515660285e+00
6.850000000000000533e-01	2.539483612281052682e-01	1.426521425243668650e+00
6.899999999999999467e-01	2.513454483138928275e-01	1.422772351289738779e+00
6.949999999999999512e-01	2.487259109451750438e-01	1.418919962588701900e+00
6.999999999999999556e-01	2.460898295828792548e-01	1.414960212793853422e+00
7.049999999999999600e-01	2.434372865957388499e-01	1.410888794618265552e+00
7.099999999999999645e-01	2.407683673172591465e-01	1.406701210395790325e+00
7.149999999999999689e-01	2.380831591653463641e-01	1.402392663270707995e+00
7.199999999999999734e-01	2.353817527684657629e-01	1.397958140271132743e+00
7.249999999999999778e-01	2.326642410373217229e-01	1.393392284247546353e+00
7.299999999999999822e-01	2.299307203677889433e-01	1.388689491838831946e+00
7.349999999999999867e-01	2.271812896602658505e-01	1.383843762376751441e+00
7.399999999999999911e-01	2.244160516080661583e-01	1.378848813641712523e+00
7.449999999999999956e-01	2.216351116595466353e-01	1.373697903093942019e+00
7.500000000000000000e-01	2.188385794019571395e-01	1.368383964961274346e+00
7.550000000000000044e-01	2.160265674608483621e-01	1.362899398078914137e+00
7.600000000000000089e-01	2.131991929909362871e-01	1.357236228661231392e+00
7.650000000000000133e-01	2.103565765066105764e-01	1.351385857664658685e+00
7.700000000000000178e-01	2.074988434932324710e-01	1.345339254617430536e+00
7.750000000000000222e-01	2.046261231617785559e-01	1.339086655676308357e+00
7.800000000000000266e-01	2.017385501962304650e-01	1.332617795185798704e+00
7.850000000000000311e-01	1.988362634244783544e-01	1.325921543360621957e+00
7.900000000000000355e-01	1.959194077201725781e-01	1.318986183903998244e+00
7.950000000000000400e-01	1.929881325809597870e-01	1.311798977353439755e+00
8.000000000000000444e-01	1.900425942064644380e-01	1.304346495220565005e+00
8.050000000000000488e-01	1.870829539737114411e-01	1.296614091268096569e+00
8.100000000000000533e-01	1.841093807169475460e-01	1.288586305396881793e+00
8.149999999999999467e-01	1.811220490886890633e-01	1.280246220173405280e+00
8.199999999999999512e-01	1.781211420720825167e-01	1.271575951296600282e+00
8.249999999999999556e-01	1.751068492143656452e-01	1.262555860144553899e+00
8.299999999999999600e-01	1.720793694086734382e-01	1.253165152399726257e+00
8.349999999999999645e-01	1.690389089847811888e-01	1.243380908634705628e+00
8.399999999999999689e-01	1.659856848050398070e-01	1.233178818972828106e+00
8.449999999999999734e-01	1.629199221950318188e-01	1.222531981936787471e+00
8.499999999999999778e-01	1.598418584081622573e-01	1.211411811456546417e+00
8.549999999999999822e-01	1.567517403762510309e-01	1.199786538138007730e+00
8.599999999999999867e-01	1.536498286098685606e-01	1.187622336336721762e+00
8.649999999999999911e-01	1.505363947458591978e-01	1.174881439882129008e+00
8.699999999999999956e-01	1.474117259667154511e-01	1.161523552522772507e+00
8.750000000000000000e-01	1.442761223185250463e-01	1.147503459326923325e+00
8.800000000000000044e-01	1.411299017538042710e-01	1.132772805345528155e+00
8.850000000000000089e-01	1.379733971893450650e-01	1.117277040447857805e+00
8.900000000000000133e-01	1.348069623048045729e-01	1.100957681179023595e+00
8.950000000000000178e-01	1.316309683053924484e-01	1.083748364661863528e+00
9.000000000000000222e-01	1.284458106457639637e-01	1.065577751329394252e+00
9.050000000000000266e-01	1.252519054574954271e-01	1.046364373426415195e+00
9.100000000000000311e-01	1.220496974183074845e-01	1.026020397692264829e+00
9.150000000000000355e-01	1.188396557990291785e-01	1.004444821293559498e+00
9.200000000000000400e-01	1.156222837676282589e-01	9.815284031953389610e-01
9.250000000000000444e-01	1.123981140053441491e-01	9.571445616199070194e-01
9.300000000000000488e-01	1.091677198321500120e-01	9.311559160787954426e-01
9.350000000000000533e-01	1.059317103379357611e-01	9.034019374622682674e-01
9.399999999999999467e-01	1.026907438544044787e-01	8.737077445550578414e-01
9.449999999999999512e-01	9.944552254660823931e-02	8.418670870746112200e-01
9.499999999999999556e-01	9.619680895732350689e-02	8.076543530917639213e-01
9.549999999999999600e-01	9.294542001076057380e-02	7.708007191304875327e-01
9.599999999999999645e-01	8.969224765392380672e-02	7.310108215172178570e-01
9.649999999999999689e-01	8.643825224542875385e-02	6.879287007449019775e-01
9.699999999999999734e-01	8.318448877188963642e-02	6.411614030822025967e-01
9.749999999999999778e-01	7.993209964495746889e-02	5.902293565151539578e-01
9.799999999999999822e-01	7.668234867727295734e-02	5.346005523546933924e-01
9.849999999999999867e-01	7.343661341804834375e-02	4.736166594806567876e-01
9.899999999999999911e-01	7.019643020200241890e-02	4.065439081889962170e-01
9.949999999999999956e-01	6.696348637189658559e-02	3.324606564669179143e-01
1.000000000000000000e+00	6.373968156111012306e-02	2.503358282493703957e-01
1.004999999999999893e+00	6.052712058197321637e-02	1.588545294418076403e-01
1.010000000000000009e+00	5.732819917576294916e-02	5.654484601301990737e-02
1.015000000000000124e+00	5.414559916445302323e-02	-5.849482417681489688e-02
1.020000000000000018e+00	5.098241198723049705e-02	-1.883763083553114670e-01
1.024999999999999911e+00	4.784213914109138044e-02	-3.358373185266944616e-01
1.030000000000000027e+00	4.472887471493303818e-02	-5.038261348589718747e-01
1.035000000000000142e+00	4.164731603045228325e-02	-6.960651586732605756e-01
1.040000000000000036e+00	3.860303648791883063e-02	-9.162360817052661588e-01
1.044999999999999929e+00	3.560251223211115951e-02	-1.168596619752081400e+00
1.050000000000000044e+00	3.265353019057195411e-02	-1.456688159875334510e+00
1.055000000000000160e+00	2.976524337388452082e-02	-1.783988301651497244e+00
1.060000000000000053e+00	2.694881010201635729e-02	-2.152428287958356279e+00
1.064999999999999947e+00	2.421754307607906428e-02	-2.562919893679230565e+00
1.070000000000000062e+00	2.158805237856042253e-02	-3.014212362113997123e+00
1.075000000000000178e+00	1.908070727973212866e-02	-3.502640180070964337e+00
1.080000000000000071e+00	1.672191469216615517e-02	-4.020988834825115710e+00
1.084999999999999964e+00	1.454516704874715682e-02	-4.553603274137048018e+00
1.090000000000000080e+00	1.259419501464859557e-02	-5.075569145810870708e+00
1.095000000000000195e+00	1.092150391807697289e-02	-5.538853455626478350e+00
1.100000000000000089e+00	9.579707761652598436e-03	-5.887456983763153850e+00
1.104999999999999982e+00	8.600236038409864517e-03	-6.054881511208767719e+00
1.110000000000000098e+00	7.961217773726575464e-03	-6.018889344342919223e+00
1.115000000000000213e+00	7.591389541734839749e-03	-5.805931149371771127e+00
1.120000000000000107e+00	7.399228429171345912e-03	-5.473594307996743957e+00
1.125000000000000000e+00	7.309312669744393726e-03	-5.082411335509524619e+00
1.129999999999999893e+00	7.274487089720586483e-03	-4.670277919495853247e+00
1.134999999999999787e+00	7.267018194201372953e-03	-4.262157760268374673e+00
1.139999999999999902e+00	7.273254829473439417e-03	-3.869911577071198039e+00
1.145000000000000018e+00	7.285714056508978478e-03	-3.500273712898250178e+00
1.149999999999999911e+00	7.300880486824698652e-03	-3.155891699300970021e+00
1.154999999999999805e+00	7.316829822715296451e-03	-2.837794501222559607e+00
1.159999999999999920e+00	7.332653457757808829e-03	-2.545756941516849281e+00
1.165000000000000036e+00	7.347854888090556841e-03	-2.279010087594148359e+00
1.169999999999999929e+00	7.362206994823448057e-03	-2.036361947229005320e+00
1.174999999999999822e+00	7.375597595480538372e-03	-1.816438661645453534e+00
1.179999999999999938e+00	7.387993234444699582e-03	-1.617733540977142725e+00
1.185000000000000053e+00	7.399396398313997161e-03	-1.438707747747154819e+00
1.189999999999999947e+00	7.409835720396854182e-03	-1.277815438290180072e+00
1.194999999999999840e+00	7.419352203445314133e-03	-1.133549866778666537e+00
1.199999999999999956e+00	7.427996163348036564e-03	-1.004458132051504027e+00
1.205000000000000071e+00	7.435821787833528027e-03	-8.891601300415721276e-01
1.209999999999999964e+00	7.442885898400791039e-03	-7.863575446319264195e-01
1.214999999999999858e+00	7.449245411066083254e-03	-6.948376362976799170e-01
1.219999999999999973e+00	7.454956664735605532e-03	-6.134786386625662447e-01
1.225000000000000089e+00	7.460074192916120277e-03	-5.412451099349860906e-01
1.229999999999999982e+00	7.464650290389885506e-03	-4.771910159082400904e-01
1.234999999999999876e+00	7.468734513292047197e-03	-4.204508138806637429e-01
1.239999999999999991e+00	7.472373386601967489e-03	-3.702410626655335268e-01
1.245000000000000107e+00	7.475610342560033879e-03	-3.258498312877949332e-01
1.250000000000000000e+00	7.478485527666229281e-03	-2.866373985359519927e-01
1.254999999999999893e+00	7.481035998638200374e-03	-2.520255293213843339e-01
1.260000000000000009e+00	7.483295602011158856e-03	-2.214976356651243983e-01
1.265000000000000124e+00	7.485295305798523105e-03	-1.945887690740603360e-01
1.270000000000000018e+00	7.487063130535811725e-03	-1.708854831886003345e-01
1.274999999999999911e+00	7.488624535538172117e-03	-1.500169460713498548e-01
1.280000000000000027e+00	7.490002384653480019e-03	-1.316546552518819690e-01
1.285000000000000142e+00	7.491217336033492366e-03	-1.155048024087188402e-01
1.290000000000000036e+00	7.492287829978004979e-03	-1.013079320193816663e-01
1.294999999999999929e+00	7.493230452772060325e-03	-8.883253522693715376e-02
1.300000000000000044e+00	7.494059937621264447e-03	-7.787470460691608976e-02
1.305000000000000160e+00	7.494789487932388035e-03	-6.825285286829063658e-02
1.310000000000000053e+00	7.495430785259154551e-03	-5.980739171787216590e-02
1.314999999999999947e+00	7.495994266957337927e-03	-5.239643600961695069e-02
1.320000000000000062e+00	7.496489137249808150e-03	-4.589551959217712945e-02
1.325000000000000178e+00	7.496923599903284989e-03	-4.019413762955793140e-02
1.330000000000000071e+00	7.497304870068330525e-03	-3.519550338330126177e-02
1.334999999999999964e+00	7.497639365707375360e-03	-3.081378845263452182e-02
1.340000000000000080e+00	7.497932718903424325e-03	-2.697391944650450249e-02
1.345000000000000195e+00	7.498189931145965610e-03	-2.360939020664228755e-02
1.350000000000000089e+00	7.498415383465843742e-03	-2.066209478418168377e-02
1.354999999999999982e+00	7.498612961025390329e-03	-1.808060274181990182e-02
1.360000000000000098e+00	7.498786061840062925e-03	-1.582002379356937591e-02
1.365000000000000213e+00	7.498937695876212346e-03	-1.384065442988207696e-02
1.370000000000000107e+00	7.499070492350040987e-03	-1.210786938171588487e-02
1.375000000000000000e+00	7.499186778004420136e-03	-1.059106370899071115e-02
1.379999999999999893e+00	7.499288583095388601e-03	-9.263566517266591527e-03
1.384999999999999787e+00	7.499377702878214612e-03	-8.101816680913634036e-03
1.389999999999999902e+00	7.499455702444011301e-03	-7.085294729976350861e-03
1.395000000000000018e+00	7.499523964798152087e-03	-6.195882369525427397e-03
1.399999999999999911e+00	7.499583694722985507e-03	-5.417809021938671359e-03
1.404999999999999805e+00	7.499635956233051230e-03	-4.737155319009629315e-03
1.409999999999999920e+00	7.499681675632226610e-03	-4.141811349784000826e-03
1.415000000000000036e+00	7.499721670604010682e-03	-3.621092528066252418e-03
1.419999999999999929e+00	7.499756652613785712e-03	-3.165707116019181918e-03
1.424999999999999822e+00	7.499787249445222237e-03	-2.767459540356342028e-03
1.429999999999999938e+00	7.499814007077059037e-03	-2.419225218685884613e-03
1.435000000000000053e+00	7.499837407105432348e-03	-2.114721753171897641e-03
1.439999999999999947e+00	7.499857868203227591e-03	-1.848489475337631053e-03
1.444999999999999840e+00	7.499875759565097916e-03	-1.615715211476548285e-03
1.449999999999999956e+00	7.499891402037860318e-03	-1.412217285123878834e-03
1.455000000000000071e+00	7.499905078480779454e-03	-1.234309923995074738e-03
1.459999999999999964e+00	7.499917034638352992e-03	-1.078791724056150925e-03
1.464999999999999858e+00	7.499927487113604643e-03	-9.428414248767272602e-04
1.469999999999999973e+00	7.499936624040160274e-03	-8.240090530845155204e-04
1.475000000000000089e+00	7.499944611211982644e-03	-7.201358754858646878e-04
1.479999999999999982e+00	7.499951592599738738e-03	-6.293476106985351889e-04
1.484999999999999876e+00	7.499957695058959845e-03	-5.499929955273698658e-04
1.489999999999999991e+00	7.499963028726034688e-03	-4.806385891953329596e-04
1.495000000000000107e+00	7.499967690631669653e-03	-4.200216543580885704e-04
1.500000000000000000e+00	7.499971765004087229e-03	-3.670461851981168745e-04
1.504999999999999893e+00	7.499975326040481810e-03	-3.207467873464912357e-04
1.510000000000000009e+00	7.499978438138837737e-03	-2.802856448144968996e-04
1.515000000000000124e+00	7.499981158022380086e-03	-2.449248445471637449e-04
1.520000000000000018e+00	7.499983534916614472e-03	-2.140240624422987776e-04
1.524999999999999911e+00	7.499985612177009417e-03	-1.870193670491147821e-04
1.530000000000000027e+00	7.499987427424070589e-03	-1.634214556268272483e-04
1.535000000000000142e+00	7.499989013789888810e-03	-1.427994260356406982e-04
1.540000000000000036e+00	7.499990400021108033e-03	-1.247794330425365007e-04
1.544999999999999929e+00	7.499991611433233160e-03	-1.090322678492221676e-04
1.550000000000000044e+00	7.499992669989062957e-03	-9.527233515608477541e-05
1.555000000000000160e+00	7.499993595029045071e-03	-8.324814956368551940e-05
1.560000000000000053e+00	7.499994403330977402e-03	-7.274155724400125473e-05
1.564999999999999947e+00	7.499995109668813713e-03	-6.356046596406261741e-05
1.570000000000000062e+00	7.499995726858083890e-03	-5.553825314982854903e-05
1.575000000000000178e+00	7.499996266183341087e-03	-4.852820573790949039e-05
1.580000000000000071e+00	7.499996737432700934e-03	-4.240307017964790073e-05
1.584999999999999964e+00	7.499997149224739770e-03	-3.705080076836483112e-05
1.590000000000000080e+00	7.499997509034752284e-03	-3.237421766754193487e-05
1.595000000000000195e+00	7.499997823444706953e-03	-2.828775631055388982e-05
1.600000000000000089e+00	7.499998098163197097e-03	-2.471720760222657169e-05
1.604999999999999982e+00	7.499998338216539752e-03	-2.159723303098286679e-05
1.610000000000000098e+00	7.499998547963928480e-03	-1.887116734878885828e-05
1.615000000000000213e+00	7.499998731243510963e-03	-1.648911925607841555e-05
1.620000000000000107e+00	7.499998891383898025e-03	-1.440782156981535745e-05
1.625000000000000000e+00	7.499999031315815641e-03	-1.258917964025540366e-05
1.629999999999999893e+00	7.499999153580840135e-03	-1.100015760112546843e-05
1.634999999999999787e+00	7.499999260416732698e-03	-9.611669076013563403e-06
1.639999999999999902e+00	7.499999353764062564e-03	-8.398490834929775076e-06
1.645000000000000018e+00	7.499999435331425671e-03	-7.338415142394575042e-06
1.649999999999999911e+00	7.499999506600470156e-03	-6.412184227195363758e-06
1.654999999999999805e+00	7.499999568875726288e-03	-5.602842605261198096e-06
1.659999999999999920e+00	7.499999623288428063e-03	-4.895687351985303399e-06
1.665000000000000036e+00	7.499999670834579975e-03	-4.277773251515491120e-06
1.669999999999999929e+00	7.499999712377860075e-03	-3.737875064065964383e-06
1.674999999999999822e+00	7.499999748678704350e-03	-3.266109458429638994e-06
1.679999999999999938e+00	7.499999780396508949e-03	-2.853906384525620130e-06
1.685000000000000053e+00	7.499999808111853725e-03	-2.493720241697167401e-06
1.689999999999999947e+00	7.499999832328163238e-03	-2.179008159217111770e-06
1.694999999999999840e+00	7.499999853488694031e-03	-1.904009347017612384e-06
1.699999999999999956e+00	7.499999871977796641e-03	-1.663728618384774774e-06
1.705000000000000071e+00	7.499999888133881791e-03	-1.453767831558075963e-06
1.709999999999999964e+00	7.499999902250385764e-03	-1.270313390848628135e-06
1.714999999999999858e+00	7.499999914585676539e-03	-1.110007485124121992e-06
1.719999999999999973e+00	7.499999925363781510e-03	-9.699386061860606213e-07
1.725000000000000089e+00	7.499999934781955216e-03	-8.475431898055410435e-07
1.729999999999999982e+00	7.499999943011236188e-03	-7.405984239527500156e-07
1.734999999999999876e+00	7.499999950202222709e-03	-6.471471155696938577e-07
1.739999999999999991e+00	7.499999956485495223e-03	-5.654922353941175725e-07
1.745000000000000107e+00	7.499999961976033802e-03	-4.941395261223285817e-07
1.750000000000000000e+00	7.499999966773530403e-03	-4.317933647689604953e-07
1.754999999999999893e+00	7.499999970965771576e-03	-3.773129239351213533e-07
1.760000000000000009e+00	7.499999974628869179e-03	-3.297090328464103663e-07
1.765000000000000124e+00	7.499999977829846856e-03	-2.881106917858933901e-07
1.770000000000000018e+00	7.499999980626816110e-03	-2.517626917165182925e-07
1.774999999999999911e+00	7.499999983070946945e-03	-2.200000358133036511e-07
1.780000000000000027e+00	7.499999985206605782e-03	-1.922461338920674581e-07
1.785000000000000142e+00	7.499999987072862931e-03	-1.679932645755656298e-07
1.790000000000000036e+00	7.499999988703592337e-03	-1.468012053286730774e-07
1.794999999999999929e+00	7.499999990128623437e-03	-1.282823094745085116e-07
1.800000000000000044e+00	7.499999991373818356e-03	-1.121004672139557095e-07
1.805000000000000160e+00	7.499999992461952279e-03	-9.795970672738126234e-08
1.810000000000000053e+00	7.499999993412772431e-03	-8.560340516372977698e-08
1.814999999999999947e+00	7.499999994243668547e-03	-7.480558178587576928e-08
1.820000000000000062e+00	7.499999994969716241e-03	-6.537030023276821282e-08
1.825000000000000178e+00	7.499999995604194822e-03	-5.712501798105284187e-08
1.830000000000000071e+00	7.499999996158613312e-03	-4.992013208276266488e-08
1.834999999999999964e+00	7.499999996643111171e-03	-4.362389983929554444e-08
1.840000000000000080e+00	7.499999997066477374e-03	-3.812209452934572200e-08
1.845000000000000195e+00	7.499999997436453993e-03	-3.331412410589171427e-08
1.850000000000000089e+00	7.499999997759750070e-03	-2.911277037419195526e-08
1.854999999999999982e+00	7.499999998042277544e-03	-2.544122577512107912e-08
1.860000000000000098e+00	7.499999998289160787e-03	-2.223289426445868516e-08
1.865000000000000213e+00	7.499999998504912682e-03	-1.942912807973464834e-08
1.870000000000000107e+00	7.499999998693445032e-03	-1.697907735864581423e-08
1.875000000000000000e+00	7.499999998858205598e-03	-1.483795967522959743e-08
1.879999999999999893e+00	7.499999999002181575e-03	-1.296694673051439084e-08
1.884999999999999787e+00	7.499999999128003671e-03	-1.133184332453741108e-08
1.889999999999999902e+00	7.499999999237953914e-03	-9.903000754091556729e-09
1.895000000000000018e+00	7.499999999334041982e-03	-8.654307369241516881e-09
1.899999999999999911e+00	7.499999999418009537e-03	-7.563123246379705123e-09
1.904999999999999805e+00	7.499999999491390942e-03	-6.609509442695222697e-09
1.909999999999999920e+00	7.499999999555516730e-03	-5.776178252423597488e-09
1.915000000000000036e+00	7.499999999611557840e-03	-5.047903895138233453e-09
1.919999999999999929e+00	7.499999999660529951e-03	-4.411484709238294293e-09
1.924999999999999822e+00	7.499999999703329916e-03	-3.855294236236042937e-09
1.929999999999999938e+00	7.499999999740731421e-03	-3.369251648641237796e-09
1.935000000000000053e+00	7.499999999773418816e-03	-2.944478030232030224e-09
1.939999999999999947e+00	7.499999999801982772e-03	-2.573274888638081258e-09
1.944999999999999840e+00	7.499999999826947178e-03	-2.248861930248914924e-09
1.949999999999999956e+00	7.499999999848762193e-03	-1.965360713401739720e-09
1.955000000000000071e+00	7.499999999867827671e-03	-1.717593211843732119e-09
1.959999999999999964e+00	7.499999999884489690e-03	-1.501069993411198366e-09
1.964999999999999858e+00	7.499999999899050959e-03	-1.311837339346049031e-09
1.969999999999999973e+00	7.499999999911776891e-03	-1.146466903888320995e-09
1.975000000000000089e+00	7.499999999922899070e-03	-1.001938707007553571e-09
1.979999999999999982e+00	7.499999999932617858e-03	-8.756340494633434716e-10
1.984999999999999876e+00	7.499999999941112799e-03	-7.652467839013165503e-10
1.989999999999999991e+00	7.499999999948534814e-03	-6.687773864376962297e-10
1.995000000000000107e+00	7.499999999955023547e-03	-5.844647700369815046e-10
2.000000000000000000e+00	7.499999999960693491e-03	-5.107820794257792107e-10
2.004999999999999893e+00	7.499999999965648728e-03	-4.463843569889185348e-10
2.009999999999999787e+00	7.499999999969979465e-03	-3.901057464221259030e-10
2.014999999999999680e+00	7.499999999973764632e-03	-3.409190238717899028e-10
2.020000000000000018e+00	7.499999999977072750e-03	-2.979334721657665940e-10
2.024999999999999911e+00	7.499999999979963666e-03	-2.603644456062235264e-10
2.029999999999999805e+00	7.499999999982490291e-03	-2.275316898959428452e-10
2.035000000000000142e+00	7.499999999984697727e-03	-1.988360462555801335e-10
2.040000000000000036e+00	7.499999999986627607e-03	-1.737579946019197588e-10
2.044999999999999929e+00	7.499999999988314625e-03	-1.518398796834065187e-10
2.049999999999999822e+00	7.499999999989789140e-03	-1.326847741818924710e-10
2.054999999999999716e+00	7.499999999991076305e-03	-1.159431248790138010e-10
2.060000000000000053e+00	7.499999999992202140e-03	-1.013119771920758305e-10
2.064999999999999947e+00	7.499999999993186596e-03	-8.852452635157949386e-11
2.069999999999999840e+00	7.499999999994046151e-03	-7.734935909382560542e-11
2.075000000000000178e+00	7.499999999994798154e-03	-6.758218843957229215e-11
2.080000000000000071e+00	7.499999999995454747e-03	-5.904648655626813718e-11
2.084999999999999964e+00	7.499999999996028940e-03	-5.158674115010430294e-11
2.089999999999999858e+00	7.499999999996530275e-03	-4.506779777080793772e-11
2.094999999999999751e+00	7.499999999996969161e-03	-3.937025724902535539e-11
2.100000000000000089e+00	7.499999999997351667e-03	-3.439092063078950920e-11
2.104999999999999982e+00	7.499999999997687336e-03	-3.003873692626002300e-11
2.109999999999999876e+00	7.499999999997979637e-03	-2.623520148563089411e-11
2.115000000000000213e+00	7.499999999998235509e-03	-2.291095722079834977e-11
2.120000000000000107e+00	7.499999999998459288e-03	-2.000569927278958302e-11
2.125000000000000000e+00	7.499999999998654444e-03	-1.746619616127107440e-11
2.129999999999999893e+00	7.499999999998825315e-03	-1.524674345887103839e-11
2.134999999999999787e+00	7.499999999998975368e-03	-1.330641826779527784e-11
2.140000000000000124e+00	7.499999999999105472e-03	-1.160990639230250127e-11
2.145000000000000018e+00	7.499999999999219097e-03	-1.012660663086987706e-11
2.149999999999999911e+00	7.499999999999318843e-03	-8.830054032671458616e-12
2.155000000000000249e+00	7.499999999999406447e-03	-7.696407700453715638e-12
2.160000000000000142e+00	7.499999999999482775e-03	-6.705325339745730941e-12
2.165000000000000036e+00	7.499999999999548694e-03	-5.838945448863728967e-12
2.169999999999999929e+00	7.499999999999606808e-03	-5.081596272691238690e-12
2.174999999999999822e+00	7.499999999999658849e-03	-4.419455397434858801e-12
2.180000000000000160e+00	7.499999999999703085e-03	-3.840387787393765747e-12
2.185000000000000053e+00	7.499999999999741249e-03	-3.333894045961761158e-12
2.189999999999999947e+00	7.499999999999775943e-03	-2.891054544461972976e-12
2.195000000000000284e+00	7.499999999999806301e-03	-2.504261929973763085e-12
2.200000000000000178e+00	7.499999999999831454e-03	-2.166569692845071025e-12
2.205000000000000071e+00	7.499999999999854873e-03	-1.871766409687921313e-12
2.209999999999999964e+00	7.499999999999873955e-03	-1.614399710154353984e-12
2.214999999999999858e+00	7.499999999999892170e-03	-1.389786091642323246e-12
2.220000000000000195e+00	7.499999999999906915e-03	-1.193861257350009903e-12
2.225000000000000089e+00	7.499999999999919925e-03	-1.023098951442960389e-12
2.229999999999999982e+00	7.499999999999931201e-03	-8.743272401329821208e-13
2.235000000000000320e+00	7.499999999999941609e-03	-7.446832798972779698e-13
2.240000000000000213e+00	7.499999999999950283e-03	-6.319724306372790597e-13
2.245000000000000107e+00	7.499999999999957222e-03	-5.338206035395249094e-13
2.250000000000000000e+00	7.499999999999964161e-03	-4.482298897819359818e-13
2.254999999999999893e+00	7.499999999999970232e-03	-3.736868694176933908e-13
2.259999999999999787e+00	7.499999999999974569e-03	-3.088944230742529927e-13
2.264999999999999680e+00	7.499999999999978906e-03	-2.526093605527623186e-13
2.270000000000000018e+00	7.499999999999982375e-03	-2.037497634146315408e-13
2.274999999999999911e+00	7.499999999999985845e-03	-1.611612728486073774e-13
2.279999999999999805e+00	7.499999999999988447e-03	-1.238743637993993645e-13
2.285000000000000142e+00	7.499999999999991916e-03	-9.123912253934425596e-14
2.290000000000000036e+00	7.499999999999993651e-03	-6.286870727050146513e-14
2.294999999999999929e+00	7.499999999999995386e-03	-3.794917074218676619e-14
2.299999999999999822e+00	7.499999999999997120e-03	-1.600003990126455702e-14
2.304999999999999716e+00	7.499999999999998855e-03	3.303336852672818841e-15
2.310000000000000053e+00	7.499999999999999722e-03	2.040016435920248269e-14
2.314999999999999947e+00	7.500000000000001457e-03	3.532457259124019658e-14
2.319999999999999840e+00	7.500000000000002325e-03	4.830001578714373527e-14
2.325000000000000178e+00	7.500000000000004059e-03	5.964005943673609820e-14
2.330000000000000071e+00	7.500000000000004059e-03	6.984323414007519775e-14
2.334999999999999964e+00	7.500000000000004927e-03	7.877966046967110120e-14
2.339999999999999858e+00	7.500000000000005794e-03	8.647957515205891775e-14
2.344999999999999751e+00	7.500000000000005794e-03	9.313745981387736754e-14
2.350000000000000089e+00	7.500000000000005794e-03	9.890642505801088550e-14
2.354999999999999982e+00	7.500000000000006661e-03	1.039238910701318427e-13
2.359999999999999876e+00	7.500000000000006661e-03	1.083132284459337870e-13
2.365000000000000213e+00	7.500000000000007529e-03	1.120726349591861114e-13
2.370000000000000107e+00	7.500000000000007529e-03	1.151746214983030601e-13
2.375000000000000000e+00	7.500000000000007529e-03	1.176233699359143732e-13
2.379999999999999893e+00	7.500000000000007529e-03	1.194962644766578670e-13
2.384999999999999787e+00	7.500000000000008396e-03	1.209229320243400379e-13
2.390000000000000124e+00	7.500000000000007529e-03	1.219924861595163461e-13
2.395000000000000018e+00	7.500000000000008396e-03	1.226464550606332131e-13
2.399999999999999911e+00	7.500000000000008396e-03	1.228292318804517064e-13
2.405000000000000249e+00	7.500000000000008396e-03	1.225896448803503163e-13
2.410000000000000142e+00	7.500000000000007529e-03	1.220792719437219316e-13
2.415000000000000036e+00	7.500000000000008396e-03	1.216174812659393835e-13
2.419999999999999929e+00	7.500000000000008396e-03	1.213810265214750634e-13
2.424999999999999822e+00	7.500000000000008396e-03	1.213756420264344117e-13
2.430000000000000160e+00	7.500000000000007529e-03	1.214659828493174787e-13
2.435000000000000053e+00	7.500000000000008396e-03	1.215269975723694448e-13
2.439999999999999947e+00	7.500000000000008396e-03	1.217912322124118523e-13
2.445000000000000284e+00	7.500000000000008396e-03	1.222413488514131087e-13
2.450000000000000178e+00	7.500000000000007529e-03	1.225523204609362274e-13
2.455000000000000071e+00	7.500000000000008396e-03	1.226908371902786775e-13
2.459999999999999964e+00	7.500000000000008396e-03	1.227410009097187244e-13
2.464999999999999858e+00	7.500000000000008396e-03	1.227625762052661409e-13
2.470000000000000195e+00	7.500000000000008396e-03	1.227966042921891288e-13
2.475000000000000089e+00	7.500000000000008396e-03	1.227100852639416434e-13
2.479999999999999982e+00	7.500000000000008396e-03	1.224565335517581727e-13
2.485000000000000320e+00	7.500000000000008396e-03	1.221563424573219995e-13
2.490000000000000213e+00	7.500000000000008396e-03	1.218721406706694055e-13
2.495000000000000107e+00	7.500000000000008396e-03	1.215247033449240553e-13
2.500000000000000000e+00	7.500000000000007529e-03	1.211500468556109052e-13
2.504999999999999893e+00	7.500000000000008396e-03	1.206510250039812175e-13
2.509999999999999787e+00	7.500000000000008396e-03	1.200944295864818588e-13
2.514999999999999680e+00	7.500000000000008396e-03	1.194580098358471285e-13
2.520000000000000018e+00	7.500000000000007529e-03	1.186628226764686034e-13
2.524999999999999911e+00	7.500000000000007529e-03	1.178797568744945631e-13
2.529999999999999805e+00	7.500000000000007529e-03	1.171571385589767909e-13
2.535000000000000142e+00	7.500000000000008396e-03	1.165531387249828832e-13
2.540000000000000036e+00	7.500000000000008396e-03	1.161908244215871958e-13
2.544999999999999929e+00	7.500000000000008396e-03	1.159851071418384249e-13
2.549999999999999822e+00	7.500000000000008396e-03	1.158880629479662556e-13
2.554999999999999716e+00	7.500000000000007529e-03	1.159114233815343417e-13
2.560000000000000053e+00	7.500000000000007529e-03	1.160097454196636433e-13
2.564999999999999947e+00	7.500000000000007529e-03	1.161098328676347902e-13
2.569999999999999840e+00	7.500000000000007529e-03	1.162641562160336714e-13
2.575000000000000178e+00	7.500000000000007529e-03	1.165411905680954940e-13
2.580000000000000071e+00	7.500000000000007529e-03	1.169170962741854965e-13
2.584999999999999964e+00	7.500000000000008396e-03	1.174510658365231725e-13
2.589999999999999858e+00	7.500000000000007529e-03	1.181633639680281350e-13
2.594999999999999751e+00	7.500000000000008396e-03	1.188964861213989203e-13
2.600000000000000089e+00	7.500000000000007529e-03	1.198212506868148208e-13
2.604999999999999982e+00	7.500000000000007529e-03	1.206294043092560357e-13
2.609999999999999876e+00	7.500000000000007529e-03	1.211688570446746195e-13
2.615000000000000213e+00	7.500000000000008396e-03	1.215353231997069113e-13
2.620000000000000107e+00	7.500000000000008396e-03	1.218305921762038505e-13
2.625000000000000000e+00	7.500000000000008396e-03	1.221018558714244813e-13
2.629999999999999893e+00	7.500000000000008396e-03	1.224147336148743436e-13
2.634999999999999787e+00	7.500000000000008396e-03	1.227045445471028683e-13
2.640000000000000124e+00	7.500000000000008396e-03	1.230160741482730360e-13
2.645000000000000018e+00	7.500000000000008396e-03	1.232746850166924959e-13
2.649999999999999911e+00	7.500000000000008396e-03	1.235127001343599651e-13
2.655000000000000249e+00	7.500000000000008396e-03	1.236283656703128923e-13
2.660000000000000142e+00	7.500000000000008396e-03	1.236464116761082001e-13
2.665000000000000036e+00	7.500000000000008396e-03	1.236145688217004914e-13
2.669999999999999929e+00	7.500000000000008396e-03	1.235762823703862650e-13
2.674999999999999822e+00	7.500000000000008396e-03	1.235551231866748142e-13
2.680000000000000160e+00	7.500000000000008396e-03	1.235221864917231146e-13
2.685000000000000053e+00	7.500000000000008396e-03	1.233438695563992085e-13
2.689999999999999947e+00	7.500000000000008396e-03	1.230016670344525370e-13
2.695000000000000284e+00	7.500000000000008396e-03	1.225383240944058999e-13
2.700000000000000178e+00	7.500000000000008396e-03	1.220731504426494982e-13
2.705000000000000071e+00	7.500000000000008396e-03	1.216810758837285171e-13
2.709999999999999964e+00	7.500000000000008396e-03	1.215586520531875815e-13
2.714999999999999858e+00	7.500000000000008396e-03	1.215811652009749591e-13
2.720000000000000195e+00	7.500000000000008396e-03	1.218379790776383074e-13
2.725000000000000089e+00	7.500000000000008396e-03	1.221848017620751048e-13
2.729999999999999982e+00	7.500000000000008396e-03	1.228182498544164649e-13
2.735000000000000320e+00	7.500000000000008396e-03	1.237437121568729795e-13
2.740000000000000213e+00	7.500000000000008396e-03	1.249934445949229140e-13
2.745000000000000107e+00	7.500000000000008396e-03	1.263270755087710124e-13
2.750000000000000000e+00	7.500000000000008396e-03	1.273953828690146039e-13
2.754999999999999893e+00	7.500000000000009263e-03	1.282681119215748358e-13
2.759999999999999787e+00	7.500000000000008396e-03	1.292603765202702303e-13
2.764999999999999680e+00	7.500000000000008396e-03	1.301936739268013629e-13
2.770000000000000018e+00	7.500000000000008396e-03	1.311254010805022395e-13
2.774999999999999911e+00	7.500000000000008396e-03	1.318426512741735732e-13
2.779999999999999805e+00	7.500000000000008396e-03	1.322797422929787511e-13
2.785000000000000142e+00	7.500000000000009263e-03	1.326039393777138608e-13
2.790000000000000036e+00	7.500000000000008396e-03	1.330842211125276286e-13
2.794999999999999929e+00	7.500000000000008396e-03	1.334173296442946051e-13
2.799999999999999822e+00	7.500000000000008396e-03	1.335046223793164835e-13
2.804999999999999716e+00	7.500000000000008396e-03	1.333565426148588421e-13
2.810000000000000053e+00	7.500000000000008396e-03	1.329849694632109826e-13
2.814999999999999947e+00	7.500000000000009263e-03	1.324539779454553391e-13
2.819999999999999840e+00	7.500000000000008396e-03	1.318720117314246573e-13
2.825000000000000178e+00	7.500000000000009263e-03	1.311164211841536159e-13
2.830000000000000071e+00	7.500000000000008396e-03	1.302385210435810091e-13
2.834999999999999964e+00	7.500000000000009263e-03	1.291745122680535870e-13
2.839999999999999858e+00	7.500000000000008396e-03	1.280715732842668141e-13
2.844999999999999751e+00	7.500000000000008396e-03	1.272214488808634721e-13
2.850000000000000089e+00	7.500000000000008396e-03	1.267023419827436869e-13
2.854999999999999982e+00	7.500000000000008396e-03	1.264536733661209941e-13
2.859999999999999876e+00	7.500000000000008396e-03	1.264199193532927586e-13
2.865000000000000213e+00	7.500000000000008396e-03	1.264942113078930976e-13
2.870000000000000107e+00	7.500000000000008396e-03	1.268159979641523277e-13
2.875000000000000000e+00	7.500000000000008396e-03	1.272060959027273326e-13
2.879999999999999893e+00	7.500000000000008396e-03	1.275652357210794130e-13
2.884999999999999787e+00	7.500000000000008396e-03	1.279009103911294451e-13
2.890000000000000124e+00	7.500000000000008396e-03	1.282538697014254433e-13
2.895000000000000018e+00	7.500000000000009263e-03	1.286251119240483203e-13
2.899999999999999911e+00	7.500000000000008396e-03	1.290013078484786744e-13
2.905000000000000249e+00	7.500000000000008396e-03	1.293801938004021390e-13
2.910000000000000142e+00	7.500000000000008396e-03	1.297106028091279054e-13
2.915000000000000036e+00	7.500000000000008396e-03	1.300098287883693366e-13
2.919999999999999929e+00	7.500000000000008396e-03	1.303755865259346210e-13
2.924999999999999822e+00	7.500000000000009263e-03	1.307878302833934112e-13
2.930000000000000160e+00	7.500000000000008396e-03	1.312329506803719812e-13
2.935000000000000053e+00	7.500000000000008396e-03	1.319386239845288969e-13
2.939999999999999947e+00	7.500000000000008396e-03	1.329762958257065122e-13
2.945000000000000284e+00	7.500000000000009263e-03	1.342825568137669768e-13
2.950000000000000178e+00	7.500000000000009263e-03	1.355938910825546782e-13
2.955000000000000071e+00	7.500000000000009263e-03	1.368286843136841076e-13
2.959999999999999964e+00	7.500000000000009263e-03	1.379821492947218111e-13
2.964999999999999858e+00	7.500000000000009263e-03	1.390468798920680555e-13
2.970000000000000195e+00	7.500000000000009263e-03	1.401403969752971624e-13
2.975000000000000089e+00	7.500000000000010131e-03	1.411985521978081996e-13
2.979999999999999982e+00	7.500000000000009263e-03	1.421854693870595884e-13
2.985000000000000320e+00	7.500000000000009263e-03	1.431197990174289713e-13
2.990000000000000213e+00	7.500000000000009263e-03	1.440044623390398551e-13
2.995000000000000107e+00	7.500000000000010131e-03	1.448742169765174254e-13
3.000000000000000000e+00	7.500000000000009263e-03	1.457438097601448866e-13
3.004999999999999893e+00	7.500000000000010131e-03	1.466453357560587553e-13
3.009999999999999787e+00	7.500000000000009263e-03	1.475347300889315059e-13
3.014999999999999680e+00	7.500000000000010131e-03	1.484425128409568994e-13
3.020000000000000018e+00	7.500000000000010131e-03	1.493286195696427537e-13
3.024999999999999911e+00	7.500000000000010131e-03	1.501674312069330784e-13
3.029999999999999805e+00	7.500000000000010131e-03	1.509483712378599147e-13
3.035000000000000142e+00	7.500000000000010131e-03	1.516768629042910849e-13
3.040000000000000036e+00	7.500000000000010131e-03	1.523784504638098648e-13
3.044999999999999929e+00	7.500000000000010131e-03	1.531212851364720505e-13
3.049999999999999822e+00	7.500000000000010131e-03	1.541841891528344441e-13
3.054999999999999716e+00	7.500000000000010998e-03	1.554894020274576061e-13
3.060000000000000053e+00	7.500000000000010998e-03	1.568631256353843297e-13
3.064999999999999947e+00	7.500000000000010998e-03	1.586608683847327371e-13
3.069999999999999840e+00	7.500000000000010998e-03	1.609359672246705587e-13
3.075000000000000178e+00	7.500000000000011866e-03	1.631946545272418549e-13
3.080000000000000071e+00	7.500000000000010998e-03	1.649854438400049469e-13
3.084999999999999964e+00	7.500000000000011866e-03	1.662807052997652430e-13
3.089999999999999858e+00	7.500000000000010998e-03	1.672082414798460231e-13
3.094999999999999751e+00	7.500000000000010998e-03	1.676501835873511163e-13
3.100000000000000089e+00	7.500000000000011866e-03	1.675804990946303619e-13
3.104999999999999982e+00	7.500000000000010998e-03	1.670888667910707382e-13
3.109999999999999876e+00	7.500000000000011866e-03	1.660983431813911014e-13
3.115000000000000213e+00	7.500000000000010998e-03	1.647193965575166144e-13
3.120000000000000107e+00	7.500000000000010998e-03	1.633350166334578337e-13
3.125000000000000000e+00	7.500000000000010998e-03	1.619548955632172928e-13
3.129999999999999893e+00	7.500000000000010998e-03	1.605843063667443410e-13
3.134999999999999787e+00	7.500000000000010998e-03	1.591971587590272333e-13
3.140000000000000124e+00	7.500000000000010131e-03	1.578223723454142257e-13
3.145000000000000018e+00	7.500000000000010998e-03	1.566398816287185992e-13
3.149999999999999911e+00	7.500000000000010131e-03	1.555116148023885298e-13
3.155000000000000249e+00	7.500000000000010998e-03	1.545437993496935521e-13
3.160000000000000142e+00	7.500000000000010998e-03	1.535487021390338754e-13
3.165000000000000036e+00	7.500000000000010998e-03	1.526278027249207691e-13
3.169999999999999929e+00	7.500000000000010998e-03	1.521234617573360430e-13
3.174999999999999822e+00	7.500000000000010998e-03	1.516979197799757083e-13
3.180000000000000160e+00	7.500000000000010998e-03	1.512699711339042359e-13
3.185000000000000053e+00	7.500000000000010998e-03	1.511148396587883369e-13
3.189999999999999947e+00	7.500000000000010998e-03	1.509616333552670529e-13
3.195000000000000284e+00	7.500000000000010998e-03	1.508641062978632056e-13
3.200000000000000178e+00	7.500000000000010131e-03	1.510848129729226173e-13
3.205000000000000071e+00	7.500000000000010131e-03	1.512612092344279100e-13
3.209999999999999964e+00	7.500000000000010131e-03	1.513618680550141146e-13
3.214999999999999858e+00	7.500000000000010131e-03	1.514190341824699491e-13
3.220000000000000195e+00	7.500000000000010131e-03	1.514534519600435114e-13
3.225000000000000089e+00	7.500000000000010131e-03	1.516987416588127478e-13
3.229999999999999982e+00	7.500000000000010131e-03	1.522540595260176669e-13
3.235000000000000320e+00	7.500000000000010131e-03	1.529610218362438779e-13
3.240000000000000213e+00	7.500000000000010131e-03	1.535491407640734217e-13
3.245000000000000107e+00	7.500000000000010998e-03	1.542808882488099270e-13
3.250000000000000000e+00	7.500000000000010998e-03	1.550457149654583694e-13
3.254999999999999893e+00	7.500000000000010131e-03	1.557319078458850727e-13
3.259999999999999787e+00	7.500000000000010131e-03	1.562079104091038541e-13
3.264999999999999680e+00	7.500000000000010131e-03	1.563642846973448243e-13
3.270000000000000018e+00	7.500000000000010131e-03	1.563020881168869750e-13
3.274999999999999911e+00	7.500000000000010131e-03	1.563306040976591813e-13
3.279999999999999805e+00	7.500000000000010998e-03	1.562041685158320440e-13
3.285000000000000142e+00	7.500000000000010998e-03	1.559686836478435057e-13
3.290000000000000036e+00	7.500000000000010998e-03	1.556861273969366199e-13
3.294999999999999929e+00	7.500000000000010998e-03	1.552432621423608013e-13
3.299999999999999822e+00	7.500000000000010998e-03	1.547854427457973948e-13
3.304999999999999716e+00	7.500000000000010998e-03	1.546143037401803604e-13
3.310000000000000053e+00	7.500000000000010998e-03	1.544818862962714328e-13
3.314999999999999947e+00	7.500000000000010998e-03	1.542917449737374442e-13
3.319999999999999840e+00	7.500000000000010998e-03	1.540528071531788807e-13
3.325000000000000178e+00	7.500000000000010131e-03	1.537995366934963245e-13
3.330000000000000071e+00	7.500000000000010131e-03	1.536125441961734101e-13
3.334999999999999964e+00	7.500000000000010131e-03	1.534372660962039734e-13
3.339999999999999858e+00	7.500000000000010131e-03	1.532719771002739938e-13
3.344999999999999751e+00	7.500000000000010131e-03	1.530955262017501129e-13
3.350000000000000089e+00	7.500000000000010131e-03	1.529075655725283148e-13
3.354999999999999982e+00	7.500000000000010131e-03	1.527249975591056662e-13
3.359999999999999876e+00	7.500000000000010131e-03	1.525787209018649097e-13
3.365000000000000213e+00	7.500000000000010131e-03	1.524281068744109271e-13
3.370000000000000107e+00	7.500000000000010131e-03	1.523092461481610847e-13
3.375000000000000000e+00	7.500000000000010131e-03	1.522638166976494187e-13
3.379999999999999893e+00	7.500000000000010131e-03	1.522795965895911372e-13
3.384999999999999787e+00	7.500000000000010131e-03	1.523251618036294918e-13
3.390000000000000124e+00	7.500000000000010131e-03	1.524293572321103647e-13
3.395000000000000018e+00	7.500000000000010998e-03	1.527179495162185493e-13
3.399999999999999911e+00	7.500000000000010131e-03	1.534468634324704443e-13
3.405000000000000249e+00	7.500000000000010998e-03	1.543380534438375483e-13
3.410000000000000142e+00	7.500000000000010998e-03	1.552189780965329607e-13
3.415000000000000036e+00	7.500000000000010998e-03	1.560856318107568360e-13
3.419999999999999929e+00	7.500000000000010998e-03	1.569445645660987246e-13
3.424999999999999822e+00	7.500000000000010998e-03	1.579271278393594719e-13
3.430000000000000160e+00	7.500000000000010998e-03	1.594207657287090860e-13
3.435000000000000053e+00	7.500000000000010998e-03	1.614031141909616986e-13
3.439999999999999947e+00	7.500000000000011866e-03	1.635216375658920546e-13
3.445000000000000284e+00	7.500000000000011866e-03	1.658115946658298359e-13
3.450000000000000178e+00	7.500000000000010998e-03	1.682138056565264844e-13
3.455000000000000071e+00	7.500000000000011866e-03	1.705912667128507566e-13
3.459999999999999964e+00	7.500000000000011866e-03	1.727051821661665948e-13
3.464999999999999858e+00	7.500000000000011866e-03	1.744422847691773031e-13
3.470000000000000195e+00	7.500000000000011866e-03	1.758571880455139131e-13
3.475000000000000089e+00	7.500000000000011866e-03	1.769303467771228924e-13
3.479999999999999982e+00	7.500000000000011866e-03	1.776517928382213692e-13
3.485000000000000320e+00	7.500000000000011866e-03	1.780563159352403837e-13
3.490000000000000213e+00	7.500000000000011866e-03	1.781760815305532830e-13
3.495000000000000107e+00	7.500000000000011866e-03	1.779976189761677973e-13
3.500000000000000000e+00	7.500000000000011866e-03	1.775030233947524272e-13
3.504999999999999893e+00	7.500000000000011866e-03	1.766931980155022600e-13
3.509999999999999787e+00	7.500000000000011866e-03	1.756233157678227831e-13
3.514999999999999680e+00	7.500000000000012733e-03	1.742982487980342714e-13
3.520000000000000018e+00	7.500000000000011866e-03	1.727434483008456385e-13
3.524999999999999911e+00	7.500000000000010998e-03	1.708275722452307011e-13
3.529999999999999805e+00	7.500000000000010998e-03	1.685691492608865282e-13
3.535000000000000142e+00	7.500000000000011866e-03	1.663901810264544288e-13
3.540000000000000036e+00	7.500000000000010998e-03	1.644195803087829987e-13
3.544999999999999929e+00	7.500000000000010998e-03	1.625637391676526380e-13
3.549999999999999822e+00	7.500000000000010998e-03	1.607739598187283715e-13
3.554999999999999716e+00	7.500000000000010998e-03	1.590335980135031791e-13
3.560000000000000053e+00	7.500000000000010998e-03	1.573558351506857583e-13
3.564999999999999947e+00	7.500000000000010998e-03	1.557433626903604901e-13
3.569999999999999840e+00	7.500000000000010998e-03	1.543064152226117474e-13
3.575000000000000178e+00	7.500000000000010131e-03	1.532079842768107564e-13
3.580000000000000071e+00	7.500000000000010131e-03	1.521691400769223193e-13
3.584999999999999964e+00	7.500000000000010131e-03	1.510931130321202240e-13
3.589999999999999858e+00	7.500000000000010131e-03	1.499949735955743144e-13
3.594999999999999751e+00	7.500000000000010131e-03	1.488441642574814302e-13
3.600000000000000089e+00	7.500000000000010131e-03	1.476527046234423015e-13
3.604999999999999982e+00	7.500000000000010131e-03	1.463867150561597649e-13
3.609999999999999876e+00	7.500000000000009263e-03	1.450512212210551824e-13
3.615000000000000213e+00	7.500000000000010131e-03	1.436909519392605849e-13
3.620000000000000107e+00	7.500000000000009263e-03	1.422720107766807542e-13
3.625000000000000000e+00	7.500000000000009263e-03	1.408465147426613581e-13
3.629999999999999893e+00	7.500000000000009263e-03	1.394124150695965244e-13
3.634999999999999787e+00	7.500000000000009263e-03	1.379038203369925858e-13
3.640000000000000124e+00	7.500000000000009263e-03	1.363576535608840656e-13
3.645000000000000018e+00	7.500000000000009263e-03	1.349987800582761947e-13
3.649999999999999911e+00	7.500000000000009263e-03	1.339154844854799241e-13
3.655000000000000249e+00	7.500000000000008396e-03	1.330718157430951487e-13
3.660000000000000142e+00	7.500000000000008396e-03	1.323351205957260610e-13
3.665000000000000036e+00	7.500000000000009263e-03	1.316662490852737898e-13
3.669999999999999929e+00	7.500000000000009263e-03	1.312245266594666392e-13
3.674999999999999822e+00	7.500000000000008396e-03	1.310070643487452711e-13
3.680000000000000160e+00	7.500000000000008396e-03	1.308622874939612307e-13
3.685000000000000053e+00	7.500000000000008396e-03	1.307110734311983712e-13
3.689999999999999947e+00	7.500000000000008396e-03	1.305837535301875675e-13
3.695000000000000284e+00	7.500000000000008396e-03	1.304975569310456088e-13
3.700000000000000178e+00	7.500000000000008396e-03	1.304597820690346520e-13
3.705000000000000071e+00	7.500000000000008396e-03	1.304531752478403102e-13
3.709999999999999964e+00	7.500000000000008396e-03	1.304621145981392457e-13
3.714999999999999858e+00	7.500000000000008396e-03	1.304952824406642680e-13
3.720000000000000195e+00	7.500000000000008396e-03	1.306095307178612853e-13
3.725000000000000089e+00	7.500000000000009263e-03	1.308095092897153458e-13
3.729999999999999982e+00	7.500000000000009263e-03	1.311272509446673918e-13
3.735000000000000320e+00	7.500000000000008396e-03	1.315492652850873434e-13
3.740000000000000213e+00	7.500000000000008396e-03	1.317891893556447496e-13
3.745000000000000107e+00	7.500000000000008396e-03	1.319852734654176222e-13
3.750000000000000000e+00	7.500000000000008396e-03	1.321897951552166079e-13
3.754999999999999893e+00	7.500000000000008396e-03	1.322574538933512819e-13
3.759999999999999787e+00	7.500000000000008396e-03	1.323838837319868877e-13
3.764999999999999680e+00	7.500000000000009263e-03	1.326616973309784480e-13
3.770000000000000018e+00	7.500000000000009263e-03	1.331803893619593407e-13
3.774999999999999911e+00	7.500000000000008396e-03	1.339304085008857985e-13
3.779999999999999805e+00	7.500000000000008396e-03	1.348744282590258183e-13
3.785000000000000142e+00	7.500000000000009263e-03	1.360027876664776660e-13
3.790000000000000036e+00	7.500000000000009263e-03	1.373497687331367117e-13
3.794999999999999929e+00	7.500000000000009263e-03	1.389322617510897254e-13
3.799999999999999822e+00	7.500000000000009263e-03	1.407427742232001349e-13
3.804999999999999716e+00	7.500000000000009263e-03	1.427910193965492093e-13
3.810000000000000053e+00	7.500000000000009263e-03	1.451405215675306947e-13
3.814999999999999947e+00	7.500000000000010131e-03	1.476949451495104590e-13
3.819999999999999840e+00	7.500000000000010131e-03	1.500061227281846909e-13
3.825000000000000178e+00	7.500000000000010131e-03	1.520700974773299430e-13
3.830000000000000071e+00	7.500000000000010998e-03	1.543534877277226484e-13
3.834999999999999964e+00	7.500000000000010998e-03	1.570136757004097618e-13
3.839999999999999858e+00	7.500000000000010998e-03	1.597162409273540279e-13
3.844999999999999751e+00	7.500000000000010998e-03	1.624066754089949310e-13
3.850000000000000089e+00	7.500000000000010998e-03	1.651514576313337553e-13
3.854999999999999982e+00	7.500000000000011866e-03	1.679863034045363435e-13
3.859999999999999876e+00	7.500000000000011866e-03	1.710266974359040253e-13
3.865000000000000213e+00	7.500000000000012733e-03	1.741787772424821681e-13
3.870000000000000107e+00	7.500000000000012733e-03	1.770087092665860326e-13
3.875000000000000000e+00	7.500000000000012733e-03	1.794699652933105425e-13
3.879999999999999893e+00	7.500000000000012733e-03	1.816145101854883649e-13
3.884999999999999787e+00	7.500000000000012733e-03	1.833830640886553953e-13
3.890000000000000124e+00	7.500000000000012733e-03	1.847794376342897479e-13
3.895000000000000018e+00	7.500000000000012733e-03	1.858839628064556010e-13
3.899999999999999911e+00	7.500000000000013600e-03	1.868079763709376695e-13
3.905000000000000249e+00	7.500000000000012733e-03	1.875650967650065611e-13
3.910000000000000142e+00	7.500000000000012733e-03	1.880993860994137388e-13
3.915000000000000036e+00	7.500000000000012733e-03	1.883435880272964487e-13
3.919999999999999929e+00	7.500000000000012733e-03	1.883311170692315295e-13
3.924999999999999822e+00	7.500000000000013600e-03	1.881100313793853418e-13
3.930000000000000160e+00	7.500000000000013600e-03	1.878076386445499912e-13
3.935000000000000053e+00	7.500000000000012733e-03	1.873569671810455906e-13
3.939999999999999947e+00	7.500000000000012733e-03	1.866837488587254309e-13
3.945000000000000284e+00	7.500000000000013600e-03	1.858081350370328989e-13
3.950000000000000178e+00	7.500000000000012733e-03	1.847475611770355323e-13
3.955000000000000071e+00	7.500000000000012733e-03	1.834084505455798996e-13
3.959999999999999964e+00	7.500000000000011866e-03	1.817604731200818554e-13
3.964999999999999858e+00	7.500000000000011866e-03	1.798413638831238838e-13
3.970000000000000195e+00	7.500000000000011866e-03	1.776655245314706242e-13
3.975000000000000089e+00	7.500000000000011866e-03	1.751390979359621117e-13
3.979999999999999982e+00	7.500000000000011866e-03	1.724064876608121721e-13
3.985000000000000320e+00	7.500000000000011866e-03	1.698574351431469107e-13
3.990000000000000213e+00	7.500000000000010998e-03	1.674677094408757247e-13
3.995000000000000107e+00	7.500000000000010998e-03	1.651120696057944257e-13
4.000000000000000000e+00	7.500000000000010998e-03	1.628936942987966602e-13
4.004999999999999893e+00	7.500000000000010998e-03	1.610509139734757245e-13
4.009999999999999787e+00	7.500000000000010998e-03	1.593535073237758830e-13
4.014999999999999680e+00	7.500000000000010998e-03	1.579880731217239677e-13
4.019999999999999574e+00	7.500000000000010998e-03	1.567599071698080309e-13
4.025000000000000355e+00	7.500000000000010998e-03	1.555945628473108742e-13
4.030000000000000249e+00	7.500000000000010131e-03	1.545507018502180536e-13
4.035000000000000142e+00	7.500000000000010131e-03	1.535544272962854567e-13
4.040000000000000036e+00	7.500000000000010131e-03	1.525243248569409083e-13
4.044999999999999929e+00	7.500000000000010131e-03	1.515081809272945357e-13
4.049999999999999822e+00	7.500000000000010131e-03	1.505380111915601095e-13
4.054999999999999716e+00	7.500000000000010131e-03	1.495823657774608194e-13
4.059999999999999609e+00	7.500000000000010131e-03	1.485947661897039464e-13
4.064999999999999503e+00	7.500000000000010131e-03	1.475519429878273054e-13
4.070000000000000284e+00	7.500000000000009263e-03	1.464874888616405184e-13
4.075000000000000178e+00	7.500000000000010131e-03	1.455217553348956510e-13
4.080000000000000071e+00	7.500000000000010131e-03	1.448104520963060935e-13
4.084999999999999964e+00	7.500000000000009263e-03	1.443187392768532626e-13
4.089999999999999858e+00	7.500000000000009263e-03	1.438835551431905845e-13
4.094999999999999751e+00	7.500000000000009263e-03	1.434184687524278573e-13
4.099999999999999645e+00	7.500000000000009263e-03	1.429322840606498181e-13
4.105000000000000426e+00	7.500000000000009263e-03	1.424281426135851742e-13
4.110000000000000320e+00	7.500000000000009263e-03	1.419319730420716045e-13
4.115000000000000213e+00	7.500000000000009263e-03	1.414294349638720549e-13
4.120000000000000107e+00	7.500000000000009263e-03	1.408919726905847569e-13
4.125000000000000000e+00	7.500000000000009263e-03	1.403947664294279658e-13
4.129999999999999893e+00	7.500000000000009263e-03	1.402285114255570319e-13
4.134999999999999787e+00	7.500000000000009263e-03	1.403442709234121634e-13
4.139999999999999680e+00	7.500000000000009263e-03	1.403893386442716386e-13
4.144999999999999574e+00	7.500000000000009263e-03	1.403515326544121020e-13
4.150000000000000355e+00	7.500000000000009263e-03	1.402688983875780671e-13
4.155000000000000249e+00	7.500000000000009263e-03	1.401530696826607748e-13
4.160000000000000142e+00	7.500000000000009263e-03	1.400171083112687953e-13
4.165000000000000036e+00	7.500000000000009263e-03	1.398467758222331154e-13
4.169999999999999929e+00	7.500000000000009263e-03	1.396218098913264506e-13
4.174999999999999822e+00	7.500000000000009263e-03	1.394254787065766154e-13
4.179999999999999716e+00	7.500000000000009263e-03	1.395605734359529399e-13
4.185000000000000497e+00	7.500000000000009263e-03	1.399889225832610563e-13
4.190000000000000391e+00	7.500000000000009263e-03	1.403625495398934086e-13
4.195000000000000284e+00	7.500000000000009263e-03	1.406761480322594372e-13
4.200000000000000178e+00	7.500000000000009263e-03	1.409233168195089497e-13
4.205000000000000071e+00	7.500000000000009263e-03	1.411061267346089034e-13
4.209999999999999964e+00	7.500000000000009263e-03	1.412539579841804845e-13
4.214999999999999858e+00	7.500000000000009263e-03	1.413601846462725752e-13
4.219999999999999751e+00	7.500000000000009263e-03	1.414012600940106454e-13
4.224999999999999645e+00	7.500000000000009263e-03	1.413591734367613666e-13
4.230000000000000426e+00	7.500000000000009263e-03	1.412464896171259101e-13
4.235000000000000320e+00	7.500000000000009263e-03	1.411801203370651074e-13
4.240000000000000213e+00	7.500000000000009263e-03	1.413682979161584730e-13
4.245000000000000107e+00	7.500000000000009263e-03	1.415989708261403699e-13
4.250000000000000000e+00	7.500000000000009263e-03	1.418388025974218629e-13
4.254999999999999893e+00	7.500000000000009263e-03	1.422652049285350912e-13
4.259999999999999787e+00	7.500000000000009263e-03	1.427044286264688501e-13
4.264999999999999680e+00	7.500000000000009263e-03	1.430904527115288768e-13
4.269999999999999574e+00	7.500000000000009263e-03	1.434825362982830842e-13
4.275000000000000355e+00	7.500000000000010131e-03	1.438487461967745235e-13
4.280000000000000249e+00	7.500000000000009263e-03	1.441407931936523590e-13
4.285000000000000142e+00	7.500000000000009263e-03	1.444527338823012769e-13
4.290000000000000036e+00	7.500000000000010131e-03	1.447869662292054272e-13
4.294999999999999929e+00	7.500000000000010131e-03	1.450659526698385347e-13
4.299999999999999822e+00	7.500000000000010131e-03	1.452827416052336684e-13
4.304999999999999716e+00	7.500000000000010131e-03	1.454713684282737378e-13
4.309999999999999609e+00	7.500000000000009263e-03	1.457337028200539835e-13
4.314999999999999503e+00	7.500000000000009263e-03	1.460187086678200803e-13
4.320000000000000284e+00	7.500000000000009263e-03	1.463253710994562509e-13
4.325000000000000178e+00	7.500000000000010131e-03	1.467345116987034931e-13
4.330000000000000071e+00	7.500000000000010131e-03	1.473906062137081702e-13
4.334999999999999964e+00	7.500000000000010131e-03	1.483316877662275549e-13
4.339999999999999858e+00	7.500000000000010131e-03	1.494996133556669706e-13
4.344999999999999751e+00	7.500000000000010131e-03	1.506981212735605363e-13
4.349999999999999645e+00	7.500000000000010131e-03	1.519029861943772901e-13
4.355000000000000426e+00	7.500000000000010131e-03	1.532179676443447137e-13
4.360000000000000320e+00	7.500000000000010131e-03	1.548527052131263644e-13
4.365000000000000213e+00	7.500000000000010998e-03	1.566938251853940495e-13
4.370000000000000107e+00	7.500000000000010998e-03	1.587508224611242836e-13
4.375000000000000000e+00	7.500000000000010998e-03	1.609950765317703270e-13
4.379999999999999893e+00	7.500000000000010998e-03	1.633128539267275108e-13
4.384999999999999787e+00	7.500000000000010998e-03	1.657204140343688277e-13
4.389999999999999680e+00	7.500000000000011866e-03	1.681621817556431133e-13
4.394999999999999574e+00	7.500000000000011866e-03	1.703643391722169191e-13
4.400000000000000355e+00	7.500000000000010998e-03	1.722294459271690296e-13
4.405000000000000249e+00	7.500000000000011866e-03	1.737128067261833048e-13
4.410000000000000142e+00	7.500000000000011866e-03	1.748435231209374439e-13
4.415000000000000036e+00	7.500000000000011866e-03	1.756342817488784914e-13
4.419999999999999929e+00	7.500000000000011866e-03	1.760799106303076348e-13
4.424999999999999822e+00	7.500000000000011866e-03	1.762012999224327482e-13
4.429999999999999716e+00	7.500000000000011866e-03	1.760602655065247908e-13
4.435000000000000497e+00	7.500000000000011866e-03	1.756026798634613051e-13
4.440000000000000391e+00	7.500000000000011866e-03	1.748641443223549305e-13
4.445000000000000284e+00	7.500000000000011866e-03	1.737975821849984292e-13
4.450000000000000178e+00	7.500000000000011866e-03	1.724532371842434034e-13
4.455000000000000071e+00	7.500000000000011866e-03	1.710692466594310390e-13
4.459999999999999964e+00	7.500000000000011866e-03	1.694572033235521175e-13
4.464999999999999858e+00	7.500000000000011866e-03	1.679139240842253927e-13
4.469999999999999751e+00	7.500000000000010998e-03	1.665163746597513759e-13
4.474999999999999645e+00	7.500000000000010998e-03	1.651865674106769425e-13
4.480000000000000426e+00	7.500000000000010998e-03	1.639075199155716858e-13
4.485000000000000320e+00	7.500000000000010998e-03	1.626574825417855268e-13
4.490000000000000213e+00	7.500000000000010998e-03	1.615447212246690886e-13
4.495000000000000107e+00	7.500000000000010998e-03	1.606673440938766536e-13
4.500000000000000000e+00	7.500000000000010998e-03	1.602907463074409770e-13
4.504999999999999893e+00	7.500000000000010998e-03	1.601329674915652031e-13
4.509999999999999787e+00	7.500000000000010998e-03	1.600574924955711032e-13
4.514999999999999680e+00	7.500000000000010998e-03	1.600508569251113775e-13
4.519999999999999574e+00	7.500000000000010998e-03	1.601082301803870581e-13
4.525000000000000355e+00	7.500000000000010998e-03	1.602797872757313917e-13
4.530000000000000249e+00	7.500000000000010998e-03	1.607122507215911539e-13
4.535000000000000142e+00	7.500000000000011866e-03	1.614041170615169976e-13
4.540000000000000036e+00	7.500000000000011866e-03	1.622278943293061044e-13
4.544999999999999929e+00	7.500000000000010998e-03	1.631341807551022905e-13
4.549999999999999822e+00	7.500000000000010998e-03	1.640768826224964634e-13
4.554999999999999716e+00	7.500000000000010998e-03	1.650581514943994669e-13
4.559999999999999609e+00	7.500000000000010998e-03	1.661016446620099522e-13
4.564999999999999503e+00	7.500000000000010998e-03	1.670827799205174653e-13
4.570000000000000284e+00	7.500000000000010998e-03	1.676676211490178691e-13
4.575000000000000178e+00	7.500000000000010998e-03	1.677377886388740059e-13
4.580000000000000071e+00	7.500000000000010998e-03	1.673326506417307934e-13
4.584999999999999964e+00	7.500000000000011866e-03	1.666991775158093898e-13
4.589999999999999858e+00	7.500000000000010998e-03	1.656915949198164119e-13
4.594999999999999751e+00	7.500000000000010998e-03	1.643212816934858456e-13
4.599999999999999645e+00	7.500000000000010998e-03	1.629061669929162555e-13
4.605000000000000426e+00	7.500000000000010998e-03	1.615114426363020884e-13
4.610000000000000320e+00	7.500000000000010998e-03	1.600943236987212788e-13
4.615000000000000213e+00	7.500000000000010998e-03	1.586958474793649399e-13
4.620000000000000107e+00	7.500000000000010998e-03	1.573258990485941696e-13
4.625000000000000000e+00	7.500000000000010998e-03	1.559173754373834673e-13
4.629999999999999893e+00	7.500000000000010131e-03	1.544968021434531876e-13
4.634999999999999787e+00	7.500000000000010998e-03	1.532500652512692230e-13
4.639999999999999680e+00	7.500000000000010131e-03	1.520419372332754843e-13
4.644999999999999574e+00	7.500000000000010998e-03	1.509953743611592280e-13
4.650000000000000355e+00	7.500000000000010131e-03	1.499040266873495186e-13
4.655000000000000249e+00	7.500000000000010131e-03	1.487212676234382140e-13
4.660000000000000142e+00	7.500000000000010131e-03	1.477264288129048853e-13
4.665000000000000036e+00	7.500000000000010131e-03	1.468586203337022623e-13
4.669999999999999929e+00	7.500000000000010131e-03	1.462064360609763484e-13
4.674999999999999822e+00	7.500000000000010131e-03	1.455894916906946863e-13
4.679999999999999716e+00	7.500000000000010131e-03	1.448994880354532618e-13
4.685000000000000497e+00	7.500000000000009263e-03	1.441672789575447148e-13
4.690000000000000391e+00	7.500000000000009263e-03	1.434666513260722821e-13
4.695000000000000284e+00	7.500000000000009263e-03	1.427710627112235925e-13
4.700000000000000178e+00	7.500000000000009263e-03	1.421414211577258880e-13
4.705000000000000071e+00	7.500000000000009263e-03	1.415516961545300614e-13
4.709999999999999964e+00	7.500000000000009263e-03	1.408708374136652332e-13
4.714999999999999858e+00	7.500000000000009263e-03	1.401338270117889934e-13
4.719999999999999751e+00	7.500000000000009263e-03	1.393709645040960973e-13
4.724999999999999645e+00	7.500000000000009263e-03	1.385635904106210739e-13
4.730000000000000426e+00	7.500000000000009263e-03	1.377194463447658694e-13
4.735000000000000320e+00	7.500000000000009263e-03	1.368396176195318363e-13
4.740000000000000213e+00	7.500000000000008396e-03	1.358177927174280630e-13
4.745000000000000107e+00	7.500000000000009263e-03	1.346497593449569195e-13
4.750000000000000000e+00	7.500000000000008396e-03	1.336692558074774309e-13
4.754999999999999893e+00	7.500000000000008396e-03	1.329209812774980898e-13
4.759999999999999787e+00	7.500000000000008396e-03	1.323653838378632785e-13
4.764999999999999680e+00	7.500000000000008396e-03	1.319887289113780244e-13
4.769999999999999574e+00	7.500000000000008396e-03	1.317579528372005356e-13
4.775000000000000355e+00	7.500000000000008396e-03	1.315812074044603677e-13
4.780000000000000249e+00	7.500000000000008396e-03	1.313894545052034807e-13
4.785000000000000142e+00	7.500000000000008396e-03	1.311921571208747493e-13
4.790000000000000036e+00	7.500000000000008396e-03	1.310623642979470866e-13
4.794999999999999929e+00	7.500000000000008396e-03	1.310150043811155881e-13
4.799999999999999822e+00	7.500000000000008396e-03	1.310360768035861385e-13
4.804999999999999716e+00	7.500000000000008396e-03	1.311154008129927999e-13
4.809999999999999609e+00	7.500000000000008396e-03	1.312612105466138986e-13
4.814999999999999503e+00	7.500000000000008396e-03	1.314655938145819346e-13
4.820000000000000284e+00	7.500000000000008396e-03	1.317404787936797516e-13
4.825000000000000178e+00	7.500000000000008396e-03	1.321005152761191155e-13
4.830000000000000071e+00	7.500000000000008396e-03	1.325341362532562375e-13
4.834999999999999964e+00	7.500000000000009263e-03	1.330772845899964004e-13
4.839999999999999858e+00	7.500000000000009263e-03	1.338799912161297772e-13
4.844999999999999751e+00	7.500000000000009263e-03	1.349485909559201470e-13
4.849999999999999645e+00	7.500000000000009263e-03	1.362014942423808441e-13
4.855000000000000426e+00	7.500000000000008396e-03	1.375917287324901058e-13
4.860000000000000320e+00	7.500000000000009263e-03	1.389194398380673818e-13
4.865000000000000213e+00	7.500000000000009263e-03	1.401940239250267746e-13
4.870000000000000107e+00	7.500000000000009263e-03	1.414608603078809323e-13
4.875000000000000000e+00	7.500000000000009263e-03	1.427102763960578593e-13
4.879999999999999893e+00	7.500000000000009263e-03	1.439241988506554426e-13
4.884999999999999787e+00	7.500000000000009263e-03	1.451095853784438568e-13
4.889999999999999680e+00	7.500000000000009263e-03	1.463327947784456015e-13
4.894999999999999574e+00	7.500000000000010131e-03	1.474190023124588000e-13
4.900000000000000355e+00	7.500000000000010131e-03	1.479637315362430548e-13
4.905000000000000249e+00	7.500000000000010131e-03	1.482938907234841636e-13
4.910000000000000142e+00	7.500000000000010131e-03	1.485763067560885740e-13
4.915000000000000036e+00	7.500000000000010131e-03	1.488155484967481958e-13
4.919999999999999929e+00	7.500000000000010131e-03	1.490472604318017796e-13
4.924999999999999822e+00	7.500000000000010131e-03	1.492725521354090463e-13
4.929999999999999716e+00	7.500000000000010131e-03	1.494796888363276285e-13
4.935000000000000497e+00	7.500000000000010131e-03	1.496470225065881384e-13
4.940000000000000391e+00	7.500000000000009263e-03	1.497446894201843845e-13
4.945000000000000284e+00	7.500000000000010131e-03	1.498685136337662877e-13
4.950000000000000178e+00	7.500000000000010131e-03	1.499858359190761669e-13
4.955000000000000071e+00	7.500000000000010131e-03	1.500504823868004166e-13
4.959999999999999964e+00	7.500000000000010131e-03	1.500479979890972822e-13
4.964999999999999858e+00	7.500000000000010131e-03	1.500292210038432551e-13
4.969999999999999751e+00	7.500000000000010131e-03	1.500198271527742239e-13
4.974999999999999645e+00	7.500000000000010131e-03	1.500007822498394583e-13
4.980000000000000426e+00	7.500000000000010131e-03	1.499835007761053490e-13
4.985000000000000320e+00	7.500000000000010131e-03	1.499715715909249425e-13
4.990000000000000213e+00	7.500000000000010131e-03	1.499331059024680973e-13
4.995000000000000107e+00	7.500000000000010131e-03	1.498696022524615966e-13
5.000000000000000000e+00	7.500000000000010131e-03	1.498441424399078366e-13
