# coordinate_x	h	p	@time=651.29
0.000000000000000000e+00	2.700052937599520253e-01	5.715598678395963361e-01
5.000000000000000104e-03	2.700017261009726166e-01	5.715598677343050049e-01
1.000000000000000021e-02	2.699910231252031778e-01	5.715598674183786088e-01
1.499999999999999944e-02	2.699731848339026463e-01	5.715598668917603042e-01
2.000000000000000042e-02	2.699482112301289094e-01	5.715598661543123127e-01
2.500000000000000139e-02	2.699161023173883289e-01	5.715598652058768714e-01
2.999999999999999889e-02	2.698768581009456380e-01	5.715598640462167257e-01
3.500000000000000333e-02	2.698304785865081046e-01	5.715598626750745259e-01
4.000000000000000083e-02	2.697769637815448651e-01	5.715598610921134304e-01
4.499999999999999833e-02	2.697163136939709771e-01	5.715598592969766134e-01
5.000000000000000278e-02	2.696485283334700278e-01	5.715598572892270912e-01
5.500000000000000028e-02	2.695736077101756889e-01	5.715598550684071188e-01
5.999999999999999778e-02	2.694915518359992102e-01	5.715598526339787933e-01
6.500000000000000222e-02	2.694023607233078099e-01	5.715598499853830061e-01
7.000000000000000666e-02	2.693060343862567207e-01	5.715598471219794918e-01
7.500000000000001110e-02	2.692025728394643602e-01	5.715598440431062244e-01
8.000000000000000167e-02	2.690919760993500387e-01	5.715598407480197984e-01
8.499999999999999223e-02	2.689742441828044672e-01	5.715598372359538271e-01
8.999999999999999667e-02	2.688493771085337936e-01	5.715598335060596558e-01
9.500000000000000111e-02	2.687173748957255581e-01	5.715598295574652044e-01
1.000000000000000056e-01	2.685782375653993914e-01	5.715598253892149039e-01
1.050000000000000100e-01	2.684319651390671413e-01	5.715598210003292046e-01
1.100000000000000006e-01	2.682785576400920080e-01	5.715598163897432915e-01
1.149999999999999911e-01	2.681180150923412886e-01	5.715598115563675918e-01
1.199999999999999956e-01	2.679503375215550598e-01	5.715598064990267124e-01
1.250000000000000000e-01	2.677755249539910953e-01	5.715598012165186148e-01
1.300000000000000044e-01	2.675935774178032078e-01	5.715597957075538860e-01
1.350000000000000089e-01	2.674044949416780059e-01	5.715597899708158014e-01
1.400000000000000133e-01	2.672082775562237278e-01	5.715597840048987077e-01
1.450000000000000178e-01	2.670049252925981720e-01	5.715597778083677527e-01
1.499999999999999944e-01	2.667944381839085777e-01	5.715597713796979340e-01
1.549999999999999989e-01	2.665768162638296745e-01	5.715597647173332740e-01
1.600000000000000033e-01	2.663520595680164416e-01	5.715597578196258688e-01
1.650000000000000078e-01	2.661201681327107216e-01	5.715597506848952847e-01
1.700000000000000122e-01	2.658811419961676359e-01	5.715597433113672743e-01
1.749999999999999889e-01	2.656349811972505415e-01	5.715597356972329512e-01
1.799999999999999933e-01	2.653816857768714899e-01	5.715597278405875059e-01
1.849999999999999978e-01	2.651212557765738609e-01	5.715597197394898243e-01
1.900000000000000022e-01	2.648536912399880872e-01	5.715597113919003158e-01
1.950000000000000067e-01	2.645789922114005766e-01	5.715597027957408649e-01
2.000000000000000111e-01	2.642971587372259790e-01	5.715596939488325479e-01
2.050000000000000155e-01	2.640081908645616204e-01	5.715596848489558068e-01
2.099999999999999922e-01	2.637120886426772004e-01	5.715596754937870561e-01
2.149999999999999967e-01	2.634088521215534051e-01	5.715596658809600772e-01
2.200000000000000011e-01	2.630984813533908118e-01	5.715596560080014044e-01
2.250000000000000056e-01	2.627809763911314045e-01	5.715596458723923856e-01
2.300000000000000100e-01	2.624563372899874625e-01	5.715596354715040128e-01
2.349999999999999867e-01	2.621245641059454790e-01	5.715596248026588722e-01
2.399999999999999911e-01	2.617856568973161435e-01	5.715596138630666401e-01
2.449999999999999956e-01	2.614396157232192763e-01	5.715596026498849236e-01
2.500000000000000000e-01	2.610864406451562370e-01	5.715595911601547563e-01
2.550000000000000044e-01	2.607261317254748190e-01	5.715595793908619937e-01
2.600000000000000089e-01	2.603586890289656397e-01	5.715595673388718101e-01
2.650000000000000133e-01	2.599841126213054410e-01	5.715595550009910930e-01
2.700000000000000178e-01	2.596024025706789029e-01	5.715595423739017189e-01
2.750000000000000222e-01	2.592135589461994072e-01	5.715595294542231697e-01
2.800000000000000266e-01	2.588175818195571631e-01	5.715595162384455863e-01
2.850000000000000311e-01	2.584144712634166008e-01	5.715595027229928293e-01
2.899999999999999800e-01	2.580042273530924746e-01	5.715594889041546445e-01
2.949999999999999845e-01	2.575868501649219433e-01	5.715594747781498342e-01
2.999999999999999889e-01	2.571623397779705389e-01	5.715594603410583119e-01
3.049999999999999933e-01	2.567306962723777120e-01	5.715594455888839409e-01
3.099999999999999978e-01	2.562919197310942199e-01	5.715594305174868106e-01
3.150000000000000022e-01	2.558460102381994172e-01	5.715594151226455200e-01
3.200000000000000067e-01	2.553929678806718395e-01	5.715593993999887878e-01
3.250000000000000111e-01	2.549327927466771837e-01	5.715593833450590688e-01
3.300000000000000155e-01	2.544654849273738639e-01	5.715593669532422760e-01
3.350000000000000200e-01	2.539910445151692397e-01	5.715593502198320630e-01
3.400000000000000244e-01	2.535094716055625863e-01	5.715593331399595467e-01
3.449999999999999734e-01	2.530207662953685155e-01	5.715593157086567011e-01
3.499999999999999778e-01	2.525249286845986929e-01	5.715592979207860802e-01
3.549999999999999822e-01	2.520219588746504535e-01	5.715592797711039896e-01
3.599999999999999867e-01	2.515118569702299300e-01	5.715592612541903206e-01
3.649999999999999911e-01	2.509946230775039755e-01	5.715592423645110554e-01
3.699999999999999956e-01	2.504702573060667570e-01	5.715592230963477682e-01
3.750000000000000000e-01	2.499387597670532646e-01	5.715592034438597979e-01
3.800000000000000044e-01	2.494001305751513409e-01	5.715591834010143035e-01
3.850000000000000089e-01	2.488543698466750553e-01	5.715591629616469938e-01
3.900000000000000133e-01	2.483014777016248065e-01	5.715591421193921828e-01
3.950000000000000178e-01	2.477414542617180915e-01	5.715591208677440749e-01
4.000000000000000222e-01	2.471742996525006508e-01	5.715590991999853765e-01
4.050000000000000266e-01	2.466000140013320241e-01	5.715590771092483591e-01
4.099999999999999756e-01	2.460185974395507069e-01	5.715590545884438045e-01
4.149999999999999800e-01	2.454300501004122448e-01	5.715590316303211793e-01
4.199999999999999845e-01	2.448343721213112889e-01	5.715590082273969141e-01
4.249999999999999889e-01	2.442315636416697300e-01	5.715589843720150220e-01
4.299999999999999933e-01	2.436216248052187061e-01	5.715589600562742678e-01
4.349999999999999978e-01	2.430045557578341675e-01	5.715589352720881200e-01
4.400000000000000022e-01	2.423803566498823892e-01	5.715589100111122534e-01
4.450000000000000067e-01	2.417490276339998578e-01	5.715588842648033907e-01
4.500000000000000111e-01	2.411105688675059810e-01	5.715588580243466943e-01
4.550000000000000155e-01	2.404649805101245486e-01	5.715588312807136084e-01
4.600000000000000200e-01	2.398122627264671347e-01	5.715588040245893620e-01
4.649999999999999689e-01	2.391524156836930259e-01	5.715587762464292565e-01
4.699999999999999734e-01	2.384854395540675631e-01	5.715587479363866130e-01
4.749999999999999778e-01	2.378113345125569822e-01	5.715587190843678389e-01
4.799999999999999822e-01	2.371301007394661375e-01	5.715586896799599304e-01
4.849999999999999867e-01	2.364417384179647030e-01	5.715586597124845403e-01
4.899999999999999911e-01	2.357462477368089115e-01	5.715586291709253697e-01
4.949999999999999956e-01	2.350436288877951752e-01	5.715585980439805702e-01
5.000000000000000000e-01	2.343338820685710311e-01	5.715585663199906907e-01
5.050000000000000044e-01	2.336170074800120178e-01	5.715585339869883041e-01
5.100000000000000089e-01	2.328930053291271007e-01	5.715585010326278415e-01
5.150000000000000133e-01	2.321618758263547522e-01	5.715584674442314439e-01
5.200000000000000178e-01	2.314236191885681582e-01	5.715584332087200181e-01
5.250000000000000222e-01	2.306782356362860609e-01	5.715583983126563128e-01
5.300000000000000266e-01	2.299257253967842973e-01	5.715583627421771951e-01
5.350000000000000311e-01	2.291660887012158254e-01	5.715583264830331744e-01
5.400000000000000355e-01	2.283993257878353944e-01	5.715582895205222336e-01
5.450000000000000400e-01	2.276254368990237587e-01	5.715582518395244671e-01
5.500000000000000444e-01	2.268444222846323632e-01	5.715582134244393542e-01
5.550000000000000488e-01	2.260562821989062221e-01	5.715581742592150682e-01
5.600000000000000533e-01	2.252610169039559185e-01	5.715581343272871928e-01
5.649999999999999467e-01	2.244586266665734853e-01	5.715580936116039235e-01
5.699999999999999512e-01	2.236491117618400193e-01	5.715580520945668930e-01
5.749999999999999556e-01	2.228324724698276527e-01	5.715580097580503782e-01
5.799999999999999600e-01	2.220087090793519680e-01	5.715579665833453449e-01
5.849999999999999645e-01	2.211778218845533162e-01	5.715579225511718819e-01
5.899999999999999689e-01	2.203398111888031918e-01	5.715578776416270212e-01
5.949999999999999734e-01	2.194946773011575425e-01	5.715578318341887343e-01
5.999999999999999778e-01	2.186424205404278731e-01	5.715577851076691918e-01
6.049999999999999822e-01	2.177830412314981645e-01	5.715577374402089905e-01
6.099999999999999867e-01	2.169165397095718373e-01	5.715576888092356311e-01
6.149999999999999911e-01	2.160429163163441191e-01	5.715576391914479748e-01
6.199999999999999956e-01	2.151621714044367473e-01	5.715575885627807162e-01
6.250000000000000000e-01	2.142743053334164871e-01	5.715575368983767390e-01
6.300000000000000044e-01	2.133793184744308402e-01	5.715574841725588051e-01
6.350000000000000089e-01	2.124772112060628881e-01	5.715574303587889204e-01
6.400000000000000133e-01	2.115679839191820788e-01	5.715573754296480180e-01
6.450000000000000178e-01	2.106516370126247928e-01	5.715573193567802246e-01
6.500000000000000222e-01	2.097281708982757231e-01	5.715572621108818696e-01
6.550000000000000266e-01	2.087975859965627290e-01	5.715572036616288765e-01
6.600000000000000311e-01	2.078598827417856565e-01	5.715571439776763185e-01
6.650000000000000355e-01	2.069150615774126845e-01	5.715570830265668256e-01
6.700000000000000400e-01	2.059631229616755710e-01	5.715570207747420195e-01
6.750000000000000444e-01	2.050040673626537802e-01	5.715569571874291599e-01
6.800000000000000488e-01	2.040378952641559718e-01	5.715568922286670128e-01
6.850000000000000533e-01	2.030646071605777536e-01	5.715568258611674057e-01
6.899999999999999467e-01	2.020842035630912858e-01	5.715567580463569719e-01
6.949999999999999512e-01	2.010966849942605328e-01	5.715566887442113941e-01
6.999999999999999556e-01	2.001020519945634624e-01	5.715566179133144686e-01
7.049999999999999600e-01	1.991003051167475058e-01	5.715565455106612625e-01
7.099999999999999645e-01	1.980914449327107474e-01	5.715564714917381606e-01
7.149999999999999689e-01	1.970754720275788296e-01	5.715563958102894970e-01
7.199999999999999734e-01	1.960523870069742214e-01	5.715563184184215828e-01
7.249999999999999778e-01	1.950221904907943060e-01	5.715562392663290359e-01
7.299999999999999822e-01	1.939848831209007307e-01	5.715561583024248993e-01
7.349999999999999867e-01	1.929404655545762237e-01	5.715560754730217852e-01
7.399999999999999911e-01	1.918889384726697178e-01	5.715559907224923020e-01
7.449999999999999956e-01	1.908303025727073610e-01	5.715559039928974627e-01
7.500000000000000000e-01	1.897645585775322996e-01	5.715558152241828616e-01
7.550000000000000044e-01	1.886917072280437091e-01	5.715557243537467969e-01
7.600000000000000089e-01	1.876117492923743135e-01	5.715556313166769709e-01
7.650000000000000133e-01	1.865246855582279595e-01	5.715555360452502232e-01
7.700000000000000178e-01	1.854305168426432227e-01	5.715554384692158596e-01
7.750000000000000222e-01	1.843292439838976615e-01	5.715553385152167820e-01
7.800000000000000266e-01	1.832208678519104683e-01	5.715552361071264409e-01
7.850000000000000311e-01	1.821053893396782641e-01	5.715551311653801481e-01
7.900000000000000355e-01	1.809828093743763022e-01	5.715550236073730916e-01
7.950000000000000400e-01	1.798531289082872242e-01	5.715549133466901743e-01
8.000000000000000444e-01	1.787163489306669018e-01	5.715548002935725291e-01
8.050000000000000488e-01	1.775724704581236046e-01	5.715546843540314503e-01
8.100000000000000533e-01	1.764214945473221718e-01	5.715545654303948453e-01
8.149999999999999467e-01	1.752634222847670453e-01	5.715544434202862734e-01
8.199999999999999512e-01	1.740982548004275932e-01	5.715543182172642123e-01
8.249999999999999556e-01	1.729259932568728009e-01	5.715541897096463320e-01
8.299999999999999600e-01	1.717466388639108110e-01	5.715540577812554535e-01
8.349999999999999645e-01	1.705601928670182066e-01	5.715539223100649657e-01
8.399999999999999689e-01	1.693666565630979892e-01	5.715537831690680193e-01
8.449999999999999734e-01	1.681660312881398667e-01	5.715536402247175518e-01
8.499999999999999778e-01	1.669583184342148252e-01	5.715534933379368132e-01
8.549999999999999822e-01	1.657435194362955888e-01	5.715533423623215814e-01
8.599999999999999867e-01	1.645216357906213178e-01	5.715531871453154444e-01
8.649999999999999911e-01	1.632926690405994141e-01	5.715530275261354598e-01
8.699999999999999956e-01	1.620566207966915862e-01	5.715528633371386169e-01
8.750000000000000000e-01	1.608134927213097642e-01	5.715526944014273081e-01
8.800000000000000044e-01	1.595632865503947284e-01	5.715525205344359483e-01
8.850000000000000089e-01	1.583060040772086841e-01	5.715523415411647434e-01
8.900000000000000133e-01	1.570416471758025179e-01	5.715521572180237708e-01
8.950000000000000178e-01	1.557702177835951773e-01	5.715519673496310959e-01
9.000000000000000222e-01	1.544917179269536811e-01	5.715517717109571683e-01
9.050000000000000266e-01	1.532061497024364838e-01	5.715515700636144558e-01
9.100000000000000311e-01	1.519135153047433406e-01	5.715513621583528936e-01
9.150000000000000355e-01	1.506138170064845461e-01	5.715511477307523291e-01
9.200000000000000400e-01	1.493070571887958053e-01	5.715509265041287534e-01
9.250000000000000444e-01	1.479932383194785817e-01	5.715506981845259737e-01
9.300000000000000488e-01	1.466723629866211465e-01	5.715504624641033482e-01
9.350000000000000533e-01	1.453444338749341758e-01	5.715502190152998985e-01
9.399999999999999467e-01	1.440094538027733018e-01	5.715499674947908115e-01
9.449999999999999512e-01	1.426674256964722554e-01	5.715497075366716695e-01
9.499999999999999556e-01	1.413183526312256633e-01	5.715494387570854151e-01
9.549999999999999600e-01	1.399622378031951664e-01	5.715491607462445112e-01
9.599999999999999645e-01	1.385990845747885891e-01	5.715488730738519374e-01
9.649999999999999689e-01	1.372288964442838766e-01	5.715485752797385688e-01
9.699999999999999734e-01	1.358516770961322173e-01	5.715482668802267519e-01
9.749999999999999778e-01	1.344674303678095040e-01	5.715479473571131175e-01
9.799999999999999822e-01	1.330761603058817633e-01	5.715476161651561471e-01
9.849999999999999867e-01	1.316778711297531546e-01	5.715472727190707980e-01
9.899999999999999911e-01	1.302725672943653434e-01	5.715469164023616599e-01
9.949999999999999956e-01	1.288602534504634245e-01	5.715465465519234955e-01
1.000000000000000000e+00	1.274409345149643824e-01	5.715461624684864406e-01
1.004999999999999893e+00	1.260146156273070361e-01	5.715457633983203056e-01
1.010000000000000009e+00	1.245813022287231703e-01	5.715453485456232219e-01
1.015000000000000124e+00	1.231410000141728717e-01	5.715449170507048704e-01
1.020000000000000018e+00	1.216937150219975922e-01	5.715444680047248038e-01
1.024999999999999911e+00	1.202394535808664899e-01	5.715440004235766702e-01
1.030000000000000027e+00	1.187782224115924712e-01	5.715435132654809181e-01
1.035000000000000142e+00	1.173100285684288147e-01	5.715430053995915749e-01
1.040000000000000036e+00	1.158348795552048144e-01	5.715424756270724993e-01
1.044999999999999929e+00	1.143527832602078825e-01	5.715419226431923683e-01
1.050000000000000044e+00	1.128637480892683009e-01	5.715413450626715131e-01
1.055000000000000160e+00	1.113677828933414549e-01	5.715407413736952602e-01
1.060000000000000053e+00	1.098648971217653231e-01	5.715401099685261110e-01
1.064999999999999947e+00	1.083551007415159279e-01	5.715394490874261546e-01
1.070000000000000062e+00	1.068384044146162143e-01	5.715387568557931397e-01
1.075000000000000178e+00	1.053148194078749739e-01	5.715380312154042519e-01
1.080000000000000071e+00	1.037843577993905475e-01	5.715372699696827929e-01
1.084999999999999964e+00	1.022470323773908979e-01	5.715364706989021215e-01
1.090000000000000080e+00	1.007028568820239334e-01	5.715356308156483989e-01
1.095000000000000195e+00	9.915184589169574736e-02	5.715347474595829924e-01
1.100000000000000089e+00	9.759401510796002210e-02	5.715338175657743713e-01
1.104999999999999982e+00	9.602938122749817007e-02	5.715328377332075105e-01
1.110000000000000098e+00	9.445796228005079453e-02	5.715318043094724798e-01
1.115000000000000213e+00	9.287977748390040256e-02	5.715307132252723799e-01
1.120000000000000107e+00	9.129484764961122434e-02	5.715295601000582870e-01
1.125000000000000000e+00	8.970319501656187633e-02	5.715283400321041762e-01
1.129999999999999893e+00	8.810484373904682587e-02	5.715270477311779063e-01
1.134999999999999787e+00	8.649981970107961660e-02	5.715256772499913707e-01
1.139999999999999902e+00	8.488815110653824547e-02	5.715242221520664412e-01
1.145000000000000018e+00	8.326986826914342665e-02	5.715226751650263060e-01
1.149999999999999911e+00	8.164500433536800439e-02	5.715210283947008696e-01
1.154999999999999805e+00	8.001359504624364072e-02	5.715192728730380534e-01
1.159999999999999920e+00	7.837567963153084516e-02	5.715173988335632282e-01
1.165000000000000036e+00	7.673130053992663346e-02	5.715153951154686718e-01
1.169999999999999929e+00	7.508050455676326673e-02	5.715132495213516295e-01
1.174999999999999822e+00	7.342334249946297353e-02	5.715109480224053184e-01
1.179999999999999938e+00	7.175987063073085981e-02	5.715084752277757030e-01
1.185000000000000053e+00	7.009015031707639676e-02	5.715058133106883931e-01
1.189999999999999947e+00	6.841424983809653304e-02	5.715029426311333260e-01
1.194999999999999840e+00	6.673224400817949487e-02	5.714998402642299524e-01
1.199999999999999956e+00	6.504421652482926530e-02	5.714964808364151327e-01
1.205000000000000071e+00	6.335025955843617829e-02	5.714928344769717450e-01
1.209999999999999964e+00	6.165047684646052933e-02	5.714888679559561036e-01
1.214999999999999858e+00	5.994498326550197487e-02	5.714845417831094787e-01
1.219999999999999973e+00	5.823390897650020798e-02	5.714798117792169174e-01
1.225000000000000089e+00	5.651739901121595466e-02	5.714746248879631896e-01
1.229999999999999982e+00	5.479561892850542265e-02	5.714689213811255941e-01
1.234999999999999876e+00	5.306875448124343669e-02	5.714626286816769651e-01
1.239999999999999991e+00	5.133701949385740398e-02	5.714556645143751279e-01
1.245000000000000107e+00	4.960065574024419277e-02	5.714479275749030363e-01
1.250000000000000000e+00	4.785994416774773386e-02	5.714393021219162927e-01
1.254999999999999893e+00	4.611520524060615939e-02	5.714296434968053617e-01
1.260000000000000009e+00	4.436681534473920635e-02	5.714187849684466691e-01
1.265000000000000124e+00	4.261520809335678922e-02	5.714065145672120316e-01
1.270000000000000018e+00	4.086089899814242254e-02	5.713925855501920115e-01
1.274999999999999911e+00	3.910448871604748494e-02	5.713766780379210264e-01
1.280000000000000027e+00	3.734670135644342637e-02	5.713584154895037237e-01
1.285000000000000142e+00	3.558839163168112107e-02	5.713372986318187019e-01
1.290000000000000036e+00	3.383060648811073157e-02	5.713127323010606107e-01
1.294999999999999929e+00	3.207460017481317954e-02	5.712839064760575347e-01
1.300000000000000044e+00	3.032193733063959229e-02	5.712498418698753744e-01
1.305000000000000160e+00	2.857452433909541539e-02	5.712091647206846146e-01
1.310000000000000053e+00	2.683478894594460915e-02	5.711601884817743002e-01
1.314999999999999947e+00	2.510574547240922855e-02	5.711004633745632164e-01
1.320000000000000062e+00	2.339132004451928773e-02	5.710269339915615694e-01
1.325000000000000178e+00	2.169648540277753154e-02	5.709349857238052994e-01
1.330000000000000071e+00	2.002786377456814912e-02	5.708187843469099132e-01
1.334999999999999964e+00	1.839399222496636982e-02	5.706691576732382254e-01
1.340000000000000080e+00	1.680640777713536538e-02	5.704744599283330109e-01
1.345000000000000195e+00	1.528006250702198740e-02	5.702158202742897419e-01
1.350000000000000089e+00	1.383488044041957660e-02	5.698698566868537485e-01
1.354999999999999982e+00	1.249572897129603774e-02	5.693991861970539858e-01
1.360000000000000098e+00	1.129244439036514516e-02	5.687621341107768069e-01
1.365000000000000213e+00	1.025617672062622068e-02	5.679015112918143204e-01
1.370000000000000107e+00	9.411537485287675697e-03	5.667724341448582281e-01
1.375000000000000000e+00	8.767875301784633368e-03	5.653440939642989660e-01
1.379999999999999893e+00	8.310596068162551947e-03	5.636256147365874547e-01
1.384999999999999787e+00	8.007039185324554831e-03	5.616652919353700701e-01
1.389999999999999902e+00	7.816176395922257852e-03	5.595216128088449370e-01
1.395000000000000018e+00	7.700708998515258877e-03	5.572606237987158817e-01
1.399999999999999911e+00	7.632846115366814614e-03	5.549253397507355468e-01
1.404999999999999805e+00	7.593395438768855629e-03	5.525509904424743546e-01
1.409999999999999920e+00	7.570790672716848357e-03	5.501558198534269861e-01
1.415000000000000036e+00	7.557787926695706988e-03	5.477531751650960290e-01
1.419999999999999929e+00	7.550355647067050029e-03	5.453494011661866869e-01
1.424999999999999822e+00	7.546047962332474296e-03	5.429489640539297834e-01
1.429999999999999938e+00	7.543540185722623533e-03	5.405539140829909162e-01
1.435000000000000053e+00	7.542036796787368082e-03	5.381656700218973022e-01
1.439999999999999947e+00	7.541110801341044910e-03	5.357848636831582523e-01
1.444999999999999840e+00	7.540506619827719303e-03	5.334119232277514389e-01
1.449999999999999956e+00	7.540087481600543304e-03	5.310470253657959550e-01
1.455000000000000071e+00	7.539771612311682060e-03	5.286902821833076027e-01
1.459999999999999964e+00	7.539515297360361266e-03	5.263417260843057388e-01
1.464999999999999858e+00	7.539292410111523256e-03	5.240013692564119419e-01
1.469999999999999973e+00	7.539088989287778646e-03	5.216691988575066219e-01
1.475000000000000089e+00	7.538896691538282159e-03	5.193451959277761709e-01
1.479999999999999982e+00	7.538711058630081716e-03	5.170293338134132055e-01
1.484999999999999876e+00	7.538529425820041964e-03	5.147215842038397327e-01
1.489999999999999991e+00	7.538350368565375353e-03	5.124219165822582189e-01
1.495000000000000107e+00	7.538173034700975175e-03	5.101303001793683345e-01
1.500000000000000000e+00	7.537996967844618618e-03	5.078467037508458404e-01
1.504999999999999893e+00	7.537821894248096684e-03	5.055710962359050153e-01
1.510000000000000009e+00	7.537647666447280792e-03	5.033034466397526829e-01
1.515000000000000124e+00	7.537474195252942023e-03	5.010437242808412073e-01
1.520000000000000018e+00	7.537301431771923493e-03	4.987918987078570621e-01
1.524999999999999911e+00	7.537129345715491875e-03	4.965479398157392477e-01
1.530000000000000027e+00	7.536957919661787207e-03	4.943118177748128117e-01
1.535000000000000142e+00	7.536787142141251547e-03	4.920835031043265251e-01
1.540000000000000036e+00	7.536617005803403560e-03	4.898629666065790755e-01
1.544999999999999929e+00	7.536447505215480500e-03	4.876501794261185463e-01
1.550000000000000044e+00	7.536278636274241181e-03	4.854451129865475778e-01
1.555000000000000160e+00	7.536110395507483913e-03	4.832477390443326026e-01
1.560000000000000053e+00	7.535942779882839199e-03	4.810580296275070999e-01
1.564999999999999947e+00	7.535775786588326357e-03	4.788759570869576820e-01
1.570000000000000062e+00	7.535609412967765423e-03	4.767014940367362286e-01
1.575000000000000178e+00	7.535443656453942596e-03	4.745346134037664587e-01
1.580000000000000071e+00	7.535278514544449004e-03	4.723752883696286653e-01
1.584999999999999964e+00	7.535113984783412336e-03	4.702234924190195064e-01
1.590000000000000080e+00	7.534950064750297466e-03	4.680791992829261838e-01
1.595000000000000195e+00	7.534786752057038954e-03	4.659423829859782318e-01
1.600000000000000089e+00	7.534624044341052714e-03	4.638130177909454144e-01
1.604999999999999982e+00	7.534461939267214463e-03	4.616910782450553419e-01
1.610000000000000098e+00	7.534300434522286927e-03	4.595765391257584098e-01
1.615000000000000213e+00	7.534139527818378007e-03	4.574693754860655881e-01
1.620000000000000107e+00	7.533979216887896208e-03	4.553695626015252240e-01
1.625000000000000000e+00	7.533819499487420801e-03	4.532770760146264677e-01
1.629999999999999893e+00	7.533660373392899248e-03	4.511918914829379235e-01
1.634999999999999787e+00	7.533501836403591959e-03	4.491139850226184560e-01
1.639999999999999902e+00	7.533343886337411088e-03	4.470433328576682852e-01
1.645000000000000018e+00	7.533186521034838413e-03	4.449799114625869745e-01
1.649999999999999911e+00	7.533029738354381222e-03	4.429236975126906173e-01
1.654999999999999805e+00	7.532873536176420796e-03	4.408746679259545886e-01
1.659999999999999920e+00	7.532717912398771525e-03	4.388327998143508046e-01
1.665000000000000036e+00	7.532562864940465196e-03	4.367980705249139284e-01
1.669999999999999929e+00	7.532408391737394245e-03	4.347704575920544601e-01
1.674999999999999822e+00	7.532254490746030998e-03	4.327499387778819262e-01
1.679999999999999938e+00	7.532101159939162856e-03	4.307364920254540541e-01
1.685000000000000053e+00	7.531948397309538683e-03	4.287300954983903067e-01
1.689999999999999947e+00	7.531796200865688122e-03	4.267307275350174511e-01
1.694999999999999840e+00	7.531644568635509004e-03	4.247383666873038033e-01
1.699999999999999956e+00	7.531493498662161258e-03	4.227529916758648865e-01
1.705000000000000071e+00	7.531342989007593601e-03	4.207745814282499164e-01
1.709999999999999964e+00	7.531193037748518983e-03	4.188031150347688580e-01
1.714999999999999858e+00	7.531043642979877960e-03	4.168385717861614048e-01
1.719999999999999973e+00	7.530894802810888730e-03	4.148809311302111835e-01
1.725000000000000089e+00	7.530746515368449794e-03	4.129301727088248719e-01
1.729999999999999982e+00	7.530598778793273253e-03	4.109862763154003562e-01
1.734999999999999876e+00	7.530451591243221554e-03	4.090492219313427436e-01
1.739999999999999991e+00	7.530304950889509311e-03	4.071189896841534428e-01
1.745000000000000107e+00	7.530158855919995807e-03	4.051955598834109940e-01
1.750000000000000000e+00	7.530013304535445803e-03	4.032789129795495420e-01
1.754999999999999893e+00	7.529868294952774335e-03	4.013690295993281310e-01
1.760000000000000009e+00	7.529723825401371702e-03	3.994658905052702047e-01
1.765000000000000124e+00	7.529579894126297093e-03	3.975694766306450689e-01
1.770000000000000018e+00	7.529436499384666026e-03	3.956797690395402189e-01
1.774999999999999911e+00	7.529293639448798869e-03	3.937967489613768413e-01
1.780000000000000027e+00	7.529151312602663793e-03	3.919203977515883786e-01
1.785000000000000142e+00	7.529009517144983656e-03	3.900506969256927192e-01
1.790000000000000036e+00	7.528868251385737072e-03	3.881876281205505208e-01
1.794999999999999929e+00	7.528727513649215858e-03	3.863311731280137939e-01
1.800000000000000044e+00	7.528587302270585077e-03	3.844813138567401700e-01
1.805000000000000160e+00	7.528447615598897989e-03	3.826380323654385296e-01
1.810000000000000053e+00	7.528308451993714207e-03	3.808013108252141232e-01
1.814999999999999947e+00	7.528169809828063469e-03	3.789711315524308399e-01
1.820000000000000062e+00	7.528031687485120180e-03	3.771474769715641995e-01
1.825000000000000178e+00	7.527894083361136822e-03	3.753303296476991902e-01
1.830000000000000071e+00	7.527756995862154923e-03	3.735196722498688171e-01
1.834999999999999964e+00	7.527620423406904647e-03	3.717154875832041627e-01
1.840000000000000080e+00	7.527484364423566061e-03	3.699177585527388401e-01
1.845000000000000195e+00	7.527348817352634038e-03	3.681264681952281514e-01
1.850000000000000089e+00	7.527213780643723755e-03	3.663415996433982968e-01
1.854999999999999982e+00	7.527079252758395699e-03	3.645631361574505624e-01
1.860000000000000098e+00	7.526945232167010606e-03	3.627910610897371324e-01
1.865000000000000213e+00	7.526811717351525842e-03	3.610253579159655168e-01
1.870000000000000107e+00	7.526678706802380700e-03	3.592660102002823153e-01
1.875000000000000000e+00	7.526546199021271095e-03	3.575130016261913735e-01
1.879999999999999893e+00	7.526414192518073032e-03	3.557663159620289561e-01
1.884999999999999787e+00	7.526282685813582597e-03	3.540259370916110093e-01
1.889999999999999902e+00	7.526151677436483667e-03	3.522918489800802577e-01
1.895000000000000018e+00	7.526021165926059277e-03	3.505640357042971167e-01
1.899999999999999911e+00	7.525891149829194021e-03	3.488424814190434486e-01
1.904999999999999805e+00	7.525761627703052466e-03	3.471271703871682268e-01
1.909999999999999920e+00	7.525632598112129250e-03	3.454180869461332404e-01
1.915000000000000036e+00	7.525504059630896275e-03	3.437152155379265550e-01
1.919999999999999929e+00	7.525376010840880564e-03	3.420185406759347346e-01
1.924999999999999822e+00	7.525248450333294967e-03	3.403280469746345904e-01
1.929999999999999938e+00	7.525121376706145511e-03	3.386437191167790406e-01
1.935000000000000053e+00	7.524994788566836089e-03	3.369655418828789162e-01
1.939999999999999947e+00	7.524868684529312235e-03	3.352935001186879149e-01
1.944999999999999840e+00	7.524743063216638925e-03	3.336275787644846780e-01
1.949999999999999956e+00	7.524617923258175578e-03	3.319677628228443478e-01
1.955000000000000071e+00	7.524493263292129572e-03	3.303140373877316294e-01
1.959999999999999964e+00	7.524369081962768539e-03	3.286663876125462957e-01
1.964999999999999858e+00	7.524245377922943526e-03	3.270247987390366151e-01
1.969999999999999973e+00	7.524122149831332512e-03	3.253892560656063138e-01
1.975000000000000089e+00	7.523999396354944490e-03	3.237597449760587498e-01
1.979999999999999982e+00	7.523877116166389004e-03	3.221362509081541758e-01
1.984999999999999876e+00	7.523755307946362880e-03	3.205187593821924863e-01
1.989999999999999991e+00	7.523633970380940589e-03	3.189072559698097331e-01
1.995000000000000107e+00	7.523513102164049692e-03	3.173017263224087170e-01
2.000000000000000000e+00	7.523392701994780288e-03	3.157021561401852083e-01
2.004999999999999893e+00	7.523272768579842250e-03	3.141085312004120444e-01
2.009999999999999787e+00	7.523153300630906759e-03	3.125208373266860629e-01
2.014999999999999680e+00	7.523034296867034919e-03	3.109390604170745309e-01
2.020000000000000018e+00	7.522915756012052250e-03	3.093631864135724663e-01
2.024999999999999911e+00	7.522797676796955622e-03	3.077932013301185044e-01
2.029999999999999805e+00	7.522680057957310297e-03	3.062290912222535577e-01
2.035000000000000142e+00	7.522562898235644717e-03	3.046708422150122275e-01
2.040000000000000036e+00	7.522446196378864899e-03	3.031184404727763071e-01
2.044999999999999929e+00	7.522329951140636212e-03	3.015718722270472885e-01
2.049999999999999822e+00	7.522214161278817715e-03	3.000311237464851621e-01
2.054999999999999716e+00	7.522098825557830062e-03	2.984961813645695683e-01
2.060000000000000053e+00	7.521983942746110659e-03	2.969670314498163433e-01
2.064999999999999947e+00	7.521869511618465079e-03	2.954436604333327554e-01
2.069999999999999840e+00	7.521755530953543045e-03	2.939260547792040268e-01
2.075000000000000178e+00	7.521641999536178569e-03	2.924142010119475388e-01
2.080000000000000071e+00	7.521528916154877203e-03	2.909080856870643328e-01
2.084999999999999964e+00	7.521416279604152717e-03	2.894076954183966155e-01
2.089999999999999858e+00	7.521304088682029959e-03	2.879130168488359676e-01
2.094999999999999751e+00	7.521192342192360714e-03	2.864240366775909208e-01
2.100000000000000089e+00	7.521081038942355190e-03	2.849407416310456020e-01
2.104999999999999982e+00	7.520970177744880532e-03	2.834631184899407130e-01
2.109999999999999876e+00	7.520859757416007915e-03	2.819911540603776134e-01
2.115000000000000213e+00	7.520749776777301519e-03	2.805248352009162005e-01
2.120000000000000107e+00	7.520640234653382973e-03	2.790641487937195464e-01
2.125000000000000000e+00	7.520531129874209048e-03	2.776090817715728409e-01
2.129999999999999893e+00	7.520422461272647380e-03	2.761596210891619219e-01
2.134999999999999787e+00	7.520314227686748093e-03	2.747157537500184987e-01
2.140000000000000124e+00	7.520206427957333399e-03	2.732774667779271360e-01
2.145000000000000018e+00	7.520099060930257942e-03	2.718447472437997003e-01
2.149999999999999911e+00	7.519992125454016615e-03	2.704175822372069660e-01
2.155000000000000249e+00	7.519885620381989294e-03	2.689959588931840617e-01
2.160000000000000142e+00	7.519779544570065997e-03	2.675798643638839236e-01
2.165000000000000036e+00	7.519673896878883816e-03	2.661692858453166832e-01
2.169999999999999929e+00	7.519568676171463351e-03	2.647642105491189168e-01
2.174999999999999822e+00	7.519463881315435229e-03	2.633646257292311943e-01
2.180000000000000160e+00	7.519359511180693026e-03	2.619705186537796271e-01
2.185000000000000053e+00	7.519255564641607638e-03	2.605818766316934099e-01
2.189999999999999947e+00	7.519152040574698416e-03	2.591986869846948927e-01
2.195000000000000284e+00	7.519048937860831928e-03	2.578209370738592243e-01
2.200000000000000178e+00	7.518946255382908707e-03	2.564486142717103956e-01
2.205000000000000071e+00	7.518843992028054202e-03	2.550817059887251492e-01
2.209999999999999964e+00	7.518742146685321141e-03	2.537201996455306086e-01
2.214999999999999858e+00	7.518640718247863140e-03	2.523640826993553965e-01
2.220000000000000195e+00	7.518539705610657875e-03	2.510133426163255188e-01
2.225000000000000089e+00	7.518439107672666814e-03	2.496679668978650513e-01
2.229999999999999982e+00	7.518338923334572273e-03	2.483279430530868082e-01
2.235000000000000320e+00	7.518239151500933672e-03	2.469932586251432360e-01
2.240000000000000213e+00	7.518139791077927195e-03	2.456639011637120062e-01
2.245000000000000107e+00	7.518040840975497713e-03	2.443398582512969208e-01
2.250000000000000000e+00	7.517942300105114051e-03	2.430211174758050707e-01
2.254999999999999893e+00	7.517844167381912239e-03	2.417076664568006961e-01
2.259999999999999787e+00	7.517746441722453384e-03	2.403994928181711066e-01
2.264999999999999680e+00	7.517649122046866049e-03	2.390965842143344400e-01
2.270000000000000018e+00	7.517552207276621476e-03	2.377989283029924572e-01
2.274999999999999911e+00	7.517455696336655148e-03	2.365065127712933923e-01
2.279999999999999805e+00	7.517359588153158488e-03	2.352193253086696245e-01
2.285000000000000142e+00	7.517263881655697824e-03	2.339373536329557579e-01
2.290000000000000036e+00	7.517168575775010422e-03	2.326605854633105319e-01
2.294999999999999929e+00	7.517073669445117380e-03	2.313890085462907698e-01
2.299999999999999822e+00	7.516979161601130936e-03	2.301226106288548900e-01
2.304999999999999716e+00	7.516885051181360425e-03	2.288613794843942228e-01
2.310000000000000053e+00	7.516791337125129993e-03	2.276053028858167626e-01
2.314999999999999947e+00	7.516698018374875882e-03	2.263543686315361014e-01
2.319999999999999840e+00	7.516605093873975421e-03	2.251085645186338413e-01
2.325000000000000178e+00	7.516512562568835633e-03	2.238678783688062834e-01
2.330000000000000071e+00	7.516420423406734372e-03	2.226322980016059994e-01
2.334999999999999964e+00	7.516328675337902859e-03	2.214018112603448052e-01
2.339999999999999858e+00	7.516237317313373759e-03	2.201764059854132149e-01
2.344999999999999751e+00	7.516146348287054170e-03	2.189560700401418092e-01
2.350000000000000089e+00	7.516055767213590186e-03	2.177407912841960724e-01
2.354999999999999982e+00	7.515965573050431212e-03	2.165305575993966558e-01
2.359999999999999876e+00	7.515875764755700593e-03	2.153253568631889048e-01
2.365000000000000213e+00	7.515786341290254732e-03	2.141251769744212108e-01
2.370000000000000107e+00	7.515697301615563257e-03	2.129300058268901452e-01
2.375000000000000000e+00	7.515608644695763799e-03	2.117398313350753736e-01
2.379999999999999893e+00	7.515520369495547366e-03	2.105546414077598405e-01
2.384999999999999787e+00	7.515432474982209655e-03	2.093744239737220791e-01
2.390000000000000124e+00	7.515344960123544228e-03	2.081991669554300872e-01
2.395000000000000018e+00	7.515257823889885148e-03	2.070288582946911149e-01
2.399999999999999911e+00	7.515171065252013172e-03	2.058634859264187322e-01
2.405000000000000249e+00	7.515084683183189708e-03	2.047030378042390408e-01
2.410000000000000142e+00	7.514998676657073419e-03	2.035475018743323761e-01
2.415000000000000036e+00	7.514913044649742906e-03	2.023968661009939718e-01
2.419999999999999929e+00	7.514827786137628918e-03	2.012511184405497422e-01
2.424999999999999822e+00	7.514742900099525766e-03	2.001102468668727596e-01
2.430000000000000160e+00	7.514658385514534807e-03	1.989742393453716729e-01
2.435000000000000053e+00	7.514574241364067181e-03	1.978430838584624429e-01
2.439999999999999947e+00	7.514490466629796840e-03	1.967167683796297584e-01
2.445000000000000284e+00	7.514407060295657213e-03	1.955952808988526692e-01
2.450000000000000178e+00	7.514324021345804641e-03	1.944786093967403040e-01
2.455000000000000071e+00	7.514241348766607237e-03	1.933667418699097917e-01
2.459999999999999964e+00	7.514159041544611790e-03	1.922596663051958088e-01
2.464999999999999858e+00	7.514077098668533496e-03	1.911573707049811499e-01
2.470000000000000195e+00	7.513995519127228059e-03	1.900598430614804379e-01
2.475000000000000089e+00	7.513914301911677092e-03	1.889670713820215397e-01
2.479999999999999982e+00	7.513833446012967154e-03	1.878790436634037719e-01
2.485000000000000320e+00	7.513752950424264741e-03	1.867957479171296620e-01
2.490000000000000213e+00	7.513672814138810073e-03	1.857171721438387046e-01
2.495000000000000107e+00	7.513593036151885139e-03	1.846433043584870815e-01
2.500000000000000000e+00	7.513513615458811828e-03	1.835741325648575784e-01
2.504999999999999893e+00	7.513434551056914767e-03	1.825096447806874300e-01
2.509999999999999787e+00	7.513355841943529859e-03	1.814498290122539548e-01
2.514999999999999680e+00	7.513277487117956711e-03	1.803946732794496632e-01
2.520000000000000018e+00	7.513199485579483659e-03	1.793441655904439158e-01
2.524999999999999911e+00	7.513121836329323712e-03	1.782982939667044353e-01
2.529999999999999805e+00	7.513044538368652582e-03	1.772570464177357363e-01
2.535000000000000142e+00	7.512967590700539433e-03	1.762204109660449325e-01
2.540000000000000036e+00	7.512890992327989244e-03	1.751883756219589916e-01
2.544999999999999929e+00	7.512814742255870953e-03	1.741609284085330334e-01
2.549999999999999822e+00	7.512738839488966765e-03	1.731380573364464104e-01
2.554999999999999716e+00	7.512663283033893351e-03	1.721197504288530244e-01
2.560000000000000053e+00	7.512588071897157230e-03	1.711059956963571493e-01
2.564999999999999947e+00	7.512513205087074236e-03	1.700967811618041281e-01
2.569999999999999840e+00	7.512438681611829233e-03	1.690920948353365205e-01
2.575000000000000178e+00	7.512364500481387777e-03	1.680919247391237381e-01
2.580000000000000071e+00	7.512290660705569709e-03	1.670962588825001816e-01
2.584999999999999964e+00	7.512217161295952142e-03	1.661050852866320648e-01
2.589999999999999858e+00	7.512144001263945658e-03	1.651183919597378480e-01
2.594999999999999751e+00	7.512071179622694696e-03	1.641361669216916674e-01
2.600000000000000089e+00	7.511998695385166749e-03	1.631583981793268412e-01
2.604999999999999982e+00	7.511926547566038018e-03	1.621850737509739349e-01
2.609999999999999876e+00	7.511854735179795614e-03	1.612161816418487825e-01
2.615000000000000213e+00	7.511783257242613671e-03	1.602517098685234676e-01
2.620000000000000107e+00	7.511712112770464224e-03	1.592916464344003857e-01
2.625000000000000000e+00	7.511641300780990717e-03	1.583359793541143090e-01
2.629999999999999893e+00	7.511570820291619752e-03	1.573846966290931570e-01
2.634999999999999787e+00	7.511500670321434592e-03	1.564377862718900614e-01
2.640000000000000124e+00	7.511430849889292119e-03	1.554952362818318168e-01
2.645000000000000018e+00	7.511361358015687661e-03	1.545570346692799746e-01
2.649999999999999911e+00	7.511292193720883227e-03	1.536231694313670848e-01
2.655000000000000249e+00	7.511223356026762790e-03	1.526936285761852918e-01
2.660000000000000142e+00	7.511154843954974403e-03	1.517684000986130599e-01
2.665000000000000036e+00	7.511086656528769001e-03	1.508474720044278017e-01
2.669999999999999929e+00	7.511018792771157263e-03	1.499308322862244747e-01
2.674999999999999822e+00	7.510951251706741473e-03	1.490184689474524093e-01
2.680000000000000160e+00	7.510884032359880190e-03	1.481103699784252770e-01
2.685000000000000053e+00	7.510817133756511436e-03	1.472065233802806739e-01
2.689999999999999947e+00	7.510750554922324303e-03	1.463069171410832092e-01
2.695000000000000284e+00	7.510684294884576936e-03	1.454115392597047085e-01
2.700000000000000178e+00	7.510618352670280287e-03	1.445203777220222807e-01
2.705000000000000071e+00	7.510552727308001351e-03	1.436334205247170592e-01
2.709999999999999964e+00	7.510487417826060795e-03	1.427506556515683034e-01
2.714999999999999858e+00	7.510422423254327524e-03	1.418720710971694554e-01
2.720000000000000195e+00	7.510357742622422381e-03	1.409976548433192201e-01
2.725000000000000089e+00	7.510293374961509241e-03	1.401273948826538274e-01
2.729999999999999982e+00	7.510229319302504786e-03	1.392612791951358120e-01
2.735000000000000320e+00	7.510165574677860924e-03	1.383992957716005390e-01
2.740000000000000213e+00	7.510102140119785837e-03	1.375414325903451251e-01
2.745000000000000107e+00	7.510039014662020333e-03	1.366876776405864802e-01
2.750000000000000000e+00	7.509976197338061495e-03	1.358380188991514803e-01
2.754999999999999893e+00	7.509913687182934693e-03	1.349924443538464969e-01
2.759999999999999787e+00	7.509851483231427642e-03	1.341509419802484060e-01
2.764999999999999680e+00	7.509789584519851145e-03	1.333134997649844111e-01
2.770000000000000018e+00	7.509727990084287021e-03	1.324801056826260259e-01
2.774999999999999911e+00	7.509666698962334103e-03	1.316507477188762487e-01
2.779999999999999805e+00	7.509605710191370048e-03	1.308254138475684614e-01
2.785000000000000142e+00	7.509545022810288663e-03	1.300040920537593458e-01
2.790000000000000036e+00	7.509484635857766911e-03	1.291867703108340037e-01
2.794999999999999929e+00	7.509424548374001376e-03	1.283734366035031160e-01
2.799999999999999822e+00	7.509364759398976137e-03	1.275640789050149770e-01
2.804999999999999716e+00	7.509305267974196625e-03	1.267586852000555930e-01
2.810000000000000053e+00	7.509246073140966177e-03	1.259572434620689352e-01
2.814999999999999947e+00	7.509187173942106011e-03	1.251597416760588388e-01
2.819999999999999840e+00	7.509128569420247395e-03	1.243661678160183914e-01
2.825000000000000178e+00	7.509070258619541215e-03	1.235765098676309681e-01
2.830000000000000071e+00	7.509012240583961412e-03	1.227907558058116272e-01
2.834999999999999964e+00	7.508954514359000680e-03	1.220088936173056166e-01
2.839999999999999858e+00	7.508897078989984313e-03	1.212309112783413190e-01
2.844999999999999751e+00	7.508839933523761556e-03	1.204567967771263265e-01
2.850000000000000089e+00	7.508783077007029003e-03	1.196865380916132260e-01
2.854999999999999982e+00	7.508726508488008065e-03	1.189201232118905632e-01
2.859999999999999876e+00	7.508670227014779645e-03	1.181575401180633145e-01
2.865000000000000213e+00	7.508614231636953802e-03	1.173987768025370054e-01
2.870000000000000107e+00	7.508558521404016563e-03	1.166438212480146175e-01
2.875000000000000000e+00	7.508503095366985715e-03	1.158926614496720020e-01
2.879999999999999893e+00	7.508447952576768891e-03	1.151452853932720677e-01
2.884999999999999787e+00	7.508393092085810690e-03	1.144016810772306159e-01
2.890000000000000124e+00	7.508338512946463768e-03	1.136618364908483364e-01
2.895000000000000018e+00	7.508284214212622085e-03	1.129257396362662730e-01
2.899999999999999911e+00	7.508230194938099802e-03	1.121933785068169598e-01
2.905000000000000249e+00	7.508176454178263660e-03	1.114647411088665607e-01
2.910000000000000142e+00	7.508122990988416214e-03	1.107398154402877560e-01
2.915000000000000036e+00	7.508069804425416931e-03	1.100185895121873619e-01
2.919999999999999929e+00	7.508016893546081046e-03	1.093010513275004814e-01
2.924999999999999822e+00	7.507964257408785910e-03	1.085871889026034237e-01
2.930000000000000160e+00	7.507911895071883723e-03	1.078769902460305213e-01
2.935000000000000053e+00	7.507859805595296608e-03	1.071704433799700040e-01
2.939999999999999947e+00	7.507807988038941484e-03	1.064675363191049662e-01
2.945000000000000284e+00	7.507756441464311266e-03	1.057682570919907805e-01
2.950000000000000178e+00	7.507705164932909278e-03	1.050725937200216731e-01
2.955000000000000071e+00	7.507654157507828718e-03	1.043805342386880247e-01
2.959999999999999964e+00	7.507603418252194877e-03	1.036920666766694005e-01
2.964999999999999858e+00	7.507552946230726387e-03	1.030071790769708784e-01
2.970000000000000195e+00	7.507502740508193925e-03	1.023258594761432272e-01
2.975000000000000089e+00	7.507452800150976255e-03	1.016480959252971106e-01
2.979999999999999982e+00	7.507403124225518927e-03	1.009738764694518426e-01
2.985000000000000320e+00	7.507353711799889459e-03	1.003031891684251498e-01
2.990000000000000213e+00	7.507304561942242972e-03	9.963602207631233609e-02
2.995000000000000107e+00	7.507255673722366095e-03	9.897236326225077041e-02
3.000000000000000000e+00	7.507207046210152140e-03	9.831220079002907231e-02
3.004999999999999893e+00	7.507158678477138941e-03	9.765552273872607492e-02
3.009999999999999787e+00	7.507110569594994433e-03	9.700231718245137802e-02
3.014999999999999680e+00	7.507062718637038008e-03	9.635257221085623269e-02
3.020000000000000018e+00	7.507015124676746053e-03	9.570627590900744608e-02
3.024999999999999911e+00	7.506967786789253347e-03	9.506341637776923037e-02
3.029999999999999805e+00	7.506920704049876818e-03	9.442398171381033434e-02
3.035000000000000142e+00	7.506873875535604798e-03	9.378796002985621827e-02
3.040000000000000036e+00	7.506827300323627716e-03	9.315533943483117474e-02
3.044999999999999929e+00	7.506780977492822152e-03	9.252610805397840088e-02
3.049999999999999822e+00	7.506734906122287596e-03	9.190025400913810760e-02
3.054999999999999716e+00	7.506689085292822701e-03	9.127776543873546145e-02
3.060000000000000053e+00	7.506643514085474186e-03	9.065863047819487652e-02
3.064999999999999947e+00	7.506598191582998340e-03	9.004283727979434104e-02
3.069999999999999840e+00	7.506553116868426405e-03	8.943037399321736303e-02
3.075000000000000178e+00	7.506508289026512203e-03	8.882122878527241860e-02
3.080000000000000071e+00	7.506463707142301857e-03	8.821538982058350908e-02
3.084999999999999964e+00	7.506419370302584888e-03	8.761284528117337100e-02
3.089999999999999858e+00	7.506375277594466537e-03	8.701358334729362987e-02
3.094999999999999751e+00	7.506331428106805849e-03	8.641759221687099479e-02
3.100000000000000089e+00	7.506287820928805345e-03	8.582486008647741138e-02
3.104999999999999982e+00	7.506244455151432626e-03	8.523537517063869973e-02
3.109999999999999876e+00	7.506201329866023925e-03	8.464912568294510886e-02
3.115000000000000213e+00	7.506158444165696164e-03	8.406609985522116302e-02
3.120000000000000107e+00	7.506115797143960051e-03	8.348628591877838012e-02
3.125000000000000000e+00	7.506073387896119997e-03	8.290967212344435566e-02
3.129999999999999893e+00	7.506031215517898481e-03	8.233624671895863056e-02
3.134999999999999787e+00	7.505989279106828165e-03	8.176599797386070734e-02
3.140000000000000124e+00	7.505947577760884934e-03	8.119891415702908122e-02
3.145000000000000018e+00	7.505906110579868735e-03	8.063498355642743920e-02
3.149999999999999911e+00	7.505864876664047891e-03	8.007419446078777037e-02
3.155000000000000249e+00	7.505823875115532132e-03	7.951653517821373474e-02
3.160000000000000142e+00	7.505783105036922115e-03	7.896199401800861606e-02
3.165000000000000036e+00	7.505742565532675520e-03	7.841055930913468086e-02
3.169999999999999929e+00	7.505702255707770443e-03	7.786221938218716720e-02
3.174999999999999822e+00	7.505662174669052410e-03	7.731696258770846819e-02
3.180000000000000160e+00	7.505622321523915987e-03	7.677477727830836485e-02
3.185000000000000053e+00	7.505582695381637047e-03	7.623565182683358921e-02
3.189999999999999947e+00	7.505543295352066525e-03	7.569957460863369070e-02
3.195000000000000284e+00	7.505504120546954011e-03	7.516653401958486858e-02
3.200000000000000178e+00	7.505465170078651042e-03	7.463651845850390043e-02
3.205000000000000071e+00	7.505426443061419088e-03	7.410951634502384311e-02
3.209999999999999964e+00	7.505387938610151057e-03	7.358551610215650907e-02
3.214999999999999858e+00	7.505349655841664532e-03	7.306450617402060477e-02
3.220000000000000195e+00	7.505311593873434557e-03	7.254647500855271325e-02
3.225000000000000089e+00	7.505273751824879068e-03	7.203141107508678753e-02
3.229999999999999982e+00	7.505236128816095142e-03	7.151930284721418063e-02
3.235000000000000320e+00	7.505198723969141832e-03	7.101013882021424417e-02
3.240000000000000213e+00	7.505161536406785953e-03	7.050390749406401647e-02
3.245000000000000107e+00	7.505124565253767574e-03	7.000059739071876064e-02
3.250000000000000000e+00	7.505087809635561415e-03	6.950019703727201847e-02
3.254999999999999893e+00	7.505051268679633659e-03	6.900269498308549132e-02
3.259999999999999787e+00	7.505014941514213771e-03	6.850807978309988999e-02
3.264999999999999680e+00	7.504978827269533082e-03	6.801634001481370040e-02
3.270000000000000018e+00	7.504942925076615694e-03	6.752746426174502381e-02
3.274999999999999911e+00	7.504907234068503193e-03	6.704144113025888030e-02
3.279999999999999805e+00	7.504871753379058555e-03	6.655825923318046955e-02
3.285000000000000142e+00	7.504836482144176119e-03	6.607790720646970761e-02
3.290000000000000036e+00	7.504801419500596767e-03	6.560037369298742094e-02
3.294999999999999929e+00	7.504766564587110958e-03	6.512564735901654744e-02
3.299999999999999822e+00	7.504731916543382585e-03	6.465371687818036173e-02
3.304999999999999716e+00	7.504697474511139860e-03	6.418457094781107597e-02
3.310000000000000053e+00	7.504663237633011318e-03	6.371819827302027672e-02
3.314999999999999947e+00	7.504629205053707161e-03	6.325458758291381545e-02
3.319999999999999840e+00	7.504595375918863068e-03	6.279372761481551157e-02
3.325000000000000178e+00	7.504561749376211129e-03	6.233560713032722939e-02
3.330000000000000071e+00	7.504528324574438400e-03	6.188021489970672862e-02
3.334999999999999964e+00	7.504495100664342229e-03	6.142753971777251132e-02
3.339999999999999858e+00	7.504462076797701817e-03	6.097757038843548694e-02
3.344999999999999751e+00	7.504429252128424002e-03	6.053029574044863775e-02
3.350000000000000089e+00	7.504396625811420897e-03	6.008570461209267188e-02
3.354999999999999982e+00	7.504364197003750465e-03	5.964378586677038935e-02
3.359999999999999876e+00	7.504331964863502832e-03	5.920452837784644096e-02
3.365000000000000213e+00	7.504299928550927853e-03	5.876792104408536804e-02
3.370000000000000107e+00	7.504268087227333565e-03	5.833395277464657053e-02
3.375000000000000000e+00	7.504236440056205083e-03	5.790261250436559010e-02
3.379999999999999893e+00	7.504204986202112591e-03	5.747388917890394744e-02
3.384999999999999787e+00	7.504173724831816363e-03	5.704777176987399501e-02
3.390000000000000124e+00	7.504142655113189495e-03	5.662424926014342219e-02
3.395000000000000018e+00	7.504111776216310786e-03	5.620331065880328908e-02
3.399999999999999911e+00	7.504081087312398750e-03	5.578494498662769918e-02
3.405000000000000249e+00	7.504050587574891476e-03	5.536914129088468112e-02
3.410000000000000142e+00	7.504020276178391922e-03	5.495588863095109133e-02
3.415000000000000036e+00	7.503990152299738238e-03	5.454517609296615638e-02
3.419999999999999929e+00	7.503960215116964663e-03	5.413699277560151540e-02
3.424999999999999822e+00	7.503930463810348436e-03	5.373132780455738139e-02
3.430000000000000160e+00	7.503900897561391510e-03	5.332817031848807732e-02
3.435000000000000053e+00	7.503871515553857049e-03	5.292750948334039307e-02
3.439999999999999947e+00	7.503842316972754618e-03	5.252933447843458753e-02
3.445000000000000284e+00	7.503813301005368003e-03	5.213363451064455256e-02
3.450000000000000178e+00	7.503784466840258613e-03	5.174039880063510677e-02
3.455000000000000071e+00	7.503755813668275959e-03	5.134961659688357799e-02
3.459999999999999964e+00	7.503727340681567992e-03	5.096127716207243807e-02
3.464999999999999858e+00	7.503699047074588978e-03	5.057536978695352514e-02
3.470000000000000195e+00	7.503670932043118511e-03	5.019188377689573488e-02
3.475000000000000089e+00	7.503642994785253775e-03	4.981080846559094583e-02
3.479999999999999982e+00	7.503615234500442439e-03	4.943213320175762759e-02
3.485000000000000320e+00	7.503587650390467108e-03	4.905584736268827489e-02
3.490000000000000213e+00	7.503560241658482552e-03	4.868194034110867596e-02
3.495000000000000107e+00	7.503533007509994093e-03	4.831040155856688306e-02
3.500000000000000000e+00	7.503505947151906108e-03	4.794122045244811336e-02
3.504999999999999893e+00	7.503479059793484798e-03	4.757438648920536001e-02
3.509999999999999787e+00	7.503452344645420574e-03	4.720988915152956461e-02
3.514999999999999680e+00	7.503425800920778682e-03	4.684771795142199380e-02
3.520000000000000018e+00	7.503399427834077200e-03	4.648786241751986376e-02
3.524999999999999911e+00	7.503373224602217714e-03	4.613031210801036425e-02
3.529999999999999805e+00	7.503347190443582400e-03	4.577505659811130501e-02
3.535000000000000142e+00	7.503321324578949951e-03	4.542208549282700236e-02
3.540000000000000036e+00	7.503295626230600465e-03	4.507138841458414869e-02
3.544999999999999929e+00	7.503270094623229643e-03	4.472295501582936039e-02
3.549999999999999822e+00	7.503244728983055403e-03	4.437677496682006922e-02
3.554999999999999716e+00	7.503219528538723412e-03	4.403283796806394673e-02
3.560000000000000053e+00	7.503194492520427576e-03	4.369113373826440799e-02
3.564999999999999947e+00	7.503169620160798220e-03	4.335165202660248157e-02
3.569999999999999840e+00	7.503144910694045135e-03	4.301438260083646770e-02
3.575000000000000178e+00	7.503120363356822337e-03	4.267931525942612186e-02
3.580000000000000071e+00	7.503095977387386727e-03	4.234643981978702260e-02
3.584999999999999964e+00	7.503071752026452441e-03	4.201574613025638172e-02
3.589999999999999858e+00	7.503047686516358186e-03	4.168722405850196905e-02
3.594999999999999751e+00	7.503023780101918117e-03	4.136086350333065959e-02
3.600000000000000089e+00	7.503000032029587436e-03	4.103665438325087428e-02
3.604999999999999982e+00	7.502976441548311545e-03	4.071458664812399597e-02
3.609999999999999876e+00	7.502953007908700310e-03	4.039465026788040952e-02
3.615000000000000213e+00	7.502929730363864201e-03	4.007683524401384201e-02
3.620000000000000107e+00	7.502906608168603310e-03	3.976113159845080097e-02
3.625000000000000000e+00	7.502883640580226138e-03	3.944752938488807481e-02
3.629999999999999893e+00	7.502860826857755960e-03	3.913601867781519444e-02
3.634999999999999787e+00	7.502838166262737474e-03	3.882658958369542695e-02
3.640000000000000124e+00	7.502815658058448363e-03	3.851923223014079578e-02
3.645000000000000018e+00	7.502793301510699876e-03	3.821393677693721985e-02
3.649999999999999911e+00	7.502771095887061405e-03	3.791069340537139148e-02
3.655000000000000249e+00	7.502749040457644576e-03	3.760949232910017204e-02
3.660000000000000142e+00	7.502727134494339978e-03	3.731032378362984792e-02
3.665000000000000036e+00	7.502705377271593444e-03	3.701317803702940112e-02
3.669999999999999929e+00	7.502683768065649718e-03	3.671804537956143560e-02
3.674999999999999822e+00	7.502662306155317463e-03	3.642491613424050922e-02
3.680000000000000160e+00	7.502640990821231141e-03	3.613378064661515454e-02
3.685000000000000053e+00	7.502619821346596940e-03	3.584462929517121671e-02
3.689999999999999947e+00	7.502598797016463324e-03	3.555745248126471886e-02
3.695000000000000284e+00	7.502577917118466964e-03	3.527224063937078186e-02
3.700000000000000178e+00	7.502557180942105025e-03	3.498898422716679307e-02
3.705000000000000071e+00	7.502536587779471550e-03	3.470767373562730351e-02
3.709999999999999964e+00	7.502516136924543624e-03	3.442829967925711832e-02
3.714999999999999858e+00	7.502495827673904757e-03	3.415085260603253903e-02
3.720000000000000195e+00	7.502475659326039714e-03	3.387532308778380685e-02
3.725000000000000089e+00	7.502455631182049223e-03	3.360170172998339089e-02
3.729999999999999982e+00	7.502435742544959554e-03	3.332997916227713880e-02
3.735000000000000320e+00	7.502415992720416413e-03	3.306014604811980534e-02
3.740000000000000213e+00	7.502396381016017066e-03	3.279219307545507694e-02
3.745000000000000107e+00	7.502376906741980815e-03	3.252611096619834052e-02
3.750000000000000000e+00	7.502357569210498477e-03	3.226189046706502694e-02
3.754999999999999893e+00	7.502338367736398513e-03	3.199952235890156371e-02
3.759999999999999787e+00	7.502319301636493909e-03	3.173899744766098263e-02
3.764999999999999680e+00	7.502300370230244840e-03	3.148030657358287521e-02
3.770000000000000018e+00	7.502281572839114218e-03	3.122344060231568158e-02
3.774999999999999911e+00	7.502262908787222552e-03	3.096839043394595051e-02
3.779999999999999805e+00	7.502244377400713038e-03	3.071514699426720202e-02
3.785000000000000142e+00	7.502225978008389071e-03	3.046370124365864809e-02
3.790000000000000036e+00	7.502207709941098417e-03	3.021404416850022659e-02
3.794999999999999929e+00	7.502189572532359449e-03	2.996616678990144875e-02
3.799999999999999822e+00	7.502171565117747923e-03	2.972006015526179948e-02
3.804999999999999716e+00	7.502153687035521476e-03	2.947571534685031192e-02
3.810000000000000053e+00	7.502135937626011608e-03	2.923312347351077548e-02
3.814999999999999947e+00	7.502118316232236905e-03	2.899227567909284584e-02
3.819999999999999840e+00	7.502100822199310633e-03	2.875316313430127321e-02
3.825000000000000178e+00	7.502083454875038346e-03	2.851577704497879756e-02
3.830000000000000071e+00	7.502066213609340228e-03	2.828010864409946992e-02
3.834999999999999964e+00	7.502049097754832224e-03	2.804614919990370409e-02
3.839999999999999858e+00	7.502032106666262253e-03	2.781389000803461548e-02
3.844999999999999751e+00	7.502015239701082666e-03	2.758332239952634990e-02
3.850000000000000089e+00	7.501998496218893406e-03	2.735443773308268364e-02
3.854999999999999982e+00	7.501981875582004917e-03	2.712722740291925727e-02
3.859999999999999876e+00	7.501965377154890847e-03	2.690168283118381243e-02
3.865000000000000213e+00	7.501949000304743154e-03	2.667779547565286499e-02
3.870000000000000107e+00	7.501932744400933474e-03	2.645555682229305469e-02
3.875000000000000000e+00	7.501916608815555228e-03	2.623495839281284048e-02
3.879999999999999893e+00	7.501900592922898861e-03	2.601599173736427253e-02
3.884999999999999787e+00	7.501884696099981806e-03	2.579864844195044540e-02
3.890000000000000124e+00	7.501868917726035001e-03	2.558292012126705747e-02
3.895000000000000018e+00	7.501853257183020707e-03	2.536879842596630880e-02
3.899999999999999911e+00	7.501837713855130305e-03	2.515627503563748826e-02
3.905000000000000249e+00	7.501822287129291701e-03	2.494534166592769775e-02
3.910000000000000142e+00	7.501806976394675801e-03	2.473599006166139758e-02
3.915000000000000036e+00	7.501791781043197840e-03	2.452821200381858843e-02
3.919999999999999929e+00	7.501776700469028197e-03	2.432199930279187877e-02
3.924999999999999822e+00	7.501761734069085918e-03	2.411734380522357821e-02
3.930000000000000160e+00	7.501746881242560804e-03	2.391423738739948887e-02
3.935000000000000053e+00	7.501732141391395658e-03	2.371267196194515661e-02
3.939999999999999947e+00	7.501717513919818787e-03	2.351263947135621285e-02
3.945000000000000284e+00	7.501702998234814970e-03	2.331413189455438031e-02
3.950000000000000178e+00	7.501688593745667495e-03	2.311714124055344946e-02
3.955000000000000071e+00	7.501674299864420463e-03	2.292165955487581591e-02
3.959999999999999964e+00	7.501660116005430361e-03	2.272767891335350163e-02
3.964999999999999858e+00	7.501646041585818825e-03	2.253519142840596998e-02
3.970000000000000195e+00	7.501632076025032889e-03	2.234418924297525838e-02
3.975000000000000089e+00	7.501618218745287336e-03	2.215466453666593491e-02
3.979999999999999982e+00	7.501604469171135360e-03	2.196660951981378035e-02
3.985000000000000320e+00	7.501590826729900505e-03	2.178001643948835470e-02
3.990000000000000213e+00	7.501577290851260335e-03	2.159487757369456251e-02
3.995000000000000107e+00	7.501563860967665372e-03	2.141118523723874525e-02
4.000000000000000000e+00	7.501550536513927094e-03	2.122893177606220358e-02
4.004999999999999893e+00	7.501537316927638609e-03	2.104810957297171062e-02
4.009999999999999787e+00	7.501524201648764392e-03	2.086871104210417591e-02
4.014999999999999680e+00	7.501511190120052283e-03	2.069072863452226657e-02
4.019999999999999574e+00	7.501498281786634498e-03	2.051415483280952246e-02
4.025000000000000355e+00	7.501485476096426616e-03	2.033898215653194910e-02
4.030000000000000249e+00	7.501472772499744208e-03	2.016520315696287979e-02
4.035000000000000142e+00	7.501460170449683607e-03	1.999281042241106074e-02
4.040000000000000036e+00	7.501447669401755010e-03	1.982179657307457654e-02
4.044999999999999929e+00	7.501435268814252849e-03	1.965215426623635048e-02
4.049999999999999822e+00	7.501422968147891494e-03	1.948387619124624867e-02
4.054999999999999716e+00	7.501410766866175618e-03	1.931695507458494263e-02
4.059999999999999609e+00	7.501398664435038506e-03	1.915138367497318597e-02
4.064999999999999503e+00	7.501386660323205481e-03	1.898715478830491701e-02
4.070000000000000284e+00	7.501374754001842622e-03	1.882426124288299335e-02
4.075000000000000178e+00	7.501362944944905443e-03	1.866269590422250588e-02
4.080000000000000071e+00	7.501351232628801491e-03	1.850245167041193392e-02
4.084999999999999964e+00	7.501339616532730348e-03	1.834352147678715295e-02
4.089999999999999858e+00	7.501328096138354905e-03	1.818589829141790265e-02
4.094999999999999751e+00	7.501316670930128355e-03	1.802957511965311288e-02
4.099999999999999645e+00	7.501305340394974139e-03	1.787454499973159527e-02
4.105000000000000426e+00	7.501294104022611202e-03	1.772080100719974904e-02
4.110000000000000320e+00	7.501282961305236544e-03	1.756833625064571636e-02
4.115000000000000213e+00	7.501271911737841802e-03	1.741714387599018268e-02
4.120000000000000107e+00	7.501260954817907944e-03	1.726721706234301407e-02
4.125000000000000000e+00	7.501250090045707974e-03	1.711854902616836288e-02
4.129999999999999893e+00	7.501239316924012898e-03	1.697113301726290574e-02
4.134999999999999787e+00	7.501228634958388361e-03	1.682496232279584447e-02
4.139999999999999680e+00	7.501218043656907551e-03	1.668003026340810976e-02
4.144999999999999574e+00	7.501207542530431358e-03	1.653633019712801716e-02
4.150000000000000355e+00	7.501197131092341222e-03	1.639385551559065235e-02
4.155000000000000249e+00	7.501186808858806288e-03	1.625259964783026465e-02
4.160000000000000142e+00	7.501176575348523189e-03	1.611255605661866472e-02
4.165000000000000036e+00	7.501166430082973659e-03	1.597371824213517436e-02
4.169999999999999929e+00	7.501156372586174730e-03	1.583607973842351274e-02
4.174999999999999822e+00	7.501146402384933735e-03	1.569963411694007618e-02
4.179999999999999716e+00	7.501136519008592442e-03	1.556437498312843344e-02
4.185000000000000497e+00	7.501126721989283784e-03	1.543029597984676114e-02
4.190000000000000391e+00	7.501117010861686404e-03	1.529739078405921437e-02
4.195000000000000284e+00	7.501107385163264044e-03	1.516565311014314750e-02
4.200000000000000178e+00	7.501097844434035690e-03	1.503507670669660540e-02
4.205000000000000071e+00	7.501088388216803696e-03	1.490565535972663246e-02
4.209999999999999964e+00	7.501079016056931732e-03	1.477738288957161639e-02
4.214999999999999858e+00	7.501069727502562498e-03	1.465025315397149551e-02
4.219999999999999751e+00	7.501060522104410419e-03	1.452426004510437747e-02
4.224999999999999645e+00	7.501051399415966346e-03	1.439939749253938729e-02
4.230000000000000426e+00	7.501042358993295460e-03	1.427565946038659821e-02
4.235000000000000320e+00	7.501033400395241968e-03	1.415303995013367580e-02
4.240000000000000213e+00	7.501024523183227009e-03	1.403153299790821373e-02
4.245000000000000107e+00	7.501015726921447281e-03	1.391113267719873078e-02
4.250000000000000000e+00	7.501007011176686820e-03	1.379183309622895523e-02
4.254999999999999893e+00	7.500998375518499149e-03	1.367362840056387391e-02
4.259999999999999787e+00	7.500989819519029468e-03	1.355651277059508053e-02
4.264999999999999680e+00	7.500981342753195065e-03	1.344048042403303729e-02
4.269999999999999574e+00	7.500972944798502302e-03	1.332552561350224679e-02
4.275000000000000355e+00	7.500964625235232233e-03	1.321164262892079999e-02
4.280000000000000249e+00	7.500956383646259322e-03	1.309882579520465530e-02
4.285000000000000142e+00	7.500948219617225785e-03	1.298706947453507309e-02
4.290000000000000036e+00	7.500940132736376789e-03	1.287636806417132192e-02
4.294999999999999929e+00	7.500932122594719184e-03	1.276671599860685485e-02
4.299999999999999822e+00	7.500924188785867974e-03	1.265810774748959804e-02
4.304999999999999716e+00	7.500916330906195507e-03	1.255053781766779161e-02
4.309999999999999609e+00	7.500908548554688360e-03	1.244400075121693781e-02
4.314999999999999503e+00	7.500900841333083512e-03	1.233849112737626236e-02
4.320000000000000284e+00	7.500893208845738243e-03	1.223400356068132279e-02
4.325000000000000178e+00	7.500885650699757635e-03	1.213053270279216764e-02
4.330000000000000071e+00	7.500878166504867071e-03	1.202807324073075501e-02
4.334999999999999964e+00	7.500870755873538000e-03	1.192661989860144961e-02
4.339999999999999858e+00	7.500863418420867373e-03	1.182616743593262014e-02
4.344999999999999751e+00	7.500856153764689539e-03	1.172671064929030685e-02
4.349999999999999645e+00	7.500848961525471287e-03	1.162824437072318071e-02
4.355000000000000426e+00	7.500841841326412462e-03	1.153076346927023321e-02
4.360000000000000320e+00	7.500834792793344488e-03	1.143426284950818834e-02
4.365000000000000213e+00	7.500827815554830975e-03	1.133873745295416527e-02
4.370000000000000107e+00	7.500820909242068846e-03	1.124418225671468090e-02
4.375000000000000000e+00	7.500814073488982006e-03	1.115059227478423960e-02
4.379999999999999893e+00	7.500807307932130276e-03	1.105796255679494453e-02
4.384999999999999787e+00	7.500800612210796123e-03	1.096628818921194411e-02
4.389999999999999680e+00	7.500793985966899662e-03	1.087556429418289929e-02
4.394999999999999574e+00	7.500787428845079319e-03	1.078578603063103797e-02
4.400000000000000355e+00	7.500780940492612903e-03	1.069694859320372178e-02
4.405000000000000249e+00	7.500774520559491329e-03	1.060904721326400707e-02
4.410000000000000142e+00	7.500768168698346630e-03	1.052207715793730854e-02
4.415000000000000036e+00	7.500761884564517007e-03	1.043603373100242780e-02
4.419999999999999929e+00	7.500755667815986981e-03	1.035091227203562177e-02
4.424999999999999822e+00	7.500749518113439436e-03	1.026670815720181693e-02
4.429999999999999716e+00	7.500743435120205312e-03	1.018341679849518733e-02
4.435000000000000497e+00	7.500737418502308705e-03	1.010103364443159200e-02
4.440000000000000391e+00	7.500731467928421770e-03	1.001955417938475180e-02
4.445000000000000284e+00	7.500725583069904612e-03	9.938973924180735664e-03
4.450000000000000178e+00	7.500719763600767129e-03	9.859288435528960892e-03
4.455000000000000071e+00	7.500714009197701967e-03	9.780493306519548805e-03
4.459999999999999964e+00	7.500708319540049830e-03	9.702584166148381720e-03
4.464999999999999858e+00	7.500702694309828965e-03	9.625556679718236947e-03
4.469999999999999751e+00	7.500697133191707409e-03	9.549406548456871799e-03
4.474999999999999645e+00	7.500691635873023809e-03	9.474129509822919529e-03
4.480000000000000426e+00	7.500686202043767466e-03	9.399721337216259895e-03
4.485000000000000320e+00	7.500680831396591350e-03	9.326177840189422974e-03
4.490000000000000213e+00	7.500675523626798222e-03	9.253494864249329349e-03
4.495000000000000107e+00	7.500670278432349306e-03	9.181668290975277327e-03
4.500000000000000000e+00	7.500665095513857350e-03	9.110694037911287735e-03
4.504999999999999893e+00	7.500659974574583160e-03	9.040568058591092609e-03
4.509999999999999787e+00	7.500654915320439931e-03	8.971286342520546839e-03
4.514999999999999680e+00	7.500649917459984578e-03	8.902844915110690385e-03
4.519999999999999574e+00	7.500644980704425542e-03	8.835239837749095729e-03
4.525000000000000355e+00	7.500640104767604573e-03	8.768467207641943845e-03
4.530000000000000249e+00	7.500635289366016679e-03	8.702523157973504273e-03
4.535000000000000142e+00	7.500630534218784978e-03	8.637403857658019352e-03
4.540000000000000036e+00	7.500625839047681508e-03	8.573105511586473840e-03
4.544999999999999929e+00	7.500621203577101208e-03	8.509624360289232831e-03
4.549999999999999822e+00	7.500616627534087942e-03	8.446956680269351522e-03
4.554999999999999716e+00	7.500612110648299802e-03	8.385098783576728360e-03
4.559999999999999609e+00	7.500607652652040332e-03	8.324047018227047692e-03
4.564999999999999503e+00	7.500603253280224703e-03	8.263797767688395302e-03
4.570000000000000284e+00	7.500598912270410937e-03	8.204347451384997811e-03
4.575000000000000178e+00	7.500594629362756539e-03	8.145692524097114182e-03
4.580000000000000071e+00	7.500590404300065336e-03	8.087829476548794722e-03
4.584999999999999964e+00	7.500586236827734565e-03	8.030754834721954075e-03
4.589999999999999858e+00	7.500582126693799978e-03	7.974465160527310220e-03
4.594999999999999751e+00	7.500578073648884667e-03	7.918957051033339786e-03
4.599999999999999645e+00	7.500574077446252839e-03	7.864227139219675394e-03
4.605000000000000426e+00	7.500570137841743902e-03	7.810272093121840148e-03
4.610000000000000320e+00	7.500566254593836642e-03	7.757088616666274992e-03
4.615000000000000213e+00	7.500562427463578971e-03	7.704673448731604382e-03
4.620000000000000107e+00	7.500558656214654715e-03	7.653023364064513896e-03
4.625000000000000000e+00	7.500554940613309018e-03	7.602135172258555826e-03
4.629999999999999893e+00	7.500551280428419468e-03	7.552005718749922950e-03
4.634999999999999787e+00	7.500547675431418031e-03	7.502631883714533031e-03
4.639999999999999680e+00	7.500544125396365648e-03	7.454010583142964101e-03
4.644999999999999574e+00	7.500540630099871570e-03	7.406138767656739869e-03
4.650000000000000355e+00	7.500537189321167947e-03	7.359013423661569554e-03
4.655000000000000249e+00	7.500533802842026566e-03	7.312631572083659083e-03
4.660000000000000142e+00	7.500530470446845586e-03	7.266990269600472237e-03
4.665000000000000036e+00	7.500527191922548055e-03	7.222086607297815292e-03
4.669999999999999929e+00	7.500523967058679922e-03	7.177917711977442952e-03
4.674999999999999822e+00	7.500520795647305956e-03	7.134480744735713538e-03
4.679999999999999716e+00	7.500517677483111226e-03	7.091772902347058712e-03
4.685000000000000497e+00	7.500514612363289209e-03	7.049791415765213620e-03
4.690000000000000391e+00	7.500511600087650214e-03	7.008533551581871274e-03
4.695000000000000284e+00	7.500508640458506023e-03	6.967996610451047089e-03
4.700000000000000178e+00	7.500505733280779172e-03	6.928177928622106067e-03
4.705000000000000071e+00	7.500502878361884999e-03	6.889074876288388445e-03
4.709999999999999964e+00	7.500500075511849600e-03	6.850684859193748380e-03
4.714999999999999858e+00	7.500497324543178856e-03	6.813005316905900409e-03
4.719999999999999751e+00	7.500494625270983338e-03	6.776033724495844277e-03
4.724999999999999645e+00	7.500491977512849934e-03	6.739767590737036351e-03
4.730000000000000426e+00	7.500489381088965880e-03	6.704204459856678844e-03
4.735000000000000320e+00	7.500486835821980856e-03	6.669341909661481195e-03
4.740000000000000213e+00	7.500484341537144023e-03	6.635177553360124998e-03
4.745000000000000107e+00	7.500481898062157440e-03	6.601709037616332668e-03
4.750000000000000000e+00	7.500479505227315713e-03	6.568934044441766471e-03
4.754999999999999893e+00	7.500477162865361140e-03	6.536850289177264899e-03
4.759999999999999787e+00	7.500474870811621626e-03	6.505455522455407327e-03
4.764999999999999680e+00	7.500472628903862363e-03	6.474747528110635399e-03
4.769999999999999574e+00	7.500470436982432411e-03	6.444724125210635028e-03
4.775000000000000355e+00	7.500468294890104241e-03	6.415383165896264804e-03
4.780000000000000249e+00	7.500466202472234195e-03	6.386722537480988594e-03
4.785000000000000142e+00	7.500464159576590746e-03	6.358740160221344750e-03
4.790000000000000036e+00	7.500462166053516698e-03	6.331433989483705935e-03
4.794999999999999929e+00	7.500460221755764385e-03	6.304802013446079295e-03
4.799999999999999822e+00	7.500458326538651799e-03	6.278842255331294059e-03
4.804999999999999716e+00	7.500456480259896919e-03	6.253552771040979223e-03
4.809999999999999609e+00	7.500454682779778177e-03	6.228931651454570895e-03
4.814999999999999503e+00	7.500452933960961854e-03	6.204977019996175264e-03
4.820000000000000284e+00	7.500451233668673813e-03	6.181687034998510112e-03
4.825000000000000178e+00	7.500449581770515621e-03	6.159059887203454514e-03
4.830000000000000071e+00	7.500447978136642359e-03	6.137093802190214144e-03
4.834999999999999964e+00	7.500446422639574402e-03	6.115787037810436338e-03
4.839999999999999858e+00	7.500444915154379569e-03	6.095137886679734447e-03
4.844999999999999751e+00	7.500443455558483165e-03	6.075144673548115923e-03
4.849999999999999645e+00	7.500442043731851867e-03	6.055805757854098963e-03
4.855000000000000426e+00	7.500440679556796830e-03	6.037119531031211704e-03
4.860000000000000320e+00	7.500439362918166243e-03	6.019084419124117423e-03
4.865000000000000213e+00	7.500438093703143232e-03	6.001698880031922090e-03
4.870000000000000107e+00	7.500436871801440149e-03	5.984961406185311528e-03
4.875000000000000000e+00	7.500435697105095612e-03	5.968870521727571987e-03
4.879999999999999893e+00	7.500434569508670525e-03	5.953424785252067926e-03
4.884999999999999787e+00	7.500433488909041650e-03	5.938622786921650409e-03
4.889999999999999680e+00	7.500432455205599362e-03	5.924463151265729581e-03
4.894999999999999574e+00	7.500431468300043820e-03	5.910944534238912230e-03
4.900000000000000355e+00	7.500430528096580125e-03	5.898065626076848429e-03
4.905000000000000249e+00	7.500429634501708416e-03	5.885825148294856340e-03
4.910000000000000142e+00	7.500428787424433773e-03	5.874221856601778008e-03
4.915000000000000036e+00	7.500427986776044172e-03	5.863254537839386778e-03
4.919999999999999929e+00	7.500427232470322121e-03	5.852922012953522789e-03
4.924999999999999822e+00	7.500426524423324352e-03	5.843223133875020264e-03
4.929999999999999716e+00	7.500425862553596057e-03	5.834156786547375038e-03
4.935000000000000497e+00	7.500425246781943639e-03	5.825721887749872596e-03
4.940000000000000391e+00	7.500424677031658494e-03	5.817917388181111961e-03
4.945000000000000284e+00	7.500424153228279350e-03	5.810742269225175824e-03
4.950000000000000178e+00	7.500423675299822124e-03	5.804195546090149503e-03
4.955000000000000071e+00	7.500423243176540522e-03	5.798276264518103379e-03
4.959999999999999964e+00	7.500422856791158499e-03	5.792983503977805482e-03
4.964999999999999858e+00	7.500422516078625659e-03	5.788316374319364514e-03
4.969999999999999751e+00	7.500422220976354047e-03	5.784274019020419627e-03
4.974999999999999645e+00	7.500421971423973551e-03	5.780855611786092814e-03
4.980000000000000426e+00	7.500421767363565223e-03	5.778060359847895198e-03
4.985000000000000320e+00	7.500421608739414950e-03	5.775887500509863104e-03
4.990000000000000213e+00	7.500421495498257179e-03	5.774336304499434053e-03
4.995000000000000107e+00	7.500421427589018183e-03	5.773406072460377132e-03
5.000000000000000000e+00	7.500421404963063254e-03	5.773096138354917063e-03
