# coordinate_x	h	p	@time=871.29
0.000000000000000000e+00	2.699840083604980179e-01	5.715628073847893731e-01
5.000000000000000104e-03	2.699804406842322702e-01	5.715628073026680633e-01
1.000000000000000021e-02	2.699697376566033702e-01	5.715628070562610574e-01
1.499999999999999944e-02	2.699518992788694227e-01	5.715628066455219480e-01
2.000000000000000042e-02	2.699269255540870938e-01	5.715628060703381585e-01
2.500000000000000139e-02	2.698948164857610243e-01	5.715628053305804590e-01
2.999999999999999889e-02	2.698555720791534496e-01	5.715628044260550045e-01
3.500000000000000333e-02	2.698091923399688619e-01	5.715628033565510746e-01
4.000000000000000083e-02	2.697556772756730115e-01	5.715628021217935562e-01
4.499999999999999833e-02	2.696950268941771256e-01	5.715628007214903494e-01
5.000000000000000278e-02	2.696272412051601286e-01	5.715627991552839626e-01
5.500000000000000028e-02	2.695523202187511402e-01	5.715627974228002506e-01
5.999999999999999778e-02	2.694702639468555816e-01	5.715627955235990099e-01
6.500000000000000222e-02	2.693810724018349534e-01	5.715627934572229396e-01
7.000000000000000666e-02	2.692847455978377713e-01	5.715627912231482366e-01
7.500000000000001110e-02	2.691812835494756806e-01	5.715627888208335561e-01
8.000000000000000167e-02	2.690706862731602200e-01	5.715627862496701628e-01
8.499999999999999223e-02	2.689529537857741626e-01	5.715627835090315578e-01
8.999999999999999667e-02	2.688280861060149962e-01	5.715627805982228526e-01
9.500000000000000111e-02	2.686960832530612131e-01	5.715627775165308400e-01
1.000000000000000056e-01	2.685569452479226737e-01	5.715627742631731456e-01
1.050000000000000100e-01	2.684106721121012895e-01	5.715627708373481886e-01
1.100000000000000006e-01	2.682572638689492139e-01	5.715627672381845548e-01
1.149999999999999911e-01	2.680967205423229194e-01	5.715627634647904021e-01
1.199999999999999956e-01	2.679290421579504367e-01	5.715627595162032781e-01
1.250000000000000000e-01	2.677542287420774936e-01	5.715627553914390813e-01
1.300000000000000044e-01	2.675722803228449131e-01	5.715627510894423224e-01
1.350000000000000089e-01	2.673831969289261479e-01	5.715627466091345310e-01
1.400000000000000133e-01	2.671869785909154471e-01	5.715627419493644057e-01
1.450000000000000178e-01	2.669836253399562875e-01	5.715627371089571085e-01
1.499999999999999944e-01	2.667731372091409758e-01	5.715627320866630834e-01
1.549999999999999989e-01	2.665555142321288651e-01	5.715627268812079054e-01
1.600000000000000033e-01	2.663307564445587805e-01	5.715627214912412102e-01
1.650000000000000078e-01	2.660988638826562447e-01	5.715627159153862102e-01
1.700000000000000122e-01	2.658598365846592260e-01	5.715627101521884024e-01
1.749999999999999889e-01	2.656136745894134843e-01	5.715627042001656388e-01
1.799999999999999933e-01	2.653603779378129190e-01	5.715626980577560579e-01
1.849999999999999978e-01	2.650999466713823693e-01	5.715626917233684878e-01
1.900000000000000022e-01	2.648323808337330609e-01	5.715626851953302667e-01
1.950000000000000067e-01	2.645576804691316397e-01	5.715626784719374243e-01
2.000000000000000111e-01	2.642758456239724385e-01	5.715626715514023903e-01
2.050000000000000155e-01	2.639868763453320777e-01	5.715626644319045102e-01
2.099999999999999922e-01	2.636907726824588294e-01	5.715626571115373089e-01
2.149999999999999967e-01	2.633875346853115640e-01	5.715626495883590064e-01
2.200000000000000011e-01	2.630771624060683211e-01	5.715626418603395598e-01
2.250000000000000056e-01	2.627596558976482144e-01	5.715626339254114008e-01
2.300000000000000100e-01	2.624350152152398752e-01	5.715626257814160338e-01
2.349999999999999867e-01	2.621032404148059825e-01	5.715626174261549952e-01
2.399999999999999911e-01	2.617643315546323568e-01	5.715626088573364516e-01
2.449999999999999956e-01	2.614182886938138384e-01	5.715626000726254929e-01
2.500000000000000000e-01	2.610651118938259740e-01	5.715625910695909528e-01
2.550000000000000044e-01	2.607048012169904672e-01	5.715625818457561458e-01
2.600000000000000089e-01	2.603373567280709566e-01	5.715625723985442441e-01
2.650000000000000133e-01	2.599627784927170393e-01	5.715625627253303476e-01
2.700000000000000178e-01	2.595810665790853067e-01	5.715625528233860830e-01
2.750000000000000222e-01	2.591922210562608853e-01	5.715625426899312300e-01
2.800000000000000266e-01	2.587962419959048965e-01	5.715625323220788756e-01
2.850000000000000311e-01	2.583931294706523496e-01	5.715625217168864847e-01
2.899999999999999800e-01	2.579828835557878008e-01	5.715625108713010549e-01
2.949999999999999845e-01	2.575655043276178224e-01	5.715624997822101871e-01
2.999999999999999889e-01	2.571409918651768045e-01	5.715624884463865740e-01
3.049999999999999933e-01	2.567093462485724453e-01	5.715624768605397366e-01
3.099999999999999978e-01	2.562705675607231393e-01	5.715624650212597357e-01
3.150000000000000022e-01	2.558246558856755448e-01	5.715624529250689090e-01
3.200000000000000067e-01	2.553716113103747243e-01	5.715624405683653597e-01
3.250000000000000111e-01	2.549114339229526238e-01	5.715624279474749159e-01
3.300000000000000155e-01	2.544441238145327966e-01	5.715624150585940644e-01
3.350000000000000200e-01	2.539696810774880742e-01	5.715624018978419096e-01
3.400000000000000244e-01	2.534881058072818716e-01	5.715623884612025529e-01
3.449999999999999734e-01	2.529993981006927739e-01	5.715623747445774949e-01
3.499999999999999778e-01	2.525035580576957539e-01	5.715623607437274600e-01
3.549999999999999822e-01	2.520005857796510096e-01	5.715623464543242438e-01
3.599999999999999867e-01	2.514904813712268150e-01	5.715623318718929813e-01
3.649999999999999911e-01	2.509732449385519981e-01	5.715623169918635504e-01
3.699999999999999956e-01	2.504488765911816461e-01	5.715623018095125074e-01
3.750000000000000000e-01	2.499173764402115860e-01	5.715622863200141568e-01
3.800000000000000044e-01	2.493787446002897201e-01	5.715622705183822649e-01
3.850000000000000089e-01	2.488329811876897057e-01	5.715622543995215743e-01
3.900000000000000133e-01	2.482800863223710020e-01	5.715622379581678514e-01
3.950000000000000178e-01	2.477200601260096946e-01	5.715622211889401783e-01
4.000000000000000222e-01	2.471529027241095022e-01	5.715622040862811115e-01
4.050000000000000266e-01	2.465786142439875261e-01	5.715621866445071975e-01
4.099999999999999756e-01	2.459971948169391853e-01	5.715621688577497972e-01
4.149999999999999800e-01	2.454086445761766155e-01	5.715621507200056017e-01
4.199999999999999845e-01	2.448129636590503644e-01	5.715621322250759029e-01
4.249999999999999889e-01	2.442101522049379136e-01	5.715621133666179965e-01
4.299999999999999933e-01	2.436002103575252986e-01	5.715620941380836761e-01
4.349999999999999978e-01	2.429831382626431169e-01	5.715620745327696373e-01
4.400000000000000022e-01	2.423589360706115137e-01	5.715620545437565259e-01
4.450000000000000067e-01	2.417276039340207627e-01	5.715620341639581214e-01
4.500000000000000111e-01	2.410891420101431704e-01	5.715620133860607188e-01
4.550000000000000155e-01	2.404435504586553696e-01	5.715619922025712007e-01
4.600000000000000200e-01	2.397908294441210009e-01	5.715619706057561977e-01
4.649999999999999689e-01	2.391309791336512780e-01	5.715619485876896055e-01
4.699999999999999734e-01	2.384639996994627753e-01	5.715619261401916340e-01
4.749999999999999778e-01	2.377898913164727956e-01	5.715619032548749923e-01
4.799999999999999822e-01	2.371086541649365942e-01	5.715618799230843816e-01
4.849999999999999867e-01	2.364202884279741623e-01	5.715618561359410155e-01
4.899999999999999911e-01	2.357247942942913288e-01	5.715618318842824452e-01
4.949999999999999956e-01	2.350221719556341016e-01	5.715618071587054150e-01
5.000000000000000000e-01	2.343124216095989476e-01	5.715617819495066865e-01
5.050000000000000044e-01	2.335955434570103073e-01	5.715617562467230073e-01
5.100000000000000089e-01	2.328715377048254931e-01	5.715617300400732681e-01
5.150000000000000133e-01	2.321404045634311020e-01	5.715617033189960283e-01
5.200000000000000178e-01	2.314021442496482228e-01	5.715616760725924506e-01
5.250000000000000222e-01	2.306567569839433340e-01	5.715616482896613837e-01
5.300000000000000266e-01	2.299042429935394538e-01	5.715616199586428525e-01
5.350000000000000311e-01	2.291446025095369154e-01	5.715615910676506983e-01
5.400000000000000355e-01	2.283778357701373440e-01	5.715615616044174008e-01
5.450000000000000400e-01	2.276039430176684808e-01	5.715615315563227217e-01
5.500000000000000444e-01	2.268229245019283968e-01	5.715615009103406363e-01
5.550000000000000488e-01	2.260347804771088154e-01	5.715614696530638694e-01
5.600000000000000533e-01	2.252395112052668624e-01	5.715614377706522697e-01
5.649999999999999467e-01	2.244371169531411969e-01	5.715614052488539043e-01
5.699999999999999512e-01	2.236275979957593474e-01	5.715613720729547653e-01
5.749999999999999556e-01	2.228109546131402385e-01	5.715613382277947574e-01
5.799999999999999600e-01	2.219871870940459957e-01	5.715613036977205130e-01
5.849999999999999645e-01	2.211562957325639012e-01	5.715612684665957177e-01
5.899999999999999689e-01	2.203182808320123809e-01	5.715612325177564790e-01
5.949999999999999734e-01	2.194731427013947578e-01	5.715611958340147680e-01
5.999999999999999778e-01	2.186208816594698290e-01	5.715611583976187848e-01
6.049999999999999822e-01	2.177614980310696724e-01	5.715611201902474070e-01
6.099999999999999867e-01	2.168949921513457224e-01	5.715610811929754398e-01
6.149999999999999911e-01	2.160213643619421087e-01	5.715610413862598493e-01
6.199999999999999956e-01	2.151406150154296371e-01	5.715610007499090095e-01
6.250000000000000000e-01	2.142527444713250018e-01	5.715609592630603863e-01
6.300000000000000044e-01	2.133577531007260497e-01	5.715609169041545590e-01
6.350000000000000089e-01	2.124556412821671236e-01	5.715608736509019128e-01
6.400000000000000133e-01	2.115464094064696543e-01	5.715608294802642098e-01
6.450000000000000178e-01	2.106300578724230044e-01	5.715607843684078482e-01
6.500000000000000222e-01	2.097065870918657926e-01	5.715607382906928713e-01
6.550000000000000266e-01	2.087759974851809142e-01	5.715606912216130153e-01
6.600000000000000311e-01	2.078382894866244168e-01	5.715606431347927119e-01
6.650000000000000355e-01	2.068934635396221244e-01	5.715605940029113707e-01
6.700000000000000400e-01	2.059415201023646891e-01	5.715605437977100411e-01
6.750000000000000444e-01	2.049824596428921897e-01	5.715604924898974870e-01
6.800000000000000488e-01	2.040162826449755384e-01	5.715604400491690607e-01
6.850000000000000533e-01	2.030429896029743164e-01	5.715603864440912396e-01
6.899999999999999467e-01	2.020625810280268220e-01	5.715603316421341562e-01
6.949999999999999512e-01	2.010750574426651838e-01	5.715602756095322645e-01
6.999999999999999556e-01	2.000804193873378656e-01	5.715602183113319690e-01
7.049999999999999600e-01	1.990786674147652369e-01	5.715601597112260901e-01
7.099999999999999645e-01	1.980698020968210959e-01	5.715600997716185905e-01
7.149999999999999689e-01	1.970538240186095469e-01	5.715600384534285094e-01
7.199999999999999734e-01	1.960307337857347121e-01	5.715599757161740069e-01
7.249999999999999778e-01	1.950005320180788482e-01	5.715599115177429912e-01
7.299999999999999822e-01	1.939632193574921115e-01	5.715598458144991456e-01
7.349999999999999867e-01	1.929187964612494866e-01	5.715597785610129211e-01
7.399999999999999911e-01	1.918672640101963534e-01	5.715597097101939861e-01
7.449999999999999956e-01	1.908086227018594705e-01	5.715596392129776993e-01
7.500000000000000000e-01	1.897428732590875633e-01	5.715595670184869803e-01
7.550000000000000044e-01	1.886700164227900489e-01	5.715594930736677126e-01
7.600000000000000089e-01	1.875900529611156387e-01	5.715594173234844755e-01
7.650000000000000133e-01	1.865029836617894954e-01	5.715593397104982154e-01
7.700000000000000178e-01	1.854088093418780891e-01	5.715592601751011692e-01
7.750000000000000222e-01	1.843075308396928957e-01	5.715591786550274778e-01
7.800000000000000266e-01	1.831991490251945742e-01	5.715590950856327401e-01
7.850000000000000311e-01	1.820836647914280959e-01	5.715590093993290211e-01
7.900000000000000355e-01	1.809610790656256685e-01	5.715589215259162525e-01
7.950000000000000400e-01	1.798313928001347706e-01	5.715588313919288677e-01
8.000000000000000444e-01	1.786946069842859919e-01	5.715587389210269320e-01
8.050000000000000488e-01	1.775507226347711187e-01	5.715586440332430795e-01
8.100000000000000533e-01	1.763997408083499141e-01	5.715585466454410346e-01
8.149999999999999467e-01	1.752416625916318194e-01	5.715584466704477506e-01
8.199999999999999512e-01	1.740764891147041638e-01	5.715583440175906471e-01
8.249999999999999556e-01	1.729042215402653293e-01	5.715582385916968544e-01
8.299999999999999600e-01	1.717248610782677043e-01	5.715581302937207120e-01
8.349999999999999645e-01	1.705384089743451903e-01	5.715580190195909127e-01
8.399999999999999689e-01	1.693448665255750663e-01	5.715579046609423619e-01
8.449999999999999734e-01	1.681442350681361386e-01	5.715577871037864632e-01
8.499999999999999778e-01	1.669365159943080046e-01	5.715576662293641030e-01
8.549999999999999822e-01	1.657217107392889299e-01	5.715575419126114332e-01
8.599999999999999867e-01	1.644998207995657935e-01	5.715574140231529654e-01
8.649999999999999911e-01	1.632708477188131446e-01	5.715572824235309879e-01
8.699999999999999956e-01	1.620347931077852632e-01	5.715571469703603080e-01
8.750000000000000000e-01	1.607916586292088279e-01	5.715570075122824445e-01
8.800000000000000044e-01	1.595414460193685935e-01	5.715568638913096633e-01
8.850000000000000089e-01	1.582841570718960533e-01	5.715567159404584263e-01
8.900000000000000133e-01	1.570197936612449108e-01	5.715565634853129184e-01
8.950000000000000178e-01	1.557483577252660456e-01	5.715564063412841289e-01
9.000000000000000222e-01	1.544698512907968224e-01	5.715562443154303951e-01
9.050000000000000266e-01	1.531842764548996538e-01	5.715560772032776127e-01
9.100000000000000311e-01	1.518916354128223567e-01	5.715559047909406498e-01
9.150000000000000355e-01	1.505919304377618673e-01	5.715557268514281919e-01
9.200000000000000400e-01	1.492851639114915752e-01	5.715555431471166514e-01
9.250000000000000444e-01	1.479713383024950368e-01	5.715553534254500523e-01
9.300000000000000488e-01	1.466504561996014588e-01	5.715551574218260544e-01
9.350000000000000533e-01	1.453225202883138278e-01	5.715549548545820757e-01
9.399999999999999467e-01	1.439875333878482266e-01	5.715547454283689266e-01
9.449999999999999512e-01	1.426454984254582337e-01	5.715545288282896097e-01
9.499999999999999556e-01	1.412964184773373710e-01	5.715543047238498264e-01
9.549999999999999600e-01	1.399402967407151199e-01	5.715540727620900263e-01
9.599999999999999645e-01	1.385771365791589049e-01	5.715538325722201440e-01
9.649999999999999689e-01	1.372069414921865682e-01	5.715535837575510536e-01
9.699999999999999734e-01	1.358297151655961099e-01	5.715533259009419886e-01
9.749999999999999778e-01	1.344454614383039925e-01	5.715530585552972553e-01
9.799999999999999822e-01	1.330541843584415462e-01	5.715527812499816562e-01
9.849999999999999867e-01	1.316558881470878684e-01	5.715524934795939149e-01
9.899999999999999911e-01	1.302505772610058343e-01	5.715521947115416168e-01
9.949999999999999956e-01	1.288382563528904790e-01	5.715518843727359632e-01
1.000000000000000000e+00	1.274189303417804231e-01	5.715515618585588209e-01
1.004999999999999893e+00	1.259926043693878617e-01	5.715512265170410444e-01
1.010000000000000009e+00	1.245592838794201129e-01	5.715508776595084051e-01
1.015000000000000124e+00	1.231189745694923759e-01	5.715505145416979182e-01
1.020000000000000018e+00	1.216716824808402597e-01	5.715501363764361464e-01
1.024999999999999911e+00	1.202174139452400620e-01	5.715497423110137420e-01
1.030000000000000027e+00	1.187561756868956986e-01	5.715493314423344406e-01
1.035000000000000142e+00	1.172879747637051301e-01	5.715489027896928365e-01
1.040000000000000036e+00	1.158128186834807005e-01	5.715484553129418499e-01
1.044999999999999929e+00	1.143307153387963515e-01	5.715479878795924895e-01
1.050000000000000044e+00	1.128416731401738760e-01	5.715474992866863557e-01
1.055000000000000160e+00	1.113457009436249895e-01	5.715469882208428221e-01
1.060000000000000053e+00	1.098428082040310561e-01	5.715464532847021051e-01
1.064999999999999947e+00	1.083330048943519086e-01	5.715458929481609385e-01
1.070000000000000062e+00	1.068163016831830264e-01	5.715453055804831095e-01
1.075000000000000178e+00	1.052927098444404463e-01	5.715446893904547743e-01
1.080000000000000071e+00	1.037622414640449464e-01	5.715440424655642282e-01
1.084999999999999964e+00	1.022249093386997099e-01	5.715433626981279991e-01
1.090000000000000080e+00	1.006807272179017498e-01	5.715426478333440752e-01
1.095000000000000195e+00	9.912970969020787337e-02	5.715418953775228683e-01
1.100000000000000089e+00	9.757187246839683914e-02	5.715411026573511410e-01
1.104999999999999982e+00	9.600723226136580191e-02	5.715402667051213692e-01
1.110000000000000098e+00	9.443580711240075198e-02	5.715393843322554845e-01
1.115000000000000213e+00	9.285761625456223634e-02	5.715384519847203082e-01
1.120000000000000107e+00	9.127268051484983824e-02	5.715374658348280068e-01
1.125000000000000000e+00	8.968102215062255522e-02	5.715364215976592721e-01
1.129999999999999893e+00	8.808266533623697325e-02	5.715353146464728917e-01
1.134999999999999787e+00	8.647763597772081812e-02	5.715341397776400045e-01
1.139999999999999902e+00	8.486596230360275717e-02	5.715328913568152869e-01
1.145000000000000018e+00	8.324767465474190720e-02	5.715315630151677206e-01
1.149999999999999911e+00	8.162280620811862564e-02	5.715301478360014231e-01
1.154999999999999805e+00	7.999139273847225007e-02	5.715286379582776854e-01
1.159999999999999920e+00	7.835347351361830748e-02	5.715270248169527223e-01
1.165000000000000036e+00	7.670909102446740735e-02	5.715252986198647855e-01
1.169999999999999929e+00	7.505829210423485554e-02	5.715234486601714625e-01
1.174999999999999822e+00	7.340112762368970756e-02	5.715214626179574431e-01
1.179999999999999938e+00	7.173765390636353823e-02	5.715193269705654000e-01
1.185000000000000053e+00	7.006793238685814218e-02	5.715170260480698650e-01
1.189999999999999947e+00	6.839203142285585346e-02	5.715145425781942290e-01
1.194999999999999840e+00	6.671002591662100745e-02	5.715118563906586013e-01
1.199999999999999956e+00	6.502199966707120082e-02	5.715089451496638828e-01
1.205000000000000071e+00	6.332804495939599321e-02	5.715057825485897469e-01
1.209999999999999964e+00	6.162826566447605903e-02	5.715023393077899305e-01
1.214999999999999858e+00	5.992277681092657293e-02	5.714985806153187742e-01
1.219999999999999973e+00	5.821170873775159682e-02	5.714944675061549573e-01
1.225000000000000089e+00	5.649520668106869370e-02	5.714899531637692709e-01
1.229999999999999982e+00	5.477343644121637767e-02	5.714849848576073477e-01
1.234999999999999876e+00	5.304658405046310671e-02	5.714794984828486246e-01
1.239999999999999991e+00	5.131486366664986254e-02	5.714734213312651079e-01
1.245000000000000107e+00	4.957851745295557833e-02	5.714666638343671723e-01
1.250000000000000000e+00	4.783782682644354550e-02	5.714591236060008184e-01
1.254999999999999893e+00	4.609311280542618960e-02	5.714506726152815963e-01
1.260000000000000009e+00	4.434475245279453220e-02	5.714411632183477030e-01
1.265000000000000124e+00	4.259318018959355051e-02	5.714304076151081047e-01
1.270000000000000018e+00	4.083891252858210669e-02	5.714181870806266383e-01
1.274999999999999911e+00	3.908255133702327744e-02	5.714042179078550054e-01
1.280000000000000027e+00	3.732482224830252493e-02	5.713881659549319147e-01
1.285000000000000142e+00	3.556658184469937284e-02	5.713695879247002729e-01
1.290000000000000036e+00	3.380887946994496490e-02	5.713479550896013448e-01
1.294999999999999929e+00	3.205297236357748658e-02	5.713225474389564962e-01
1.300000000000000044e+00	3.030042907573602187e-02	5.712924940198511603e-01
1.305000000000000160e+00	2.855316095756738753e-02	5.712565723196589840e-01
1.310000000000000053e+00	2.681360239189845354e-02	5.712132806335070700e-01
1.314999999999999947e+00	2.508477628751108399e-02	5.711604363321497457e-01
1.320000000000000062e+00	2.337062048024184796e-02	5.710953156816870324e-01
1.325000000000000178e+00	2.167612310608187098e-02	5.710138024235831278e-01
1.330000000000000071e+00	2.000792765799760606e-02	5.709106896449970270e-01
1.334999999999999964e+00	1.837459928039672161e-02	5.707777864573710946e-01
1.340000000000000080e+00	1.678771323171147911e-02	5.706046885383976308e-01
1.345000000000000195e+00	1.526227026179115959e-02	5.703745289933014329e-01
1.350000000000000089e+00	1.381825381078267100e-02	5.700664054993029861e-01
1.354999999999999982e+00	1.248059299222152412e-02	5.696469001978174962e-01
1.360000000000000098e+00	1.127916293936980473e-02	5.690787805196314553e-01
1.365000000000000213e+00	1.024509263901702931e-02	5.683110229719414708e-01
1.370000000000000107e+00	9.402855209138163278e-03	5.673037018327121705e-01
1.375000000000000000e+00	8.761554636188217948e-03	5.660296458597287028e-01
1.379999999999999893e+00	8.306329154375522231e-03	5.644973132527255633e-01
1.384999999999999787e+00	8.004352313513351733e-03	5.627500232933357882e-01
1.389999999999999902e+00	7.814591049585171978e-03	5.608399436742775857e-01
1.395000000000000018e+00	7.699835667345523819e-03	5.588258159406613856e-01
1.399999999999999911e+00	7.632413139202359927e-03	5.567458310373123442e-01
1.404999999999999805e+00	7.593229903482828433e-03	5.546312316036388079e-01
1.409999999999999920e+00	7.570787261733117647e-03	5.524981867831031401e-01
1.415000000000000036e+00	7.557885649620231169e-03	5.503585186718235045e-01
1.419999999999999929e+00	7.550519011839656319e-03	5.482178444052753230e-01
1.424999999999999822e+00	7.546257084494158857e-03	5.460801152573965256e-01
1.429999999999999938e+00	7.543783657965498143e-03	5.439471424204102012e-01
1.435000000000000053e+00	7.542308286401220620e-03	5.418201772143722561e-01
1.439999999999999947e+00	7.541406675741008786e-03	5.396997738424965663e-01
1.444999999999999840e+00	7.540824849057022397e-03	5.375863059531521548e-01
1.449999999999999956e+00	7.540426880873371887e-03	5.354799244257832935e-01
1.455000000000000071e+00	7.540131496284042771e-03	5.333807228622616803e-01
1.459999999999999964e+00	7.539895242657012990e-03	5.312887242759388728e-01
1.464999999999999858e+00	7.539692147657072081e-03	5.292039337908781560e-01
1.469999999999999973e+00	7.539508330567923182e-03	5.271263343762029319e-01
1.475000000000000089e+00	7.539335495335310403e-03	5.250559036215043385e-01
1.479999999999999982e+00	7.539169208297468762e-03	5.229926123300427943e-01
1.484999999999999876e+00	7.539006819079962715e-03	5.209364298852557917e-01
1.489999999999999991e+00	7.538846910555962316e-03	5.188873237512822145e-01
1.495000000000000107e+00	7.538688634870856393e-03	5.168452612192698803e-01
1.500000000000000000e+00	7.538531537842272680e-03	5.148102091971120675e-01
1.504999999999999893e+00	7.538375346984527853e-03	5.127821348067740370e-01
1.510000000000000009e+00	7.538219915460817044e-03	5.107610052671954781e-01
1.515000000000000124e+00	7.538065154429045116e-03	5.087467881262810465e-01
1.520000000000000018e+00	7.537911015153907213e-03	5.067394511747341790e-01
1.524999999999999911e+00	7.537757467421747973e-03	5.047389625611521380e-01
1.530000000000000027e+00	7.537604493830041795e-03	5.027452907170033569e-01
1.535000000000000142e+00	7.537452082904524432e-03	5.007584044336010898e-01
1.540000000000000036e+00	7.537300227273857969e-03	4.987782727918959047e-01
1.544999999999999929e+00	7.537148921477670668e-03	4.968048652263244436e-01
1.550000000000000044e+00	7.536998161380593399e-03	4.948381514573655937e-01
1.555000000000000160e+00	7.536847943476593023e-03	4.928781015502206042e-01
1.560000000000000053e+00	7.536698264698347104e-03	4.909246858494364929e-01
1.564999999999999947e+00	7.536549122198699102e-03	4.889778750349716985e-01
1.570000000000000062e+00	7.536400513286185647e-03	4.870376400586247101e-01
1.575000000000000178e+00	7.536252435358543715e-03	4.851039521983306901e-01
1.580000000000000071e+00	7.536104885878541597e-03	4.831767829962678173e-01
1.584999999999999964e+00	7.535957862355888333e-03	4.812561043116868054e-01
1.590000000000000080e+00	7.535811362335994440e-03	4.793418882606158005e-01
1.595000000000000195e+00	7.535665383397231916e-03	4.774341072673510822e-01
1.600000000000000089e+00	7.535519923143914681e-03	4.755327340056962893e-01
1.604999999999999982e+00	7.535374979208368101e-03	4.736377414491849125e-01
1.610000000000000098e+00	7.535230549245337979e-03	4.717491028137986708e-01
1.615000000000000213e+00	7.535086630935528516e-03	4.698667916069749761e-01
1.620000000000000107e+00	7.534943221980547334e-03	4.679907815717496145e-01
1.625000000000000000e+00	7.534800320106838090e-03	4.661210467345940911e-01
1.629999999999999893e+00	7.534657923060884832e-03	4.642575613509334898e-01
1.634999999999999787e+00	7.534516028613200134e-03	4.624002999518562196e-01
1.639999999999999902e+00	7.534374634553684703e-03	4.605492372909563148e-01
1.645000000000000018e+00	7.534233738695577352e-03	4.587043483899568286e-01
1.649999999999999911e+00	7.534093338870938641e-03	4.568656084868303324e-01
1.654999999999999805e+00	7.533953432934521049e-03	4.550329930803730383e-01
1.659999999999999920e+00	7.533814018759366245e-03	4.532064778795586446e-01
1.665000000000000036e+00	7.533675094240599793e-03	4.513860388471015450e-01
1.669999999999999929e+00	7.533536657291119501e-03	4.495716521499996121e-01
1.674999999999999822e+00	7.533398705845315534e-03	4.477632942021214646e-01
1.679999999999999938e+00	7.533261237854862839e-03	4.459609416158973327e-01
1.685000000000000053e+00	7.533124251292350193e-03	4.441645712439650784e-01
1.689999999999999947e+00	7.532987744147174106e-03	4.423741601319683414e-01
1.694999999999999840e+00	7.532851714429092405e-03	4.405896855592932870e-01
1.699999999999999956e+00	7.532716160164204013e-03	4.388111249929372293e-01
1.705000000000000071e+00	7.532581079398429670e-03	4.370384561273674140e-01
1.709999999999999964e+00	7.532446470193585389e-03	4.352716568394220942e-01
1.714999999999999858e+00	7.532312330630782510e-03	4.335107052273227679e-01
1.719999999999999973e+00	7.532178658806593097e-03	4.317555795665714014e-01
1.725000000000000089e+00	7.532045452836375402e-03	4.300062583481456535e-01
1.729999999999999982e+00	7.531912710850528596e-03	4.282627202353587181e-01
1.734999999999999876e+00	7.531780430997742776e-03	4.265249441012647358e-01
1.739999999999999991e+00	7.531648611441335225e-03	4.247929089864476704e-01
1.745000000000000107e+00	7.531517250362440574e-03	4.230665941356660520e-01
1.750000000000000000e+00	7.531386345956421653e-03	4.213459789565380809e-01
1.754999999999999893e+00	7.531255896435990263e-03	4.196310430554512916e-01
1.760000000000000009e+00	7.531125900027701298e-03	4.179217661971140196e-01
1.765000000000000124e+00	7.530996354975009327e-03	4.162181283397554665e-01
1.770000000000000018e+00	7.530867259534832978e-03	4.145201095955133863e-01
1.774999999999999911e+00	7.530738611980555136e-03	4.128276902649485880e-01
1.780000000000000027e+00	7.530610410598654984e-03	4.111408507982414196e-01
1.785000000000000142e+00	7.530482653691650957e-03	4.094595718290441333e-01
1.790000000000000036e+00	7.530355339574805636e-03	4.077838341364579677e-01
1.794999999999999929e+00	7.530228466579004520e-03	4.061136186782460245e-01
1.800000000000000044e+00	7.530102033047534650e-03	4.044489065535653571e-01
1.805000000000000160e+00	7.529976037338902660e-03	4.027896790355617318e-01
1.810000000000000053e+00	7.529850477823681922e-03	4.011359175348312434e-01
1.814999999999999947e+00	7.529725352887278560e-03	3.994876036314180534e-01
1.820000000000000062e+00	7.529600660926833236e-03	3.978447190389807209e-01
1.825000000000000178e+00	7.529476400353949002e-03	3.962072456362139006e-01
1.830000000000000071e+00	7.529352569591641654e-03	3.945751654316952961e-01
1.834999999999999964e+00	7.529229167077019017e-03	3.929484605947504150e-01
1.840000000000000080e+00	7.529106191258299816e-03	3.913271134209582169e-01
1.845000000000000195e+00	7.528983640597434850e-03	3.897111063624777438e-01
1.850000000000000089e+00	7.528861513567183979e-03	3.881004219941898703e-01
1.854999999999999982e+00	7.528739808653693924e-03	3.864950430435039608e-01
1.860000000000000098e+00	7.528618524353629035e-03	3.848949523571150166e-01
1.865000000000000213e+00	7.528497659176704854e-03	3.833001329303082350e-01
1.870000000000000107e+00	7.528377211642864851e-03	3.817105678743110686e-01
1.875000000000000000e+00	7.528257180284782767e-03	3.801262404451108412e-01
1.879999999999999893e+00	7.528137563645083581e-03	3.785471340113835681e-01
1.884999999999999787e+00	7.528018360278799018e-03	3.769732320828420025e-01
1.889999999999999902e+00	7.527899568750647495e-03	3.754045182787202894e-01
1.895000000000000018e+00	7.527781187637443659e-03	3.738409763556689303e-01
1.899999999999999911e+00	7.527663215525427776e-03	3.722825901767767842e-01
1.904999999999999805e+00	7.527545651012633628e-03	3.707293437390280499e-01
1.909999999999999920e+00	7.527428492706269084e-03	3.691812211428446289e-01
1.915000000000000036e+00	7.527311739225042361e-03	3.676382066191192788e-01
1.919999999999999929e+00	7.527195389196585963e-03	3.661002844992615746e-01
1.924999999999999822e+00	7.527079441259749981e-03	3.645674392418202236e-01
1.929999999999999938e+00	7.526963894062067666e-03	3.630396554030173584e-01
1.935000000000000053e+00	7.526848746262014903e-03	3.615169176629742243e-01
1.939999999999999947e+00	7.526733996526513946e-03	3.599992107967163735e-01
1.944999999999999840e+00	7.526619643533159938e-03	3.584865197000166592e-01
1.949999999999999956e+00	7.526505685967768006e-03	3.569788293608561203e-01
1.955000000000000071e+00	7.526392122526565087e-03	3.554761248848962163e-01
1.959999999999999964e+00	7.526278951913776064e-03	3.539783914673824139e-01
1.964999999999999858e+00	7.526166172843779152e-03	3.524856144182564321e-01
1.969999999999999973e+00	7.526053784038738877e-03	3.509977791344872089e-01
1.975000000000000089e+00	7.525941784230724164e-03	3.495148711248377560e-01
1.979999999999999982e+00	7.525830172159376011e-03	3.480368759826086844e-01
1.984999999999999876e+00	7.525718946574005627e-03	3.465637794100696056e-01
1.989999999999999991e+00	7.525608106231287259e-03	3.450955671916032808e-01
1.995000000000000107e+00	7.525497649897330311e-03	3.436322252178131142e-01
2.000000000000000000e+00	7.525387576345410334e-03	3.421737394590544934e-01
2.004999999999999893e+00	7.525277884358008186e-03	3.407200959892277559e-01
2.009999999999999787e+00	7.525168572724577447e-03	3.392712809596859502e-01
2.014999999999999680e+00	7.525059640243551493e-03	3.378272806227235470e-01
2.020000000000000018e+00	7.524951085720155142e-03	3.363880813058479635e-01
2.024999999999999911e+00	7.524842907968370964e-03	3.349536694349743993e-01
2.029999999999999805e+00	7.524735105808787357e-03	3.335240315090493013e-01
2.035000000000000142e+00	7.524627678070545771e-03	3.320991541229600941e-01
2.040000000000000036e+00	7.524520623589210470e-03	3.306790239425012601e-01
2.044999999999999929e+00	7.524413941208694945e-03	3.292636277270075684e-01
2.049999999999999822e+00	7.524307629779161156e-03	3.278529523046508354e-01
2.054999999999999716e+00	7.524201688158919932e-03	3.264469845948066995e-01
2.060000000000000053e+00	7.524096115212364037e-03	3.250457115836715150e-01
2.064999999999999947e+00	7.523990909811836478e-03	3.236491203463714439e-01
2.069999999999999840e+00	7.523886070835599134e-03	3.222571980228891575e-01
2.075000000000000178e+00	7.523781597169676774e-03	3.208699318399226841e-01
2.080000000000000071e+00	7.523677487705847378e-03	3.194873090871142018e-01
2.084999999999999964e+00	7.523573741343472267e-03	3.181093171386655261e-01
2.089999999999999858e+00	7.523470356987506380e-03	3.167359434298591125e-01
2.094999999999999751e+00	7.523367333550311925e-03	3.153671754784389547e-01
2.100000000000000089e+00	7.523264669949689468e-03	3.140030008614144719e-01
2.104999999999999982e+00	7.523162365110672503e-03	3.126434072362140326e-01
2.109999999999999876e+00	7.523060417963585433e-03	3.112883823177632348e-01
2.115000000000000213e+00	7.522958827445812985e-03	3.099379138994176608e-01
2.120000000000000107e+00	7.522857592499890278e-03	3.085919898303084996e-01
2.125000000000000000e+00	7.522756712075246224e-03	3.072505980360603073e-01
2.129999999999999893e+00	7.522656185126314413e-03	3.059137264963957548e-01
2.134999999999999787e+00	7.522556010614266965e-03	3.045813632656464431e-01
2.140000000000000124e+00	7.522456187505141903e-03	3.032534964506073960e-01
2.145000000000000018e+00	7.522356714771556187e-03	3.019301142308479791e-01
2.149999999999999911e+00	7.522257591390862572e-03	3.006112048368094758e-01
2.155000000000000249e+00	7.522158816346838361e-03	2.992967565699201637e-01
2.160000000000000142e+00	7.522060388627864816e-03	2.979867577809310331e-01
2.165000000000000036e+00	7.521962307228601159e-03	2.966811968898404039e-01
2.169999999999999929e+00	7.521864571148186539e-03	2.953800623644591838e-01
2.174999999999999822e+00	7.521767179391887145e-03	2.940833427401525202e-01
2.180000000000000160e+00	7.521670130969326795e-03	2.927910265986276572e-01
2.185000000000000053e+00	7.521573424896120172e-03	2.915031025874977311e-01
2.189999999999999947e+00	7.521477060192113817e-03	2.902195593992857869e-01
2.195000000000000284e+00	7.521381035883010699e-03	2.889403857908153794e-01
2.200000000000000178e+00	7.521285350998628549e-03	2.876655705624262538e-01
2.205000000000000071e+00	7.521190004574504484e-03	2.863951025771958037e-01
2.209999999999999964e+00	7.521094995650180227e-03	2.851289707403593110e-01
2.214999999999999858e+00	7.521000323270785916e-03	2.838671640183690892e-01
2.220000000000000195e+00	7.520905986485343538e-03	2.826096714185127312e-01
2.225000000000000089e+00	7.520811984348338593e-03	2.813564820078147122e-01
2.229999999999999982e+00	7.520718315918037411e-03	2.801075848928469836e-01
2.235000000000000320e+00	7.520624980258048403e-03	2.788629692384763104e-01
2.240000000000000213e+00	7.520531976435655859e-03	2.776226242478647133e-01
2.245000000000000107e+00	7.520439303523364719e-03	2.763865391810651495e-01
2.250000000000000000e+00	7.520346960597254320e-03	2.751547033352056415e-01
2.254999999999999893e+00	7.520254946738505822e-03	2.739271060629395182e-01
2.259999999999999787e+00	7.520163261031775036e-03	2.727037367528074019e-01
2.264999999999999680e+00	7.520071902566707704e-03	2.714845848475457846e-01
2.270000000000000018e+00	7.519980870436324474e-03	2.702696398246220988e-01
2.274999999999999911e+00	7.519890163738526638e-03	2.690588912144062372e-01
2.279999999999999805e+00	7.519799781574495849e-03	2.678523285808736554e-01
2.285000000000000142e+00	7.519709723050183384e-03	2.666499415396424433e-01
2.290000000000000036e+00	7.519619987274731542e-03	2.654517197388420180e-01
2.294999999999999929e+00	7.519530573361946427e-03	2.642576528770186894e-01
2.299999999999999822e+00	7.519441480428733227e-03	2.630677306841642804e-01
2.304999999999999716e+00	7.519352707596562921e-03	2.618819429394951270e-01
2.310000000000000053e+00	7.519264253989913632e-03	2.607002794526365741e-01
2.314999999999999947e+00	7.519176118737730397e-03	2.595227300812777971e-01
2.319999999999999840e+00	7.519088300971883861e-03	2.583492847125086200e-01
2.325000000000000178e+00	7.519000799828609236e-03	2.571799332803530458e-01
2.330000000000000071e+00	7.518913614446986679e-03	2.560146657472557319e-01
2.334999999999999964e+00	7.518826743970368973e-03	2.548534721214962273e-01
2.339999999999999858e+00	7.518740187544869710e-03	2.536963424388206101e-01
2.344999999999999751e+00	7.518653944320783170e-03	2.525432667797414821e-01
2.350000000000000089e+00	7.518568013451088113e-03	2.513942352513099943e-01
2.354999999999999982e+00	7.518482394092853779e-03	2.502492380043042086e-01
2.359999999999999876e+00	7.518397085405754965e-03	2.491082652151388188e-01
2.365000000000000213e+00	7.518312086553473675e-03	2.479713071029437943e-01
2.370000000000000107e+00	7.518227396702220275e-03	2.468383539116096037e-01
2.375000000000000000e+00	7.518143015022126473e-03	2.457093959267576122e-01
2.379999999999999893e+00	7.518058940685785549e-03	2.445844234579178100e-01
2.384999999999999787e+00	7.517975172869625390e-03	2.434634268553943492e-01
2.390000000000000124e+00	7.517891710752462597e-03	2.423463964925721414e-01
2.395000000000000018e+00	7.517808553516872050e-03	2.412333227826798376e-01
2.399999999999999911e+00	7.517725700347749687e-03	2.401241961612224640e-01
2.405000000000000249e+00	7.517643150433668195e-03	2.390190071026437879e-01
2.410000000000000142e+00	7.517560902965457134e-03	2.379177461028832707e-01
2.415000000000000036e+00	7.517478957137543882e-03	2.368204036959390413e-01
2.419999999999999929e+00	7.517397312146551110e-03	2.357269704365461127e-01
2.424999999999999822e+00	7.517315967192623842e-03	2.346374369166434604e-01
2.430000000000000160e+00	7.517234921478039081e-03	2.335517937481700057e-01
2.435000000000000053e+00	7.517154174208525927e-03	2.324700315794376027e-01
2.439999999999999947e+00	7.517073724591880404e-03	2.313921410780429289e-01
2.445000000000000284e+00	7.516993571839283850e-03	2.303181129471477684e-01
2.450000000000000178e+00	7.516913715163927277e-03	2.292479379085049784e-01
2.455000000000000071e+00	7.516834153782312421e-03	2.281816067186476504e-01
2.459999999999999964e+00	7.516754886912896047e-03	2.271191101520260991e-01
2.464999999999999858e+00	7.516675913777382326e-03	2.260604390171088163e-01
2.470000000000000195e+00	7.516597233599368877e-03	2.250055841396281786e-01
2.475000000000000089e+00	7.516518845605639140e-03	2.239545363785943044e-01
2.479999999999999982e+00	7.516440749024817097e-03	2.229072866096475647e-01
2.485000000000000320e+00	7.516362943088646630e-03	2.218638257409863701e-01
2.490000000000000213e+00	7.516285427030659251e-03	2.208241446968259858e-01
2.495000000000000107e+00	7.516208200087447396e-03	2.197882344332406646e-01
2.500000000000000000e+00	7.516131261497339955e-03	2.187560859217264619e-01
2.504999999999999893e+00	7.516054610501664290e-03	2.177276901649602137e-01
2.509999999999999787e+00	7.515978246343436517e-03	2.167030381804639083e-01
2.514999999999999680e+00	7.515902168268613973e-03	2.156821210162821467e-01
2.520000000000000018e+00	7.515826375524794177e-03	2.146649297347459628e-01
2.524999999999999911e+00	7.515750867362456893e-03	2.136514554280703471e-01
2.529999999999999805e+00	7.515675643033678695e-03	2.126416892022158778e-01
2.535000000000000142e+00	7.515600701793363758e-03	2.116356221924067804e-01
2.540000000000000036e+00	7.515526042897963631e-03	2.106332455470901199e-01
2.544999999999999929e+00	7.515451665606707153e-03	2.096345504433748397e-01
2.549999999999999822e+00	7.515377569180327171e-03	2.086395280710864608e-01
2.554999999999999716e+00	7.515303752882281779e-03	2.076481696481289052e-01
2.560000000000000053e+00	7.515230215977488845e-03	2.066604664046333695e-01
2.564999999999999947e+00	7.515156957733543780e-03	2.056764095982437646e-01
2.569999999999999840e+00	7.515083977419456662e-03	2.046959904983578216e-01
2.575000000000000178e+00	7.515011274306867411e-03	2.037192004013374247e-01
2.580000000000000071e+00	7.514938847668794185e-03	2.027460306148415325e-01
2.584999999999999964e+00	7.514866696780835541e-03	2.017764724729614045e-01
2.589999999999999858e+00	7.514794820919926642e-03	2.008105173206436722e-01
2.594999999999999751e+00	7.514723219365539685e-03	1.998481565287525408e-01
2.600000000000000089e+00	7.514651891398445305e-03	1.988893814785813452e-01
2.604999999999999982e+00	7.514580836301906069e-03	1.979341835768418101e-01
2.609999999999999876e+00	7.514510053360449159e-03	1.969825542402638685e-01
2.615000000000000213e+00	7.514439541861046845e-03	1.960344849105123688e-01
2.620000000000000107e+00	7.514369301091902188e-03	1.950899670388743234e-01
2.625000000000000000e+00	7.514299330343619972e-03	1.941489921011035902e-01
2.629999999999999893e+00	7.514229628908003673e-03	1.932115515821943019e-01
2.634999999999999787e+00	7.514160196079217729e-03	1.922776369911545213e-01
2.640000000000000124e+00	7.514091031152590576e-03	1.913472398458646861e-01
2.645000000000000018e+00	7.514022133425771709e-03	1.904203516877815416e-01
2.649999999999999911e+00	7.513953502197545133e-03	1.894969640668796862e-01
2.655000000000000249e+00	7.513885136768975147e-03	1.885770685562863369e-01
2.660000000000000142e+00	7.513817036442231936e-03	1.876606567373066969e-01
2.665000000000000036e+00	7.513749200521726949e-03	1.867477202139880832e-01
2.669999999999999929e+00	7.513681628312947162e-03	1.858382505982288102e-01
2.674999999999999822e+00	7.513614319123586120e-03	1.849322395242737893e-01
2.680000000000000160e+00	7.513547272262384273e-03	1.840296786339044310e-01
2.685000000000000053e+00	7.513480487040253078e-03	1.831305595908664374e-01
2.689999999999999947e+00	7.513413962769122274e-03	1.822348740661402233e-01
2.695000000000000284e+00	7.513347698763062250e-03	1.813426137523009574e-01
2.700000000000000178e+00	7.513281694337129585e-03	1.804537703488700573e-01
2.705000000000000071e+00	7.513215948808491147e-03	1.795683355766068690e-01
2.709999999999999964e+00	7.513150461495275712e-03	1.786863011629401810e-01
2.714999999999999858e+00	7.513085231717688516e-03	1.778076588561924853e-01
2.720000000000000195e+00	7.513020258796873282e-03	1.769324004110909565e-01
2.725000000000000089e+00	7.512955542056018107e-03	1.760605176029249874e-01
2.729999999999999982e+00	7.512891080819225284e-03	1.751920022131350785e-01
2.735000000000000320e+00	7.512826874412612856e-03	1.743268460434042322e-01
2.740000000000000213e+00	7.512762922163189645e-03	1.734650409013253070e-01
2.745000000000000107e+00	7.512699223399952470e-03	1.726065786144249936e-01
2.750000000000000000e+00	7.512635777452765506e-03	1.717514510159095231e-01
2.754999999999999893e+00	7.512572583653451437e-03	1.708996499586224738e-01
2.759999999999999787e+00	7.512509641334682089e-03	1.700511673008671953e-01
2.764999999999999680e+00	7.512446949831057437e-03	1.692059949202993074e-01
2.770000000000000018e+00	7.512384508478010987e-03	1.683641246998253127e-01
2.774999999999999911e+00	7.512322316612874903e-03	1.675255485414292866e-01
2.779999999999999805e+00	7.512260373573794933e-03	1.666902583521482351e-01
2.785000000000000142e+00	7.512198678700791193e-03	1.658582460578325035e-01
2.790000000000000036e+00	7.512137231334678304e-03	1.650295035891979345e-01
2.794999999999999929e+00	7.512076030818122703e-03	1.642040228955201908e-01
2.799999999999999822e+00	7.512015076494565381e-03	1.633817959307626022e-01
2.804999999999999716e+00	7.511954367709274862e-03	1.625628146672050134e-01
2.810000000000000053e+00	7.511893903808278608e-03	1.617470710816470703e-01
2.814999999999999947e+00	7.511833684139409932e-03	1.609345571689717591e-01
2.819999999999999840e+00	7.511773708051241137e-03	1.601252649284239660e-01
2.825000000000000178e+00	7.511713974894131292e-03	1.593191863771077355e-01
2.830000000000000071e+00	7.511654484019161977e-03	1.585163135363408526e-01
2.834999999999999964e+00	7.511595234779181590e-03	1.577166384450862657e-01
2.839999999999999858e+00	7.511536226527743693e-03	1.569201531463807475e-01
2.844999999999999751e+00	7.511477458620148713e-03	1.561268497007018696e-01
2.850000000000000089e+00	7.511418930412390969e-03	1.553367201724709101e-01
2.854999999999999982e+00	7.511360641262188227e-03	1.545497566433538528e-01
2.859999999999999876e+00	7.511302590527941733e-03	1.537659511988392902e-01
2.865000000000000213e+00	7.511244777569753631e-03	1.529852959414733649e-01
2.870000000000000107e+00	7.511187201748399135e-03	1.522077829775125013e-01
2.875000000000000000e+00	7.511129862426337012e-03	1.514334044300922610e-01
2.879999999999999893e+00	7.511072758966686087e-03	1.506621524259545430e-01
2.884999999999999787e+00	7.511015890734230524e-03	1.498940191085505469e-01
2.890000000000000124e+00	7.510959257094402403e-03	1.491289966248417753e-01
2.895000000000000018e+00	7.510902857414283526e-03	1.483670771383378828e-01
2.899999999999999911e+00	7.510846691061591474e-03	1.476082528159714247e-01
2.905000000000000249e+00	7.510790757405679668e-03	1.468525158410687315e-01
2.910000000000000142e+00	7.510735055816527769e-03	1.460998584003002365e-01
2.915000000000000036e+00	7.510679585665732197e-03	1.453502726965844594e-01
2.919999999999999929e+00	7.510624346325505199e-03	1.446037509361117745e-01
2.924999999999999822e+00	7.510569337169663642e-03	1.438602853411830584e-01
2.930000000000000160e+00	7.510514557572634149e-03	1.431198681373069825e-01
2.935000000000000053e+00	7.510460006910428012e-03	1.423824915659720747e-01
2.939999999999999947e+00	7.510405684559660205e-03	1.416481478718181475e-01
2.945000000000000284e+00	7.510351589898516499e-03	1.409168293153413576e-01
2.950000000000000178e+00	7.510297722305778537e-03	1.401885281601402689e-01
2.955000000000000071e+00	7.510244081161785747e-03	1.394632366855535488e-01
2.959999999999999964e+00	7.510190665847465627e-03	1.387409471739800837e-01
2.964999999999999858e+00	7.510137475745292182e-03	1.380216519234498396e-01
2.970000000000000195e+00	7.510084510238317947e-03	1.373053432350176684e-01
2.975000000000000089e+00	7.510031768711135022e-03	1.365920134252674722e-01
2.979999999999999982e+00	7.509979250548903633e-03	1.358816548137797009e-01
2.985000000000000320e+00	7.509926955138309691e-03	1.351742597355677644e-01
2.990000000000000213e+00	7.509874881866609835e-03	1.344698205286205261e-01
2.995000000000000107e+00	7.509823030122569042e-03	1.337683295462704369e-01
3.000000000000000000e+00	7.509771399295517812e-03	1.330697791448098299e-01
3.004999999999999893e+00	7.509719988776288047e-03	1.323741616957921641e-01
3.009999999999999787e+00	7.509668797956271097e-03	1.316814695737222041e-01
3.014999999999999680e+00	7.509617826228346706e-03	1.309916951682885411e-01
3.020000000000000018e+00	7.509567072985955799e-03	1.303048308721287685e-01
3.024999999999999911e+00	7.509516537624012951e-03	1.296208690929938068e-01
3.029999999999999805e+00	7.509466219537993051e-03	1.289398022415867984e-01
3.035000000000000142e+00	7.509416118124836829e-03	1.282616227436592649e-01
3.040000000000000036e+00	7.509366232782036660e-03	1.275863230279248306e-01
3.044999999999999929e+00	7.509316562908549021e-03	1.269138955380858524e-01
3.049999999999999822e+00	7.509267107903874229e-03	1.262443327208220833e-01
3.054999999999999716e+00	7.509217867168970634e-03	1.255776270377485793e-01
3.060000000000000053e+00	7.509168840105340421e-03	1.249137709534785950e-01
3.064999999999999947e+00	7.509120026115931670e-03	1.242527569475124077e-01
3.069999999999999840e+00	7.509071424604237162e-03	1.235945775023749998e-01
3.075000000000000178e+00	7.509023034975189498e-03	1.229392251154351468e-01
3.080000000000000071e+00	7.508974856634260779e-03	1.222866922871185674e-01
3.084999999999999964e+00	7.508926888988358590e-03	1.216369715326566098e-01
3.089999999999999858e+00	7.508879131444930015e-03	1.209900553703747439e-01
3.094999999999999751e+00	7.508831583412848079e-03	1.203459363333710119e-01
3.100000000000000089e+00	7.508784244301530512e-03	1.197046069578798777e-01
3.104999999999999982e+00	7.508737113521807977e-03	1.190660597948805799e-01
3.109999999999999876e+00	7.508690190485059306e-03	1.184302873985356580e-01
3.115000000000000213e+00	7.508643474604071062e-03	1.177972823377290701e-01
3.120000000000000107e+00	7.508596965292177114e-03	1.171670371845806580e-01
3.125000000000000000e+00	7.508550661964114720e-03	1.165395445259123641e-01
3.129999999999999893e+00	7.508504564035167576e-03	1.159147969518389831e-01
3.134999999999999787e+00	7.508458670922019303e-03	1.152927870671632687e-01
3.140000000000000124e+00	7.508412982041900822e-03	1.146735074800423609e-01
3.145000000000000018e+00	7.508367496813436910e-03	1.140569508133112281e-01
3.149999999999999911e+00	7.508322214655803115e-03	1.134431096932252692e-01
3.155000000000000249e+00	7.508277134989564498e-03	1.128319767607118967e-01
3.160000000000000142e+00	7.508232257235836031e-03	1.122235446601895781e-01
3.165000000000000036e+00	7.508187580817120461e-03	1.116178060507467679e-01
3.169999999999999929e+00	7.508143105156474782e-03	1.110147535950378878e-01
3.174999999999999822e+00	7.508098829678335959e-03	1.104143799703895673e-01
3.180000000000000160e+00	7.508054753807697802e-03	1.098166778577730207e-01
3.185000000000000053e+00	7.508010876970934964e-03	1.092216399528384702e-01
3.189999999999999947e+00	7.507967198594978075e-03	1.086292589549629900e-01
3.195000000000000284e+00	7.507923718108136003e-03	1.080395275782124187e-01
3.200000000000000178e+00	7.507880434939279667e-03	1.074524385404669324e-01
3.205000000000000071e+00	7.507837348518651283e-03	1.068679845743085721e-01
3.209999999999999964e+00	7.507794458277062058e-03	1.062861584162241857e-01
3.214999999999999858e+00	7.507751763646689294e-03	1.057069528174197082e-01
3.220000000000000195e+00	7.507709264060284486e-03	1.051303605331003616e-01
3.225000000000000089e+00	7.507666958951965223e-03	1.045563743332107859e-01
3.229999999999999982e+00	7.507624847756423289e-03	1.039849869917927605e-01
3.235000000000000320e+00	7.507582929909716561e-03	1.034161912976512832e-01
3.240000000000000213e+00	7.507541204848481448e-03	1.028499800437898959e-01
3.245000000000000107e+00	7.507499672010720451e-03	1.022863460380024347e-01
3.250000000000000000e+00	7.507458330835015473e-03	1.017252820923860296e-01
3.254999999999999893e+00	7.507417180761316242e-03	1.011667810338581636e-01
3.259999999999999787e+00	7.507376221230156223e-03	1.006108356937477077e-01
3.264999999999999680e+00	7.507335451683434975e-03	1.000574389182369295e-01
3.270000000000000018e+00	7.507294871563642731e-03	9.950658355803070065e-02
3.274999999999999911e+00	7.507254480314631481e-03	9.895826247872352432e-02
3.279999999999999805e+00	7.507214277380851696e-03	9.841246855054677778e-02
3.285000000000000142e+00	7.507174262208115602e-03	9.786919465865978607e-02
3.290000000000000036e+00	7.507134434242837377e-03	9.732843369297668190e-02
3.294999999999999929e+00	7.507094792932793824e-03	9.679017855838099871e-02
3.299999999999999822e+00	7.507055337726371499e-03	9.625442216463075962e-02
3.304999999999999716e+00	7.507016068073316117e-03	9.572115743649801944e-02
3.310000000000000053e+00	7.506976983423989218e-03	9.519037730375216888e-02
3.314999999999999947e+00	7.506938083230114966e-03	9.466207471122324579e-02
3.319999999999999840e+00	7.506899366944038560e-03	9.413624260886437056e-02
3.325000000000000178e+00	7.506860834019465217e-03	9.361287396173807729e-02
3.330000000000000071e+00	7.506822483910729864e-03	9.309196174015871295e-02
3.334999999999999964e+00	7.506784316073529181e-03	9.257349892960127502e-02
3.339999999999999858e+00	7.506746329964193026e-03	9.205747852092323325e-02
3.344999999999999751e+00	7.506708525040416483e-03	9.154389352019653980e-02
3.350000000000000089e+00	7.506670900760535614e-03	9.103273693900867936e-02
3.354999999999999982e+00	7.506633456584249110e-03	9.052400180421761589e-02
3.359999999999999876e+00	7.506596191971904447e-03	9.001768114833247347e-02
3.365000000000000213e+00	7.506559106385216930e-03	8.951376801919036508e-02
3.370000000000000107e+00	7.506522199286552385e-03	8.901225547041774488e-02
3.375000000000000000e+00	7.506485470139647939e-03	8.851313657102864718e-02
3.379999999999999893e+00	7.506448918408901647e-03	8.801640439596637722e-02
3.384999999999999787e+00	7.506412543560080260e-03	8.752205203562390956e-02
3.390000000000000124e+00	7.506376345059619266e-03	8.703007258646541788e-02
3.395000000000000018e+00	7.506340322375327188e-03	8.654045916046831932e-02
3.399999999999999911e+00	7.506304474975687355e-03	8.605320487582515665e-02
3.405000000000000249e+00	7.506268802330557863e-03	8.556830286630708049e-02
3.410000000000000142e+00	7.506233303910480291e-03	8.508574627204634755e-02
3.415000000000000036e+00	7.506197979187370986e-03	8.460552824882099088e-02
3.419999999999999929e+00	7.506162827633841919e-03	8.412764195891761498e-02
3.424999999999999822e+00	7.506127848723876360e-03	8.365208058033726801e-02
3.430000000000000160e+00	7.506093041932166213e-03	8.317883729773913049e-02
3.435000000000000053e+00	7.506058406734776416e-03	8.270790531156706205e-02
3.439999999999999947e+00	7.506023942608485745e-03	8.223927782907416995e-02
3.445000000000000284e+00	7.505989649031448614e-03	8.177294807336939197e-02
3.450000000000000178e+00	7.505955525482546284e-03	8.130890927452409656e-02
3.455000000000000071e+00	7.505921571442036519e-03	8.084715467853852144e-02
3.459999999999999964e+00	7.505887786390907403e-03	8.038767753852890663e-02
3.464999999999999858e+00	7.505854169811531328e-03	7.993047112361520434e-02
3.470000000000000195e+00	7.505820721187019678e-03	7.947552871018888354e-02
3.475000000000000089e+00	7.505787440001869884e-03	7.902284359072041242e-02
3.479999999999999982e+00	7.505754325741327039e-03	7.857240906510887246e-02
3.485000000000000320e+00	7.505721377892024017e-03	7.812421844940894977e-02
3.490000000000000213e+00	7.505688595941350898e-03	7.767826506726219216e-02
3.495000000000000107e+00	7.505655979378091612e-03	7.723454225854349542e-02
3.500000000000000000e+00	7.505623527691793369e-03	7.679304337087404508e-02
3.504999999999999893e+00	7.505591240373399829e-03	7.635376176818718663e-02
3.509999999999999787e+00	7.505559116914627474e-03	7.591669082232298249e-02
3.514999999999999680e+00	7.505527156808595307e-03	7.548182392151343845e-02
3.520000000000000018e+00	7.505495359549201224e-03	7.504915446205895346e-02
3.524999999999999911e+00	7.505463724631748247e-03	7.461867585673248593e-02
3.529999999999999805e+00	7.505432251552333033e-03	7.419038152653784080e-02
3.535000000000000142e+00	7.505400939808454762e-03	7.376426490903281730e-02
3.540000000000000036e+00	7.505369788898417528e-03	7.334031945016966647e-02
3.544999999999999929e+00	7.505338798321932285e-03	7.291853861253681790e-02
3.549999999999999822e+00	7.505307967579524439e-03	7.249891586728146597e-02
3.554999999999999716e+00	7.505277296173129727e-03	7.208144470227001444e-02
3.560000000000000053e+00	7.505246783605506143e-03	7.166611861409248607e-02
3.564999999999999947e+00	7.505216429380827219e-03	7.125293111614194874e-02
3.569999999999999840e+00	7.505186233004100885e-03	7.084187573070083177e-02
3.575000000000000178e+00	7.505156193981748006e-03	7.043294599693868119e-02
3.580000000000000071e+00	7.505126311821039460e-03	7.002613546308109060e-02
3.584999999999999964e+00	7.505096586030661661e-03	6.962143769432510565e-02
3.589999999999999858e+00	7.505067016120156240e-03	6.921884626509092198e-02
3.594999999999999751e+00	7.505037601600489904e-03	6.881835476685556341e-02
3.600000000000000089e+00	7.505008341983492384e-03	6.841995680048663930e-02
3.604999999999999982e+00	7.504979236782421091e-03	6.802364598399411599e-02
3.609999999999999876e+00	7.504950285511408602e-03	6.762941594494656372e-02
3.615000000000000213e+00	7.504921487686017773e-03	6.723726032814082709e-02
3.620000000000000107e+00	7.504892842822696170e-03	6.684717278810080321e-02
3.625000000000000000e+00	7.504864350439326842e-03	6.645914699666484460e-02
3.629999999999999893e+00	7.504836010054685355e-03	6.607317663556709630e-02
3.634999999999999787e+00	7.504807821188990563e-03	6.568925540394257578e-02
3.640000000000000124e+00	7.504779783363360775e-03	6.530737701099102732e-02
3.645000000000000018e+00	7.504751896100361926e-03	6.492753518340001195e-02
3.649999999999999911e+00	7.504724158923470681e-03	6.454972365809065471e-02
3.655000000000000249e+00	7.504696571357613068e-03	6.417393618955875845e-02
3.660000000000000142e+00	7.504669132928640587e-03	6.380016654270345700e-02
3.665000000000000036e+00	7.504641843163854971e-03	6.342840850008514553e-02
3.669999999999999929e+00	7.504614701591491230e-03	6.305865585483683144e-02
3.674999999999999822e+00	7.504587707741241544e-03	6.269090241783996376e-02
3.680000000000000160e+00	7.504560861143744384e-03	6.232514201071817639e-02
3.685000000000000053e+00	7.504534161331096256e-03	6.196136847293032268e-02
3.689999999999999947e+00	7.504507607836347766e-03	6.159957565484684705e-02
3.695000000000000284e+00	7.504481200194016224e-03	6.123975742476046868e-02
3.700000000000000178e+00	7.504454937939579982e-03	6.088190766204484156e-02
3.705000000000000071e+00	7.504428820609989302e-03	6.052602026408261671e-02
3.709999999999999964e+00	7.504402847743169361e-03	6.017208913950673060e-02
3.714999999999999858e+00	7.504377018878517248e-03	5.982010821504573500e-02
3.720000000000000195e+00	7.504351333556412776e-03	5.947007142884737363e-02
3.725000000000000089e+00	7.504325791318718075e-03	5.912197273724174168e-02
3.729999999999999982e+00	7.504300391708285806e-03	5.877580610814686635e-02
3.735000000000000320e+00	7.504275134269451815e-03	5.843156552774923101e-02
3.740000000000000213e+00	7.504250018547559825e-03	5.808924499399211600e-02
3.745000000000000107e+00	7.504225044089434145e-03	5.774883852317281435e-02
3.750000000000000000e+00	7.504200210442918233e-03	5.741034014351378140e-02
3.754999999999999893e+00	7.504175517157345675e-03	5.707374390167727768e-02
3.759999999999999787e+00	7.504150963783072677e-03	5.673904385641830028e-02
3.764999999999999680e+00	7.504126549871953378e-03	5.640623408501713176e-02
3.770000000000000018e+00	7.504102274976875812e-03	5.607530867701408794e-02
3.774999999999999911e+00	7.504078138652226816e-03	5.574626174055961197e-02
3.779999999999999805e+00	7.504054140453437528e-03	5.541908739623118557e-02
3.785000000000000142e+00	7.504030279937445695e-03	5.509377978330060044e-02
3.790000000000000036e+00	7.504006556662242040e-03	5.477033305363326193e-02
3.794999999999999929e+00	7.503982970187324762e-03	5.444874137787276969e-02
3.799999999999999822e+00	7.503959520073259781e-03	5.412899893942221125e-02
3.804999999999999716e+00	7.503936205882121360e-03	5.381109994054617679e-02
3.810000000000000053e+00	7.503913027177062760e-03	5.349503859643385539e-02
3.814999999999999947e+00	7.503889983522751654e-03	5.318080914121891406e-02
3.819999999999999840e+00	7.503867074484940787e-03	5.286840582212410516e-02
3.825000000000000178e+00	7.503844299630902520e-03	5.255782290539868368e-02
3.830000000000000071e+00	7.503821658529009030e-03	5.224905467054514335e-02
3.834999999999999964e+00	7.503799150749152110e-03	5.194209541617379050e-02
3.839999999999999858e+00	7.503776775862331175e-03	5.163693945431126198e-02
3.844999999999999751e+00	7.503754533441073064e-03	5.133358111617308817e-02
3.850000000000000089e+00	7.503732423059022646e-03	5.103201474655322950e-02
3.854999999999999982e+00	7.503710444291353948e-03	5.073223470951469111e-02
3.859999999999999876e+00	7.503688596714368567e-03	5.043423538286046642e-02
3.865000000000000213e+00	7.503666879905904197e-03	5.013801116374196065e-02
3.870000000000000107e+00	7.503645293444933910e-03	4.984355646321110556e-02
3.875000000000000000e+00	7.503623836911969477e-03	4.955086571174698029e-02
3.879999999999999893e+00	7.503602509888671057e-03	4.925993335388868799e-02
3.884999999999999787e+00	7.503581311958240109e-03	4.897075385368031275e-02
3.890000000000000124e+00	7.503560242705036888e-03	4.868332168938471066e-02
3.895000000000000018e+00	7.503539301714964686e-03	4.839763135884674744e-02
3.899999999999999911e+00	7.503518488575096866e-03	4.811367737428774716e-02
3.905000000000000249e+00	7.503497802874054164e-03	4.783145426758685786e-02
3.910000000000000142e+00	7.503477244201635192e-03	4.755095658515665069e-02
3.915000000000000036e+00	7.503456812149193744e-03	4.727217889314269672e-02
3.919999999999999929e+00	7.503436506309265827e-03	4.699511577237926174e-02
3.924999999999999822e+00	7.503416326275948699e-03	4.671976182350812828e-02
3.930000000000000160e+00	7.503396271644533107e-03	4.644611166201411540e-02
3.935000000000000053e+00	7.503376342011872785e-03	4.617415992326277807e-02
3.939999999999999947e+00	7.503356536976025365e-03	4.590390125761613371e-02
3.945000000000000284e+00	7.503336856136613199e-03	4.563533033538916955e-02
3.950000000000000178e+00	7.503317299094473813e-03	4.536844184204542885e-02
3.955000000000000071e+00	7.503297865452013791e-03	4.510323048307258303e-02
3.959999999999999964e+00	7.503278554812862697e-03	4.483969097925782216e-02
3.964999999999999858e+00	7.503259366782223487e-03	4.457781807148267911e-02
3.970000000000000195e+00	7.503240300966529039e-03	4.431760651607776630e-02
3.975000000000000089e+00	7.503221356973791695e-03	4.405905108953720589e-02
3.979999999999999982e+00	7.503202534413263257e-03	4.380214658395255312e-02
3.985000000000000320e+00	7.503183832895775861e-03	4.354688781164667982e-02
3.990000000000000213e+00	7.503165252033414112e-03	4.329326960068710650e-02
3.995000000000000107e+00	7.503146791439842950e-03	4.304128679943946406e-02
4.000000000000000000e+00	7.503128450729989324e-03	4.279093427215966555e-02
4.004999999999999893e+00	7.503110229520363987e-03	4.254220690346745964e-02
4.009999999999999787e+00	7.503092127428750112e-03	4.229509959401711594e-02
4.014999999999999680e+00	7.503074144074516408e-03	4.204960726489121586e-02
4.019999999999999574e+00	7.503056279078311810e-03	4.180572485334967114e-02
4.025000000000000355e+00	7.503038532062376864e-03	4.156344731714409213e-02
4.030000000000000249e+00	7.503020902650240145e-03	4.132276963034493822e-02
4.035000000000000142e+00	7.503003390467021839e-03	4.108368678757612358e-02
4.040000000000000036e+00	7.502985995139144909e-03	4.084619379992039667e-02
4.044999999999999929e+00	7.502968716294622191e-03	4.061028569907484953e-02
4.049999999999999822e+00	7.502951553562776238e-03	4.037595753333373533e-02
4.054999999999999716e+00	7.502934506574529885e-03	4.014320437166522815e-02
4.059999999999999609e+00	7.502917574962117420e-03	3.991202129977149821e-02
4.064999999999999503e+00	7.502900758359377746e-03	3.968240342408684007e-02
4.070000000000000284e+00	7.502884056401471630e-03	3.945434586791472104e-02
4.075000000000000178e+00	7.502867468725165322e-03	3.922784377534786066e-02
4.080000000000000071e+00	7.502850994968556474e-03	3.900289230748169023e-02
4.084999999999999964e+00	7.502834634771349091e-03	3.877948664625627956e-02
4.089999999999999858e+00	7.502818387774588989e-03	3.855762199074674185e-02
4.094999999999999751e+00	7.502802253620930936e-03	3.833729356092683421e-02
4.099999999999999645e+00	7.502786231954378451e-03	3.811849659403581531e-02
4.105000000000000426e+00	7.502770322420545743e-03	3.790122634826440656e-02
4.110000000000000320e+00	7.502754524666402705e-03	3.768547809919759600e-02
4.115000000000000213e+00	7.502738838340538598e-03	3.747124714342310592e-02
4.120000000000000107e+00	7.502723263092901836e-03	3.725852879504990001e-02
4.125000000000000000e+00	7.502707798575061066e-03	3.704731838923976811e-02
4.129999999999999893e+00	7.502692444439953631e-03	3.683761127880100239e-02
4.134999999999999787e+00	7.502677200342138843e-03	3.662940283764314769e-02
4.139999999999999680e+00	7.502662065937555982e-03	3.642268845744594391e-02
4.144999999999999574e+00	7.502647040883762830e-03	3.621746355103734605e-02
4.150000000000000355e+00	7.502632124839707546e-03	3.601372354913724011e-02
4.155000000000000249e+00	7.502617317465961125e-03	3.581146390365945453e-02
4.160000000000000142e+00	7.502602618424486676e-03	3.561068008452957651e-02
4.165000000000000036e+00	7.502588027378877082e-03	3.541136758291115599e-02
4.169999999999999929e+00	7.502573543994124280e-03	3.521352190809780985e-02
4.174999999999999822e+00	7.502559167936849113e-03	3.501713859066359069e-02
4.179999999999999716e+00	7.502544898875079284e-03	3.482221317942889305e-02
4.185000000000000497e+00	7.502530736478475737e-03	3.462874124453558383e-02
4.190000000000000391e+00	7.502516680418112351e-03	3.443671837448644690e-02
4.195000000000000284e+00	7.502502730366694510e-03	3.424614017914504038e-02
4.200000000000000178e+00	7.502488885998353542e-03	3.405700228684843678e-02
4.205000000000000071e+00	7.502475146988851415e-03	3.386930034733245942e-02
4.209999999999999964e+00	7.502461513015379509e-03	3.368303002891701037e-02
4.214999999999999858e+00	7.502447983756765047e-03	3.349818702135715087e-02
4.219999999999999751e+00	7.502434558893270738e-03	3.331476703310069787e-02
4.224999999999999645e+00	7.502421238106796869e-03	3.313276579406543298e-02
4.230000000000000426e+00	7.502408021080684414e-03	3.295217905296857902e-02
4.235000000000000320e+00	7.502394907499913661e-03	3.277300258003065098e-02
4.240000000000000213e+00	7.502381897050914260e-03	3.259523216437628518e-02
4.245000000000000107e+00	7.502368989421754307e-03	3.241886361666482946e-02
4.250000000000000000e+00	7.502356184301956464e-03	3.224389276656287884e-02
4.254999999999999893e+00	7.502343481382684441e-03	3.207031546530137583e-02
4.259999999999999787e+00	7.502330880356565188e-03	3.189812758321930453e-02
4.264999999999999680e+00	7.502318380917864966e-03	3.172732501224844598e-02
4.269999999999999574e+00	7.502305982762317617e-03	3.155790366352730775e-02
4.275000000000000355e+00	7.502293685587299761e-03	3.138985946981386055e-02
4.280000000000000249e+00	7.502281489091661669e-03	3.122318838316951242e-02
4.285000000000000142e+00	7.502269392975897261e-03	3.105788637730011112e-02
4.290000000000000036e+00	7.502257396941979309e-03	3.089394944530966108e-02
4.294999999999999929e+00	7.502245500693524236e-03	3.073137360196980319e-02
4.299999999999999822e+00	7.502233703935632519e-03	3.057015488154298660e-02
4.304999999999999716e+00	7.502222006375050892e-03	3.041028933998089767e-02
4.309999999999999609e+00	7.502210407720017078e-03	3.025177305281653503e-02
4.314999999999999503e+00	7.502198907680411588e-03	3.009460211729205956e-02
4.320000000000000284e+00	7.502187505967612864e-03	2.993877265031930079e-02
4.325000000000000178e+00	7.502176202294643867e-03	2.978428079053759697e-02
4.330000000000000071e+00	7.502164996376028093e-03	2.963112269634214299e-02
4.334999999999999964e+00	7.502153887927935291e-03	2.947929454787208761e-02
4.339999999999999858e+00	7.502142876668042686e-03	2.932879254510667791e-02
4.344999999999999751e+00	7.502131962315672885e-03	2.917961290978378017e-02
4.349999999999999645e+00	7.502121144591656840e-03	2.903175188356348080e-02
4.355000000000000426e+00	7.502110423218476959e-03	2.888520572987744381e-02
4.360000000000000320e+00	7.502099797920126593e-03	2.873997073215945122e-02
4.365000000000000213e+00	7.502089268422248818e-03	2.859604319562613836e-02
4.370000000000000107e+00	7.502078834452004588e-03	2.845341944557388397e-02
4.375000000000000000e+00	7.502068495738203717e-03	2.831209582909147843e-02
4.379999999999999893e+00	7.502058252011177368e-03	2.817206871342290905e-02
4.384999999999999787e+00	7.502048103002905560e-03	2.803333448761241575e-02
4.389999999999999680e+00	7.502038048446897471e-03	2.789588956093269970e-02
4.394999999999999574e+00	7.502028088078305061e-03	2.775973036446266473e-02
4.400000000000000355e+00	7.502018221633818124e-03	2.762485334958080310e-02
4.405000000000000249e+00	7.502008448851768367e-03	2.749125498947610144e-02
4.410000000000000142e+00	7.501998769472027068e-03	2.735893177770593043e-02
4.415000000000000036e+00	7.501989183236107417e-03	2.722788022964053867e-02
4.419999999999999929e+00	7.501979689887067378e-03	2.709809688108524156e-02
4.424999999999999822e+00	7.501970289169605961e-03	2.696957828965893325e-02
4.429999999999999716e+00	7.501960980829970420e-03	2.684232103347989826e-02
4.435000000000000497e+00	7.501951764616047319e-03	2.671632171247894511e-02
4.440000000000000391e+00	7.501942640277275802e-03	2.659157694714833764e-02
4.445000000000000284e+00	7.501933607564734326e-03	2.646808337978993897e-02
4.450000000000000178e+00	7.501924666231055659e-03	2.634583767332696405e-02
4.455000000000000071e+00	7.501915816030513620e-03	2.622483651248747744e-02
4.459999999999999964e+00	7.501907056718936338e-03	2.610507660267845711e-02
4.464999999999999858e+00	7.501898388053792992e-03	2.598655467110519077e-02
4.469999999999999751e+00	7.501889809794111408e-03	2.586926746570718944e-02
4.474999999999999645e+00	7.501881321700557860e-03	2.575321175621397493e-02
4.480000000000000426e+00	7.501872923535361608e-03	2.563838433314222232e-02
4.485000000000000320e+00	7.501864615062386020e-03	2.552478200878857337e-02
4.490000000000000213e+00	7.501856396047064390e-03	2.541240161628737990e-02
4.495000000000000107e+00	7.501848266256459785e-03	2.530124001054100819e-02
4.500000000000000000e+00	7.501840225459208665e-03	2.519129406733804435e-02
4.504999999999999893e+00	7.501832273425576396e-03	2.508256068422119039e-02
4.509999999999999787e+00	7.501824409927403473e-03	2.497503677966546667e-02
4.514999999999999680e+00	7.501816634738156693e-03	2.486871929388436916e-02
4.519999999999999574e+00	7.501808947632882321e-03	2.476360518806738215e-02
4.525000000000000355e+00	7.501801348388250322e-03	2.465969144512509398e-02
4.530000000000000249e+00	7.501793836782510126e-03	2.455697506898556204e-02
4.535000000000000142e+00	7.501786412595539202e-03	2.445545308527860909e-02
4.540000000000000036e+00	7.501779075608788414e-03	2.435512254069046104e-02
4.544999999999999929e+00	7.501771825605335793e-03	2.425598050358811902e-02
4.549999999999999822e+00	7.501764662369844044e-03	2.415802406343177042e-02
4.554999999999999716e+00	7.501757585688591766e-03	2.406125033133934416e-02
4.559999999999999609e+00	7.501750595349443961e-03	2.396565643955623701e-02
4.564999999999999503e+00	7.501743691141883261e-03	2.387123954196088485e-02
4.570000000000000284e+00	7.501736872856977836e-03	2.377799681359119705e-02
4.575000000000000178e+00	7.501730140287411752e-03	2.368592545109153916e-02
4.580000000000000071e+00	7.501723493227456345e-03	2.359502267229534808e-02
4.584999999999999964e+00	7.501716931472997112e-03	2.350528571661406052e-02
4.589999999999999858e+00	7.501710454821505086e-03	2.341671184467546477e-02
4.594999999999999751e+00	7.501704063072063729e-03	2.332929833865501207e-02
4.599999999999999645e+00	7.501697756025348107e-03	2.324304250196945407e-02
4.605000000000000426e+00	7.501691533483635307e-03	2.315794165955098113e-02
4.610000000000000320e+00	7.501685395250797493e-03	2.307399315759565625e-02
4.615000000000000213e+00	7.501679341132308845e-03	2.299119436378102219e-02
4.620000000000000107e+00	7.501673370935238623e-03	2.290954266706854425e-02
4.625000000000000000e+00	7.501667484468252031e-03	2.282903547786539408e-02
4.629999999999999893e+00	7.501661681541611087e-03	2.274967022788036697e-02
4.634999999999999787e+00	7.501655961967174623e-03	2.267144437023034878e-02
4.639999999999999680e+00	7.501650325558392209e-03	2.259435537934922217e-02
4.644999999999999574e+00	7.501644772130311098e-03	2.251840075103944683e-02
4.650000000000000355e+00	7.501639301499568417e-03	2.244357800243339945e-02
4.655000000000000249e+00	7.501633913484393769e-03	2.236988467199069533e-02
4.660000000000000142e+00	7.501628607904611834e-03	2.229731831951149365e-02
4.665000000000000036e+00	7.501623384581633698e-03	2.222587652607995595e-02
4.669999999999999929e+00	7.501618243338462923e-03	2.215555689412894783e-02
4.674999999999999822e+00	7.501613183999687740e-03	2.208635704733032459e-02
4.679999999999999716e+00	7.501608206391487989e-03	2.201827463071045002e-02
4.685000000000000497e+00	7.501603310341626446e-03	2.195130731048773945e-02
4.690000000000000391e+00	7.501598495679456628e-03	2.188545277423850285e-02
4.695000000000000284e+00	7.501593762235908049e-03	2.182070873068248790e-02
4.700000000000000178e+00	7.501589109843503564e-03	2.175707290989825626e-02
4.705000000000000071e+00	7.501584538336337690e-03	2.169454306305719504e-02
4.709999999999999964e+00	7.501580047550097420e-03	2.163311696268814879e-02
4.714999999999999858e+00	7.501575637322035334e-03	2.157279240236035719e-02
4.719999999999999751e+00	7.501571307490996487e-03	2.151356719699671488e-02
4.724999999999999645e+00	7.501567057897388924e-03	2.145543918250631885e-02
4.730000000000000426e+00	7.501562888383212294e-03	2.139840621614562052e-02
4.735000000000000320e+00	7.501558798792021428e-03	2.134246617610134275e-02
4.740000000000000213e+00	7.501554788968964500e-03	2.128761696189891348e-02
4.745000000000000107e+00	7.501550858760742263e-03	2.123385649393605759e-02
4.750000000000000000e+00	7.501547008015641872e-03	2.118118271393819307e-02
4.754999999999999893e+00	7.501543236583500460e-03	2.112959358444340199e-02
4.759999999999999787e+00	7.501539544315743296e-03	2.107908708930401886e-02
4.764999999999999680e+00	7.501535931065338690e-03	2.102966123312345961e-02
4.769999999999999574e+00	7.501532396686839618e-03	2.098131404180359622e-02
4.775000000000000355e+00	7.501528941036337758e-03	2.093404356193404384e-02
4.780000000000000249e+00	7.501525563971512059e-03	2.088784786138460012e-02
4.785000000000000142e+00	7.501522265351572363e-03	2.084272502864762192e-02
4.790000000000000036e+00	7.501519045037308847e-03	2.079867317347497066e-02
4.794999999999999929e+00	7.501515902891044314e-03	2.075569042617420035e-02
4.799999999999999822e+00	7.501512838776676698e-03	2.071377493828930119e-02
4.804999999999999716e+00	7.501509852559633089e-03	2.067292488185114990e-02
4.809999999999999609e+00	7.501506944106912239e-03	2.063313845010166653e-02
4.814999999999999503e+00	7.501504113287034252e-03	2.059441385669910987e-02
4.820000000000000284e+00	7.501501359970092625e-03	2.055674933648489466e-02
4.825000000000000178e+00	7.501498684027693535e-03	2.052014314464432887e-02
4.830000000000000071e+00	7.501496085333017420e-03	2.048459355751568872e-02
4.834999999999999964e+00	7.501493563760748724e-03	2.045009887170699814e-02
4.839999999999999858e+00	7.501491119187142682e-03	2.041665740494662956e-02
4.844999999999999751e+00	7.501488751489955066e-03	2.038426749515676734e-02
4.849999999999999645e+00	7.501486460548508969e-03	2.035292750134489251e-02
4.855000000000000426e+00	7.501484246243621951e-03	2.032263580263455119e-02
4.860000000000000320e+00	7.501482108457675421e-03	2.029339079919720637e-02
4.865000000000000213e+00	7.501480047074539186e-03	2.026519091124079699e-02
4.870000000000000107e+00	7.501478061979644299e-03	2.023803457998138086e-02
4.875000000000000000e+00	7.501476153059904138e-03	2.021192026659029278e-02
4.879999999999999893e+00	7.501474320203789861e-03	2.018684645320482224e-02
4.884999999999999787e+00	7.501472563301247141e-03	2.016281164183443900e-02
4.889999999999999680e+00	7.501470882243775964e-03	2.013981435541004061e-02
4.894999999999999574e+00	7.501469276924348228e-03	2.011785313664985961e-02
4.900000000000000355e+00	7.501467747237482338e-03	2.009692654914659385e-02
4.905000000000000249e+00	7.501466293079162538e-03	2.007703317619376551e-02
4.910000000000000142e+00	7.501464914346917846e-03	2.005817162191011332e-02
4.915000000000000036e+00	7.501463610939734447e-03	2.004034051002677799e-02
4.919999999999999929e+00	7.501462382758139827e-03	2.002353848504846712e-02
4.924999999999999822e+00	7.501461229704112568e-03	2.000776421100227201e-02
4.929999999999999716e+00	7.501460151681169086e-03	1.999301637263486281e-02
4.935000000000000497e+00	7.501459148594265616e-03	1.997929367412339466e-02
4.940000000000000391e+00	7.501458220349897094e-03	1.996659484030829240e-02
4.945000000000000284e+00	7.501457366855990468e-03	1.995491861536693654e-02
4.950000000000000178e+00	7.501456588022001847e-03	1.994426376408123605e-02
4.955000000000000071e+00	7.501455883758816751e-03	1.993462907047482968e-02
4.959999999999999964e+00	7.501455253978846389e-03	1.992601333911481892e-02
4.964999999999999858e+00	7.501454698595920977e-03	1.991841539371294947e-02
4.969999999999999751e+00	7.501454217525392078e-03	1.991183407846110892e-02
4.974999999999999645e+00	7.501453810684025059e-03	1.990626825659718227e-02
4.980000000000000426e+00	7.501453477990098831e-03	1.990171681177342611e-02
4.985000000000000320e+00	7.501453219363298300e-03	1.989817864658767824e-02
4.990000000000000213e+00	7.501453034724821049e-03	1.989565268398410178e-02
4.995000000000000107e+00	7.501452923997261116e-03	1.989413786575035259e-02
5.000000000000000000e+00	7.501452887104715674e-03	1.989363315395005147e-02
