# coordinate_x	h	p	@time=701.29
0.000000000000000000e+00	2.699999586288491793e-01	5.715593607361780792e-01
5.000000000000000104e-03	2.699963909733112954e-01	5.715593606379831826e-01
1.000000000000000021e-02	2.699856880078663202e-01	5.715593603433488656e-01
1.499999999999999944e-02	2.699678497337728023e-01	5.715593598522215046e-01
2.000000000000000042e-02	2.699428761540882404e-01	5.715593591644709814e-01
2.500000000000000139e-02	2.699107672723184415e-01	5.715593582799476380e-01
2.999999999999999889e-02	2.698715230937273057e-01	5.715593571984275423e-01
3.500000000000000333e-02	2.698251436240210466e-01	5.715593559196674445e-01
4.000000000000000083e-02	2.697716288706676346e-01	5.715593544433488216e-01
4.499999999999999833e-02	2.697109788415808507e-01	5.715593527691342768e-01
5.000000000000000278e-02	2.696431935464425611e-01	5.715593508966105851e-01
5.500000000000000028e-02	2.695682729953849388e-01	5.715593488253452037e-01
5.999999999999999778e-02	2.694862172003171241e-01	5.715593465548294283e-01
6.500000000000000222e-02	2.693970261736043925e-01	5.715593440845345707e-01
7.000000000000000666e-02	2.693006999293996451e-01	5.715593414138553374e-01
7.500000000000001110e-02	2.691972384823189679e-01	5.715593385421658956e-01
8.000000000000000167e-02	2.690866418487788403e-01	5.715593354687630301e-01
8.499999999999999223e-02	2.689689100456672533e-01	5.715593321929225423e-01
8.999999999999999667e-02	2.688440430916874124e-01	5.715593287138416301e-01
9.500000000000000111e-02	2.687120410060235831e-01	5.715593250306959527e-01
1.000000000000000056e-01	2.685729038096920651e-01	5.715593211425817888e-01
1.050000000000000100e-01	2.684266315242012091e-01	5.715593170485727681e-01
1.100000000000000006e-01	2.682732241729103295e-01	5.715593127476622515e-01
1.149999999999999911e-01	2.681126817796830042e-01	5.715593082388197299e-01
1.199999999999999956e-01	2.679450043702550355e-01	5.715593035209336481e-01
1.250000000000000000e-01	2.677701919708800893e-01	5.715592985928671377e-01
1.300000000000000044e-01	2.675882446097072598e-01	5.715592934534010627e-01
1.350000000000000089e-01	2.673991623154187147e-01	5.715592881012898641e-01
1.400000000000000133e-01	2.672029451186176963e-01	5.715592825352040496e-01
1.450000000000000178e-01	2.669995930504570070e-01	5.715592767537867047e-01
1.499999999999999944e-01	2.667891061440386125e-01	5.715592707555953167e-01
1.549999999999999989e-01	2.665714844330319688e-01	5.715592645391581739e-01
1.600000000000000033e-01	2.663467279530863374e-01	5.715592581029164121e-01
1.650000000000000078e-01	2.661148367404377324e-01	5.715592514452807471e-01
1.700000000000000122e-01	2.658758108333353909e-01	5.715592445645722997e-01
1.749999999999999889e-01	2.656296502706363971e-01	5.715592374590801050e-01
1.799999999999999933e-01	2.653763550932464743e-01	5.715592301270020492e-01
1.849999999999999978e-01	2.651159253427024520e-01	5.715592225665017123e-01
1.900000000000000022e-01	2.648483610626280460e-01	5.715592147756494157e-01
1.950000000000000067e-01	2.645736622973026697e-01	5.715592067524788433e-01
2.000000000000000111e-01	2.642918290931338121e-01	5.715591984949280890e-01
2.050000000000000155e-01	2.640028614972115273e-01	5.715591900008971660e-01
2.099999999999999922e-01	2.637067595587979651e-01	5.715591812681872774e-01
2.149999999999999967e-01	2.634035233278660404e-01	5.715591722945587705e-01
2.200000000000000011e-01	2.630931528566083921e-01	5.715591630776711840e-01
2.250000000000000056e-01	2.627756481979589553e-01	5.715591536151406471e-01
2.300000000000000100e-01	2.624510094071216271e-01	5.715591439044788169e-01
2.349999999999999867e-01	2.621192365400744628e-01	5.715591339431518314e-01
2.399999999999999911e-01	2.617803296551193815e-01	5.715591237285176929e-01
2.449999999999999956e-01	2.614342888113672658e-01	5.715591132578864420e-01
2.500000000000000000e-01	2.610811140703103161e-01	5.715591025284563198e-01
2.550000000000000044e-01	2.607208054942871112e-01	5.715590915373741643e-01
2.600000000000000089e-01	2.603533631480786648e-01	5.715590802816717941e-01
2.650000000000000133e-01	2.599787870973520043e-01	5.715590687583258500e-01
2.700000000000000178e-01	2.595970774102818734e-01	5.715590569641944008e-01
2.750000000000000222e-01	2.592082341559715508e-01	5.715590448960762293e-01
2.800000000000000266e-01	2.588122574061008652e-01	5.715590325506477720e-01
2.850000000000000311e-01	2.584091472333237549e-01	5.715590199245218495e-01
2.899999999999999800e-01	2.579989037129440943e-01	5.715590070141847168e-01
2.949999999999999845e-01	2.575815269212881065e-01	5.715589938160545724e-01
2.999999999999999889e-01	2.571570169374102210e-01	5.715589803264184976e-01
3.049999999999999933e-01	2.567253738414383979e-01	5.715589665414907428e-01
3.099999999999999978e-01	2.562865977163118480e-01	5.715589524573493341e-01
3.150000000000000022e-01	2.558406886460980467e-01	5.715589380699949151e-01
3.200000000000000067e-01	2.553876467177635945e-01	5.715589233752856879e-01
3.250000000000000111e-01	2.549274720194619204e-01	5.715589083689978089e-01
3.300000000000000155e-01	2.544601646423388930e-01	5.715588930467591089e-01
3.350000000000000200e-01	2.539857246787892708e-01	5.715588774041092668e-01
3.400000000000000244e-01	2.535041522242993950e-01	5.715588614364339737e-01
3.449999999999999734e-01	2.530154473756708877e-01	5.715588451390242186e-01
3.499999999999999778e-01	2.525196102329019254e-01	5.715588285070105634e-01
3.549999999999999822e-01	2.520166408973764094e-01	5.715588115354220955e-01
3.599999999999999867e-01	2.515065394737865945e-01	5.715587942191203696e-01
3.649999999999999911e-01	2.509893060682855670e-01	5.715587765528586939e-01
3.699999999999999956e-01	2.504649407904530056e-01	5.715587585312149610e-01
3.750000000000000000e-01	2.499334437514096618e-01	5.715587401486511565e-01
3.800000000000000044e-01	2.493948150658286955e-01	5.715587213994457461e-01
3.850000000000000089e-01	2.488490548500092436e-01	5.715587022777530724e-01
3.900000000000000133e-01	2.482961632239366612e-01	5.715586827775354095e-01
3.950000000000000178e-01	2.477361403093130687e-01	5.715586628926216939e-01
4.000000000000000222e-01	2.471689862316686914e-01	5.715586426166398004e-01
4.050000000000000266e-01	2.465947011183473037e-01	5.715586219430747184e-01
4.099999999999999756e-01	2.460132851006713584e-01	5.715586008652001615e-01
4.149999999999999800e-01	2.454247383118802195e-01	5.715585793761366329e-01
4.199999999999999845e-01	2.448290608893520515e-01	5.715585574687829240e-01
4.249999999999999889e-01	2.442262529724920639e-01	5.715585351358732913e-01
4.299999999999999933e-01	2.436163147050145195e-01	5.715585123699089554e-01
4.349999999999999978e-01	2.429992462327781877e-01	5.715584891632146114e-01
4.400000000000000022e-01	2.423750477061319408e-01	5.715584655078693732e-01
4.450000000000000067e-01	2.417437192776947519e-01	5.715584413957629506e-01
4.500000000000000111e-01	2.411052611047681815e-01	5.715584168185265934e-01
4.550000000000000155e-01	2.404596733470579228e-01	5.715583917675877146e-01
4.600000000000000200e-01	2.398069561691573148e-01	5.715583662341011673e-01
4.649999999999999689e-01	2.391471097382071309e-01	5.715583402090029796e-01
4.699999999999999734e-01	2.384801342264539770e-01	5.715583136829411881e-01
4.749999999999999778e-01	2.378060298088451041e-01	5.715582866463286837e-01
4.799999999999999822e-01	2.371247966656662431e-01	5.715582590892742676e-01
4.849999999999999867e-01	2.364364349800675835e-01	5.715582310016331657e-01
4.899999999999999911e-01	2.357409449407857627e-01	5.715582023729390837e-01
4.949999999999999956e-01	2.350383267395973197e-01	5.715581731924531672e-01
5.000000000000000000e-01	2.343285805741296968e-01	5.715581434490961676e-01
5.050000000000000044e-01	2.336117066452381985e-01	5.715581131314946273e-01
5.100000000000000089e-01	2.328877051599111958e-01	5.715580822279148210e-01
5.150000000000000133e-01	2.321565763285664274e-01	5.715580507263060550e-01
5.200000000000000178e-01	2.314183203680561518e-01	5.715580186142350527e-01
5.250000000000000222e-01	2.306729374988779890e-01	5.715579858789266998e-01
5.300000000000000266e-01	2.299204279482862934e-01	5.715579525072000955e-01
5.350000000000000311e-01	2.291607919474125676e-01	5.715579184855051897e-01
5.400000000000000355e-01	2.283940297344896064e-01	5.715578837998606110e-01
5.450000000000000400e-01	2.276201415518763482e-01	5.715578484358860845e-01
5.500000000000000444e-01	2.268391276494019226e-01	5.715578123787428133e-01
5.550000000000000488e-01	2.260509882812890281e-01	5.715577756131610121e-01
5.600000000000000533e-01	2.252557237096256271e-01	5.715577381233818421e-01
5.649999999999999467e-01	2.244533342011810761e-01	5.715576998931812813e-01
5.699999999999999512e-01	2.236438200310134072e-01	5.715576609058133917e-01
5.749999999999999556e-01	2.228271814791717431e-01	5.715576211440286380e-01
5.799999999999999600e-01	2.220034188344483517e-01	5.715575805900208195e-01
5.849999999999999645e-01	2.211725323909601304e-01	5.715575392254383935e-01
5.899999999999999689e-01	2.203345224520549817e-01	5.715574970313347380e-01
5.949999999999999734e-01	2.194893893267650942e-01	5.715574539881719263e-01
5.999999999999999778e-01	2.186371333338780754e-01	5.715574100757763176e-01
6.049999999999999822e-01	2.177777547982539252e-01	5.715573652733324517e-01
6.099999999999999867e-01	2.169112540550718615e-01	5.715573195593433020e-01
6.149999999999999911e-01	2.160376314460028813e-01	5.715572729116163986e-01
6.199999999999999956e-01	2.151568873236443247e-01	5.715572253072281894e-01
6.250000000000000000e-01	2.142690220475386154e-01	5.715571767224988387e-01
6.300000000000000044e-01	2.133740359888085525e-01	5.715571271329645819e-01
6.350000000000000089e-01	2.124719295260127649e-01	5.715570765133389797e-01
6.400000000000000133e-01	2.115627030499959427e-01	5.715570248374927109e-01
6.450000000000000178e-01	2.106463569595698193e-01	5.715569720784018370e-01
6.500000000000000222e-01	2.097228916665944409e-01	5.715569182081350341e-01
6.550000000000000266e-01	2.087923075914728810e-01	5.715568631977859804e-01
6.600000000000000311e-01	2.078546051684802276e-01	5.715568070174716908e-01
6.650000000000000355e-01	2.069097848410601515e-01	5.715567496362452538e-01
6.700000000000000400e-01	2.059578470674196804e-01	5.715566910221064889e-01
6.750000000000000444e-01	2.049987923156137704e-01	5.715566311418939227e-01
6.800000000000000488e-01	2.040326210694266562e-01	5.715565699613082140e-01
6.850000000000000533e-01	2.030593338232296596e-01	5.715565074447812588e-01
6.899999999999999467e-01	2.020789310881707657e-01	5.715564435555142708e-01
6.949999999999999512e-01	2.010914133867899578e-01	5.715563782553204630e-01
6.999999999999999556e-01	2.000967812595414452e-01	5.715563115046804477e-01
7.049999999999999600e-01	1.990950352591492334e-01	5.715562432625546085e-01
7.099999999999999645e-01	1.980861759574881198e-01	5.715561734864580412e-01
7.149999999999999689e-01	1.970702039396608485e-01	5.715561021322391744e-01
7.199999999999999734e-01	1.960471198112673785e-01	5.715560291541770255e-01
7.249999999999999778e-01	1.950169241921829721e-01	5.715559545047206313e-01
7.299999999999999822e-01	1.939796177242475439e-01	5.715558781346126160e-01
7.349999999999999867e-01	1.929352010647227278e-01	5.715557999925838795e-01
7.399999999999999911e-01	1.918836748944368065e-01	5.715557200255064751e-01
7.449999999999999956e-01	1.908250399108959439e-01	5.715556381780390049e-01
7.500000000000000000e-01	1.897592968369239408e-01	5.715555543928121374e-01
7.550000000000000044e-01	1.886864464134014041e-01	5.715554686100169368e-01
7.600000000000000089e-01	1.876064894084432388e-01	5.715553807676292397e-01
7.650000000000000133e-01	1.865194266097364162e-01	5.715552908009321476e-01
7.700000000000000178e-01	1.854252588343036079e-01	5.715551986427849229e-01
7.750000000000000222e-01	1.843239869204074677e-01	5.715551042230706535e-01
7.800000000000000266e-01	1.832156117379534210e-01	5.715550074690155524e-01
7.850000000000000311e-01	1.821001341799255435e-01	5.715549083045515788e-01
7.900000000000000355e-01	1.809775551734879584e-01	5.715548066506940250e-01
7.950000000000000400e-01	1.798478756709135373e-01	5.715547024248052166e-01
8.000000000000000444e-01	1.787110966614500474e-01	5.715545955410402668e-01
8.050000000000000488e-01	1.775672191616992079e-01	5.715544859094977559e-01
8.100000000000000533e-01	1.764162442283212784e-01	5.715543734367419804e-01
8.149999999999999467e-01	1.752581729478180361e-01	5.715542580248256233e-01
8.199999999999999512e-01	1.740930064501583496e-01	5.715541395718997109e-01
8.249999999999999556e-01	1.729207458979129530e-01	5.715540179710882907e-01
8.299999999999999600e-01	1.717413925008942910e-01	5.715538931111996401e-01
8.349999999999999645e-01	1.705549475045858299e-01	5.715537648754308586e-01
8.399999999999999689e-01	1.693614122059005356e-01	5.715536331421965377e-01
8.449999999999999734e-01	1.681607879408409112e-01	5.715534977836352892e-01
8.499999999999999778e-01	1.669530761014943465e-01	5.715533586665747512e-01
8.549999999999999822e-01	1.657382781228534108e-01	5.715532156508102979e-01
8.599999999999999867e-01	1.645163955011811063e-01	5.715530685902262542e-01
8.649999999999999911e-01	1.632874297799127294e-01	5.715529173308108168e-01
8.699999999999999956e-01	1.620513825695425181e-01	5.715527617119600112e-01
8.750000000000000000e-01	1.608082555325196228e-01	5.715526015641840818e-01
8.800000000000000044e-01	1.595580504048275394e-01	5.715524367106238346e-01
8.850000000000000089e-01	1.583007689797764073e-01	5.715522669643998688e-01
8.900000000000000133e-01	1.570364131314716527e-01	5.715520921303748336e-01
8.950000000000000178e-01	1.557649847973925916e-01	5.715519120020849941e-01
9.000000000000000222e-01	1.544864860039743548e-01	5.715517263637905909e-01
9.050000000000000266e-01	1.532009188478503925e-01	5.715515349869182415e-01
9.100000000000000311e-01	1.519082855238043095e-01	5.715513376324480310e-01
9.150000000000000355e-01	1.506085883045382712e-01	5.715511340467830381e-01
9.200000000000000400e-01	1.493018295712901788e-01	5.715509239645294448e-01
9.250000000000000444e-01	1.479880117919730176e-01	5.715507071036926012e-01
9.300000000000000488e-01	1.466671375547985989e-01	5.715504831689198761e-01
9.350000000000000533e-01	1.453392095446119081e-01	5.715502518459006920e-01
9.399999999999999467e-01	1.440042305799170141e-01	5.715500128051547168e-01
9.449999999999999512e-01	1.426622035872085748e-01	5.715497656954908745e-01
9.499999999999999556e-01	1.413131316418586858e-01	5.715495101484382445e-01
9.549999999999999600e-01	1.399570179402210290e-01	5.715492457705881879e-01
9.599999999999999645e-01	1.385938658449147876e-01	5.715489721487864161e-01
9.649999999999999689e-01	1.372236788544462793e-01	5.715486888411444033e-01
9.699999999999999734e-01	1.358464606535178254e-01	5.715483953831362873e-01
9.749999999999999778e-01	1.344622150798763793e-01	5.715480912770181110e-01
9.799999999999999822e-01	1.330709461803857296e-01	5.715477759990038598e-01
9.849999999999999867e-01	1.316726581747711955e-01	5.715474489867731211e-01
9.899999999999999911e-01	1.302673555183270770e-01	5.715471096479383117e-01
9.949999999999999956e-01	1.288550428621787758e-01	5.715467573452486238e-01
1.000000000000000000e+00	1.274357251236606092e-01	5.715463914066063467e-01
1.004999999999999893e+00	1.260094074426616473e-01	5.715460111074824878e-01
1.010000000000000009e+00	1.245760952609075434e-01	5.715456156828011558e-01
1.015000000000000124e+00	1.231357942738914302e-01	5.715452043059646714e-01
1.020000000000000018e+00	1.216885105205396389e-01	5.715447761029963658e-01
1.024999999999999911e+00	1.202342503301528504e-01	5.715443301274261145e-01
1.030000000000000027e+00	1.187730204242372634e-01	5.715438653771776067e-01
1.035000000000000142e+00	1.173048278577951548e-01	5.715433807643692798e-01
1.040000000000000036e+00	1.158296801354788547e-01	5.715428751355527970e-01
1.044999999999999929e+00	1.143475851464655357e-01	5.715423472352388901e-01
1.050000000000000044e+00	1.128585512975642108e-01	5.715417957302447727e-01
1.055000000000000160e+00	1.113625874407894456e-01	5.715412191654313245e-01
1.060000000000000053e+00	1.098597030266457580e-01	5.715406159931165631e-01
1.064999999999999947e+00	1.083499080233730899e-01	5.715399845190851646e-01
1.070000000000000062e+00	1.068332130943884517e-01	5.715393229382814688e-01
1.075000000000000178e+00	1.053096295080132722e-01	5.715386292685941116e-01
1.080000000000000071e+00	1.037791693440170554e-01	5.715379013943762132e-01
1.084999999999999964e+00	1.022418453924440196e-01	5.715371369847602745e-01
1.090000000000000080e+00	1.006976713954524927e-01	5.715363335469972883e-01
1.095000000000000195e+00	9.914666193363762259e-02	5.715354883250510776e-01
1.100000000000000089e+00	9.758883271098138523e-02	5.715345983653347117e-01
1.104999999999999982e+00	9.602420042681472645e-02	5.715336603899709988e-01
1.110000000000000098e+00	9.445278311382446224e-02	5.715326708782889620e-01
1.115000000000000213e+00	9.287459999351514728e-02	5.715316259072669158e-01
1.120000000000000107e+00	9.128967188004363797e-02	5.715305212532153512e-01
1.125000000000000000e+00	8.969802101672740002e-02	5.715293521893245465e-01
1.129999999999999893e+00	8.809967156226618246e-02	5.715281136134086060e-01
1.134999999999999787e+00	8.649464940551690462e-02	5.715267997888425766e-01
1.139999999999999902e+00	8.488298275579264640e-02	5.715254045062423405e-01
1.145000000000000018e+00	8.326470193280834098e-02	5.715239207489075657e-01
1.149999999999999911e+00	8.163984008978830698e-02	5.715223408991003673e-01
1.154999999999999805e+00	8.000843297523593800e-02	5.715206563016748120e-01
1.159999999999999920e+00	7.837051982736184530e-02	5.715188575295460094e-01
1.165000000000000036e+00	7.672614310425028561e-02	5.715169338083334605e-01
1.169999999999999929e+00	7.507534960189825302e-02	5.715148733612256393e-01
1.174999999999999822e+00	7.341819014962522316e-02	5.715126626413631339e-01
1.179999999999999938e+00	7.175472102372081051e-02	5.715102867844402690e-01
1.185000000000000053e+00	7.008500360591951583e-02	5.715077285712688582e-01
1.189999999999999947e+00	6.840910619329974851e-02	5.715049690284115247e-01
1.194999999999999840e+00	6.672710361994362016e-02	5.715019860060625012e-01
1.199999999999999956e+00	6.503907960610828820e-02	5.714987549848645765e-01
1.205000000000000071e+00	6.334512634796415909e-02	5.714952470957734842e-01
1.209999999999999964e+00	6.164534761296269760e-02	5.714914302183435879e-01
1.214999999999999858e+00	5.993985831190222491e-02	5.714872661755800998e-01
1.219999999999999973e+00	5.822878864581541858e-02	5.714827122510077739e-01
1.225000000000000089e+00	5.651228369250801270e-02	5.714777171378127019e-01
1.229999999999999982e+00	5.479050906528600690e-02	5.714722230684745607e-01
1.234999999999999876e+00	5.306365058005955981e-02	5.714661598385351038e-01
1.239999999999999991e+00	5.133192213652535557e-02	5.714594478501279218e-01
1.245000000000000107e+00	4.959556559650527691e-02	5.714519890814777625e-01
1.250000000000000000e+00	4.785486201348955471e-02	5.714436715242099396e-01
1.254999999999999893e+00	4.611013197697467342e-02	5.714343551648813913e-01
1.260000000000000009e+00	4.436175202598227618e-02	5.714238786010203963e-01
1.265000000000000124e+00	4.261015595647568710e-02	5.714120366068424772e-01
1.270000000000000018e+00	4.085585950667376676e-02	5.713985902517393356e-01
1.274999999999999911e+00	3.909946360747091482e-02	5.713832297368788282e-01
1.280000000000000027e+00	3.734169271325063488e-02	5.713655903291261495e-01
1.285000000000000142e+00	3.558340195973987152e-02	5.713451883360004535e-01
1.290000000000000036e+00	3.382563883613531192e-02	5.713214470731285965e-01
1.294999999999999929e+00	3.206965826868555386e-02	5.712935815432285125e-01
1.300000000000000044e+00	3.031702578191497119e-02	5.712606425564851209e-01
1.305000000000000160e+00	2.856964888415429102e-02	5.712212983501062658e-01
1.310000000000000053e+00	2.682995682382996461e-02	5.711739136685602958e-01
1.314999999999999947e+00	2.510096586617136666e-02	5.711161128288401168e-01
1.320000000000000062e+00	2.338660478742955046e-02	5.710449323497533980e-01
1.325000000000000178e+00	2.169184981170273543e-02	5.709558956823652665e-01
1.330000000000000071e+00	2.002332797659946498e-02	5.708433422590870610e-01
1.334999999999999964e+00	1.838958269656589678e-02	5.706983714186217860e-01
1.340000000000000080e+00	1.680215963649928437e-02	5.705096806065860227e-01
1.345000000000000195e+00	1.527602186806321233e-02	5.702589527011066028e-01
1.350000000000000089e+00	1.383110682899530049e-02	5.699234900819198923e-01
1.354999999999999982e+00	1.249229583136487673e-02	5.694670031235560259e-01
1.360000000000000098e+00	1.128943389096365678e-02	5.688490396860784726e-01
1.365000000000000213e+00	1.025366620104451419e-02	5.680141038234144402e-01
1.370000000000000107e+00	9.409572902625510521e-03	5.669186673118585817e-01
1.375000000000000000e+00	8.766447201940147024e-03	5.655329061551132019e-01
1.379999999999999893e+00	8.309634393876410424e-03	5.638657469467301953e-01
1.384999999999999787e+00	8.006436359951279308e-03	5.619641063812483850e-01
1.389999999999999902e+00	7.815823840346132478e-03	5.598847339442308835e-01
1.395000000000000018e+00	7.700518395451965391e-03	5.576916729560852382e-01
1.399999999999999911e+00	7.632755922260952251e-03	5.554266183691413117e-01
1.404999999999999805e+00	7.593366528264796321e-03	5.531237097255746749e-01
1.409999999999999920e+00	7.570799243949763620e-03	5.508006241621989929e-01
1.415000000000000036e+00	7.557820218818677403e-03	5.484702921496582562e-01
1.419999999999999929e+00	7.550403665143859931e-03	5.461388596494786141e-01
1.424999999999999822e+00	7.546107235960337022e-03	5.438106520509269348e-01
1.429999999999999938e+00	7.543608154496743781e-03	5.414876541230977391e-01
1.435000000000000053e+00	7.542112041608995017e-03	5.391712386699456516e-01
1.439999999999999947e+00	7.541192508577346416e-03	5.368620160603408964e-01
1.444999999999999840e+00	7.540594334372291430e-03	5.345603993061736059e-01
1.449999999999999956e+00	7.540180936695853320e-03	5.322665577953655802e-01
1.455000000000000071e+00	7.539870652166872321e-03	5.299805982947430882e-01
1.459999999999999964e+00	7.539619824102190143e-03	5.277025503710039978e-01
1.464999999999999858e+00	7.539402359846243684e-03	5.254324240104533139e-01
1.469999999999999973e+00	7.539204315747408992e-03	5.231702049553432765e-01
1.475000000000000089e+00	7.539017358746794711e-03	5.209158730337337673e-01
1.479999999999999982e+00	7.538837035908859709e-03	5.186694006290860637e-01
1.484999999999999876e+00	7.538660685562067164e-03	5.164307585352486685e-01
1.489999999999999991e+00	7.538486884724374983e-03	5.141999154201157829e-01
1.495000000000000107e+00	7.538314782122818719e-03	5.119768397234389923e-01
1.500000000000000000e+00	7.538143921815167355e-03	5.097614994370854857e-01
1.504999999999999893e+00	7.537974030294795555e-03	5.075538627475151277e-01
1.510000000000000009e+00	7.537804960205574285e-03	5.053538979177971679e-01
1.515000000000000124e+00	7.537636622408316195e-03	5.031615735312786608e-01
1.520000000000000018e+00	7.537468968021101938e-03	5.009768584071693232e-01
1.524999999999999911e+00	7.537301966749912485e-03	4.987997217168556596e-01
1.530000000000000027e+00	7.537135601156626577e-03	4.966301329113798624e-01
1.535000000000000142e+00	7.536969859750948519e-03	4.944680617964343772e-01
1.540000000000000036e+00	7.536804735158734482e-03	4.923134784648083295e-01
1.544999999999999929e+00	7.536640221922523593e-03	4.901663533573500375e-01
1.550000000000000044e+00	7.536476315913745970e-03	4.880266571981387580e-01
1.555000000000000160e+00	7.536313013634807038e-03	4.858943610500924271e-01
1.560000000000000053e+00	7.536150312027956565e-03	4.837694362521078317e-01
1.564999999999999947e+00	7.535988208256043028e-03	4.816518544720962414e-01
1.570000000000000062e+00	7.535826699637913385e-03	4.795415876458088977e-01
1.575000000000000178e+00	7.535665783581673056e-03	4.774386080282185807e-01
1.580000000000000071e+00	7.535505457560497805e-03	4.753428881338958578e-01
1.584999999999999964e+00	7.535345719094417409e-03	4.732544007870611580e-01
1.590000000000000080e+00	7.535186565739094601e-03	4.711731190634297906e-01
1.595000000000000195e+00	7.535027995083004408e-03	4.690990163390707512e-01
1.600000000000000089e+00	7.534870004740416329e-03	4.670320662336544526e-01
1.604999999999999982e+00	7.534712592353415284e-03	4.649722426581914814e-01
1.610000000000000098e+00	7.534555755586309737e-03	4.629195197596271960e-01
1.615000000000000213e+00	7.534399492129125429e-03	4.608738719675142814e-01
1.620000000000000107e+00	7.534243799692540849e-03	4.588352739398985358e-01
1.625000000000000000e+00	7.534088676011789498e-03	4.568037006089712415e-01
1.629999999999999893e+00	7.533934118841848632e-03	4.547791271281957926e-01
1.634999999999999787e+00	7.533780125961403104e-03	4.527615289169824031e-01
1.639999999999999902e+00	7.533626695168182431e-03	4.507508816090054493e-01
1.645000000000000018e+00	7.533473824282896879e-03	4.487471610959407053e-01
1.649999999999999911e+00	7.533321511144685546e-03	4.467503434769273252e-01
1.654999999999999805e+00	7.533169753614992609e-03	4.447604051014045767e-01
1.659999999999999920e+00	7.533018549573112545e-03	4.427773225196729445e-01
1.665000000000000036e+00	7.532867896919994387e-03	4.408010725248694972e-01
1.669999999999999929e+00	7.532717793573891034e-03	4.388316321045829249e-01
1.674999999999999822e+00	7.532568237474078499e-03	4.368689784820020683e-01
1.679999999999999938e+00	7.532419226576604968e-03	4.349130890685444784e-01
1.685000000000000053e+00	7.532270758857937190e-03	4.329639415042121908e-01
1.689999999999999947e+00	7.532122832310794540e-03	4.310215136111935075e-01
1.694999999999999840e+00	7.531975444947728617e-03	4.290857834334571574e-01
1.699999999999999956e+00	7.531828594797044911e-03	4.271567291912902742e-01
1.705000000000000071e+00	7.531682279906308682e-03	4.252343293201626961e-01
1.709999999999999964e+00	7.531536498338353355e-03	4.233185624261629476e-01
1.714999999999999858e+00	7.531391248174722219e-03	4.214094073241633209e-01
1.719999999999999973e+00	7.531246527511752283e-03	4.195068429941179455e-01
1.725000000000000089e+00	7.531102334463956986e-03	4.176108486185575730e-01
1.729999999999999982e+00	7.530958667160186394e-03	4.157214035397169827e-01
1.734999999999999876e+00	7.530815523746944851e-03	4.138384872963857264e-01
1.739999999999999991e+00	7.530672902384630100e-03	4.119620795818312864e-01
1.745000000000000107e+00	7.530530801250792834e-03	4.100921602800347565e-01
1.750000000000000000e+00	7.530389218536443462e-03	4.082287094243777781e-01
1.754999999999999893e+00	7.530248152449256147e-03	4.063717072332870828e-01
1.760000000000000009e+00	7.530107601209947571e-03	4.045211340696559521e-01
1.765000000000000124e+00	7.529967563055425459e-03	4.026769704759231017e-01
1.770000000000000018e+00	7.529828036235230657e-03	4.008391971341987436e-01
1.774999999999999911e+00	7.529689019014637955e-03	3.990077949008007940e-01
1.780000000000000027e+00	7.529550509671156279e-03	3.971827447670587263e-01
1.785000000000000142e+00	7.529412506497587879e-03	3.953640278933299168e-01
1.790000000000000036e+00	7.529275007798581429e-03	3.935516255704542554e-01
1.794999999999999929e+00	7.529138011893646114e-03	3.917455192532708352e-01
1.800000000000000044e+00	7.529001517113769783e-03	3.899456905226996173e-01
1.805000000000000160e+00	7.528865521804375786e-03	3.881521211187792253e-01
1.810000000000000053e+00	7.528730024322005318e-03	3.863647929033499628e-01
1.814999999999999947e+00	7.528595023037228280e-03	3.845836878926332525e-01
1.820000000000000062e+00	7.528460516331381136e-03	3.828087882204919690e-01
1.825000000000000178e+00	7.528326502599432674e-03	3.810400761705719508e-01
1.830000000000000071e+00	7.528192980246777369e-03	3.792775341401157241e-01
1.834999999999999964e+00	7.528059947692058648e-03	3.775211446716839614e-01
1.840000000000000080e+00	7.527927403364011692e-03	3.757708904175024456e-01
1.845000000000000195e+00	7.527795345704250268e-03	3.740267541707807397e-01
1.850000000000000089e+00	7.527663773164155504e-03	3.722887188305706863e-01
1.854999999999999982e+00	7.527532684207626293e-03	3.705567674326990524e-01
1.860000000000000098e+00	7.527402077308015770e-03	3.688308831151185241e-01
1.865000000000000213e+00	7.527271950950846155e-03	3.671110491484706473e-01
1.870000000000000107e+00	7.527142303630784265e-03	3.653972489019093328e-01
1.875000000000000000e+00	7.527013133854326861e-03	3.636894658733090258e-01
1.879999999999999893e+00	7.526884440136823867e-03	3.619876836555436794e-01
1.884999999999999787e+00	7.526756221005117750e-03	3.602918859663548634e-01
1.889999999999999902e+00	7.526628474994619643e-03	3.586020566150670552e-01
1.895000000000000018e+00	7.526501200651914032e-03	3.569181795321320072e-01
1.899999999999999911e+00	7.526374396531870445e-03	3.552402387362621483e-01
1.904999999999999805e+00	7.526248061200222113e-03	3.535682183636643106e-01
1.909999999999999920e+00	7.526122193230714956e-03	3.519021026355765303e-01
1.915000000000000036e+00	7.525996791207657625e-03	3.502418758872034021e-01
1.919999999999999929e+00	7.525871853723104313e-03	3.485875225356406815e-01
1.924999999999999822e+00	7.525747379379380507e-03	3.469390271085244226e-01
1.929999999999999938e+00	7.525623366786300499e-03	3.452963742123288382e-01
1.935000000000000053e+00	7.525499814563661911e-03	3.436595485607420453e-01
1.939999999999999947e+00	7.525376721338503105e-03	3.420285349433212496e-01
1.944999999999999840e+00	7.525254085747569953e-03	3.404033182536074786e-01
1.949999999999999956e+00	7.525131906434605333e-03	3.387838834581242686e-01
1.955000000000000071e+00	7.525010182052789889e-03	3.371702156242418202e-01
1.959999999999999964e+00	7.524888911262067950e-03	3.355622998895074760e-01
1.964999999999999858e+00	7.524768092731556196e-03	3.339601214892686243e-01
1.969999999999999973e+00	7.524647725136909479e-03	3.323636657263212557e-01
1.975000000000000089e+00	7.524527807162701733e-03	3.307729179983039391e-01
1.979999999999999982e+00	7.524408337499818682e-03	3.291878637676517450e-01
1.984999999999999876e+00	7.524289314847819668e-03	3.276084885887701192e-01
1.989999999999999991e+00	7.524170737912360719e-03	3.260347780782826832e-01
1.995000000000000107e+00	7.524052605407534691e-03	3.244667179419948866e-01
2.000000000000000000e+00	7.523934916053317754e-03	3.229042939454244143e-01
2.004999999999999893e+00	7.523817668577887849e-03	3.213474919405625019e-01
2.009999999999999787e+00	7.523700861715105874e-03	3.197962978366771791e-01
2.014999999999999680e+00	7.523584494206808984e-03	3.182506976268809629e-01
2.020000000000000018e+00	7.523468564800316928e-03	3.167106773591958913e-01
2.024999999999999911e+00	7.523353072250707138e-03	3.151762231629363642e-01
2.029999999999999805e+00	7.523238015318345351e-03	3.136473212200254768e-01
2.035000000000000142e+00	7.523123392771144217e-03	3.121239577912003904e-01
2.040000000000000036e+00	7.523009203382117344e-03	3.106061191875722494e-01
2.044999999999999929e+00	7.522895445931616215e-03	3.090937917966604664e-01
2.049999999999999822e+00	7.522782119204912861e-03	3.075869620541865079e-01
2.054999999999999716e+00	7.522669221994414228e-03	3.060856164699450321e-01
2.060000000000000053e+00	7.522556753097276068e-03	3.045897415998225499e-01
2.064999999999999947e+00	7.522444711317589558e-03	3.030993240715131321e-01
2.069999999999999840e+00	7.522333095464021208e-03	3.016143505567525640e-01
2.075000000000000178e+00	7.522221904351990805e-03	3.001348077968838957e-01
2.080000000000000071e+00	7.522111136801319133e-03	2.986606825753022609e-01
2.084999999999999964e+00	7.522000791638399839e-03	2.971919617428748772e-01
2.089999999999999858e+00	7.521890867693865369e-03	2.957286321905875925e-01
2.094999999999999751e+00	7.521781363804741494e-03	2.942706808748272729e-01
2.100000000000000089e+00	7.521672278812138387e-03	2.928180947902220277e-01
2.104999999999999982e+00	7.521563611563381740e-03	2.913708609947915362e-01
2.109999999999999876e+00	7.521455360909730728e-03	2.899289665829739571e-01
2.115000000000000213e+00	7.521347525708492639e-03	2.884923987106489118e-01
2.120000000000000107e+00	7.521240104820759061e-03	2.870611445683460827e-01
2.125000000000000000e+00	7.521133097113507499e-03	2.856351914061450170e-01
2.129999999999999893e+00	7.521026501457354040e-03	2.842145265070581961e-01
2.134999999999999787e+00	7.520920316728641093e-03	2.827991372118139890e-01
2.140000000000000124e+00	7.520814541807212608e-03	2.813890108924071987e-01
2.145000000000000018e+00	7.520709175578485332e-03	2.799841349767698828e-01
2.149999999999999911e+00	7.520604216931237040e-03	2.785844969224844925e-01
2.155000000000000249e+00	7.520499664759675192e-03	2.771900842413448363e-01
2.160000000000000142e+00	7.520395517961232963e-03	2.758008844732284803e-01
2.165000000000000036e+00	7.520291775438624898e-03	2.744168852105516310e-01
2.169999999999999929e+00	7.520188436097671562e-03	2.730380740722937460e-01
2.174999999999999822e+00	7.520085498849329170e-03	2.716644387283521644e-01
2.180000000000000160e+00	7.519982962607535924e-03	2.702959668737133780e-01
2.185000000000000053e+00	7.519880826291230370e-03	2.689326462527112382e-01
2.189999999999999947e+00	7.519779088822211612e-03	2.675744646333398924e-01
2.195000000000000284e+00	7.519677749127148987e-03	2.662214098314178434e-01
2.200000000000000178e+00	7.519576806135453567e-03	2.648734696850404968e-01
2.205000000000000071e+00	7.519476258781277421e-03	2.635306320786524603e-01
2.209999999999999964e+00	7.519376106001405061e-03	2.621928849176339282e-01
2.214999999999999858e+00	7.519276346737232761e-03	2.608602161522859952e-01
2.220000000000000195e+00	7.519176979932683420e-03	2.595326137525465482e-01
2.225000000000000089e+00	7.519078004536170270e-03	2.582100657318910364e-01
2.229999999999999982e+00	7.518979419498523879e-03	2.568925601221742072e-01
2.235000000000000320e+00	7.518881223774951522e-03	2.555800849974485534e-01
2.240000000000000213e+00	7.518783416322971994e-03	2.542726284489295607e-01
2.245000000000000107e+00	7.518685996104368906e-03	2.529701786087335535e-01
2.250000000000000000e+00	7.518588962083139378e-03	2.516727236249622912e-01
2.254999999999999893e+00	7.518492313227431723e-03	2.503802516853637639e-01
2.259999999999999787e+00	7.518396048507512350e-03	2.490927509925328076e-01
2.264999999999999680e+00	7.518300166897693045e-03	2.478102097874963494e-01
2.270000000000000018e+00	7.518204667374308280e-03	2.465326163250270708e-01
2.274999999999999911e+00	7.518109548917638156e-03	2.452599588971559885e-01
2.279999999999999805e+00	7.518014810509891788e-03	2.439922258085956974e-01
2.285000000000000142e+00	7.517920451137124170e-03	2.427294054001812862e-01
2.290000000000000036e+00	7.517826469787230841e-03	2.414714860244024652e-01
2.294999999999999929e+00	7.517732865451857809e-03	2.402184560687735115e-01
2.299999999999999822e+00	7.517639637124408358e-03	2.389703039314706456e-01
2.304999999999999716e+00	7.517546783801938234e-03	2.377270180446344194e-01
2.310000000000000053e+00	7.517454304483181526e-03	2.364885868501093724e-01
2.314999999999999947e+00	7.517362198170431109e-03	2.352549988226800559e-01
2.319999999999999840e+00	7.517270463867582742e-03	2.340262424459106649e-01
2.325000000000000178e+00	7.517179100582000763e-03	2.328023062353158368e-01
2.330000000000000071e+00	7.517088107322572599e-03	2.315831787142998421e-01
2.334999999999999964e+00	7.516997483101575325e-03	2.303688484372616863e-01
2.339999999999999858e+00	7.516907226932731910e-03	2.291593039656313058e-01
2.344999999999999751e+00	7.516817337833070836e-03	2.279545338909122476e-01
2.350000000000000089e+00	7.516727814820996223e-03	2.267545268108118739e-01
2.354999999999999982e+00	7.516638656918139642e-03	2.255592713522226178e-01
2.359999999999999876e+00	7.516549863147438046e-03	2.243687561474445036e-01
2.365000000000000213e+00	7.516461432534978643e-03	2.231829698571056453e-01
2.370000000000000107e+00	7.516373364108086368e-03	2.220019011464766656e-01
2.375000000000000000e+00	7.516285656897163554e-03	2.208255387083299104e-01
2.379999999999999893e+00	7.516198309933786077e-03	2.196538712393444892e-01
2.384999999999999787e+00	7.516111322252533485e-03	2.184868874629057045e-01
2.390000000000000124e+00	7.516024692889096415e-03	2.173245761055988823e-01
2.395000000000000018e+00	7.515938420882103260e-03	2.161669259199499038e-01
2.399999999999999911e+00	7.515852505271231922e-03	2.150139256610059946e-01
2.405000000000000249e+00	7.515766945099027797e-03	2.138655641090177195e-01
2.410000000000000142e+00	7.515681739409032017e-03	2.127218300461071465e-01
2.415000000000000036e+00	7.515596887247588155e-03	2.115827122788903614e-01
2.419999999999999929e+00	7.515512387661979141e-03	2.104481996152315904e-01
2.424999999999999822e+00	7.515428239702226162e-03	2.093182808868081779e-01
2.430000000000000160e+00	7.515344442419239455e-03	2.081929449259487253e-01
2.435000000000000053e+00	7.515260994866605933e-03	2.070721805881407251e-01
2.439999999999999947e+00	7.515177896098749512e-03	2.059559767289521892e-01
2.445000000000000284e+00	7.515095145172710940e-03	2.048443222264816621e-01
2.450000000000000178e+00	7.515012741146325469e-03	2.037372059583637540e-01
2.455000000000000071e+00	7.514930683079983596e-03	2.026346168241606738e-01
2.459999999999999964e+00	7.514848970034820885e-03	2.015365437224503897e-01
2.464999999999999858e+00	7.514767601074479574e-03	2.004429755731610974e-01
2.470000000000000195e+00	7.514686575263298390e-03	1.993539012947410094e-01
2.475000000000000089e+00	7.514605891668072433e-03	1.982693098264356191e-01
2.479999999999999982e+00	7.514525549356249924e-03	1.971891901055384533e-01
2.485000000000000320e+00	7.514445547397681675e-03	1.961135310896106043e-01
2.490000000000000213e+00	7.514365884862833460e-03	1.950423217338135284e-01
2.495000000000000107e+00	7.514286560824524203e-03	1.939755510130695415e-01
2.500000000000000000e+00	7.514207574356149624e-03	1.929132078994757749e-01
2.504999999999999893e+00	7.514128924533410893e-03	1.918552813844069671e-01
2.509999999999999787e+00	7.514050610432546941e-03	1.908017604560094116e-01
2.514999999999999680e+00	7.513972631132057045e-03	1.897526341212456558e-01
2.520000000000000018e+00	7.513894985710945287e-03	1.887078913834684957e-01
2.524999999999999911e+00	7.513817673250431858e-03	1.876675212644074442e-01
2.529999999999999805e+00	7.513740692832205324e-03	1.866315127818222175e-01
2.535000000000000142e+00	7.513664043540131329e-03	1.855998549714301948e-01
2.540000000000000036e+00	7.513587724458507464e-03	1.845725368646408127e-01
2.544999999999999929e+00	7.513511734673772834e-03	1.835495475104225449e-01
2.549999999999999822e+00	7.513436073272767267e-03	1.825308759531175662e-01
2.554999999999999716e+00	7.513360739344430474e-03	1.815165112542489190e-01
2.560000000000000053e+00	7.513285731978075130e-03	1.805064424704152515e-01
2.564999999999999947e+00	7.513211050265079100e-03	1.795006586750373667e-01
2.569999999999999840e+00	7.513136693297161987e-03	1.784991489363331740e-01
2.575000000000000178e+00	7.513062660168075627e-03	1.775019023390027040e-01
2.580000000000000071e+00	7.512988949971886703e-03	1.765089079622841894e-01
2.584999999999999964e+00	7.512915561804660303e-03	1.755201549015766860e-01
2.589999999999999858e+00	7.512842494762751212e-03	1.745356322465768939e-01
2.594999999999999751e+00	7.512769747944481394e-03	1.735553291028394396e-01
2.600000000000000089e+00	7.512697320448437355e-03	1.725792345699944663e-01
2.604999999999999982e+00	7.512625211375141554e-03	1.716073377632446328e-01
2.609999999999999876e+00	7.512553419825364516e-03	1.706396277916640281e-01
2.615000000000000213e+00	7.512481944901777155e-03	1.696760937796308877e-01
2.620000000000000107e+00	7.512410785707278500e-03	1.687167248452085544e-01
2.625000000000000000e+00	7.512339941346642819e-03	1.677615101215131077e-01
2.629999999999999893e+00	7.512269410924849941e-03	1.668104387351763140e-01
2.634999999999999787e+00	7.512199193548731516e-03	1.658634998276476424e-01
2.640000000000000124e+00	7.512129288325303939e-03	1.649206825337395377e-01
2.645000000000000018e+00	7.512059694363411137e-03	1.639819760028634610e-01
2.649999999999999911e+00	7.511990410772066175e-03	1.630473693776573196e-01
2.655000000000000249e+00	7.511921436662083625e-03	1.621168518151544780e-01
2.660000000000000142e+00	7.511852771144431583e-03	1.611904124654952308e-01
2.665000000000000036e+00	7.511784413331857105e-03	1.602680404930261204e-01
2.669999999999999929e+00	7.511716362337247758e-03	1.593497250550964250e-01
2.674999999999999822e+00	7.511648617275246652e-03	1.584354553230883922e-01
2.680000000000000160e+00	7.511581177260624395e-03	1.575252204612973828e-01
2.685000000000000053e+00	7.511514041409889791e-03	1.566190096478929095e-01
2.689999999999999947e+00	7.511447208839662666e-03	1.557168120538830469e-01
2.695000000000000284e+00	7.511380678668281956e-03	1.548186168640047211e-01
2.700000000000000178e+00	7.511314450014189813e-03	1.539244132557741895e-01
2.705000000000000071e+00	7.511248521997528418e-03	1.530341904203047498e-01
2.709999999999999964e+00	7.511182893738530160e-03	1.521479375414435675e-01
2.714999999999999858e+00	7.511117564359113576e-03	1.512656438165165818e-01
2.720000000000000195e+00	7.511052532981278736e-03	1.503872984355520692e-01
2.725000000000000089e+00	7.510987798728692780e-03	1.495128906019521087e-01
2.729999999999999982e+00	7.510923360725100910e-03	1.486424095118027422e-01
2.735000000000000320e+00	7.510859218095896316e-03	1.477758443744709993e-01
2.740000000000000213e+00	7.510795369966544177e-03	1.469131843920039038e-01
2.745000000000000107e+00	7.510731815464146387e-03	1.460544187796481708e-01
2.750000000000000000e+00	7.510668553715869021e-03	1.451995367453388641e-01
2.754999999999999893e+00	7.510605583850500991e-03	1.443485275101425436e-01
2.759999999999999787e+00	7.510542904996891922e-03	1.435013802878345457e-01
2.764999999999999680e+00	7.510480516285502131e-03	1.426580843052649428e-01
2.770000000000000018e+00	7.510418416846848313e-03	1.418186287820258351e-01
2.774999999999999911e+00	7.510356605813046579e-03	1.409830029507380955e-01
2.779999999999999805e+00	7.510295082316267683e-03	1.401511960368098109e-01
2.785000000000000142e+00	7.510233845490268782e-03	1.393231972786429240e-01
2.790000000000000036e+00	7.510172894468861680e-03	1.384989959074837407e-01
2.794999999999999929e+00	7.510112228387435043e-03	1.376785811675480808e-01
2.799999999999999822e+00	7.510051846381430446e-03	1.368619422959643783e-01
2.804999999999999716e+00	7.509991747587858521e-03	1.360490685428165925e-01
2.810000000000000053e+00	7.509931931143781943e-03	1.352399491511806218e-01
2.814999999999999947e+00	7.509872396187823769e-03	1.344345733770843931e-01
2.819999999999999840e+00	7.509813141858660834e-03	1.336329304696380893e-01
2.825000000000000178e+00	7.509754167296524285e-03	1.328350096909090838e-01
2.830000000000000071e+00	7.509695471641697311e-03	1.320408002961482863e-01
2.834999999999999964e+00	7.509637054036013941e-03	1.312502915535792014e-01
2.839999999999999858e+00	7.509578913621360249e-03	1.304634727247193926e-01
2.844999999999999751e+00	7.509521049541169682e-03	1.296803330840839152e-01
2.850000000000000089e+00	7.509463460938930329e-03	1.289008618996029532e-01
2.854999999999999982e+00	7.509406146959669848e-03	1.281250484522373223e-01
2.859999999999999876e+00	7.509349106748479212e-03	1.273528820164936681e-01
2.865000000000000213e+00	7.509292339451982892e-03	1.265843518799512346e-01
2.870000000000000107e+00	7.509235844216869543e-03	1.258194473238755384e-01
2.875000000000000000e+00	7.509179620191361315e-03	1.250581576426547936e-01
2.879999999999999893e+00	7.509123666523751482e-03	1.243004721245129229e-01
2.884999999999999787e+00	7.509067982363859008e-03	1.235463800708550552e-01
2.890000000000000124e+00	7.509012566861584387e-03	1.227958707770799018e-01
2.895000000000000018e+00	7.508957419168350335e-03	1.220489335518341600e-01
2.899999999999999911e+00	7.508902538435663701e-03	1.213055576979250594e-01
2.905000000000000249e+00	7.508847923816557891e-03	1.205657325314809930e-01
2.910000000000000142e+00	7.508793574464156517e-03	1.198294473629668566e-01
2.915000000000000036e+00	7.508739489533106277e-03	1.190966915162499362e-01
2.919999999999999929e+00	7.508685668178151883e-03	1.183674543097170129e-01
2.924999999999999822e+00	7.508632109555561998e-03	1.176417250752458815e-01
2.930000000000000160e+00	7.508578812821712842e-03	1.169194931394253317e-01
2.935000000000000053e+00	7.508525777134501984e-03	1.162007478424302714e-01
2.939999999999999947e+00	7.508473001651947559e-03	1.154854785193455552e-01
2.945000000000000284e+00	7.508420485533587319e-03	1.147736745189439217e-01
2.950000000000000178e+00	7.508368227939087383e-03	1.140653251851148214e-01
2.955000000000000071e+00	7.508316228029636961e-03	1.133604198755436554e-01
2.959999999999999964e+00	7.508264484966564040e-03	1.126589479432462404e-01
2.964999999999999858e+00	7.508212997912722293e-03	1.119608987551487661e-01
2.970000000000000195e+00	7.508161766031112849e-03	1.112662616737283006e-01
2.975000000000000089e+00	7.508110788486265126e-03	1.105750260754928688e-01
2.979999999999999982e+00	7.508060064442867269e-03	1.098871813327289421e-01
2.985000000000000320e+00	7.508009593067139185e-03	1.092027168318794178e-01
2.990000000000000213e+00	7.507959373525473386e-03	1.085216219554000910e-01
2.995000000000000107e+00	7.507909404985792408e-03	1.078438861000348414e-01
3.000000000000000000e+00	7.507859686616205272e-03	1.071694986587801851e-01
3.004999999999999893e+00	7.507810217586357963e-03	1.064984490390580019e-01
3.009999999999999787e+00	7.507760997066092491e-03	1.058307266447892220e-01
3.014999999999999680e+00	7.507712024226793901e-03	1.051663208944617484e-01
3.020000000000000018e+00	7.507663298240053670e-03	1.045052212033148603e-01
3.024999999999999911e+00	7.507614818279012385e-03	1.038474170013019698e-01
3.029999999999999805e+00	7.507566583517033543e-03	1.031928977153854787e-01
3.035000000000000142e+00	7.507518593129029749e-03	1.025416527873934947e-01
3.040000000000000036e+00	7.507470846290153002e-03	1.018936716564267930e-01
3.044999999999999929e+00	7.507423342177109611e-03	1.012489437766075501e-01
3.049999999999999822e+00	7.507376079966860023e-03	1.006074585995992282e-01
3.054999999999999716e+00	7.507329058837925069e-03	9.996920559224728442e-02
3.060000000000000053e+00	7.507282277969091859e-03	9.933417421921197921e-02
3.064999999999999947e+00	7.507235736540716561e-03	9.870235396050008880e-02
3.069999999999999840e+00	7.507189433733438104e-03	9.807373429421162303e-02
3.075000000000000178e+00	7.507143368729468809e-03	9.744830471396161153e-02
3.080000000000000071e+00	7.507097540711316769e-03	9.682605471174156320e-02
3.084999999999999964e+00	7.507051948863073879e-03	9.620697379523013293e-02
3.089999999999999858e+00	7.507006592369145151e-03	9.559105147077012754e-02
3.094999999999999751e+00	7.506961470415523738e-03	9.497827726056717879e-02
3.100000000000000089e+00	7.506916582188531521e-03	9.436864068578289244e-02
3.104999999999999982e+00	7.506871926876086329e-03	9.376213128362125004e-02
3.109999999999999876e+00	7.506827503666453801e-03	9.315873859053787343e-02
3.115000000000000213e+00	7.506783311749500726e-03	9.255845215921322533e-02
3.120000000000000107e+00	7.506739350315460788e-03	9.196126154187961310e-02
3.125000000000000000e+00	7.506695618556174024e-03	9.136715630717923142e-02
3.129999999999999893e+00	7.506652115663865581e-03	9.077612602360980720e-02
3.134999999999999787e+00	7.506608840832376499e-03	9.018816027626762322e-02
3.140000000000000124e+00	7.506565793255948540e-03	8.960324865041156828e-02
3.145000000000000018e+00	7.506522972130449771e-03	8.902138074809003154e-02
3.149999999999999911e+00	7.506480376652164589e-03	8.844254617182467637e-02
3.155000000000000249e+00	7.506438006019015841e-03	8.786673454112040038e-02
3.160000000000000142e+00	7.506395859429357449e-03	8.729393547626920769e-02
3.165000000000000036e+00	7.506353936083189592e-03	8.672413861474219388e-02
3.169999999999999929e+00	7.506312235180967810e-03	8.615733359511455747e-02
3.174999999999999822e+00	7.506270755924797367e-03	8.559351007333898531e-02
3.180000000000000160e+00	7.506229497517258840e-03	8.503265770679162283e-02
3.185000000000000053e+00	7.506188459162592939e-03	8.447476617042726232e-02
3.189999999999999947e+00	7.506147640065534768e-03	8.391982514094596668e-02
3.195000000000000284e+00	7.506107039432488234e-03	8.336782431282888095e-02
3.200000000000000178e+00	7.506066656470368990e-03	8.281875338262778552e-02
3.205000000000000071e+00	7.506026490387773635e-03	8.227260206487957417e-02
3.209999999999999964e+00	7.505986540393831327e-03	8.172936007651887547e-02
3.214999999999999858e+00	7.505946805699358244e-03	8.118901715267164143e-02
3.220000000000000195e+00	7.505907285515723074e-03	8.065156303119121184e-02
3.225000000000000089e+00	7.505867979055993663e-03	8.011698746832968121e-02
3.229999999999999982e+00	7.505828885533808587e-03	7.958528022339785013e-02
3.235000000000000320e+00	7.505790004164516853e-03	7.905643107431459260e-02
3.240000000000000213e+00	7.505751334164055544e-03	7.853042980239086090e-02
3.245000000000000107e+00	7.505712874750086055e-03	7.800726620775594311e-02
3.250000000000000000e+00	7.505674625140875203e-03	7.748693009426650680e-02
3.254999999999999893e+00	7.505636584556424525e-03	7.696941128480891403e-02
3.259999999999999787e+00	7.505598752217363528e-03	7.645469960633376194e-02
3.264999999999999680e+00	7.505561127346065120e-03	7.594278490503390822e-02
3.270000000000000018e+00	7.505523709165549257e-03	7.543365703150464729e-02
3.274999999999999911e+00	7.505486496900591435e-03	7.492730585579712721e-02
3.279999999999999805e+00	7.505449489776636757e-03	7.442372125270453609e-02
3.285000000000000142e+00	7.505412687020892801e-03	7.392289311668961971e-02
3.290000000000000036e+00	7.505376087861258434e-03	7.342481134729861303e-02
3.294999999999999929e+00	7.505339691527408881e-03	7.292946586396215070e-02
3.299999999999999822e+00	7.505303497249726265e-03	7.243684659153577787e-02
3.304999999999999716e+00	7.505267504260383811e-03	7.194694347497529452e-02
3.310000000000000053e+00	7.505231711792280727e-03	7.145974646500402594e-02
3.314999999999999947e+00	7.505196119080116864e-03	7.097524553266142122e-02
3.319999999999999840e+00	7.505160725359344073e-03	7.049343065509822148e-02
3.325000000000000178e+00	7.505125529867220056e-03	7.001429182999711898e-02
3.330000000000000071e+00	7.505090531841780536e-03	6.953781906149668346e-02
3.334999999999999964e+00	7.505055730522875758e-03	6.906400237448367951e-02
3.339999999999999858e+00	7.505021125151150468e-03	6.859283180064565388e-02
3.344999999999999751e+00	7.504986714969083886e-03	6.812429739263475836e-02
3.350000000000000089e+00	7.504952499219966211e-03	6.765838921024910912e-02
3.354999999999999982e+00	7.504918477148931656e-03	6.719509733446804578e-02
3.359999999999999876e+00	7.504884648001949703e-03	6.673441185376252638e-02
3.365000000000000213e+00	7.504851011026844251e-03	6.627632287800069855e-02
3.370000000000000107e+00	7.504817565472296156e-03	6.582082052488844037e-02
3.375000000000000000e+00	7.504784310588848498e-03	6.536789493374468851e-02
3.379999999999999893e+00	7.504751245627927329e-03	6.491753625207197231e-02
3.384999999999999787e+00	7.504718369842830472e-03	6.446973464920190133e-02
3.390000000000000124e+00	7.504685682487757803e-03	6.402448030299531800e-02
3.395000000000000018e+00	7.504653182818795711e-03	6.358176341335747273e-02
3.399999999999999911e+00	7.504620870092951722e-03	6.314157418906857222e-02
3.405000000000000249e+00	7.504588743569132886e-03	6.270390286116808709e-02
3.410000000000000142e+00	7.504556802507186472e-03	6.226873966991586240e-02
3.415000000000000036e+00	7.504525046168872282e-03	6.183607487804531483e-02
3.419999999999999929e+00	7.504493473816911155e-03	6.140589875785511242e-02
3.424999999999999822e+00	7.504462084715946869e-03	6.097820160433110176e-02
3.430000000000000160e+00	7.504430878131608529e-03	6.055297372236902870e-02
3.435000000000000053e+00	7.504399853331455983e-03	6.013020543976464738e-02
3.439999999999999947e+00	7.504369009584056956e-03	5.970988709456748200e-02
3.445000000000000284e+00	7.504338346159921194e-03	5.929200904793877763e-02
3.450000000000000178e+00	7.504307862330588871e-03	5.887656167163728138e-02
3.455000000000000071e+00	7.504277557369554326e-03	5.846353536074437585e-02
3.459999999999999964e+00	7.504247430551357935e-03	5.805292052128101926e-02
3.464999999999999858e+00	7.504217481152508987e-03	5.764470758280130364e-02
3.470000000000000195e+00	7.504187708450587961e-03	5.723888698614034570e-02
3.475000000000000089e+00	7.504158111725150321e-03	5.683544919587520811e-02
3.479999999999999982e+00	7.504128690256844404e-03	5.643438468820473342e-02
3.485000000000000320e+00	7.504099443328304808e-03	5.603568396327730794e-02
3.490000000000000213e+00	7.504070370223282424e-03	5.563933753320274289e-02
3.495000000000000107e+00	7.504041470227525677e-03	5.524533593424685307e-02
3.500000000000000000e+00	7.504012742627916635e-03	5.485366971497530192e-02
3.504999999999999893e+00	7.503984186713348777e-03	5.446432944831496037e-02
3.509999999999999787e+00	7.503955801773869172e-03	5.407730571982957007e-02
3.514999999999999680e+00	7.503927587101547579e-03	5.369258913964789631e-02
3.520000000000000018e+00	7.503899541989629031e-03	5.331017033087147999e-02
3.524999999999999911e+00	7.503871665733392524e-03	5.293003994136922380e-02
3.529999999999999805e+00	7.503843957629311411e-03	5.255218863231706644e-02
3.535000000000000142e+00	7.503816416975905151e-03	5.217660708985910611e-02
3.540000000000000036e+00	7.503789043072908380e-03	5.180328601377949538e-02
3.544999999999999929e+00	7.503761835222110509e-03	5.143221612902965090e-02
3.549999999999999822e+00	7.503734792726541279e-03	5.106338817453236201e-02
3.554999999999999716e+00	7.503707914891293018e-03	5.069679291457527409e-02
3.560000000000000053e+00	7.503681201022718329e-03	5.033242112774693328e-02
3.564999999999999947e+00	7.503654650429243678e-03	4.997026361819679324e-02
3.569999999999999840e+00	7.503628262420579224e-03	4.961031120470297401e-02
3.575000000000000178e+00	7.503602036308515931e-03	4.925255473179854931e-02
3.580000000000000071e+00	7.503575971406148404e-03	4.889698505897160236e-02
3.584999999999999964e+00	7.503550067028667662e-03	4.854359307165702353e-02
3.589999999999999858e+00	7.503524322492583117e-03	4.819236967056905740e-02
3.594999999999999751e+00	7.503498737116513599e-03	4.784330578255925615e-02
3.600000000000000089e+00	7.503473310220416283e-03	4.749639235008063648e-02
3.604999999999999982e+00	7.503448041126368172e-03	4.715162034191208024e-02
3.609999999999999876e+00	7.503422929157805427e-03	4.680898074275407356e-02
3.615000000000000213e+00	7.503397973640292713e-03	4.646846456381926310e-02
3.620000000000000107e+00	7.503373173900772936e-03	4.613006283256020079e-02
3.625000000000000000e+00	7.503348529268330513e-03	4.579376660312597935e-02
3.629999999999999893e+00	7.503324039073447187e-03	4.545956694622155236e-02
3.634999999999999787e+00	7.503299702648755752e-03	4.512745495943067814e-02
3.640000000000000124e+00	7.503275519328305408e-03	4.479742175720664854e-02
3.645000000000000018e+00	7.503251488448305084e-03	4.446945848106199223e-02
3.649999999999999911e+00	7.503227609346404398e-03	4.414355628969002937e-02
3.655000000000000249e+00	7.503203881362418767e-03	4.381970636902120242e-02
3.660000000000000142e+00	7.503180303837623383e-03	4.349789992247624082e-02
3.665000000000000036e+00	7.503156876115472246e-03	4.317812818088848786e-02
3.669999999999999929e+00	7.503133597540893873e-03	4.286038239288818968e-02
3.674999999999999822e+00	7.503110467461007738e-03	4.254465383469189371e-02
3.680000000000000160e+00	7.503087485224428643e-03	4.223093380061743174e-02
3.685000000000000053e+00	7.503064650181969289e-03	4.191921361273990426e-02
3.689999999999999947e+00	7.503041961685955920e-03	4.160948461153745476e-02
3.695000000000000284e+00	7.503019419090923951e-03	4.130173816541445747e-02
3.700000000000000178e+00	7.502997021752942294e-03	4.099596566147751392e-02
3.705000000000000071e+00	7.502974769030294235e-03	4.069215851492583719e-02
3.709999999999999964e+00	7.502952660282817370e-03	4.039030815995754697e-02
3.714999999999999858e+00	7.502930694872576682e-03	4.009040605902732674e-02
3.720000000000000195e+00	7.502908872163201875e-03	3.979244369388261482e-02
3.725000000000000089e+00	7.502887191520563916e-03	3.949641257468922834e-02
3.729999999999999982e+00	7.502865652312118439e-03	3.920230423119684671e-02
3.735000000000000320e+00	7.502844253907564945e-03	3.891011022173248429e-02
3.740000000000000213e+00	7.502822995678213626e-03	3.861982212449574514e-02
3.745000000000000107e+00	7.502801876997622875e-03	3.833143154641985295e-02
3.750000000000000000e+00	7.502780897240977388e-03	3.804493011459639945e-02
3.754999999999999893e+00	7.502760055785722207e-03	3.776030948500468803e-02
3.759999999999999787e+00	7.502739352010946022e-03	3.747756133406509454e-02
3.764999999999999680e+00	7.502718785298005677e-03	3.719667736723729357e-02
3.770000000000000018e+00	7.502698355029919879e-03	3.691764931070187078e-02
3.774999999999999911e+00	7.502678060591981557e-03	3.664046891982748744e-02
3.779999999999999805e+00	7.502657901371166324e-03	3.636512797098085531e-02
3.785000000000000142e+00	7.502637876756729218e-03	3.609161826986280464e-02
3.790000000000000036e+00	7.502617986139626174e-03	3.581993164344649677e-02
3.794999999999999929e+00	7.502598228913101228e-03	3.555005994818261073e-02
3.799999999999999822e+00	7.502578604472115789e-03	3.528199506206524533e-02
3.804999999999999716e+00	7.502559112213926309e-03	3.501572889270686273e-02
3.810000000000000053e+00	7.502539751537524830e-03	3.475125336953132499e-02
3.814999999999999947e+00	7.502520521844205370e-03	3.448856045171913576e-02
3.819999999999999840e+00	7.502501422537013152e-03	3.422764212052722271e-02
3.825000000000000178e+00	7.502482453021304919e-03	3.396849038710433172e-02
3.830000000000000071e+00	7.502463612704205094e-03	3.371109728493775631e-02
3.834999999999999964e+00	7.502444900995155694e-03	3.345545487753910641e-02
3.839999999999999858e+00	7.502426317305381162e-03	3.320155525101737420e-02
3.844999999999999751e+00	7.502407861048433074e-03	3.294939052163582682e-02
3.850000000000000089e+00	7.502389531639661914e-03	3.269895282851068702e-02
3.854999999999999982e+00	7.502371328496749633e-03	3.245023434103955218e-02
3.859999999999999876e+00	7.502353251039195307e-03	3.220322725172543310e-02
3.865000000000000213e+00	7.502335298688836418e-03	3.195792378347701856e-02
3.870000000000000107e+00	7.502317470869341448e-03	3.171431618255764195e-02
3.875000000000000000e+00	7.502299767006725094e-03	3.147239672575788405e-02
3.879999999999999893e+00	7.502282186528846930e-03	3.123215771346890546e-02
3.884999999999999787e+00	7.502264728865922286e-03	3.099359147672780396e-02
3.890000000000000124e+00	7.502247393450025247e-03	3.075669037041503864e-02
3.895000000000000018e+00	7.502230179715589121e-03	3.052144678017283327e-02
3.899999999999999911e+00	7.502213087098924191e-03	3.028785311572630007e-02
3.905000000000000249e+00	7.502196115038706897e-03	3.005590181767508334e-02
3.910000000000000142e+00	7.502179262975501930e-03	2.982558535093812399e-02
3.915000000000000036e+00	7.502162530352250551e-03	2.959689621141899790e-02
3.919999999999999929e+00	7.502145916613792674e-03	2.936982691957323519e-02
3.924999999999999822e+00	7.502129421207351725e-03	2.914437002694850870e-02
3.930000000000000160e+00	7.502113043582066265e-03	2.892051810987386617e-02
3.935000000000000053e+00	7.502096783189460098e-03	2.869826377587476884e-02
3.939999999999999947e+00	7.502080639482991246e-03	2.847759965748430239e-02
3.945000000000000284e+00	7.502064611918506445e-03	2.825851841853352711e-02
3.950000000000000178e+00	7.502048699953797924e-03	2.804101274808390790e-02
3.955000000000000071e+00	7.502032903049054430e-03	2.782507536659334368e-02
3.959999999999999964e+00	7.502017220666424083e-03	2.761069901996964296e-02
3.964999999999999858e+00	7.502001652270456726e-03	2.739787648561280847e-02
3.970000000000000195e+00	7.501986197327673717e-03	2.718660056658863539e-02
3.975000000000000089e+00	7.501970855307002473e-03	2.697686409754799369e-02
3.979999999999999982e+00	7.501955625679358405e-03	2.676865993902016044e-02
3.985000000000000320e+00	7.501940507918065590e-03	2.656198098320923864e-02
3.990000000000000213e+00	7.501925501498449105e-03	2.635682014840706744e-02
3.995000000000000107e+00	7.501910605898247895e-03	2.615317038466726321e-02
4.000000000000000000e+00	7.501895820597214055e-03	2.595102466833686464e-02
4.004999999999999893e+00	7.501881145077518749e-03	2.575037600760879050e-02
4.009999999999999787e+00	7.501866578823358431e-03	2.555121743717166105e-02
4.014999999999999680e+00	7.501852121321352963e-03	2.535354202364118945e-02
4.019999999999999574e+00	7.501837772060160510e-03	2.515734286032760350e-02
4.025000000000000355e+00	7.501823530530863510e-03	2.496261307254643569e-02
4.030000000000000249e+00	7.501809396226600049e-03	2.476934581250325035e-02
4.035000000000000142e+00	7.501795368642932491e-03	2.457753426448414449e-02
4.040000000000000036e+00	7.501781447277493589e-03	2.438717163985712477e-02
4.044999999999999929e+00	7.501767631630342111e-03	2.419825118214325929e-02
4.049999999999999822e+00	7.501753921203616754e-03	2.401076616213392023e-02
4.054999999999999716e+00	7.501740315501890036e-03	2.382470988284316263e-02
4.059999999999999609e+00	7.501726814031825681e-03	2.364007567474021854e-02
4.064999999999999503e+00	7.501713416302521233e-03	2.345685690058368217e-02
4.070000000000000284e+00	7.501700121825178452e-03	2.327504695076871091e-02
4.075000000000000178e+00	7.501686930113437256e-03	2.309463924804374541e-02
4.080000000000000071e+00	7.501673840683049585e-03	2.291562724297167494e-02
4.084999999999999964e+00	7.501660853052211607e-03	2.273800441852941862e-02
4.089999999999999858e+00	7.501647966741242790e-03	2.256176428568303777e-02
4.094999999999999751e+00	7.501635181272907696e-03	2.238690038787046269e-02
4.099999999999999645e+00	7.501622496172104596e-03	2.221340629668978189e-02
4.105000000000000426e+00	7.501609910966179455e-03	2.204127561626612747e-02
4.110000000000000320e+00	7.501597425184623226e-03	2.187050197905232585e-02
4.115000000000000213e+00	7.501585038359377157e-03	2.170107905008040669e-02
4.120000000000000107e+00	7.501572750024537023e-03	2.153300052287409130e-02
4.125000000000000000e+00	7.501560559716652365e-03	2.136626012358572996e-02
4.129999999999999893e+00	7.501548466974434191e-03	2.120085160701981608e-02
4.134999999999999787e+00	7.501536471339049876e-03	2.103676876065600082e-02
4.139999999999999680e+00	7.501524572353843873e-03	2.087400540078324096e-02
4.144999999999999574e+00	7.501512769564611799e-03	2.071255537640918215e-02
4.150000000000000355e+00	7.501501062519336759e-03	2.055241256550436463e-02
4.155000000000000249e+00	7.501489450768459091e-03	2.039357087879896044e-02
4.160000000000000142e+00	7.501477933864610960e-03	2.023602425613599612e-02
4.165000000000000036e+00	7.501466511362885232e-03	2.007976667015612046e-02
4.169999999999999929e+00	7.501455182820577876e-03	1.992479212275952150e-02
4.174999999999999822e+00	7.501443947797443827e-03	1.977109464867913072e-02
4.179999999999999716e+00	7.501432805855448929e-03	1.961866831205051620e-02
4.185000000000000497e+00	7.501421756559020597e-03	1.946750720987437677e-02
4.190000000000000391e+00	7.501410799474810161e-03	1.931760546869392206e-02
4.195000000000000284e+00	7.501399934171925320e-03	1.916895724794682315e-02
4.200000000000000178e+00	7.501389160221707229e-03	1.902155673674951752e-02
4.205000000000000071e+00	7.501378477197956883e-03	1.887539815713978539e-02
4.209999999999999964e+00	7.501367884676713067e-03	1.873047576096682071e-02
4.214999999999999858e+00	7.501357382236477009e-03	1.858678383302521733e-02
4.219999999999999751e+00	7.501346969457998136e-03	1.844431668805035507e-02
4.224999999999999645e+00	7.501336645924485715e-03	1.830306867374422233e-02
4.230000000000000426e+00	7.501326411221403284e-03	1.816303416787540606e-02
4.235000000000000320e+00	7.501316264936678559e-03	1.802420758119772926e-02
4.240000000000000213e+00	7.501306206660497862e-03	1.788658335465406063e-02
4.245000000000000107e+00	7.501296235985513428e-03	1.775015596218813482e-02
4.250000000000000000e+00	7.501286352506643905e-03	1.761491990805198402e-02
4.254999999999999893e+00	7.501276555821270384e-03	1.748086972951142307e-02
4.259999999999999787e+00	7.501266845529050778e-03	1.734799999425620104e-02
4.264999999999999680e+00	7.501257221232105442e-03	1.721630530300020251e-02
4.269999999999999574e+00	7.501247682534835891e-03	1.708578028699346552e-02
4.275000000000000355e+00	7.501238229044105213e-03	1.695641961051782762e-02
4.280000000000000249e+00	7.501228860369067199e-03	1.682821796850015456e-02
4.285000000000000142e+00	7.501219576121335476e-03	1.670117008890407290e-02
4.290000000000000036e+00	7.501210375914819581e-03	1.657527073044369123e-02
4.294999999999999929e+00	7.501201259365888017e-03	1.645051468487211330e-02
4.299999999999999822e+00	7.501192226093213872e-03	1.632689677479517987e-02
4.304999999999999716e+00	7.501183275717925730e-03	1.620441185585734176e-02
4.309999999999999609e+00	7.501174407863462831e-03	1.608305481465452727e-02
4.314999999999999503e+00	7.501165622155719914e-03	1.596282057081822511e-02
4.320000000000000284e+00	7.501156918222907574e-03	1.584370407502684250e-02
4.325000000000000178e+00	7.501148295695691040e-03	1.572570031098890000e-02
4.330000000000000071e+00	7.501139754207053999e-03	1.560880429355182043e-02
4.334999999999999964e+00	7.501131293392436505e-03	1.549301107058488614e-02
4.339999999999999858e+00	7.501122912889603145e-03	1.537831572118518973e-02
4.344999999999999751e+00	7.501114612338770533e-03	1.526471335746079627e-02
4.349999999999999645e+00	7.501106391382485888e-03	1.515219912283318968e-02
4.355000000000000426e+00	7.501098249665745857e-03	1.504076819372137698e-02
4.360000000000000320e+00	7.501090186835882891e-03	1.493041577794002907e-02
4.365000000000000213e+00	7.501082202542678004e-03	1.482113711628538395e-02
4.370000000000000107e+00	7.501074296438251486e-03	1.471292748102828556e-02
4.375000000000000000e+00	7.501066468177172188e-03	1.460578217740271523e-02
4.379999999999999893e+00	7.501058717416348234e-03	1.449969654219295141e-02
4.384999999999999787e+00	7.501051043815135447e-03	1.439466594512546667e-02
4.389999999999999680e+00	7.501043447035238461e-03	1.429068578754944321e-02
4.394999999999999574e+00	7.501035926740799199e-03	1.418775150373270851e-02
4.400000000000000355e+00	7.501028482598316206e-03	1.408585855963514176e-02
4.405000000000000249e+00	7.501021114276724445e-03	1.398500245410931597e-02
4.410000000000000142e+00	7.501013821447316370e-03	1.388517871776576325e-02
4.415000000000000036e+00	7.501006603783818248e-03	1.378638291407926174e-02
4.419999999999999929e+00	7.500999460962319045e-03	1.368861063834544457e-02
4.424999999999999822e+00	7.500992392661337202e-03	1.359185751869334234e-02
4.429999999999999716e+00	7.500985398561755592e-03	1.349611921513237979e-02
4.435000000000000497e+00	7.500978478346888301e-03	1.340139142047206203e-02
4.440000000000000391e+00	7.500971631702412976e-03	1.330766985945882469e-02
4.445000000000000284e+00	7.500964858316435876e-03	1.321495028960344674e-02
4.450000000000000178e+00	7.500958157879430294e-03	1.312322850040694572e-02
4.455000000000000071e+00	7.500951530084293793e-03	1.303250031409653939e-02
4.459999999999999964e+00	7.500944974626295308e-03	1.294276158493986965e-02
4.464999999999999858e+00	7.500938491203123712e-03	1.285400819989023294e-02
4.469999999999999751e+00	7.500932079514840978e-03	1.276623607798847183e-02
4.474999999999999645e+00	7.500925739263926417e-03	1.267944117091822365e-02
4.480000000000000426e+00	7.500919470155233311e-03	1.259361946249461239e-02
4.485000000000000320e+00	7.500913271896027940e-03	1.250876696913044879e-02
4.490000000000000213e+00	7.500907144195956625e-03	1.242487973941076504e-02
4.495000000000000107e+00	7.500901086767070014e-03	1.234195385447070352e-02
4.500000000000000000e+00	7.500895099323803134e-03	1.225998542765551445e-02
4.504999999999999893e+00	7.500889181582990131e-03	1.217897060481072831e-02
4.509999999999999787e+00	7.500883333263852135e-03	1.209890556402679236e-02
4.514999999999999680e+00	7.500877554088003323e-03	1.201978651584223456e-02
4.519999999999999574e+00	7.500871843779448322e-03	1.194160970307220869e-02
4.525000000000000355e+00	7.500866202064580476e-03	1.186437140092554132e-02
4.530000000000000249e+00	7.500860628672180973e-03	1.178806791691638239e-02
4.535000000000000142e+00	7.500855123333420582e-03	1.171269559089585348e-02
4.540000000000000036e+00	7.500849685781855319e-03	1.163825079504611330e-02
4.544999999999999929e+00	7.500844315753424710e-03	1.156472993382748858e-02
4.549999999999999822e+00	7.500839012986459595e-03	1.149212944405398652e-02
4.554999999999999716e+00	7.500833777221666519e-03	1.142044579475661251e-02
4.559999999999999609e+00	7.500828608202140743e-03	1.134967548733977101e-02
4.564999999999999503e+00	7.500823505673352362e-03	1.127981505536159411e-02
4.570000000000000284e+00	7.500818469383161921e-03	1.121086106477039816e-02
4.575000000000000178e+00	7.500813499081795260e-03	1.114281011360271183e-02
4.580000000000000071e+00	7.500808594521869536e-03	1.107565883229904777e-02
4.584999999999999964e+00	7.500803755458366334e-03	1.100940388332047673e-02
4.589999999999999858e+00	7.500798981648652483e-03	1.094404196154296662e-02
4.594999999999999751e+00	7.500794272852454904e-03	1.087956979379319476e-02
4.599999999999999645e+00	7.500789628831892701e-03	1.081598413932076223e-02
4.605000000000000426e+00	7.500785049351432060e-03	1.075328178925399024e-02
4.610000000000000320e+00	7.500780534177930482e-03	1.069145956714926543e-02
4.615000000000000213e+00	7.500776083080589948e-03	1.063051432836760977e-02
4.620000000000000107e+00	7.500771695831004622e-03	1.057044296070025827e-02
4.625000000000000000e+00	7.500767372203103606e-03	1.051124238366703788e-02
4.629999999999999893e+00	7.500763111973209052e-03	1.045290954921731033e-02
4.634999999999999787e+00	7.500758914919972847e-03	1.039544144095075687e-02
4.639999999999999680e+00	7.500754780824436460e-03	1.033883507489313618e-02
4.644999999999999574e+00	7.500750709469967623e-03	1.028308749864017234e-02
4.650000000000000355e+00	7.500746700642321046e-03	1.022819579220731259e-02
4.655000000000000249e+00	7.500742754129569902e-03	1.017415706709772459e-02
4.660000000000000142e+00	7.500738869722176939e-03	1.012096846722519879e-02
4.665000000000000036e+00	7.500735047212915563e-03	1.006862716790672685e-02
4.669999999999999929e+00	7.500731286396944419e-03	1.001713037685797794e-02
4.674999999999999822e+00	7.500727587071728472e-03	9.966475333111436685e-03
4.679999999999999716e+00	7.500723949037117928e-03	9.916659308083553004e-03
4.685000000000000497e+00	7.500720372095257167e-03	9.867679604419189038e-03
4.690000000000000391e+00	7.500716856050680149e-03	9.819533557129689685e-03
4.695000000000000284e+00	7.500713400710207202e-03	9.772218532364389601e-03
4.700000000000000178e+00	7.500710005883039558e-03	9.725731928618889729e-03
4.705000000000000071e+00	7.500706671380663951e-03	9.680071175434417155e-03
4.709999999999999964e+00	7.500703397016947153e-03	9.635233734675452411e-03
4.714999999999999858e+00	7.500700182608030162e-03	9.591217099157686374e-03
4.719999999999999751e+00	7.500697027972431409e-03	9.548018793994427628e-03
4.724999999999999645e+00	7.500693932930940083e-03	9.505636375153954376e-03
4.730000000000000426e+00	7.500690897306717606e-03	9.464067430873700920e-03
4.735000000000000320e+00	7.500687920925187477e-03	9.423309580147896242e-03
4.740000000000000213e+00	7.500685003614146300e-03	9.383360474208747234e-03
4.745000000000000107e+00	7.500682145203643215e-03	9.344217794945153255e-03
4.750000000000000000e+00	7.500679345526096130e-03	9.305879256450254669e-03
4.754999999999999893e+00	7.500676604416169416e-03	9.268342603371801033e-03
4.759999999999999787e+00	7.500673921710892741e-03	9.231605612525324231e-03
4.764999999999999680e+00	7.500671297249536171e-03	9.195666091177055398e-03
4.769999999999999574e+00	7.500668730873730726e-03	9.160521878721846617e-03
4.775000000000000355e+00	7.500666222427334814e-03	9.126170844899434559e-03
4.780000000000000249e+00	7.500663771756572139e-03	9.092610891536496640e-03
4.785000000000000142e+00	7.500661378709885113e-03	9.059839950696953539e-03
4.790000000000000036e+00	7.500659043138070171e-03	9.027855986487210924e-03
4.794999999999999929e+00	7.500656764894139857e-03	8.996656993141442793e-03
4.799999999999999822e+00	7.500654543833457262e-03	8.966240996889264167e-03
4.804999999999999716e+00	7.500652379813592917e-03	8.936606053976729053e-03
4.809999999999999609e+00	7.500650272694463563e-03	8.907750252595736731e-03
4.814999999999999503e+00	7.500648222338182972e-03	8.879671710841407009e-03
4.820000000000000284e+00	7.500646228609209390e-03	8.852368578702533158e-03
4.825000000000000178e+00	7.500644291374187686e-03	8.825839035956189668e-03
4.830000000000000071e+00	7.500642410502103737e-03	8.800081294218279476e-03
4.834999999999999964e+00	7.500640585864123966e-03	8.775093594776239847e-03
4.839999999999999858e+00	7.500638817333746267e-03	8.750874210698917147e-03
4.844999999999999751e+00	7.500637104786643007e-03	8.727421444608174025e-03
4.849999999999999645e+00	7.500635448100815422e-03	8.704733630847385703e-03
4.855000000000000426e+00	7.500633847156425345e-03	8.682809133192567752e-03
4.860000000000000320e+00	7.500632301835960872e-03	8.661646347078746228e-03
4.865000000000000213e+00	7.500630812024063759e-03	8.641243697251508107e-03
4.870000000000000107e+00	7.500629377607694222e-03	8.621599640050464641e-03
4.875000000000000000e+00	7.500627998475957459e-03	8.602712661001921807e-03
4.879999999999999893e+00	7.500626674520273658e-03	8.584581277158619822e-03
4.884999999999999787e+00	7.500625405634197586e-03	8.567204034634434348e-03
4.889999999999999680e+00	7.500624191713591189e-03	8.550579510999590724e-03
4.894999999999999574e+00	7.500623032656445789e-03	8.534706312758082863e-03
4.900000000000000355e+00	7.500621928363052950e-03	8.519583077797713427e-03
4.905000000000000249e+00	7.500620878735820597e-03	8.505208472811017981e-03
4.910000000000000142e+00	7.500619883679456035e-03	8.491581195799213430e-03
4.915000000000000036e+00	7.500618943100771652e-03	8.478699973437501744e-03
4.919999999999999929e+00	7.500618056908872275e-03	8.466563563632220624e-03
4.924999999999999822e+00	7.500617225014958277e-03	8.455170752831238021e-03
4.929999999999999716e+00	7.500616447332518130e-03	8.444520358633463702e-03
4.935000000000000497e+00	7.500615723777121976e-03	8.434611227045108253e-03
4.940000000000000391e+00	7.500615054266627189e-03	8.425442235140939706e-03
4.945000000000000284e+00	7.500614438720963270e-03	8.417012288267205003e-03
4.950000000000000178e+00	7.500613877062330473e-03	8.409320322753688001e-03
4.955000000000000071e+00	7.500613369214999444e-03	8.402365303064098304e-03
4.959999999999999964e+00	7.500612915105508115e-03	8.396146224558250631e-03
4.964999999999999858e+00	7.500612514662446592e-03	8.390662110590692974e-03
4.969999999999999751e+00	7.500612167816669666e-03	8.385912015322113944e-03
4.974999999999999645e+00	7.500611874501073896e-03	8.381895020767079346e-03
4.980000000000000426e+00	7.500611634650810981e-03	8.378610239653990974e-03
4.985000000000000320e+00	7.500611448203068320e-03	8.376056812422557826e-03
4.990000000000000213e+00	7.500611315097278908e-03	8.374233910131515315e-03
4.995000000000000107e+00	7.500611235274901034e-03	8.373140731406776560e-03
5.000000000000000000e+00	7.500611208679629910e-03	8.372776505396035962e-03
