# coordinate_x	h	p	@time=0.01
0.000000000000000000e+00	4.999937733270921614e-01	2.000119868031097869e+00
5.000000000000000104e-03	4.999812733003023979e-01	2.000119774639022907e+00
1.000000000000000021e-02	4.999437732240166743e-01	2.000119494370639295e+00
1.499999999999999944e-02	4.998812731026331391e-01	2.000119027126688209e+00
2.000000000000000042e-02	4.997937729468376888e-01	2.000118372666443545e+00
2.500000000000000139e-02	4.996812727688846878e-01	2.000117530714162317e+00
2.999999999999999889e-02	4.995437725871786361e-01	2.000116500856947699e+00
3.500000000000000333e-02	4.993812724216758481e-01	2.000115282648061488e+00
4.000000000000000083e-02	4.991937722985042569e-01	2.000113875505148187e+00
4.499999999999999833e-02	4.989812722453604299e-01	2.000112278812859135e+00
5.000000000000000278e-02	4.987437722961466369e-01	2.000110491822319148e+00
5.500000000000000028e-02	4.984812724863576516e-01	2.000108513752786976e+00
5.999999999999999778e-02	4.981937728577383040e-01	2.000106343692729105e+00
6.500000000000000222e-02	4.978812734536556261e-01	2.000103980700210560e+00
7.000000000000000666e-02	4.975437743237812183e-01	2.000101423705940018e+00
7.500000000000001110e-02	4.971812755194441324e-01	2.000098671612067225e+00
8.000000000000000167e-02	4.967937770983413270e-01	2.000095723197580888e+00
8.499999999999999223e-02	4.963812791198685126e-01	2.000092577215191625e+00
8.999999999999999667e-02	4.959437816498617480e-01	2.000089232299475661e+00
9.500000000000000111e-02	4.954812847559019184e-01	2.000085687061507134e+00
1.000000000000000056e-01	4.949937885120916370e-01	2.000081940000173031e+00
1.050000000000000100e-01	4.944812929943297464e-01	2.000077989594207128e+00
1.100000000000000006e-01	4.939437982851260234e-01	2.000073834217119373e+00
1.149999999999999911e-01	4.933813044688426519e-01	2.000069472226279732e+00
1.199999999999999956e-01	4.927938116365499499e-01	2.000064901881932311e+00
1.250000000000000000e-01	4.921813198812309276e-01	2.000060121432960081e+00
1.300000000000000044e-01	4.915438293026810346e-01	2.000055129040488655e+00
1.350000000000000089e-01	4.908813400026727503e-01	2.000049922859948648e+00
1.400000000000000133e-01	4.901938520899019047e-01	2.000044500969806904e+00
1.450000000000000178e-01	4.894813656751086928e-01	2.000038861449529914e+00
1.499999999999999944e-01	4.887438808760735665e-01	2.000033002314018038e+00
1.549999999999999989e-01	4.879813978126912866e-01	2.000026921587054307e+00
1.600000000000000033e-01	4.871939166120183851e-01	2.000020617242060261e+00
1.650000000000000078e-01	4.863814374032980337e-01	2.000014087270602037e+00
1.700000000000000122e-01	4.855439603230604084e-01	2.000007329630126840e+00
1.749999999999999889e-01	4.846814855100954333e-01	2.000000342307080903e+00
1.799999999999999933e-01	4.837940131106077679e-01	1.999993123272338025e+00
1.849999999999999978e-01	4.828815432731355384e-01	1.999985670538465765e+00
1.900000000000000022e-01	4.819440761537603923e-01	1.999977982123608555e+00
1.950000000000000067e-01	4.809816119109697752e-01	1.999970056102425620e+00
2.000000000000000111e-01	4.799941507109228844e-01	1.999961890579247115e+00
2.050000000000000155e-01	4.789816927222551590e-01	1.999953483732194393e+00
2.099999999999999922e-01	4.779442381213994673e-01	1.999944833796485577e+00
2.149999999999999967e-01	4.768817870873311993e-01	1.999935939101236793e+00
2.200000000000000011e-01	4.757943398069445773e-01	1.999926798063859978e+00
2.250000000000000056e-01	4.746818964697370746e-01	1.999917409219037712e+00
2.300000000000000100e-01	4.735444572732387392e-01	1.999907771225220898e+00
2.349999999999999867e-01	4.723820224176365490e-01	1.999897882885265821e+00
2.399999999999999911e-01	4.711945921112536961e-01	1.999887743166112397e+00
2.449999999999999956e-01	4.699821665651136571e-01	1.999877351210577858e+00
2.500000000000000000e-01	4.687447459984665499e-01	1.999866706371365987e+00
2.550000000000000044e-01	4.674823306332937523e-01	1.999855808213527153e+00
2.600000000000000089e-01	4.661949206998762252e-01	1.999844656564023992e+00
2.650000000000000133e-01	4.648825164312415659e-01	1.999833251504390619e+00
2.700000000000000178e-01	4.635451180687681916e-01	1.999821593437160594e+00
2.750000000000000222e-01	4.621827258565771035e-01	1.999809683068293209e+00
2.800000000000000266e-01	4.607953400471649363e-01	1.999797521491846641e+00
2.850000000000000311e-01	4.593829608957436528e-01	1.999785110161796720e+00
2.899999999999999800e-01	4.579455886658927444e-01	1.999772450996416762e+00
2.949999999999999845e-01	4.564832236238521301e-01	1.999759546339189731e+00
2.999999999999999889e-01	4.549958660441817959e-01	1.999746399084427972e+00
3.049999999999999933e-01	4.534835162040135592e-01	1.999733012627086692e+00
3.099999999999999978e-01	4.519461743887055460e-01	1.999719391011230529e+00
3.150000000000000022e-01	4.503838408860596498e-01	1.999705538868690624e+00
3.200000000000000067e-01	4.487965159919539149e-01	1.999691461592043140e+00
3.250000000000000111e-01	4.471842000045361809e-01	1.999677165262236045e+00
3.300000000000000155e-01	4.455468932298146112e-01	1.999662656847799758e+00
3.350000000000000200e-01	4.438845959758379589e-01	1.999647944121791809e+00
3.400000000000000244e-01	4.421973085582224239e-01	1.999633035888996213e+00
3.449999999999999734e-01	4.404850312943317525e-01	1.999617941892829487e+00
3.499999999999999778e-01	4.387477645087137779e-01	1.999602673072299108e+00
3.549999999999999822e-01	4.369855085272955630e-01	1.999587241459877873e+00
3.599999999999999867e-01	4.351982636826998152e-01	1.999571660469977585e+00
3.649999999999999911e-01	4.333860303084726695e-01	1.999555944789259243e+00
3.699999999999999956e-01	4.315488087442448384e-01	1.999540110698327489e+00
3.750000000000000000e-01	4.296865993300129083e-01	1.999524175956515215e+00
3.800000000000000044e-01	4.277994024111042015e-01	1.999508160158396608e+00
3.850000000000000089e-01	4.258872183325367322e-01	1.999492084615800414e+00
3.900000000000000133e-01	4.239500474437398192e-01	1.999475972750573760e+00
3.950000000000000178e-01	4.219878900930215115e-01	1.999459849977453185e+00
4.000000000000000222e-01	4.200007466319902183e-01	1.999443744134264289e+00
4.050000000000000266e-01	4.179886174101626883e-01	1.999427685370362529e+00
4.099999999999999756e-01	4.159515027790230968e-01	1.999411706615098261e+00
4.149999999999999800e-01	4.138894030868106588e-01	1.999395843477877799e+00
4.199999999999999845e-01	4.118023186821428427e-01	1.999380134755233573e+00
4.249999999999999889e-01	4.096902499090266936e-01	1.999364622350193743e+00
4.299999999999999933e-01	4.075531971099626838e-01	1.999349351817643949e+00
4.349999999999999978e-01	4.053911606212299845e-01	1.999334372312706609e+00
4.400000000000000022e-01	4.032041407753752527e-01	1.999319737173207878e+00
4.450000000000000067e-01	4.009921378968300254e-01	1.999305503909238446e+00
4.500000000000000111e-01	3.987551523036725887e-01	1.999291734820404010e+00
4.550000000000000155e-01	3.964931843036456627e-01	1.999278497041758751e+00
4.600000000000000200e-01	3.942062341950639537e-01	1.999265863192045911e+00
4.649999999999999689e-01	3.918943022633081252e-01	1.999253911494899061e+00
4.699999999999999734e-01	3.895573887807313174e-01	1.999242726452382657e+00
4.749999999999999778e-01	3.871954940037185544e-01	1.999232399064883703e+00
4.799999999999999822e-01	3.848086181714233667e-01	1.999223027521844553e+00
4.849999999999999867e-01	3.823967615034927769e-01	1.999214717549312015e+00
4.899999999999999911e-01	3.799599241974408459e-01	1.999207583106664243e+00
4.949999999999999956e-01	3.774981064271551445e-01	1.999201746897573129e+00
5.000000000000000000e-01	3.750113083386842350e-01	1.999197341057613375e+00
5.050000000000000044e-01	3.724995300496570239e-01	1.999194507872699367e+00
5.100000000000000089e-01	3.699627716432292712e-01	1.999193400437507595e+00
5.150000000000000133e-01	3.674010331685664821e-01	1.999194183635627953e+00
5.200000000000000178e-01	3.648143146326548458e-01	1.999197034742458801e+00
5.250000000000000222e-01	3.622026160020205832e-01	1.999202144733785547e+00
5.300000000000000266e-01	3.595659371920664205e-01	1.999209718798900859e+00
5.350000000000000311e-01	3.569042780702250117e-01	1.999219978059613378e+00
5.400000000000000355e-01	3.542176384424313151e-01	1.999233159949364458e+00
5.450000000000000400e-01	3.515060180579355764e-01	1.999249520443435513e+00
5.500000000000000444e-01	3.487694165924626333e-01	1.999269334247253838e+00
5.550000000000000488e-01	3.460078336549428646e-01	1.999292897661608004e+00
5.600000000000000533e-01	3.432212687668407813e-01	1.999320528507464223e+00
5.649999999999999467e-01	3.404097213711000935e-01	1.999352569778317879e+00
5.699999999999999512e-01	3.375731908070440657e-01	1.999389389208832801e+00
5.749999999999999556e-01	3.347116763218737079e-01	1.999431383901271397e+00
5.799999999999999600e-01	3.318251770404510026e-01	1.999478979420006075e+00
5.849999999999999645e-01	3.289136919797379655e-01	1.999532635621833254e+00
5.899999999999999689e-01	3.259772200126671016e-01	1.999592845126475726e+00
5.949999999999999734e-01	3.230157598859663137e-01	1.999660140633368943e+00
5.999999999999999778e-01	3.200293101771969351e-01	1.999735092577880957e+00
6.049999999999999822e-01	3.170178693164749095e-01	1.999818318282207130e+00
6.099999999999999867e-01	3.139814355356121411e-01	1.999910478555838367e+00
6.149999999999999911e-01	3.109200068943210327e-01	2.000012289108401120e+00
6.199999999999999956e-01	3.078335812202275257e-01	2.000124515787918167e+00
6.250000000000000000e-01	3.047221561402326251e-01	2.000247988782307473e+00
6.300000000000000044e-01	3.015857290099719368e-01	2.000383596106313000e+00
6.350000000000000089e-01	2.984242969511092802e-01	2.000532301240288025e+00
6.400000000000000133e-01	2.952378567685912114e-01	2.000695134371275330e+00
6.450000000000000178e-01	2.920264049947654539e-01	2.000873214267870903e+00
6.500000000000000222e-01	2.887899377925178812e-01	2.001067736646242157e+00
6.550000000000000266e-01	2.855284510072439441e-01	2.001280001264615027e+00
6.600000000000000311e-01	2.822419400536528289e-01	2.001511396612414728e+00
6.650000000000000355e-01	2.789303999767792641e-01	2.001763433434641914e+00
6.700000000000000400e-01	2.755938253198894072e-01	2.002037724720520107e+00
6.750000000000000444e-01	2.722322101959044338e-01	2.002336027145219077e+00
6.800000000000000488e-01	2.688455481334424690e-01	2.002660215048490677e+00
6.850000000000000533e-01	2.654338321602401352e-01	2.003012331618144959e+00
6.899999999999999467e-01	2.619970546239051568e-01	2.003394555179427439e+00
6.949999999999999512e-01	2.585352072891756170e-01	2.003809262350687792e+00
6.999999999999999556e-01	2.550482811294377816e-01	2.004258984484487360e+00
7.049999999999999600e-01	2.515362664399602988e-01	2.004746485508732246e+00
7.099999999999999645e-01	2.479991525956496135e-01	2.005274705735757834e+00
7.149999999999999689e-01	2.444369281827471208e-01	2.005846857664701499e+00
7.199999999999999734e-01	2.408495807176599113e-01	2.006466353558181925e+00
7.249999999999999778e-01	2.372370968000234726e-01	2.007136923115733218e+00
7.299999999999999822e-01	2.335994617867690193e-01	2.007862520146175722e+00
7.349999999999999867e-01	2.299366599699544100e-01	2.008647466696700690e+00
7.399999999999999911e-01	2.262486741995478057e-01	2.009496332737502389e+00
7.449999999999999956e-01	2.225354860900295717e-01	2.010414111972100848e+00
7.500000000000000000e-01	2.187970755847524207e-01	2.011406066583909524e+00
7.550000000000000044e-01	2.150334211960531761e-01	2.012477940403490706e+00
7.600000000000000089e-01	2.112444995036072137e-01	2.013635758287720456e+00
7.650000000000000133e-01	2.074302854337018720e-01	2.014886082268197764e+00
7.700000000000000178e-01	2.035907516839454978e-01	2.016235751828967082e+00
7.750000000000000222e-01	1.997258690485153865e-01	2.017692187512193591e+00
7.800000000000000266e-01	1.958356057622611390e-01	2.019263053938685548e+00
7.850000000000000311e-01	1.919199278802502240e-01	2.020956611980021300e+00
7.900000000000000355e-01	1.879787985363299552e-01	2.022781280430042461e+00
7.950000000000000400e-01	1.840121783873297501e-01	2.024746030161245436e+00
8.000000000000000444e-01	1.800200247855425206e-01	2.026859812364557811e+00
8.050000000000000488e-01	1.760022923007920348e-01	2.029131972132983464e+00
8.100000000000000533e-01	1.719589318148383172e-01	2.031571500410559672e+00
8.149999999999999467e-01	1.678898911386840775e-01	2.034187412687333829e+00
8.199999999999999512e-01	1.637951140526651139e-01	2.036987767259566429e+00
8.249999999999999556e-01	1.596745410427380663e-01	2.039979892791074167e+00
8.299999999999999600e-01	1.555281083383648622e-01	2.043169095905423838e+00
8.349999999999999645e-01	1.513557488017338304e-01	2.046558501217394799e+00
8.399999999999999689e-01	1.471573910660492479e-01	2.050147345033295210e+00
8.449999999999999734e-01	1.429329606287555177e-01	2.053929957240467452e+00
8.499999999999999778e-01	1.386823792828890956e-01	2.057893503051681616e+00
8.549999999999999822e-01	1.344055664953235085e-01	2.062015173894295117e+00
8.599999999999999867e-01	1.301024394857217825e-01	2.066259193642231651e+00
8.649999999999999911e-01	1.257729150253874550e-01	2.070570355834416176e+00
8.699999999999999956e-01	1.214169108137535535e-01	2.074870052987052294e+00
8.750000000000000000e-01	1.170343479368019801e-01	2.079042378989089723e+00
8.800000000000000044e-01	1.126251547415389465e-01	2.082928869298648955e+00
8.850000000000000089e-01	1.081892703965566388e-01	2.086299300108566346e+00
8.900000000000000133e-01	1.037266535194183298e-01	2.088844744134249254e+00
8.950000000000000178e-01	9.923728769955178497e-02	2.090116141583244769e+00
9.000000000000000222e-01	9.472119922371829981e-02	2.089515176080341874e+00
9.050000000000000266e-01	9.017846631646755928e-02	2.086162647097926648e+00
9.100000000000000311e-01	8.560925463108041977e-02	2.078886502340504983e+00
9.150000000000000355e-01	8.101383397839989620e-02	2.065930246912671464e+00
9.200000000000000400e-01	7.639264966237828414e-02	2.044936944596486228e+00
9.250000000000000444e-01	7.174635527535781765e-02	2.012271275611674515e+00
9.300000000000000488e-01	6.707595979223406057e-02	1.962996125793748492e+00
9.350000000000000533e-01	6.238289728540319379e-02	1.889189925530526004e+00
9.399999999999999467e-01	5.766934445698967959e-02	1.779903357448708201e+00
9.449999999999999512e-01	5.293838217317813066e-02	1.616608279110536950e+00
9.499999999999999556e-01	4.819472938277243046e-02	1.373090669993059398e+00
9.549999999999999600e-01	4.344515592983334146e-02	1.001696307166024313e+00
9.599999999999999645e-01	3.870034924832786716e-02	4.330955756772416620e-01
9.649999999999999689e-01	3.397610251297333156e-02	-4.714126304389356092e-01
9.699999999999999734e-01	2.929871005064793935e-02	-1.918522166583071620e+00
9.749999999999999778e-01	2.470894610061680902e-02	-4.371977900818901475e+00
9.799999999999999822e-01	2.028003025198530859e-02	-8.500630982475005482e+00
9.849999999999999867e-01	1.613374498367994153e-02	-1.576061930539607658e+01
9.899999999999999911e-01	1.249217559154015486e-02	-2.702841164830324772e+01
9.949999999999999956e-01	9.695054093110376872e-03	-3.743596460567059836e+01
1.000000000000000000e+00	8.014466501157080716e-03	-3.676305725492647980e+01
1.004999999999999893e+00	7.342348608575592975e-03	-2.402338475841153098e+01
1.010000000000000009e+00	7.225826683860843251e-03	-1.114470872147164116e+01
1.015000000000000124e+00	7.294998926359391560e-03	-3.758787853100872489e+00
1.020000000000000018e+00	7.387867856000106086e-03	-4.770677839508746243e-01
1.024999999999999911e+00	7.451930224881595823e-03	5.349965328113528429e-01
1.030000000000000027e+00	7.486518485340131965e-03	6.067116161671312069e-01
1.035000000000000142e+00	7.500586633472807255e-03	4.115599503000471615e-01
1.040000000000000036e+00	7.504184901937751596e-03	2.100270140659813989e-01
1.044999999999999929e+00	7.503684232396554306e-03	8.161436878653341442e-02
1.050000000000000044e+00	7.502216081104596916e-03	1.729920504009789528e-02
1.055000000000000160e+00	7.501038583870130866e-03	-6.184927935164260052e-03
1.060000000000000053e+00	7.500343929124499154e-03	-1.031159090333927386e-02
1.064999999999999947e+00	7.500035075348640036e-03	-7.794362563019670807e-03
1.070000000000000062e+00	7.499938735899866482e-03	-4.293074453011050569e-03
1.075000000000000178e+00	7.499934288831962455e-03	-1.834690542444900128e-03
1.080000000000000071e+00	7.499956853820383650e-03	-5.051756567308508675e-04
1.084999999999999964e+00	7.499978149977353480e-03	3.201357436404836068e-05
1.090000000000000080e+00	7.499991821882271564e-03	1.659376477381593407e-04
1.095000000000000195e+00	7.499998397038970185e-03	1.436719831162572942e-04
1.100000000000000089e+00	7.500000757892309397e-03	8.567296197802112866e-05
1.104999999999999982e+00	7.500001128885411088e-03	3.982163576670241008e-05
1.110000000000000098e+00	7.500000821058477873e-03	1.299751803352617194e-05
1.115000000000000213e+00	7.500000448659158159e-03	1.170337615939450608e-06
1.120000000000000107e+00	7.500000185498712467e-03	-2.456895699249005557e-06
1.125000000000000000e+00	7.500000049040541315e-03	-2.571746851585715337e-06
1.129999999999999893e+00	7.499999994335797109e-03	-1.672679877717970164e-06
1.134999999999999787e+00	7.499999981546330574e-03	-8.405336893936110866e-07
1.139999999999999902e+00	7.499999984755913347e-03	-3.110841195417178201e-07
1.145000000000000018e+00	7.499999990992634556e-03	-5.841876039687432096e-08
1.149999999999999911e+00	7.499999995940092798e-03	3.116318962091712137e-08
1.154999999999999805e+00	7.499999998707254298e-03	4.439970309920899384e-08
1.159999999999999920e+00	7.499999999924521904e-03	3.192770660499402242e-08
1.165000000000000036e+00	7.500000000280126339e-03	1.731154773596577947e-08
1.169999999999999929e+00	7.500000000275162428e-03	7.090379892250368638e-09
1.174999999999999822e+00	7.500000000176909425e-03	1.830346146894838639e-09
1.179999999999999938e+00	7.500000000086305685e-03	-2.568263310340844570e-10
1.185000000000000053e+00	7.500000000031418167e-03	-7.305666682477199717e-10
1.189999999999999947e+00	7.500000000005183944e-03	-5.947098210736440715e-10
1.194999999999999840e+00	7.499999999996266598e-03	-3.485333912768572832e-10
1.199999999999999956e+00	7.499999999995199743e-03	-1.557790217378060231e-10
1.205000000000000071e+00	7.499999999996602267e-03	-4.881132915230028962e-11
1.209999999999999964e+00	7.499999999998211223e-03	-2.168996201324718012e-12
1.214999999999999858e+00	7.499999999999275475e-03	1.120964801300623541e-11
1.219999999999999973e+00	7.499999999999826250e-03	1.078233567202473534e-11
1.225000000000000089e+00	7.500000000000036152e-03	6.871135563195654458e-12
1.229999999999999982e+00	7.500000000000079520e-03	3.330422233753567274e-12
1.234999999999999876e+00	7.500000000000063040e-03	1.202674770150217747e-12
1.239999999999999991e+00	7.500000000000036152e-03	1.906201713677947980e-13
1.245000000000000107e+00	7.500000000000016202e-03	-1.488348235602930944e-13
1.250000000000000000e+00	7.500000000000004927e-03	-1.823267685651466601e-13
1.254999999999999893e+00	7.499999999999999722e-03	-1.268313494475949106e-13
1.260000000000000009e+00	7.499999999999998855e-03	-6.410957401204076131e-14
1.265000000000000124e+00	7.499999999999998855e-03	-2.133564100312603443e-14
1.270000000000000018e+00	7.499999999999998855e-03	2.786679417474031053e-16
1.274999999999999911e+00	7.499999999999999722e-03	7.580077375264253003e-15
1.280000000000000027e+00	7.499999999999999722e-03	7.786297908724640598e-15
1.285000000000000142e+00	7.499999999999999722e-03	4.709396003186271808e-15
1.290000000000000036e+00	7.499999999999999722e-03	2.748981452752617013e-15
1.294999999999999929e+00	7.499999999999999722e-03	2.820308838442542134e-15
1.300000000000000044e+00	7.499999999999999722e-03	4.248785455244816859e-15
1.305000000000000160e+00	7.499999999999999722e-03	2.815720106199669992e-15
1.310000000000000053e+00	7.499999999999999722e-03	5.883204955173913580e-16
1.314999999999999947e+00	7.499999999999999722e-03	6.283009338011378127e-16
1.320000000000000062e+00	7.499999999999999722e-03	4.549434588198405197e-15
1.325000000000000178e+00	7.499999999999999722e-03	8.541498456682790131e-15
1.330000000000000071e+00	7.499999999999999722e-03	8.156869244540513462e-15
1.334999999999999964e+00	7.499999999999999722e-03	4.706847342512684527e-15
1.340000000000000080e+00	7.499999999999999722e-03	2.310087071387648702e-15
1.345000000000000195e+00	7.499999999999999722e-03	9.137414795327104164e-16
1.350000000000000089e+00	7.499999999999999722e-03	-4.090389823830431097e-16
1.354999999999999982e+00	7.499999999999999722e-03	3.067570012668975254e-16
1.360000000000000098e+00	7.499999999999999722e-03	4.876614351995744904e-15
1.365000000000000213e+00	7.499999999999999722e-03	9.484282204096273807e-15
1.370000000000000107e+00	7.499999999999999722e-03	9.500867505445904964e-15
1.375000000000000000e+00	7.499999999999999722e-03	6.259224817697919968e-15
1.379999999999999893e+00	7.499999999999999722e-03	4.193601610270447404e-15
1.384999999999999787e+00	7.499999999999999722e-03	2.397472920397688598e-15
1.389999999999999902e+00	7.499999999999999722e-03	1.362319291391744644e-15
1.395000000000000018e+00	7.499999999999999722e-03	-2.595299707542308524e-16
1.399999999999999911e+00	7.499999999999999722e-03	-1.430906820975128511e-15
1.404999999999999805e+00	7.499999999999999722e-03	-3.583908170134086461e-16
1.409999999999999920e+00	7.499999999999999722e-03	4.274869737552729465e-15
1.415000000000000036e+00	7.499999999999999722e-03	8.705356180127312502e-15
1.419999999999999929e+00	7.499999999999999722e-03	8.601621263138095882e-15
1.424999999999999822e+00	7.499999999999999722e-03	5.375010396327940518e-15
1.429999999999999938e+00	7.499999999999999722e-03	2.749170124153883214e-15
1.435000000000000053e+00	7.499999999999999722e-03	5.645509458216770264e-16
1.439999999999999947e+00	7.499999999999999722e-03	1.034995041233714520e-15
1.444999999999999840e+00	7.499999999999999722e-03	4.934857856119458583e-15
1.449999999999999956e+00	7.499999999999999722e-03	8.648237631000007338e-15
1.455000000000000071e+00	7.499999999999999722e-03	6.746565862799434884e-15
1.459999999999999964e+00	7.499999999999999722e-03	5.448469124715166902e-15
1.464999999999999858e+00	7.499999999999999722e-03	3.663186602251869020e-15
1.469999999999999973e+00	7.499999999999999722e-03	2.627811348047941751e-15
1.475000000000000089e+00	7.499999999999999722e-03	2.038239990881710391e-15
1.479999999999999982e+00	7.499999999999999722e-03	3.776774039984799535e-15
1.484999999999999876e+00	7.499999999999999722e-03	6.643597114970412042e-15
1.489999999999999991e+00	7.499999999999999722e-03	6.246937708590784516e-15
1.495000000000000107e+00	7.499999999999999722e-03	3.039478043709070737e-15
1.500000000000000000e+00	7.499999999999999722e-03	1.183509571688235756e-15
1.504999999999999893e+00	7.499999999999999722e-03	9.191744186698992097e-17
1.510000000000000009e+00	7.499999999999999722e-03	2.014956830710346848e-15
1.515000000000000124e+00	7.499999999999999722e-03	2.222541174638081470e-15
1.520000000000000018e+00	7.499999999999999722e-03	2.367470627753623590e-15
1.524999999999999911e+00	7.499999999999999722e-03	3.880319603911420055e-15
1.530000000000000027e+00	7.499999999999999722e-03	6.625015849157430760e-15
1.535000000000000142e+00	7.499999999999999722e-03	6.434952973113774043e-15
1.540000000000000036e+00	7.499999999999999722e-03	4.196904213264453993e-15
1.544999999999999929e+00	7.499999999999999722e-03	2.232481048800571061e-15
1.550000000000000044e+00	7.499999999999999722e-03	4.149836947946385382e-15
1.555000000000000160e+00	7.499999999999999722e-03	4.898864814446823135e-15
1.560000000000000053e+00	7.499999999999999722e-03	4.864144969346549518e-15
1.564999999999999947e+00	7.499999999999999722e-03	3.780332418387033458e-15
1.570000000000000062e+00	7.499999999999999722e-03	3.226309713964530735e-15
1.575000000000000178e+00	7.499999999999999722e-03	2.404674073286208499e-15
1.580000000000000071e+00	7.499999999999999722e-03	1.775591337518730794e-15
1.584999999999999964e+00	7.499999999999999722e-03	1.648912744201451395e-15
1.590000000000000080e+00	7.499999999999999722e-03	2.955660839856130148e-15
1.595000000000000195e+00	7.499999999999999722e-03	1.415921610245911459e-15
1.600000000000000089e+00	7.499999999999999722e-03	5.126700145397543924e-16
1.604999999999999982e+00	7.499999999999999722e-03	2.089800689150120735e-15
1.610000000000000098e+00	7.499999999999999722e-03	4.909891784374955005e-15
1.615000000000000213e+00	7.499999999999999722e-03	5.784859915360679736e-15
1.620000000000000107e+00	7.499999999999999722e-03	5.834905374289743592e-15
1.625000000000000000e+00	7.499999999999999722e-03	6.063777099756343571e-15
1.629999999999999893e+00	7.499999999999999722e-03	4.634728626867833029e-15
1.634999999999999787e+00	7.499999999999999722e-03	2.273735329409887667e-15
1.639999999999999902e+00	7.499999999999999722e-03	1.303542456094206113e-15
1.645000000000000018e+00	7.499999999999999722e-03	1.263995343056927989e-15
1.649999999999999911e+00	7.499999999999999722e-03	1.215338523276293575e-15
1.654999999999999805e+00	7.499999999999999722e-03	2.633583635410803484e-15
1.659999999999999920e+00	7.499999999999999722e-03	5.188233455111625856e-15
1.665000000000000036e+00	7.499999999999999722e-03	5.578568722428337587e-15
1.669999999999999929e+00	7.499999999999999722e-03	4.613749937418831824e-15
1.674999999999999822e+00	7.499999999999999722e-03	4.481678309224104214e-15
1.679999999999999938e+00	7.499999999999999722e-03	5.036089663345440195e-15
1.685000000000000053e+00	7.499999999999999722e-03	3.886332909693443577e-15
1.689999999999999947e+00	7.499999999999999722e-03	5.782047770461073184e-15
1.694999999999999840e+00	7.499999999999999722e-03	5.312634792971574771e-15
1.699999999999999956e+00	7.499999999999999722e-03	3.845810772106081052e-15
1.705000000000000071e+00	7.499999999999999722e-03	1.860027987968630256e-15
1.709999999999999964e+00	7.499999999999999722e-03	1.143804241740130516e-15
1.714999999999999858e+00	7.499999999999999722e-03	1.364309106052263573e-15
1.719999999999999973e+00	7.499999999999999722e-03	2.458921151104453701e-15
1.725000000000000089e+00	7.499999999999999722e-03	4.606337522258849831e-15
1.729999999999999982e+00	7.499999999999999722e-03	5.532142691445230558e-15
1.734999999999999876e+00	7.499999999999999722e-03	5.649308206802195155e-15
1.739999999999999991e+00	7.499999999999999722e-03	4.066751893103926783e-15
1.745000000000000107e+00	7.499999999999999722e-03	1.210097851586134098e-15
1.750000000000000000e+00	7.499999999999999722e-03	8.316905973278147407e-16
1.754999999999999893e+00	7.499999999999999722e-03	3.580789513321178211e-15
1.760000000000000009e+00	7.499999999999999722e-03	6.767650050266630473e-15
1.765000000000000124e+00	7.499999999999999722e-03	6.487467019666001251e-15
1.770000000000000018e+00	7.499999999999999722e-03	4.306778641386370573e-15
1.774999999999999911e+00	7.499999999999999722e-03	2.038933966666193603e-15
1.780000000000000027e+00	7.499999999999999722e-03	3.329387502729526482e-15
1.785000000000000142e+00	7.499999999999999722e-03	3.393999974107972195e-15
1.790000000000000036e+00	7.499999999999999722e-03	3.453316461704722225e-15
1.794999999999999929e+00	7.499999999999999722e-03	3.895111034332061327e-15
1.800000000000000044e+00	7.499999999999999722e-03	4.051097499470381225e-15
1.805000000000000160e+00	7.499999999999999722e-03	3.748969442488605258e-15
1.810000000000000053e+00	7.499999999999999722e-03	2.802261213509240717e-15
1.814999999999999947e+00	7.499999999999999722e-03	2.096549357720924673e-15
1.820000000000000062e+00	7.499999999999999722e-03	3.301222956146432511e-15
1.825000000000000178e+00	7.499999999999999722e-03	2.209113693429197528e-15
1.830000000000000071e+00	7.499999999999999722e-03	1.646638272217739835e-15
1.834999999999999964e+00	7.499999999999999722e-03	3.291836002315450124e-15
1.840000000000000080e+00	7.499999999999999722e-03	5.345424686103760708e-15
1.845000000000000195e+00	7.499999999999999722e-03	4.259952400103865855e-15
1.850000000000000089e+00	7.499999999999999722e-03	2.579169458630152266e-15
1.854999999999999982e+00	7.499999999999999722e-03	2.165816173113700314e-15
1.860000000000000098e+00	7.499999999999999722e-03	2.860625663436553903e-15
1.865000000000000213e+00	7.499999999999999722e-03	2.475417888835673140e-15
1.870000000000000107e+00	7.499999999999999722e-03	4.576259256426754414e-15
1.875000000000000000e+00	7.499999999999999722e-03	4.680435234796215193e-15
1.879999999999999893e+00	7.499999999999999722e-03	3.701285152704144900e-15
1.884999999999999787e+00	7.499999999999999722e-03	4.576616158328896490e-15
1.889999999999999902e+00	7.499999999999999722e-03	6.001844547444353839e-15
1.895000000000000018e+00	7.499999999999999722e-03	4.358009589648870974e-15
1.899999999999999911e+00	7.499999999999999722e-03	3.013853730884795043e-15
1.904999999999999805e+00	7.499999999999999722e-03	3.398668598102143761e-15
1.909999999999999920e+00	7.499999999999999722e-03	4.376901000587890310e-15
1.915000000000000036e+00	7.499999999999999722e-03	3.510453302702951700e-15
1.919999999999999929e+00	7.499999999999999722e-03	5.803800599410616824e-15
1.924999999999999822e+00	7.499999999999999722e-03	5.974186889179710010e-15
1.929999999999999938e+00	7.499999999999999722e-03	4.873093690777441941e-15
1.935000000000000053e+00	7.499999999999999722e-03	2.954950514214168252e-15
1.939999999999999947e+00	7.499999999999999722e-03	1.634676646328489078e-15
1.944999999999999840e+00	7.499999999999999722e-03	5.012224018934327694e-16
1.949999999999999956e+00	7.499999999999999722e-03	1.281071102984037485e-15
1.955000000000000071e+00	7.499999999999999722e-03	3.777242719977807887e-15
1.959999999999999964e+00	7.499999999999999722e-03	5.272211232863977965e-15
1.964999999999999858e+00	7.499999999999999722e-03	6.171507330974765898e-15
1.969999999999999973e+00	7.499999999999999722e-03	5.071421736386979545e-15
1.975000000000000089e+00	7.499999999999999722e-03	2.427371645181822517e-15
1.979999999999999982e+00	7.499999999999999722e-03	1.691685206587875001e-15
1.984999999999999876e+00	7.499999999999999722e-03	3.678015342207563156e-15
1.989999999999999991e+00	7.499999999999999722e-03	6.418670439337611395e-15
1.995000000000000107e+00	7.499999999999999722e-03	4.152251272841556796e-15
2.000000000000000000e+00	7.499999999999999722e-03	3.411309555403335006e-15
2.004999999999999893e+00	7.499999999999999722e-03	3.845685056648562783e-15
2.009999999999999787e+00	7.499999999999999722e-03	4.801780203650644411e-15
2.014999999999999680e+00	7.499999999999999722e-03	6.382842294594074048e-15
2.020000000000000018e+00	7.499999999999999722e-03	5.402099436281581122e-15
2.024999999999999911e+00	7.499999999999999722e-03	2.719900037524036467e-15
2.029999999999999805e+00	7.499999999999999722e-03	1.881670465603970428e-15
2.035000000000000142e+00	7.499999999999999722e-03	2.248692757315107726e-15
2.040000000000000036e+00	7.499999999999999722e-03	1.909810252878237622e-15
2.044999999999999929e+00	7.499999999999999722e-03	4.473591038200190963e-16
2.049999999999999822e+00	7.499999999999999722e-03	1.626797503756778468e-15
2.054999999999999716e+00	7.499999999999999722e-03	5.719553632175684449e-15
2.060000000000000053e+00	7.499999999999999722e-03	7.141593548211875085e-15
2.064999999999999947e+00	7.499999999999999722e-03	7.235616295470276765e-15
2.069999999999999840e+00	7.499999999999999722e-03	5.212330754550887975e-15
2.075000000000000178e+00	7.499999999999999722e-03	1.605656553942475329e-15
2.080000000000000071e+00	7.499999999999999722e-03	6.625332773007504407e-16
2.084999999999999964e+00	7.499999999999999722e-03	8.012990340492812065e-16
2.089999999999999858e+00	7.499999999999999722e-03	1.369460395559401284e-15
2.094999999999999751e+00	7.499999999999999722e-03	3.976036055138198705e-15
2.100000000000000089e+00	7.499999999999999722e-03	6.685892445942211339e-15
2.104999999999999982e+00	7.499999999999999722e-03	5.457757216896199423e-15
2.109999999999999876e+00	7.499999999999999722e-03	4.180220526637513342e-15
2.115000000000000213e+00	7.499999999999999722e-03	3.784562642570855513e-15
2.120000000000000107e+00	7.499999999999999722e-03	2.664520345338540538e-15
2.125000000000000000e+00	7.499999999999999722e-03	1.322054286596887061e-15
2.129999999999999893e+00	7.499999999999999722e-03	3.723594758796133727e-15
2.134999999999999787e+00	7.499999999999999722e-03	5.412394762526833800e-15
2.140000000000000124e+00	7.499999999999999722e-03	4.095357012625213225e-15
2.145000000000000018e+00	7.499999999999999722e-03	2.810125405633355722e-15
2.149999999999999911e+00	7.499999999999999722e-03	4.173496100834251554e-15
2.155000000000000249e+00	7.499999999999999722e-03	3.009459464169870915e-15
2.160000000000000142e+00	7.499999999999999722e-03	2.913180244132444789e-15
2.165000000000000036e+00	7.499999999999999722e-03	3.564493079296786416e-15
2.169999999999999929e+00	7.499999999999999722e-03	2.659666234399186548e-15
2.174999999999999822e+00	7.499999999999999722e-03	2.432093907703412252e-15
2.180000000000000160e+00	7.499999999999999722e-03	5.409176806549837798e-15
2.185000000000000053e+00	7.499999999999999722e-03	6.729715561045463194e-15
2.189999999999999947e+00	7.499999999999999722e-03	6.048098945520510934e-15
2.195000000000000284e+00	7.499999999999999722e-03	4.665354989337138185e-15
2.200000000000000178e+00	7.499999999999999722e-03	3.892371437076958270e-15
2.205000000000000071e+00	7.499999999999999722e-03	2.605983732182009690e-15
2.209999999999999964e+00	7.499999999999999722e-03	3.215776003525902064e-15
2.214999999999999858e+00	7.499999999999999722e-03	4.994273222060614346e-15
2.220000000000000195e+00	7.499999999999999722e-03	5.264199387908370748e-15
2.225000000000000089e+00	7.499999999999999722e-03	4.150489150687489396e-15
2.229999999999999982e+00	7.499999999999999722e-03	2.773424552656359705e-15
2.235000000000000320e+00	7.499999999999999722e-03	9.860528744433903890e-16
2.240000000000000213e+00	7.499999999999999722e-03	2.196583762258172325e-15
2.245000000000000107e+00	7.499999999999999722e-03	4.381619137471265100e-15
2.250000000000000000e+00	7.499999999999999722e-03	3.965660682349968229e-15
2.254999999999999893e+00	7.499999999999999722e-03	1.446770084852748091e-15
2.259999999999999787e+00	7.499999999999999722e-03	7.451905051325918333e-16
2.264999999999999680e+00	7.499999999999999722e-03	2.960516807414672088e-15
2.270000000000000018e+00	7.499999999999999722e-03	6.582164154062493730e-15
2.274999999999999911e+00	7.499999999999999722e-03	6.670090208297242398e-15
2.279999999999999805e+00	7.499999999999999722e-03	4.529307781248099276e-15
2.285000000000000142e+00	7.499999999999999722e-03	1.495020014064917200e-15
2.290000000000000036e+00	7.499999999999999722e-03	1.429384935266113416e-15
2.294999999999999929e+00	7.499999999999999722e-03	2.536724822067185794e-15
2.299999999999999822e+00	7.499999999999999722e-03	1.911021408574019708e-15
2.304999999999999716e+00	7.499999999999999722e-03	1.563515146248422968e-15
2.310000000000000053e+00	7.499999999999999722e-03	4.080712855214804732e-15
2.314999999999999947e+00	7.499999999999999722e-03	4.653393852924714196e-15
2.319999999999999840e+00	7.499999999999999722e-03	3.013861049092873302e-15
2.325000000000000178e+00	7.499999999999999722e-03	2.847232435136079568e-15
2.330000000000000071e+00	7.499999999999999722e-03	5.834659885483014852e-15
2.334999999999999964e+00	7.499999999999999722e-03	4.217350625273124622e-15
2.339999999999999858e+00	7.499999999999999722e-03	2.829468170483548994e-15
2.344999999999999751e+00	7.499999999999999722e-03	3.688584545504440701e-15
2.350000000000000089e+00	7.499999999999999722e-03	5.867920100307158067e-15
2.354999999999999982e+00	7.499999999999999722e-03	6.249645019564767498e-15
2.359999999999999876e+00	7.499999999999999722e-03	6.991684600932674199e-15
2.365000000000000213e+00	7.499999999999999722e-03	5.270143255069104499e-15
2.370000000000000107e+00	7.499999999999999722e-03	3.984075325283352426e-15
2.375000000000000000e+00	7.499999999999999722e-03	2.171448011607730253e-15
2.379999999999999893e+00	7.499999999999999722e-03	2.315940770377726105e-16
2.384999999999999787e+00	7.499999999999999722e-03	-5.119446999659076346e-16
2.390000000000000124e+00	7.499999999999999722e-03	2.613830531021779994e-15
2.395000000000000018e+00	7.499999999999999722e-03	4.392631055064876271e-15
2.399999999999999911e+00	7.499999999999999722e-03	2.878676780092128558e-15
2.405000000000000249e+00	7.499999999999999722e-03	1.873765206427166672e-15
2.410000000000000142e+00	7.499999999999999722e-03	4.606213749606527692e-15
2.415000000000000036e+00	7.499999999999999722e-03	5.456942597547497123e-15
2.419999999999999929e+00	7.499999999999999722e-03	5.333851601119647828e-15
2.424999999999999822e+00	7.499999999999999722e-03	6.027309904362103144e-15
2.430000000000000160e+00	7.499999999999999722e-03	5.005385730140241176e-15
2.435000000000000053e+00	7.499999999999999722e-03	2.277246606335453847e-15
2.439999999999999947e+00	7.499999999999999722e-03	2.357240543561633546e-15
2.445000000000000284e+00	7.499999999999999722e-03	5.124295767551767059e-15
2.450000000000000178e+00	7.499999999999999722e-03	5.679079722400699399e-15
2.455000000000000071e+00	7.499999999999999722e-03	3.429685468382756998e-15
2.459999999999999964e+00	7.499999999999999722e-03	9.344940989673581751e-16
2.464999999999999858e+00	7.499999999999999722e-03	-1.907535097762146096e-16
2.470000000000000195e+00	7.499999999999999722e-03	2.703421995575104146e-15
2.475000000000000089e+00	7.499999999999999722e-03	4.288731783720760525e-15
2.479999999999999982e+00	7.499999999999999722e-03	2.471393490001620985e-15
2.485000000000000320e+00	7.499999999999999722e-03	9.155372430766312760e-16
2.490000000000000213e+00	7.499999999999999722e-03	2.856918168287178877e-15
2.495000000000000107e+00	7.499999999999999722e-03	3.957960005635254034e-15
2.500000000000000000e+00	7.499999999999999722e-03	5.199328215621198328e-15
2.504999999999999893e+00	7.499999999999999722e-03	3.721638882313743697e-15
2.509999999999999787e+00	7.499999999999999722e-03	3.713477071680667646e-15
2.514999999999999680e+00	7.499999999999999722e-03	6.750406913762078186e-15
2.520000000000000018e+00	7.499999999999999722e-03	7.513303356880519973e-15
2.524999999999999911e+00	7.499999999999999722e-03	7.297735386190515131e-15
2.529999999999999805e+00	7.499999999999999722e-03	5.168094600939829841e-15
2.535000000000000142e+00	7.499999999999999722e-03	1.548597644402927736e-15
2.540000000000000036e+00	7.499999999999999722e-03	6.241979600382696527e-16
2.544999999999999929e+00	7.499999999999999722e-03	7.833814729400054639e-16
2.549999999999999822e+00	7.499999999999999722e-03	1.362345410811605124e-15
2.554999999999999716e+00	7.499999999999999722e-03	3.964053508697798463e-15
2.560000000000000053e+00	7.499999999999999722e-03	6.647646109213906977e-15
2.564999999999999947e+00	7.499999999999999722e-03	5.363500012740631845e-15
2.569999999999999840e+00	7.499999999999999722e-03	4.004064181087720724e-15
2.575000000000000178e+00	7.499999999999999722e-03	3.536920044259605017e-15
2.580000000000000071e+00	7.499999999999999722e-03	2.483910437892546343e-15
2.584999999999999964e+00	7.499999999999999722e-03	1.062181931988317091e-15
2.589999999999999858e+00	7.499999999999999722e-03	1.795846845478896511e-15
2.594999999999999751e+00	7.499999999999999722e-03	2.546383446308081998e-15
2.600000000000000089e+00	7.499999999999999722e-03	6.278661388016067574e-15
2.604999999999999982e+00	7.499999999999999722e-03	8.733022008454373479e-15
2.609999999999999876e+00	7.499999999999999722e-03	7.060555825745319388e-15
2.615000000000000213e+00	7.499999999999999722e-03	2.809718383463527848e-15
2.620000000000000107e+00	7.499999999999999722e-03	3.765591501055784979e-17
2.625000000000000000e+00	7.499999999999999722e-03	-1.415677083102491820e-15
2.629999999999999893e+00	7.499999999999999722e-03	5.785358274074189799e-16
2.634999999999999787e+00	7.499999999999999722e-03	2.098835018723911494e-15
2.640000000000000124e+00	7.499999999999999722e-03	4.914212411696264919e-15
2.645000000000000018e+00	7.499999999999999722e-03	7.105210341601218898e-15
2.649999999999999911e+00	7.499999999999999722e-03	9.423592290007922666e-15
2.655000000000000249e+00	7.499999999999999722e-03	8.475094047586808509e-15
2.660000000000000142e+00	7.499999999999999722e-03	4.356258947978915979e-15
2.665000000000000036e+00	7.499999999999999722e-03	5.142282218266511101e-16
2.669999999999999929e+00	7.499999999999999722e-03	-2.102990063606511693e-16
2.674999999999999822e+00	7.499999999999999722e-03	2.221331451666830633e-15
2.680000000000000160e+00	7.499999999999999722e-03	6.369281827445093798e-15
2.685000000000000053e+00	7.499999999999999722e-03	7.059062839363931444e-15
2.689999999999999947e+00	7.499999999999999722e-03	5.279122805065801225e-15
2.695000000000000284e+00	7.499999999999999722e-03	1.895560902264907436e-15
2.700000000000000178e+00	7.499999999999999722e-03	-2.637206630308623219e-16
2.705000000000000071e+00	7.499999999999999722e-03	-1.452084056464680390e-15
2.709999999999999964e+00	7.499999999999999722e-03	4.940965098874833091e-16
2.714999999999999858e+00	7.499999999999999722e-03	1.581106311585713013e-15
2.720000000000000195e+00	7.499999999999999722e-03	3.449596630961652703e-15
2.725000000000000089e+00	7.499999999999999722e-03	4.110081750209905239e-15
2.729999999999999982e+00	7.499999999999999722e-03	4.842556539410211473e-15
2.735000000000000320e+00	7.499999999999999722e-03	5.822793377374612020e-15
2.740000000000000213e+00	7.499999999999999722e-03	8.831012806611783430e-15
2.745000000000000107e+00	7.499999999999999722e-03	6.832643592139559467e-15
2.750000000000000000e+00	7.499999999999999722e-03	3.747321133918492320e-15
2.754999999999999893e+00	7.499999999999999722e-03	1.118527127510645065e-15
2.759999999999999787e+00	7.499999999999999722e-03	1.600978379902293789e-15
2.764999999999999680e+00	7.499999999999999722e-03	2.664839340501137547e-15
2.770000000000000018e+00	7.499999999999999722e-03	5.557786823873961516e-15
2.774999999999999911e+00	7.499999999999999722e-03	6.334361765231377168e-15
2.779999999999999805e+00	7.499999999999999722e-03	4.787541812419135997e-15
2.785000000000000142e+00	7.499999999999999722e-03	3.843347457579437197e-15
2.790000000000000036e+00	7.499999999999999722e-03	5.849167178870804049e-15
2.794999999999999929e+00	7.499999999999999722e-03	5.711025987041851246e-15
2.799999999999999822e+00	7.499999999999999722e-03	5.304500695891293690e-15
2.804999999999999716e+00	7.499999999999999722e-03	4.655760102794394337e-15
2.810000000000000053e+00	7.499999999999999722e-03	2.658646120314605450e-15
2.814999999999999947e+00	7.499999999999999722e-03	1.200617656479298989e-15
2.819999999999999840e+00	7.499999999999999722e-03	4.173084030162331426e-15
2.825000000000000178e+00	7.499999999999999722e-03	3.406645173602322604e-15
2.830000000000000071e+00	7.499999999999999722e-03	2.245246538564338017e-15
2.834999999999999964e+00	7.499999999999999722e-03	8.402611849730785973e-16
2.839999999999999858e+00	7.499999999999999722e-03	1.778487817779693229e-15
2.844999999999999751e+00	7.499999999999999722e-03	2.998689950175003891e-15
2.850000000000000089e+00	7.499999999999999722e-03	6.047952623755343462e-15
2.854999999999999982e+00	7.499999999999999722e-03	7.138835388106512845e-15
2.859999999999999876e+00	7.499999999999999722e-03	6.011946374748538814e-15
2.865000000000000213e+00	7.499999999999999722e-03	4.526534460682538824e-15
2.870000000000000107e+00	7.499999999999999722e-03	4.867763710323855960e-15
2.875000000000000000e+00	7.499999999999999722e-03	5.698785640358730208e-15
2.879999999999999893e+00	7.499999999999999722e-03	5.853231502988541541e-15
2.884999999999999787e+00	7.499999999999999722e-03	4.376200787734243421e-15
2.890000000000000124e+00	7.499999999999999722e-03	8.962252852440542682e-16
2.895000000000000018e+00	7.499999999999999722e-03	-2.470062908644120092e-15
2.899999999999999911e+00	7.499999999999999722e-03	2.902742922019023002e-15
2.905000000000000249e+00	7.499999999999999722e-03	8.762718981156540999e-15
2.910000000000000142e+00	7.499999999999999722e-03	8.537980063571146434e-15
2.915000000000000036e+00	7.499999999999999722e-03	3.649509164666026828e-15
2.919999999999999929e+00	7.499999999999999722e-03	3.634191894949573395e-16
2.924999999999999822e+00	7.499999999999999722e-03	-9.576743185878313499e-18
2.930000000000000160e+00	7.499999999999999722e-03	4.238871680929011396e-15
2.935000000000000053e+00	7.499999999999999722e-03	7.482595903807809199e-15
2.939999999999999947e+00	7.499999999999999722e-03	6.623171611669892719e-15
2.945000000000000284e+00	7.499999999999999722e-03	3.493703899200021717e-15
2.950000000000000178e+00	7.499999999999999722e-03	2.739411147227222023e-15
2.955000000000000071e+00	7.499999999999999722e-03	2.555397971217312602e-15
2.959999999999999964e+00	7.499999999999999722e-03	1.447727820808775853e-15
2.964999999999999858e+00	7.499999999999999722e-03	9.258700159916939971e-16
2.970000000000000195e+00	7.499999999999999722e-03	2.382429844899665541e-15
2.975000000000000089e+00	7.500000000000000590e-03	1.082826060377937545e-15
2.979999999999999982e+00	7.499999999999999722e-03	4.938195085723888500e-15
2.985000000000000320e+00	7.499999999999999722e-03	8.539910167930318823e-15
2.990000000000000213e+00	7.499999999999999722e-03	6.228221379210142576e-15
2.995000000000000107e+00	7.499999999999999722e-03	5.959488409179311340e-16
3.000000000000000000e+00	7.499999999999999722e-03	-1.170076548772680839e-15
3.004999999999999893e+00	7.499999999999999722e-03	-1.694790482689411998e-15
3.009999999999999787e+00	7.499999999999999722e-03	-1.910982525094339463e-16
3.014999999999999680e+00	7.499999999999999722e-03	1.129674422143523683e-15
3.020000000000000018e+00	7.499999999999999722e-03	3.001635298955618427e-15
3.024999999999999911e+00	7.499999999999999722e-03	4.861001328077852506e-15
3.029999999999999805e+00	7.499999999999999722e-03	5.878008940068624223e-15
3.035000000000000142e+00	7.499999999999999722e-03	7.020181397296310357e-15
3.040000000000000036e+00	7.499999999999999722e-03	7.884651450410812505e-15
3.044999999999999929e+00	7.499999999999999722e-03	5.759771286400625572e-15
3.049999999999999822e+00	7.499999999999999722e-03	4.602732196134754471e-15
3.054999999999999716e+00	7.499999999999999722e-03	3.800056159845215596e-15
3.060000000000000053e+00	7.499999999999999722e-03	6.488691096145817242e-15
3.064999999999999947e+00	7.499999999999999722e-03	8.211478981037827826e-15
3.069999999999999840e+00	7.499999999999999722e-03	5.894078114713690886e-15
3.075000000000000178e+00	7.499999999999999722e-03	1.106225491694779554e-15
3.080000000000000071e+00	7.499999999999999722e-03	-1.448756785101801992e-15
3.084999999999999964e+00	7.499999999999999722e-03	-1.614017069275561500e-15
3.089999999999999858e+00	7.499999999999999722e-03	1.316898590514789148e-15
3.094999999999999751e+00	7.499999999999999722e-03	2.507758416155923247e-15
3.100000000000000089e+00	7.499999999999999722e-03	1.269282400289420789e-15
3.104999999999999982e+00	7.499999999999999722e-03	2.100984299390496175e-15
3.109999999999999876e+00	7.499999999999999722e-03	4.182047645294285956e-15
3.115000000000000213e+00	7.499999999999999722e-03	7.544545285019510065e-15
3.120000000000000107e+00	7.499999999999999722e-03	1.086796011965875768e-14
3.125000000000000000e+00	7.499999999999999722e-03	8.745639614576508626e-15
3.129999999999999893e+00	7.499999999999999722e-03	7.610420900259292421e-15
3.134999999999999787e+00	7.499999999999999722e-03	8.150450384388013217e-15
3.140000000000000124e+00	7.499999999999999722e-03	7.874298015390038609e-15
3.145000000000000018e+00	7.499999999999999722e-03	5.755488211282083857e-15
3.149999999999999911e+00	7.499999999999999722e-03	5.243504935230531983e-15
3.155000000000000249e+00	7.499999999999999722e-03	4.263047080824598132e-15
3.160000000000000142e+00	7.499999999999999722e-03	3.340231026145807900e-15
3.165000000000000036e+00	7.499999999999999722e-03	2.542023501336991832e-15
3.169999999999999929e+00	7.499999999999999722e-03	1.067660935524755507e-15
3.174999999999999822e+00	7.499999999999999722e-03	5.478781310198369938e-16
3.180000000000000160e+00	7.499999999999999722e-03	2.185192645232952334e-16
3.185000000000000053e+00	7.499999999999999722e-03	-8.448499053476686807e-16
3.189999999999999947e+00	7.499999999999999722e-03	-9.587202938278758288e-16
3.195000000000000284e+00	7.499999999999999722e-03	2.221791048746992139e-16
3.200000000000000178e+00	7.499999999999999722e-03	2.091724765286398246e-15
3.205000000000000071e+00	7.499999999999999722e-03	4.947512863541244015e-15
3.209999999999999964e+00	7.499999999999999722e-03	6.238107652413421667e-15
3.214999999999999858e+00	7.499999999999999722e-03	7.864966776585279366e-15
3.220000000000000195e+00	7.499999999999999722e-03	7.746864136951315950e-15
3.225000000000000089e+00	7.499999999999999722e-03	5.739123532845371801e-15
3.229999999999999982e+00	7.499999999999999722e-03	4.024884710665057841e-15
3.235000000000000320e+00	7.499999999999999722e-03	2.333424066369162387e-15
3.240000000000000213e+00	7.499999999999999722e-03	1.280558843723609109e-15
3.245000000000000107e+00	7.499999999999999722e-03	-2.734724481143946895e-16
3.250000000000000000e+00	7.499999999999999722e-03	9.286814400564263061e-16
3.254999999999999893e+00	7.499999999999999722e-03	4.965997778205718752e-15
3.259999999999999787e+00	7.499999999999999722e-03	7.005411248420970403e-15
3.264999999999999680e+00	7.499999999999999722e-03	8.004192611927646238e-15
3.270000000000000018e+00	7.499999999999999722e-03	7.848081489043992926e-15
3.274999999999999911e+00	7.499999999999999722e-03	6.062600292625960469e-15
3.279999999999999805e+00	7.499999999999999722e-03	3.390112207217596647e-15
3.285000000000000142e+00	7.499999999999999722e-03	2.690348963875966111e-15
3.290000000000000036e+00	7.499999999999999722e-03	4.027133537980466954e-15
3.294999999999999929e+00	7.499999999999999722e-03	3.939345901282594307e-15
3.299999999999999822e+00	7.499999999999999722e-03	2.475527197717701084e-15
3.304999999999999716e+00	7.499999999999999722e-03	1.086038854431181911e-16
3.310000000000000053e+00	7.499999999999999722e-03	-2.043760506628355696e-16
3.314999999999999947e+00	7.499999999999999722e-03	9.735285563347176740e-16
3.319999999999999840e+00	7.499999999999999722e-03	2.893574433075570854e-15
3.325000000000000178e+00	7.499999999999999722e-03	5.660245278879813261e-15
3.330000000000000071e+00	7.499999999999999722e-03	6.527594633346347159e-15
3.334999999999999964e+00	7.499999999999999722e-03	5.304125374306067966e-15
3.339999999999999858e+00	7.499999999999999722e-03	5.427926546653961725e-15
3.344999999999999751e+00	7.499999999999999722e-03	6.188457501849004803e-15
3.350000000000000089e+00	7.499999999999999722e-03	5.907540347073253152e-15
3.354999999999999982e+00	7.499999999999999722e-03	4.191243903301365465e-15
3.359999999999999876e+00	7.499999999999999722e-03	4.003473344155717415e-15
3.365000000000000213e+00	7.499999999999999722e-03	2.918736063968830698e-15
3.370000000000000107e+00	7.499999999999999722e-03	1.636900502105133645e-15
3.375000000000000000e+00	7.499999999999999722e-03	1.498294812654722896e-15
3.379999999999999893e+00	7.499999999999999722e-03	2.441766596168526305e-15
3.384999999999999787e+00	7.499999999999999722e-03	3.265842655401109884e-15
3.390000000000000124e+00	7.499999999999999722e-03	4.431851698252705548e-15
3.395000000000000018e+00	7.499999999999999722e-03	4.163002074180284795e-15
3.399999999999999911e+00	7.499999999999999722e-03	3.228453720835530658e-15
3.405000000000000249e+00	7.499999999999999722e-03	1.054991226276663683e-15
3.410000000000000142e+00	7.499999999999999722e-03	6.270427190256239894e-16
3.415000000000000036e+00	7.499999999999999722e-03	1.783053341447840835e-15
3.419999999999999929e+00	7.499999999999999722e-03	3.815467032016961332e-15
3.424999999999999822e+00	7.499999999999999722e-03	6.318058793760242943e-15
3.430000000000000160e+00	7.499999999999999722e-03	6.058322469843884181e-15
3.435000000000000053e+00	7.499999999999999722e-03	3.169497633676725631e-15
3.439999999999999947e+00	7.499999999999999722e-03	1.504469361259634641e-15
3.445000000000000284e+00	7.499999999999999722e-03	3.774632980823336315e-15
3.450000000000000178e+00	7.499999999999999722e-03	3.580787290339111629e-15
3.455000000000000071e+00	7.499999999999999722e-03	-4.024956342508181373e-16
3.459999999999999964e+00	7.499999999999999722e-03	-1.041149867039221406e-15
3.464999999999999858e+00	7.499999999999999722e-03	2.994356663729501860e-15
3.470000000000000195e+00	7.499999999999999722e-03	5.454743463406193445e-15
3.475000000000000089e+00	7.499999999999999722e-03	6.294174015829665076e-15
3.479999999999999982e+00	7.499999999999999722e-03	5.744142246113145730e-15
3.485000000000000320e+00	7.499999999999999722e-03	5.097999913459818132e-15
3.490000000000000213e+00	7.499999999999999722e-03	5.946988318946030882e-15
3.495000000000000107e+00	7.499999999999999722e-03	6.833298499940223570e-15
3.500000000000000000e+00	7.499999999999999722e-03	6.116225608082514606e-15
3.504999999999999893e+00	7.499999999999999722e-03	3.283452790790577889e-15
3.509999999999999787e+00	7.499999999999999722e-03	1.729101983038290748e-15
3.514999999999999680e+00	7.499999999999999722e-03	1.742787008702917686e-16
3.520000000000000018e+00	7.499999999999999722e-03	8.002122175050772425e-16
3.524999999999999911e+00	7.499999999999999722e-03	2.969905154502341043e-15
3.529999999999999805e+00	7.499999999999999722e-03	3.731113976583656482e-15
3.535000000000000142e+00	7.499999999999999722e-03	3.516271943319921798e-15
3.540000000000000036e+00	7.499999999999999722e-03	3.860834410491380727e-15
3.544999999999999929e+00	7.499999999999999722e-03	3.625316709356061629e-15
3.549999999999999822e+00	7.499999999999999722e-03	2.394295502957514374e-15
3.554999999999999716e+00	7.499999999999999722e-03	6.058237082024261793e-16
3.560000000000000053e+00	7.499999999999999722e-03	1.323739294006437991e-15
3.564999999999999947e+00	7.499999999999999722e-03	4.803727037601897757e-15
3.569999999999999840e+00	7.499999999999999722e-03	6.613111883468485269e-15
3.575000000000000178e+00	7.499999999999999722e-03	8.082748835876635936e-15
3.580000000000000071e+00	7.499999999999999722e-03	6.186209845030417711e-15
3.584999999999999964e+00	7.499999999999999722e-03	3.917761739274344668e-15
3.589999999999999858e+00	7.499999999999999722e-03	3.394688658527634696e-15
3.594999999999999751e+00	7.499999999999999722e-03	3.481225208442223397e-15
3.600000000000000089e+00	7.499999999999999722e-03	4.404110660079224875e-15
3.604999999999999982e+00	7.499999999999999722e-03	4.214940752554722567e-15
3.609999999999999876e+00	7.499999999999999722e-03	3.608758963543051296e-15
3.615000000000000213e+00	7.499999999999999722e-03	2.230200286172547643e-15
3.620000000000000107e+00	7.499999999999999722e-03	2.614952894674184958e-15
3.625000000000000000e+00	7.499999999999999722e-03	2.838059590045786953e-15
3.629999999999999893e+00	7.499999999999999722e-03	3.125459304980156041e-15
3.634999999999999787e+00	7.499999999999999722e-03	2.857387169044491232e-15
3.640000000000000124e+00	7.499999999999999722e-03	1.968988997013561008e-15
3.645000000000000018e+00	7.499999999999999722e-03	1.024319608437381246e-15
3.649999999999999911e+00	7.499999999999999722e-03	2.470882582679621220e-15
3.655000000000000249e+00	7.499999999999999722e-03	5.856307195150883464e-15
3.660000000000000142e+00	7.499999999999999722e-03	5.530455547881115222e-15
3.665000000000000036e+00	7.499999999999999722e-03	1.694104127344393147e-15
3.669999999999999929e+00	7.499999999999999722e-03	1.486942118157536935e-15
3.674999999999999822e+00	7.499999999999999722e-03	4.623973655133490459e-15
3.680000000000000160e+00	7.499999999999999722e-03	5.768737164124248882e-15
3.685000000000000053e+00	7.499999999999999722e-03	4.522397972307993873e-15
3.689999999999999947e+00	7.499999999999999722e-03	3.697809632892944728e-15
3.695000000000000284e+00	7.499999999999999722e-03	3.645091483862178547e-15
3.700000000000000178e+00	7.499999999999999722e-03	4.745884019638138246e-15
3.705000000000000071e+00	7.499999999999999722e-03	5.454218718629913421e-15
3.709999999999999964e+00	7.499999999999999722e-03	4.544764429079092563e-15
3.714999999999999858e+00	7.499999999999999722e-03	1.908695317415319813e-15
3.720000000000000195e+00	7.499999999999999722e-03	1.322050977211674374e-15
3.725000000000000089e+00	7.499999999999999722e-03	2.365207663900467187e-15
3.729999999999999982e+00	7.499999999999999722e-03	4.278510759778554950e-15
3.735000000000000320e+00	7.499999999999999722e-03	7.354159470450039298e-15
3.740000000000000213e+00	7.499999999999999722e-03	7.065913503054235757e-15
3.745000000000000107e+00	7.499999999999999722e-03	6.035210736306387159e-15
3.750000000000000000e+00	7.499999999999999722e-03	5.462109600018210061e-15
3.754999999999999893e+00	7.499999999999999722e-03	3.234483716117048907e-15
3.759999999999999787e+00	7.499999999999999722e-03	1.499487870428559952e-15
3.764999999999999680e+00	7.499999999999999722e-03	-8.195827782446183716e-17
3.770000000000000018e+00	7.499999999999999722e-03	4.383627973442255864e-16
3.774999999999999911e+00	7.499999999999999722e-03	1.972451301234666414e-15
3.779999999999999805e+00	7.499999999999999722e-03	2.795144030011390324e-15
3.785000000000000142e+00	7.499999999999999722e-03	3.105461910766200313e-15
3.790000000000000036e+00	7.499999999999999722e-03	4.171918719418874166e-15
3.794999999999999929e+00	7.499999999999999722e-03	5.074592855195175003e-15
3.799999999999999822e+00	7.499999999999999722e-03	5.565520219398625024e-15
3.804999999999999716e+00	7.499999999999999722e-03	5.264716152124644585e-15
3.810000000000000053e+00	7.499999999999999722e-03	3.522720372397171301e-15
3.814999999999999947e+00	7.499999999999999722e-03	7.793327462975345720e-16
3.819999999999999840e+00	7.499999999999999722e-03	2.161823920913040013e-15
3.825000000000000178e+00	7.499999999999999722e-03	5.549827311046988211e-15
3.830000000000000071e+00	7.499999999999999722e-03	4.733239765967118637e-15
3.834999999999999964e+00	7.499999999999999722e-03	2.768250569396268837e-15
3.839999999999999858e+00	7.499999999999999722e-03	2.377368151319350687e-15
3.844999999999999751e+00	7.499999999999999722e-03	2.899836122157831296e-15
3.850000000000000089e+00	7.499999999999999722e-03	4.420747032756371157e-15
3.854999999999999982e+00	7.499999999999999722e-03	5.363485110998890391e-15
3.859999999999999876e+00	7.499999999999999722e-03	4.590489218568548300e-15
3.865000000000000213e+00	7.499999999999999722e-03	2.034932245376825942e-15
3.870000000000000107e+00	7.499999999999999722e-03	1.361260333777619494e-15
3.875000000000000000e+00	7.499999999999999722e-03	2.312097861167808219e-15
3.879999999999999893e+00	7.499999999999999722e-03	3.718309666013046032e-15
3.884999999999999787e+00	7.499999999999999722e-03	5.157212166573291216e-15
3.890000000000000124e+00	7.499999999999999722e-03	5.050707135124850754e-15
3.895000000000000018e+00	7.499999999999999722e-03	3.354116149453240963e-15
3.899999999999999911e+00	7.499999999999999722e-03	2.679489445553853899e-15
3.905000000000000249e+00	7.499999999999999722e-03	6.107227483831500673e-15
3.910000000000000142e+00	7.499999999999999722e-03	7.490793403951561025e-15
3.915000000000000036e+00	7.499999999999999722e-03	4.729644290131906311e-15
3.919999999999999929e+00	7.499999999999999722e-03	2.092668861054667933e-15
3.924999999999999822e+00	7.499999999999999722e-03	2.888442038333560310e-16
3.930000000000000160e+00	7.499999999999999722e-03	1.591856033301748645e-15
3.935000000000000053e+00	7.499999999999999722e-03	3.161058388569179107e-15
3.939999999999999947e+00	7.499999999999999722e-03	2.947564994857000821e-15
3.945000000000000284e+00	7.499999999999999722e-03	2.734469309578453405e-15
3.950000000000000178e+00	7.499999999999999722e-03	3.808375495993159109e-15
3.955000000000000071e+00	7.499999999999999722e-03	4.845188479518889143e-15
3.959999999999999964e+00	7.499999999999999722e-03	5.412195511942524902e-15
3.964999999999999858e+00	7.499999999999999722e-03	5.023570574398546803e-15
3.970000000000000195e+00	7.499999999999999722e-03	2.960218181091849896e-15
3.975000000000000089e+00	7.499999999999999722e-03	-3.791121656843069236e-16
3.979999999999999982e+00	7.499999999999999722e-03	3.086869238297186884e-16
3.985000000000000320e+00	7.499999999999999722e-03	4.176389520931482318e-15
3.990000000000000213e+00	7.499999999999999722e-03	5.928842594702802809e-15
3.995000000000000107e+00	7.499999999999999722e-03	5.341350416937289969e-15
4.000000000000000000e+00	7.499999999999999722e-03	5.332182156159522393e-15
4.004999999999999893e+00	7.499999999999999722e-03	5.533135102459287194e-15
4.009999999999999787e+00	7.499999999999999722e-03	4.236129526978226251e-15
4.014999999999999680e+00	7.499999999999999722e-03	1.092346159351263660e-15
4.019999999999999574e+00	7.499999999999999722e-03	6.899565984566691669e-16
4.025000000000000355e+00	7.499999999999999722e-03	2.270018080724654437e-15
4.030000000000000249e+00	7.499999999999999722e-03	4.775977838497831687e-15
4.035000000000000142e+00	7.499999999999999722e-03	6.866583725797905753e-15
4.040000000000000036e+00	7.499999999999999722e-03	4.814648961556012792e-15
4.044999999999999929e+00	7.499999999999999722e-03	2.760223627281067680e-15
4.049999999999999822e+00	7.499999999999999722e-03	3.248478017446336006e-15
4.054999999999999716e+00	7.499999999999999722e-03	4.870556104765100806e-15
4.059999999999999609e+00	7.499999999999999722e-03	6.184671766127522098e-15
4.064999999999999503e+00	7.499999999999999722e-03	5.503414357076230655e-15
4.070000000000000284e+00	7.499999999999999722e-03	2.353500293577652656e-15
4.075000000000000178e+00	7.499999999999999722e-03	-1.019650563108809921e-15
4.080000000000000071e+00	7.499999999999999722e-03	9.773161611182406542e-17
4.084999999999999964e+00	7.499999999999999722e-03	3.800170986944072168e-15
4.089999999999999858e+00	7.499999999999999722e-03	5.165253625150324748e-15
4.094999999999999751e+00	7.499999999999999722e-03	4.446152586552013036e-15
4.099999999999999645e+00	7.499999999999999722e-03	3.981654079978394261e-15
4.105000000000000426e+00	7.499999999999999722e-03	3.577473089345057272e-15
4.110000000000000320e+00	7.499999999999999722e-03	4.143957089172159232e-15
4.115000000000000213e+00	7.499999999999999722e-03	4.775920979127485455e-15
4.120000000000000107e+00	7.499999999999999722e-03	3.842242987438277695e-15
4.125000000000000000e+00	7.499999999999999722e-03	1.351209468497238333e-15
4.129999999999999893e+00	7.499999999999999722e-03	2.523795818245988359e-15
4.134999999999999787e+00	7.499999999999999722e-03	5.306958742465344932e-15
4.139999999999999680e+00	7.499999999999999722e-03	4.744290264898884182e-15
4.144999999999999574e+00	7.499999999999999722e-03	4.148723141240643440e-15
4.150000000000000355e+00	7.499999999999999722e-03	3.373751140119501223e-15
4.155000000000000249e+00	7.499999999999999722e-03	2.830327644151952451e-15
4.160000000000000142e+00	7.499999999999999722e-03	3.793803240762492880e-15
4.165000000000000036e+00	7.499999999999999722e-03	4.957015316293112914e-15
4.169999999999999929e+00	7.499999999999999722e-03	4.459344352525249866e-15
4.174999999999999822e+00	7.499999999999999722e-03	1.991483751047712876e-15
4.179999999999999716e+00	7.499999999999999722e-03	2.035123755087149348e-15
4.185000000000000497e+00	7.499999999999999722e-03	2.633975537280721785e-15
4.190000000000000391e+00	7.499999999999999722e-03	2.085854035542599263e-15
4.195000000000000284e+00	7.499999999999999722e-03	3.669638136198295244e-15
4.200000000000000178e+00	7.499999999999999722e-03	4.307193281391646764e-15
4.205000000000000071e+00	7.499999999999999722e-03	3.686716894654369122e-15
4.209999999999999964e+00	7.499999999999999722e-03	4.235322929084421829e-15
4.214999999999999858e+00	7.499999999999999722e-03	5.626603660026536977e-15
4.219999999999999751e+00	7.499999999999999722e-03	6.918767943844308308e-15
4.224999999999999645e+00	7.499999999999999722e-03	6.669797747965799923e-15
4.230000000000000426e+00	7.499999999999999722e-03	4.392714980721390649e-15
4.235000000000000320e+00	7.499999999999999722e-03	1.965867207727622898e-15
4.240000000000000213e+00	7.499999999999999722e-03	2.712266217993494110e-15
4.245000000000000107e+00	7.499999999999999722e-03	3.530846437633285963e-15
4.250000000000000000e+00	7.499999999999999722e-03	3.360939686141913037e-15
4.254999999999999893e+00	7.499999999999999722e-03	4.692092459821772298e-15
4.259999999999999787e+00	7.499999999999999722e-03	5.663440436717992623e-15
4.264999999999999680e+00	7.499999999999999722e-03	4.211567325816295523e-15
4.269999999999999574e+00	7.499999999999999722e-03	2.926389267248123362e-15
4.275000000000000355e+00	7.499999999999999722e-03	1.415482803484683364e-15
4.280000000000000249e+00	7.499999999999999722e-03	2.146141609320922804e-15
4.285000000000000142e+00	7.499999999999999722e-03	3.461829286114747845e-15
4.290000000000000036e+00	7.499999999999999722e-03	2.219858908258189149e-15
4.294999999999999929e+00	7.499999999999999722e-03	1.409485614473012076e-15
4.299999999999999822e+00	7.499999999999999722e-03	2.749366514384438209e-15
4.304999999999999716e+00	7.499999999999999722e-03	4.897814687336474802e-15
4.309999999999999609e+00	7.499999999999999722e-03	6.651380378222211576e-15
4.314999999999999503e+00	7.499999999999999722e-03	6.521678845542554187e-15
4.320000000000000284e+00	7.499999999999999722e-03	4.023916230303211316e-15
4.325000000000000178e+00	7.499999999999999722e-03	7.585841529481924418e-16
4.330000000000000071e+00	7.499999999999999722e-03	3.922630778689385861e-16
4.334999999999999964e+00	7.499999999999999722e-03	2.137632862384230979e-15
4.339999999999999858e+00	7.499999999999999722e-03	3.362285041808608537e-15
4.344999999999999751e+00	7.499999999999999722e-03	3.351241922410601203e-15
4.349999999999999645e+00	7.499999999999999722e-03	3.500486089168474464e-15
4.355000000000000426e+00	7.499999999999999722e-03	3.552000049328023948e-15
4.360000000000000320e+00	7.499999999999999722e-03	4.557898211550101912e-15
4.365000000000000213e+00	7.499999999999999722e-03	5.759939518013850545e-15
4.370000000000000107e+00	7.499999999999999722e-03	5.495381999258286357e-15
4.375000000000000000e+00	7.499999999999999722e-03	3.121556220994188061e-15
4.379999999999999893e+00	7.499999999999999722e-03	2.813137888233636480e-15
4.384999999999999787e+00	7.499999999999999722e-03	3.637478632700316971e-15
4.389999999999999680e+00	7.499999999999999722e-03	2.931841484888541900e-15
4.394999999999999574e+00	7.499999999999999722e-03	3.047331658771748555e-15
4.400000000000000355e+00	7.499999999999999722e-03	2.907137604879021652e-15
4.405000000000000249e+00	7.499999999999999722e-03	2.879103566751570911e-15
4.410000000000000142e+00	7.499999999999999722e-03	4.403522237103121913e-15
4.415000000000000036e+00	7.499999999999999722e-03	6.331230982084976682e-15
4.419999999999999929e+00	7.499999999999999722e-03	6.699659480370997124e-15
4.424999999999999822e+00	7.499999999999999722e-03	4.315222858998174473e-15
4.429999999999999716e+00	7.499999999999999722e-03	2.020283151812390564e-15
4.435000000000000497e+00	7.499999999999999722e-03	-1.575645400493683073e-16
4.440000000000000391e+00	7.499999999999999722e-03	6.280484128807977621e-16
4.445000000000000284e+00	7.499999999999999722e-03	2.628863451283395099e-15
4.450000000000000178e+00	7.499999999999999722e-03	3.560549909906585320e-15
4.455000000000000071e+00	7.499999999999999722e-03	3.404347618545792729e-15
4.459999999999999964e+00	7.499999999999999722e-03	4.187775257089035070e-15
4.464999999999999858e+00	7.499999999999999722e-03	5.678837550757039286e-15
4.469999999999999751e+00	7.499999999999999722e-03	7.019245333226797541e-15
4.474999999999999645e+00	7.499999999999999722e-03	6.812043374804235818e-15
4.480000000000000426e+00	7.499999999999999722e-03	4.561775558966027149e-15
4.485000000000000320e+00	7.499999999999999722e-03	1.836953765558898991e-15
4.490000000000000213e+00	7.499999999999999722e-03	2.072592459162955047e-15
4.495000000000000107e+00	7.499999999999999722e-03	3.174292749247797907e-15
4.500000000000000000e+00	7.499999999999999722e-03	1.629618886150821494e-15
4.504999999999999893e+00	7.499999999999999722e-03	1.687749812238104783e-16
4.509999999999999787e+00	7.499999999999999722e-03	4.638925555794712515e-16
4.514999999999999680e+00	7.499999999999999722e-03	1.525311345211554828e-15
4.519999999999999574e+00	7.499999999999999722e-03	3.659133000836220379e-15
4.525000000000000355e+00	7.499999999999999722e-03	6.465479595008806418e-15
4.530000000000000249e+00	7.499999999999999722e-03	5.539231087531082780e-15
4.535000000000000142e+00	7.499999999999999722e-03	1.815420719666504805e-15
4.540000000000000036e+00	7.499999999999999722e-03	1.833735653015625212e-15
4.544999999999999929e+00	7.499999999999999722e-03	4.696312181334468253e-15
4.549999999999999822e+00	7.499999999999999722e-03	5.663824684895151457e-15
4.554999999999999716e+00	7.499999999999999722e-03	4.932173495432926861e-15
4.559999999999999609e+00	7.499999999999999722e-03	4.627126111948952477e-15
4.564999999999999503e+00	7.499999999999999722e-03	4.007389821029218792e-15
4.570000000000000284e+00	7.499999999999999722e-03	3.717266765655985514e-15
4.575000000000000178e+00	7.499999999999999722e-03	4.060178171920218368e-15
4.580000000000000071e+00	7.499999999999999722e-03	3.316175922142936038e-15
4.584999999999999964e+00	7.499999999999999722e-03	1.127802592329603709e-15
4.589999999999999858e+00	7.499999999999999722e-03	2.649291073770196522e-15
4.594999999999999751e+00	7.499999999999999722e-03	5.869170920393789609e-15
4.599999999999999645e+00	7.499999999999999722e-03	5.829969247763285568e-15
4.605000000000000426e+00	7.499999999999999722e-03	5.122338031003354439e-15
4.610000000000000320e+00	7.499999999999999722e-03	2.942308985584414650e-15
4.615000000000000213e+00	7.499999999999999722e-03	1.940938640825410200e-15
4.620000000000000107e+00	7.499999999999999722e-03	3.406488173369739456e-15
4.625000000000000000e+00	7.499999999999999722e-03	5.408929329476665176e-15
4.629999999999999893e+00	7.499999999999999722e-03	5.750616553086539166e-15
4.634999999999999787e+00	7.499999999999999722e-03	3.595810555647880661e-15
4.639999999999999680e+00	7.499999999999999722e-03	2.103919117594828416e-15
4.644999999999999574e+00	7.499999999999999722e-03	-1.341572706947517894e-16
4.650000000000000355e+00	7.499999999999999722e-03	2.370786791565141155e-16
4.655000000000000249e+00	7.499999999999999722e-03	3.188598357244989357e-15
4.660000000000000142e+00	7.499999999999999722e-03	4.022215229181844923e-15
4.665000000000000036e+00	7.499999999999999722e-03	2.779549818631742066e-15
4.669999999999999929e+00	7.499999999999999722e-03	2.175051720616587684e-15
4.674999999999999822e+00	7.499999999999999722e-03	2.384669795624182042e-15
4.679999999999999716e+00	7.499999999999999722e-03	4.014375080138098446e-15
4.685000000000000497e+00	7.499999999999999722e-03	6.709906868496416892e-15
4.690000000000000391e+00	7.499999999999999722e-03	6.031164625320127571e-15
4.695000000000000284e+00	7.499999999999999722e-03	2.886768338671598933e-15
4.700000000000000178e+00	7.499999999999999722e-03	3.624160263994731728e-15
4.705000000000000071e+00	7.499999999999999722e-03	6.105070152491081133e-15
4.709999999999999964e+00	7.499999999999999722e-03	4.757714279302238107e-15
4.714999999999999858e+00	7.499999999999999722e-03	3.174159563233982978e-15
4.719999999999999751e+00	7.499999999999999722e-03	3.321686885875861132e-15
4.724999999999999645e+00	7.499999999999999722e-03	3.428326651260944112e-15
4.730000000000000426e+00	7.499999999999999722e-03	3.848213833082051521e-15
4.735000000000000320e+00	7.499999999999999722e-03	4.833752204813331550e-15
4.740000000000000213e+00	7.499999999999999722e-03	4.529655709692865201e-15
4.745000000000000107e+00	7.499999999999999722e-03	2.055311944605795860e-15
4.750000000000000000e+00	7.499999999999999722e-03	1.234214224003394371e-15
4.754999999999999893e+00	7.499999999999999722e-03	8.906132870437909804e-16
4.759999999999999787e+00	7.499999999999999722e-03	1.254571214558518106e-15
4.764999999999999680e+00	7.499999999999999722e-03	2.176823036246227850e-15
4.769999999999999574e+00	7.499999999999999722e-03	4.343904390448792673e-15
4.775000000000000355e+00	7.499999999999999722e-03	7.515044115721433003e-15
4.780000000000000249e+00	7.499999999999999722e-03	7.178902828097028711e-15
4.785000000000000142e+00	7.499999999999999722e-03	3.556884924796945059e-15
4.790000000000000036e+00	7.499999999999999722e-03	2.103113064435359999e-15
4.794999999999999929e+00	7.499999999999999722e-03	3.020483597913149993e-15
4.799999999999999822e+00	7.499999999999999722e-03	3.855476233541930219e-15
4.804999999999999716e+00	7.499999999999999722e-03	3.835850205788441392e-15
4.809999999999999609e+00	7.499999999999999722e-03	4.146029637369528431e-15
4.814999999999999503e+00	7.499999999999999722e-03	3.982225666091717244e-15
4.820000000000000284e+00	7.499999999999999722e-03	4.131347415284766995e-15
4.825000000000000178e+00	7.499999999999999722e-03	5.044371246343551740e-15
4.830000000000000071e+00	7.499999999999999722e-03	4.970383854264467881e-15
4.834999999999999964e+00	7.499999999999999722e-03	2.901770609671017495e-15
4.839999999999999858e+00	7.499999999999999722e-03	2.946919230376793801e-15
4.844999999999999751e+00	7.499999999999999722e-03	4.214102619540909681e-15
4.849999999999999645e+00	7.499999999999999722e-03	4.035173904176309051e-15
4.855000000000000426e+00	7.499999999999999722e-03	4.027483171361495767e-15
4.860000000000000320e+00	7.499999999999999722e-03	2.432195605587211060e-15
4.865000000000000213e+00	7.499999999999999722e-03	1.817887361068237695e-15
4.870000000000000107e+00	7.499999999999999722e-03	3.600537578315351615e-15
4.875000000000000000e+00	7.499999999999999722e-03	6.007266509099484637e-15
4.879999999999999893e+00	7.499999999999999722e-03	6.920252538385200863e-15
4.884999999999999787e+00	7.499999999999999722e-03	5.147048476242761378e-15
4.889999999999999680e+00	7.499999999999999722e-03	3.435165068312676089e-15
4.894999999999999574e+00	7.499999999999999722e-03	9.387500729540268294e-16
4.900000000000000355e+00	7.499999999999999722e-03	-2.583909679412737636e-17
4.905000000000000249e+00	7.499999999999999722e-03	1.209129391178615087e-15
4.910000000000000142e+00	7.499999999999999722e-03	2.082066483036208252e-15
4.915000000000000036e+00	7.499999999999999722e-03	1.644410969949294244e-15
4.919999999999999929e+00	7.499999999999999722e-03	1.694362927346827125e-15
4.924999999999999822e+00	7.499999999999999722e-03	2.370148875530914308e-15
4.929999999999999716e+00	7.499999999999999722e-03	4.437524420008956299e-15
4.935000000000000497e+00	7.499999999999999722e-03	7.699006923856441402e-15
4.940000000000000391e+00	7.499999999999999722e-03	7.687480349032434459e-15
4.945000000000000284e+00	7.499999999999999722e-03	4.663854725028690262e-15
4.950000000000000178e+00	7.499999999999999722e-03	3.932216605724158974e-15
4.955000000000000071e+00	7.499999999999999722e-03	4.477134082989282984e-15
4.959999999999999964e+00	7.499999999999999722e-03	3.016344581479406456e-15
4.964999999999999858e+00	7.499999999999999722e-03	2.160281299715817822e-15
4.969999999999999751e+00	7.499999999999999722e-03	2.886141661591240612e-15
4.974999999999999645e+00	7.499999999999999722e-03	3.259772271008265705e-15
4.980000000000000426e+00	7.499999999999999722e-03	3.615739981376165347e-15
4.985000000000000320e+00	7.499999999999999722e-03	4.154761095467149514e-15
4.990000000000000213e+00	7.499999999999999722e-03	2.989818378659279253e-15
4.995000000000000107e+00	7.499999999999999722e-03	-6.352123713954777725e-16
5.000000000000000000e+00	7.499999999999999722e-03	-2.059660936504027070e-15
