# coordinate_x	h	p	@time=811.29
0.000000000000000000e+00	2.699893224840709816e-01	5.715609005518749175e-01
5.000000000000000104e-03	2.699857548194518064e-01	5.715609004651124314e-01
1.000000000000000021e-02	2.699750518267627353e-01	5.715609002047798981e-01
1.499999999999999944e-02	2.699572135072620394e-01	5.715608997708290229e-01
2.000000000000000042e-02	2.699322398640065512e-01	5.715608991631417890e-01
2.500000000000000139e-02	2.699001309005011895e-01	5.715608983815831934e-01
2.999999999999999889e-02	2.698608866220086333e-01	5.715608974259502872e-01
3.500000000000000333e-02	2.698145070342337637e-01	5.715608962960231354e-01
4.000000000000000083e-02	2.697609921446428860e-01	5.715608949915136350e-01
4.499999999999999833e-02	2.697003419611478936e-01	5.715608935121163636e-01
5.000000000000000278e-02	2.696325564934284325e-01	5.715608918574576203e-01
5.500000000000000028e-02	2.695576357516144550e-01	5.715608900271460513e-01
5.999999999999999778e-02	2.694755797476122150e-01	5.715608880207213582e-01
6.500000000000000222e-02	2.693863884937841013e-01	5.715608858377051460e-01
7.000000000000000666e-02	2.692900620042799065e-01	5.715608834775497415e-01
7.500000000000001110e-02	2.691866002937122193e-01	5.715608809396890422e-01
8.000000000000000167e-02	2.690760033784939109e-01	5.715608782234865570e-01
8.499999999999999223e-02	2.689582712755090310e-01	5.715608753282868104e-01
8.999999999999999667e-02	2.688334040034564554e-01	5.715608722533636055e-01
9.500000000000000111e-02	2.687014015815161194e-01	5.715608689979708723e-01
1.000000000000000056e-01	2.685622640306994935e-01	5.715608655612905986e-01
1.050000000000000100e-01	2.684159913725100988e-01	5.715608619424845660e-01
1.100000000000000006e-01	2.682625836303019207e-01	5.715608581406416144e-01
1.149999999999999911e-01	2.681020408279330969e-01	5.715608541548291566e-01
1.199999999999999956e-01	2.679343629911336566e-01	5.715608499840408863e-01
1.250000000000000000e-01	2.677595501461513261e-01	5.715608456272479598e-01
1.300000000000000044e-01	2.675776023211288157e-01	5.715608410833465935e-01
1.350000000000000089e-01	2.673885195447419094e-01	5.715608363512093559e-01
1.400000000000000133e-01	2.671923018475870770e-01	5.715608314296325432e-01
1.450000000000000178e-01	2.669889492608100157e-01	5.715608263173878045e-01
1.499999999999999944e-01	2.667784618175054745e-01	5.715608210131688516e-01
1.549999999999999989e-01	2.665608395513353601e-01	5.715608155156433057e-01
1.600000000000000033e-01	2.663360824979409403e-01	5.715608098233994072e-01
1.650000000000000078e-01	2.661041906935504575e-01	5.715608039349978631e-01
1.700000000000000122e-01	2.658651641764046003e-01	5.715607978489184449e-01
1.749999999999999889e-01	2.656190029853519596e-01	5.715607915636116143e-01
1.799999999999999933e-01	2.653657071612893215e-01	5.715607850774447884e-01
1.849999999999999978e-01	2.651052767457445225e-01	5.715607783887546312e-01
1.900000000000000022e-01	2.648377117823317306e-01	5.715607714957932073e-01
1.950000000000000067e-01	2.645630123153209223e-01	5.715607643967790530e-01
2.000000000000000111e-01	2.642811783911095391e-01	5.715607570898442180e-01
2.050000000000000155e-01	2.639922100567775320e-01	5.715607495730855581e-01
2.099999999999999922e-01	2.636961073615765039e-01	5.715607418445110000e-01
2.149999999999999967e-01	2.633928703554688777e-01	5.715607339020908340e-01
2.200000000000000011e-01	2.630824990906361904e-01	5.715607257437037569e-01
2.250000000000000056e-01	2.627649936200012193e-01	5.715607173671892749e-01
2.300000000000000100e-01	2.624403539987563150e-01	5.715607087702917477e-01
2.349999999999999867e-01	2.621085802828678757e-01	5.715606999507140129e-01
2.399999999999999911e-01	2.617696725306257188e-01	5.715606909060612084e-01
2.449999999999999956e-01	2.614236308011285148e-01	5.715606816338939522e-01
2.500000000000000000e-01	2.610704551558558628e-01	5.715606721316718319e-01
2.550000000000000044e-01	2.607101456571335740e-01	5.715606623968075839e-01
2.600000000000000089e-01	2.603427023697295062e-01	5.715606524266091393e-01
2.650000000000000133e-01	2.599681253592974750e-01	5.715606422183342472e-01
2.700000000000000178e-01	2.595864146939984018e-01	5.715606317691326321e-01
2.750000000000000222e-01	2.591975704429219096e-01	5.715606210761003947e-01
2.800000000000000266e-01	2.588015926777335052e-01	5.715606101362218361e-01
2.850000000000000311e-01	2.583984814710727496e-01	5.715605989464236369e-01
2.899999999999999800e-01	2.579882368982289176e-01	5.715605875035169037e-01
2.949999999999999845e-01	2.575708590355132999e-01	5.715605758042511253e-01
2.999999999999999889e-01	2.571463479619649495e-01	5.715605638452557757e-01
3.049999999999999933e-01	2.567147037576965607e-01	5.715605516230946037e-01
3.099999999999999978e-01	2.562759265056313573e-01	5.715605391342066799e-01
3.150000000000000022e-01	2.558300162898209940e-01	5.715605263749606868e-01
3.200000000000000067e-01	2.553769731972156398e-01	5.715605133415956329e-01
3.250000000000000111e-01	2.549167973159523481e-01	5.715605000302753647e-01
3.300000000000000155e-01	2.544494887371600012e-01	5.715604864370286142e-01
3.350000000000000200e-01	2.539750475532164820e-01	5.715604725578037337e-01
3.400000000000000244e-01	2.534934738595906456e-01	5.715604583884084100e-01
3.449999999999999734e-01	2.530047677530664618e-01	5.715604439245640656e-01
3.499999999999999778e-01	2.525089293336243434e-01	5.715604291618454624e-01
3.549999999999999822e-01	2.520059587026300951e-01	5.715604140957352142e-01
3.599999999999999867e-01	2.514958559647574310e-01	5.715603987215623905e-01
3.649999999999999911e-01	2.509786212261408966e-01	5.715603830345574732e-01
3.699999999999999956e-01	2.504542545963412414e-01	5.715603670297906280e-01
3.750000000000000000e-01	2.499227561864600378e-01	5.715603507022262164e-01
3.800000000000000044e-01	2.493841261111509611e-01	5.715603340466609561e-01
3.850000000000000089e-01	2.488383644866936084e-01	5.715603170577779890e-01
3.900000000000000133e-01	2.482854714330532397e-01	5.715602997300848198e-01
3.950000000000000178e-01	2.477254470719119361e-01	5.715602820579672727e-01
4.000000000000000222e-01	2.471582915287793558e-01	5.715602640356273190e-01
4.050000000000000266e-01	2.465840049309787063e-01	5.715602456571360346e-01
4.099999999999999756e-01	2.460025874098113741e-01	5.715602269163713167e-01
4.149999999999999800e-01	2.454140390984956843e-01	5.715602078070710634e-01
4.199999999999999845e-01	2.448183601343882909e-01	5.715601883227702240e-01
4.249999999999999889e-01	2.442155506568728651e-01	5.715601684568529794e-01
4.299999999999999933e-01	2.436056108096416040e-01	5.715601482024904589e-01
4.349999999999999978e-01	2.429885407385313500e-01	5.715601275526919212e-01
4.400000000000000022e-01	2.423643405938685214e-01	5.715601065002421377e-01
4.450000000000000067e-01	2.417330105282495811e-01	5.715600850377521303e-01
4.500000000000000111e-01	2.410945506989532472e-01	5.715600631575961099e-01
4.550000000000000155e-01	2.404489612656622866e-01	5.715600408519616593e-01
4.600000000000000200e-01	2.397962423929467235e-01	5.715600181127867829e-01
4.649999999999999689e-01	2.391363942479240168e-01	5.715599949318087569e-01
4.699999999999999734e-01	2.384694170028170690e-01	5.715599713005010685e-01
4.749999999999999778e-01	2.377953108325494280e-01	5.715599472101212664e-01
4.799999999999999822e-01	2.371140759173826773e-01	5.715599226516483444e-01
4.849999999999999867e-01	2.364257124404429977e-01	5.715598976158287048e-01
4.899999999999999911e-01	2.357302205904425185e-01	5.715598720931140964e-01
4.949999999999999956e-01	2.350276005591333817e-01	5.715598460737058018e-01
5.000000000000000000e-01	2.343178525441182436e-01	5.715598195474929089e-01
5.050000000000000044e-01	2.336009767462276787e-01	5.715597925040947214e-01
5.100000000000000089e-01	2.328769733724249946e-01	5.715597649327995855e-01
5.150000000000000133e-01	2.321458426331029223e-01	5.715597368226051911e-01
5.200000000000000178e-01	2.314075847450884349e-01	5.715597081621576203e-01
5.250000000000000222e-01	2.306621999288538116e-01	5.715596789397895394e-01
5.300000000000000266e-01	2.299096884116279549e-01	5.715596491434602466e-01
5.350000000000000311e-01	2.291500504245168879e-01	5.715596187607906442e-01
5.400000000000000355e-01	2.283832862057278146e-01	5.715595877790046186e-01
5.450000000000000400e-01	2.276093959975939995e-01	5.715595561849603490e-01
5.500000000000000444e-01	2.268283800499188430e-01	5.715595239650937964e-01
5.550000000000000488e-01	2.260402386168993416e-01	5.715594911054452387e-01
5.600000000000000533e-01	2.252449719605977008e-01	5.715594575916053133e-01
5.649999999999999467e-01	2.244425803477575476e-01	5.715594234087365555e-01
5.699999999999999512e-01	2.236330640534111847e-01	5.715593885415219955e-01
5.749999999999999556e-01	2.228164233575820607e-01	5.715593529741811452e-01
5.799999999999999600e-01	2.219926585490367699e-01	5.715593166904214817e-01
5.849999999999999645e-01	2.211617699218667854e-01	5.715592796734486614e-01
5.899999999999999689e-01	2.203237577793944468e-01	5.715592419059207785e-01
5.949999999999999734e-01	2.194786224306267963e-01	5.715592033699515850e-01
5.999999999999999778e-01	2.186263641943261560e-01	5.715591640470696344e-01
6.049999999999999822e-01	2.177669833953277123e-01	5.715591239182125083e-01
6.099999999999999867e-01	2.169004803687858418e-01	5.715590829636902903e-01
6.149999999999999911e-01	2.160268554563471999e-01	5.715590411631723544e-01
6.199999999999999956e-01	2.151461090105847851e-01	5.715589984956547243e-01
6.250000000000000000e-01	2.142582413910171790e-01	5.715589549394366475e-01
6.300000000000000044e-01	2.133632529687436441e-01	5.715589104720947278e-01
6.350000000000000089e-01	2.124611441222996611e-01	5.715588650704476192e-01
6.400000000000000133e-01	2.115519152425072436e-01	5.715588187105372642e-01
6.450000000000000178e-01	2.106355667281558652e-01	5.715587713675800430e-01
6.500000000000000222e-01	2.097120989910838396e-01	5.715587230159563381e-01
6.550000000000000266e-01	2.087815124516731458e-01	5.715586736291472514e-01
6.600000000000000311e-01	2.078438075441783883e-01	5.715586231797323835e-01
6.650000000000000355e-01	2.068989847120233649e-01	5.715585716393108973e-01
6.700000000000000400e-01	2.059470444133960632e-01	5.715585189785090670e-01
6.750000000000000444e-01	2.049879871163331757e-01	5.715584651668820237e-01
6.800000000000000488e-01	2.040218133046015347e-01	5.715584101729342947e-01
6.850000000000000533e-01	2.030485234725559751e-01	5.715583539639995658e-01
6.899999999999999467e-01	2.020681181313291053e-01	5.715582965062747656e-01
6.949999999999999512e-01	2.010805978034465313e-01	5.715582377646756251e-01
6.999999999999999556e-01	2.000859630293493341e-01	5.715581777028860833e-01
7.049999999999999600e-01	1.990842143617496118e-01	5.715581162831867568e-01
7.099999999999999645e-01	1.980753523725116982e-01	5.715580534665225532e-01
7.149999999999999689e-01	1.970593776467292613e-01	5.715579892122981676e-01
7.199999999999999734e-01	1.960362907899947937e-01	5.715579234784677887e-01
7.249999999999999778e-01	1.950060924221777570e-01	5.715578562212942915e-01
7.299999999999999822e-01	1.939687831851142075e-01	5.715577873954622579e-01
7.349999999999999867e-01	1.929243637360636976e-01	5.715577169537969793e-01
7.399999999999999911e-01	1.918728347558545655e-01	5.715576448474036786e-01
7.449999999999999956e-01	1.908141969419952511e-01	5.715575710253411046e-01
7.500000000000000000e-01	1.897484510173143013e-01	5.715574954347908410e-01
7.550000000000000044e-01	1.886755977226994285e-01	5.715574180206783872e-01
7.600000000000000089e-01	1.875956378262756130e-01	5.715573387258774396e-01
7.650000000000000133e-01	1.865085721157425658e-01	5.715572574907713532e-01
7.700000000000000178e-01	1.854144014081389735e-01	5.715571742534975019e-01
7.750000000000000222e-01	1.843131265417466413e-01	5.715570889494394624e-01
7.800000000000000266e-01	1.832047483864940041e-01	5.715570015115185587e-01
7.850000000000000311e-01	1.820892678353915606e-01	5.715569118696069983e-01
7.900000000000000355e-01	1.809666858156342706e-01	5.715568199508725966e-01
7.950000000000000400e-01	1.798370032795297280e-01	5.715567256791013184e-01
8.000000000000000444e-01	1.787002212163655568e-01	5.715566289751041751e-01
8.050000000000000488e-01	1.775563406427877189e-01	5.715565297559355162e-01
8.100000000000000533e-01	1.764053626155064614e-01	5.715564279353702037e-01
8.149999999999999467e-01	1.752472882210787120e-01	5.715563234230033318e-01
8.199999999999999512e-01	1.740821185895349288e-01	5.715562161248086692e-01
8.249999999999999556e-01	1.729098548835132365e-01	5.715561059421013779e-01
8.299999999999999600e-01	1.717304983129011309e-01	5.715559927721896027e-01
8.349999999999999645e-01	1.705440501232635686e-01	5.715558765071789837e-01
8.399999999999999689e-01	1.693505116116035547e-01	5.715557570347338245e-01
8.449999999999999734e-01	1.681498841140211531e-01	5.715556342366977516e-01
8.499999999999999778e-01	1.669421690227111954e-01	5.715555079899803381e-01
8.549999999999999822e-01	1.657273677727821304e-01	5.715553781649669318e-01
8.599999999999999867e-01	1.645054818606241087e-01	5.715552446265493858e-01
8.649999999999999911e-01	1.632765128298093171e-01	5.715551072322915260e-01
8.699999999999999956e-01	1.620404622909817627e-01	5.715549658336283034e-01
8.750000000000000000e-01	1.607973319067514395e-01	5.715548202737456007e-01
8.800000000000000044e-01	1.595471234132774807e-01	5.715546703889757829e-01
8.850000000000000089e-01	1.582898386040582916e-01	5.715545160063452146e-01
8.900000000000000133e-01	1.570254793534046067e-01	5.715543569451979611e-01
8.950000000000000178e-01	1.557540475990156215e-01	5.715541930143557270e-01
9.000000000000000222e-01	1.544755453675656642e-01	5.715540240140073447e-01
9.050000000000000266e-01	1.531899747559443137e-01	5.715538497324154088e-01
9.100000000000000311e-01	1.518973379592135353e-01	5.715536699481169602e-01
9.150000000000000355e-01	1.505976372503731731e-01	5.715534844260976577e-01
9.200000000000000400e-01	1.492908750109845362e-01	5.715532929203568369e-01
9.250000000000000444e-01	1.479770537093063332e-01	5.715530951694557382e-01
9.300000000000000488e-01	1.466561759339256310e-01	5.715528908995108903e-01
9.350000000000000533e-01	1.453282443700885940e-01	5.715526798190030400e-01
9.399999999999999467e-01	1.439932618367346928e-01	5.715524616222753540e-01
9.449999999999999512e-01	1.426512312608238242e-01	5.715522359834671606e-01
9.499999999999999556e-01	1.413021557182329579e-01	5.715520025606084520e-01
9.549999999999999600e-01	1.399460384058554552e-01	5.715517609885134576e-01
9.599999999999999645e-01	1.385828826868961139e-01	5.715515108835831359e-01
9.649999999999999689e-01	1.372126920604873623e-01	5.715512518354582960e-01
9.699999999999999734e-01	1.358354702120111723e-01	5.715509834126623057e-01
9.749999999999999778e-01	1.344512209799413605e-01	5.715507051527723981e-01
9.799999999999999822e-01	1.330599484119310560e-01	5.715504165690634686e-01
9.849999999999999867e-01	1.316616567285501804e-01	5.715501171388990276e-01
9.899999999999999911e-01	1.302563503860108829e-01	5.715498063115740379e-01
9.949999999999999956e-01	1.288440340364212233e-01	5.715494834945592517e-01
1.000000000000000000e+00	1.274247125981841644e-01	5.715491480627838961e-01
1.004999999999999893e+00	1.259983912123336658e-01	5.715487993422802004e-01
1.010000000000000009e+00	1.245650753218418005e-01	5.715484366212025824e-01
1.015000000000000124e+00	1.231247706235381462e-01	5.715480591303099267e-01
1.020000000000000018e+00	1.216774831578054938e-01	5.715476660560862010e-01
1.024999999999999911e+00	1.202232192555077739e-01	5.715472565173593811e-01
1.030000000000000027e+00	1.187619856398569318e-01	5.715468295809761345e-01
1.035000000000000142e+00	1.172937893676882365e-01	5.715463842336748757e-01
1.040000000000000036e+00	1.158186379456567355e-01	5.715459194008799537e-01
1.044999999999999929e+00	1.143365392650945445e-01	5.715454339127153949e-01
1.050000000000000044e+00	1.128475017351687898e-01	5.715449265266256962e-01
1.055000000000000160e+00	1.113515342104351158e-01	5.715443958861131657e-01
1.060000000000000053e+00	1.098486461441833678e-01	5.715438405480792738e-01
1.064999999999999947e+00	1.083388475076597496e-01	5.715432589324714874e-01
1.070000000000000062e+00	1.068221489675827002e-01	5.715426493554776055e-01
1.075000000000000178e+00	1.052985617958432374e-01	5.715420099677422927e-01
1.080000000000000071e+00	1.037680980761390287e-01	5.715413387948627966e-01
1.084999999999999964e+00	1.022307706027698326e-01	5.715406336611341676e-01
1.090000000000000080e+00	1.006865931225876115e-01	5.715398922392068704e-01
1.095000000000000195e+00	9.913558022128303449e-02	5.715391119553788757e-01
1.100000000000000089e+00	9.757774760847225115e-02	5.715382900508251263e-01
1.104999999999999982e+00	9.601311198961695603e-02	5.715374234631740435e-01
1.110000000000000098e+00	9.444169140420130559e-02	5.715365089024544432e-01
1.115000000000000213e+00	9.286350508114500635e-02	5.715355427019385148e-01
1.120000000000000107e+00	9.127857384285091580e-02	5.715345209129467641e-01
1.125000000000000000e+00	8.968691994165682579e-02	5.715334391155035831e-01
1.129999999999999893e+00	8.808856754632624075e-02	5.715322925374995977e-01
1.134999999999999787e+00	8.648354255675826108e-02	5.715310758122871260e-01
1.139999999999999902e+00	8.487187319462943802e-02	5.715297831295742537e-01
1.145000000000000018e+00	8.325358979326498432e-02	5.715284079222325841e-01
1.149999999999999911e+00	8.162872552118800862e-02	5.715269430589089428e-01
1.154999999999999805e+00	7.999731614380432843e-02	5.715253804353284117e-01
1.159999999999999920e+00	7.835940091840566668e-02	5.715237112222972815e-01
1.165000000000000036e+00	7.671502232424125267e-02	5.715219253265754196e-01
1.169999999999999929e+00	7.506422718131411376e-02	5.715200117132115398e-01
1.174999999999999822e+00	7.340706634568756883e-02	5.715179576859154009e-01
1.179999999999999938e+00	7.174359612414304976e-02	5.715157493102991371e-01
1.185000000000000053e+00	7.007387793254758745e-02	5.715133704408295046e-01
1.189999999999999947e+00	6.839798010711935217e-02	5.715108032827747042e-01
1.194999999999999840e+00	6.671597752598582010e-02	5.715080270576977650e-01
1.199999999999999956e+00	6.502795396023254570e-02	5.715050187586784292e-01
1.205000000000000071e+00	6.333400166356499550e-02	5.715017512912556885e-01
1.209999999999999964e+00	6.163422447029957146e-02	5.714981945019849130e-01
1.214999999999999858e+00	5.992873736741606561e-02	5.714943125435069105e-01
1.219999999999999973e+00	5.821767064517970741e-02	5.714900652960001048e-01
1.225000000000000089e+00	5.650116948380155130e-02	5.714854045602191235e-01
1.229999999999999982e+00	5.477939961759314275e-02	5.714802760538860715e-01
1.234999999999999876e+00	5.305254700246376381e-02	5.714746137924260339e-01
1.239999999999999991e+00	5.132082570517312869e-02	5.714683429434820328e-01
1.245000000000000107e+00	4.958447778259581634e-02	5.714613713314440346e-01
1.250000000000000000e+00	4.784378452357299777e-02	5.714535936012321571e-01
1.254999999999999893e+00	4.609906679521262596e-02	5.714448780234813174e-01
1.260000000000000009e+00	4.435070147571700677e-02	5.714350727058090662e-01
1.265000000000000124e+00	4.259912276579008727e-02	5.714239844654140921e-01
1.270000000000000018e+00	4.084484690520020361e-02	5.714113883331987109e-01
1.274999999999999911e+00	3.908847543121315299e-02	5.713969925362772928e-01
1.280000000000000027e+00	3.733073356173997881e-02	5.713804534718678330e-01
1.285000000000000142e+00	3.557247736932810100e-02	5.713613153457572924e-01
1.290000000000000036e+00	3.381475554423218205e-02	5.713390345875452025e-01
1.294999999999999929e+00	3.205882451087099100e-02	5.713128710666472987e-01
1.300000000000000044e+00	3.030625175324591983e-02	5.712819295973414757e-01
1.305000000000000160e+00	2.855894726836336744e-02	5.712449538182490238e-01
1.310000000000000053e+00	2.681934362965334578e-02	5.712004006286166558e-01
1.314999999999999947e+00	2.509046140448793066e-02	5.711460275429032230e-01
1.320000000000000062e+00	2.337623523542020285e-02	5.710790364604548808e-01
1.325000000000000178e+00	2.168164905928658681e-02	5.709951993357182953e-01
1.330000000000000071e+00	2.001334056724919305e-02	5.708891684345935857e-01
1.334999999999999964e+00	1.837986724094072682e-02	5.707525324859458182e-01
1.340000000000000080e+00	1.679279390069152167e-02	5.705746081172879958e-01
1.345000000000000195e+00	1.526710800382848413e-02	5.703380777434524651e-01
1.350000000000000089e+00	1.382277675637603141e-02	5.700214806943189050e-01
1.354999999999999982e+00	1.248471239679357393e-02	5.695905054018556291e-01
1.360000000000000098e+00	1.128277941253638672e-02	5.690069160237548607e-01
1.365000000000000213e+00	1.024811247689351792e-02	5.682182931919190771e-01
1.370000000000000107e+00	9.405222412216238115e-03	5.671835832169419556e-01
1.375000000000000000e+00	8.763279876045582117e-03	5.658747785195412661e-01
1.379999999999999893e+00	8.307496049034874402e-03	5.643004749110180907e-01
1.384999999999999787e+00	8.005089689230020233e-03	5.625051073260175505e-01
1.389999999999999902e+00	7.815029098970485699e-03	5.605422722280319903e-01
1.395000000000000018e+00	7.700080415879199773e-03	5.584723678060105057e-01
1.399999999999999911e+00	7.632538578875421031e-03	5.563346815925236388e-01
1.404999999999999805e+00	7.593283171451294285e-03	5.541613632617118368e-01
1.409999999999999920e+00	7.570797096025740081e-03	5.519690544004267618e-01
1.415000000000000036e+00	7.557868714115195501e-03	5.497699243268094893e-01
1.419999999999999929e+00	7.550485015961133466e-03	5.475697558390527631e-01
1.424999999999999822e+00	7.546211476302089501e-03	5.453726173505507591e-01
1.429999999999999938e+00	7.543729566889565558e-03	5.431803743390575256e-01
1.435000000000000053e+00	7.542247451933386734e-03	5.409943160655836802e-01
1.439999999999999947e+00	7.541340096084281699e-03	5.388150141966301376e-01
1.444999999999999840e+00	7.540753081629701128e-03	5.366428545712932374e-01
1.449999999999999956e+00	7.540350249947496211e-03	5.344779937206167730e-01
1.455000000000000071e+00	7.540050188037713402e-03	5.323205292217054740e-01
1.459999999999999964e+00	7.539809370561729486e-03	5.301704859902486300e-01
1.464999999999999858e+00	7.539601782232776758e-03	5.280278705229338732e-01
1.469999999999999973e+00	7.539413519800027691e-03	5.258926665070849937e-01
1.475000000000000089e+00	7.539236273926669916e-03	5.237648520839678357e-01
1.479999999999999982e+00	7.539065604004067424e-03	5.216443984030142422e-01
1.484999999999999876e+00	7.538898855571019887e-03	5.195312751419410846e-01
1.489999999999999991e+00	7.538734609368725678e-03	5.174254499954089592e-01
1.495000000000000107e+00	7.538572016289649645e-03	5.153268904692264174e-01
1.500000000000000000e+00	7.538410621498106180e-03	5.132355636667896848e-01
1.504999999999999893e+00	7.538250152123651161e-03	5.111514369009211300e-01
1.510000000000000009e+00	7.538090461127535356e-03	5.090744775761718577e-01
1.515000000000000124e+00	7.537931459547277287e-03	5.070046534248046077e-01
1.520000000000000018e+00	7.537773098582598898e-03	5.049419324208641591e-01
1.524999999999999911e+00	7.537615347979524649e-03	5.028862828959668185e-01
1.530000000000000027e+00	7.537458190311942773e-03	5.008376734647622675e-01
1.535000000000000142e+00	7.537301614089457827e-03	4.987960731015834703e-01
1.540000000000000036e+00	7.537145611929673902e-03	4.967614510707839548e-01
1.544999999999999929e+00	7.536990178363452836e-03	4.947337769899654014e-01
1.550000000000000044e+00	7.536835309248240272e-03	4.927130207630780467e-01
1.555000000000000160e+00	7.536681001071568117e-03	4.906991526384092417e-01
1.560000000000000053e+00	7.536527250760215006e-03	4.886921431437319940e-01
1.564999999999999947e+00	7.536374055461412570e-03	4.866919631416803949e-01
1.570000000000000062e+00	7.536221412478304182e-03	4.846985837666775154e-01
1.575000000000000178e+00	7.536069319203378414e-03	4.827119764785655631e-01
1.580000000000000071e+00	7.535917773094268773e-03	4.807321130011840138e-01
1.584999999999999964e+00	7.535766771655637991e-03	4.787589653745639717e-01
1.590000000000000080e+00	7.535616312427929203e-03	4.767925058950754358e-01
1.595000000000000195e+00	7.535466392984611211e-03	4.748327071663168697e-01
1.600000000000000089e+00	7.535317010925145047e-03	4.728795420407672090e-01
1.604999999999999982e+00	7.535168163877052627e-03	4.709329836694421401e-01
1.610000000000000098e+00	7.535019849490311866e-03	4.689930054449950592e-01
1.615000000000000213e+00	7.534872065440892039e-03	4.670595810501935174e-01
1.620000000000000107e+00	7.534724809425682318e-03	4.651326844024139540e-01
1.625000000000000000e+00	7.534578079166433934e-03	4.632122897009840479e-01
1.629999999999999893e+00	7.534431872404935039e-03	4.612983713730214319e-01
1.634999999999999787e+00	7.534286186907013586e-03	4.593909041196838072e-01
1.639999999999999902e+00	7.534141020457875253e-03	4.574898628633020103e-01
1.645000000000000018e+00	7.533996370866056884e-03	4.555952227925788578e-01
1.649999999999999911e+00	7.533852235958894521e-03	4.537069593109691601e-01
1.654999999999999805e+00	7.533708613586397040e-03	4.518250480808657654e-01
1.659999999999999920e+00	7.533565501616826081e-03	4.499494649731808349e-01
1.665000000000000036e+00	7.533422897940495085e-03	4.480801861105573325e-01
1.669999999999999929e+00	7.533280800465443766e-03	4.462171878181073748e-01
1.674999999999999822e+00	7.533139207121159094e-03	4.443604466656841945e-01
1.679999999999999938e+00	7.532998115854350370e-03	4.425099394197363756e-01
1.685000000000000053e+00	7.532857524632593019e-03	4.406656430846746519e-01
1.689999999999999947e+00	7.532717431440190403e-03	4.388275348558020039e-01
1.694999999999999840e+00	7.532577834281745620e-03	4.369955921598067672e-01
1.699999999999999956e+00	7.532438731178116992e-03	4.351697926087311763e-01
1.705000000000000071e+00	7.532300120169912669e-03	4.333501140396232021e-01
1.709999999999999964e+00	7.532161999313535458e-03	4.315365344695047400e-01
1.714999999999999858e+00	7.532024366684604566e-03	4.297290321342131514e-01
1.719999999999999973e+00	7.531887220374086298e-03	4.279275854443337357e-01
1.725000000000000089e+00	7.531750558491644675e-03	4.261321730232600080e-01
1.729999999999999982e+00	7.531614379161862341e-03	4.243427736640564829e-01
1.734999999999999876e+00	7.531478680527513986e-03	4.225593663667655542e-01
1.739999999999999991e+00	7.531343460745869647e-03	4.207819302961666175e-01
1.745000000000000107e+00	7.531208717991908289e-03	4.190104448183584185e-01
1.750000000000000000e+00	7.531074450454692225e-03	4.172448894593822066e-01
1.754999999999999893e+00	7.530940656340522586e-03	4.154852439411046983e-01
1.760000000000000009e+00	7.530807333869384869e-03	4.137314881406751743e-01
1.765000000000000124e+00	7.530674481278046284e-03	4.119836021257350378e-01
1.770000000000000018e+00	7.530542096816569830e-03	4.102415661146787684e-01
1.774999999999999911e+00	7.530410178751357000e-03	4.085053605112133335e-01
1.780000000000000027e+00	7.530278725361730374e-03	4.067749658653957434e-01
1.785000000000000142e+00	7.530147734942914742e-03	4.050503629075660195e-01
1.790000000000000036e+00	7.530017205802698628e-03	4.033315325101335946e-01
1.794999999999999929e+00	7.529887136264348628e-03	4.016184557209053763e-01
1.800000000000000044e+00	7.529757524663340321e-03	3.999111137255955684e-01
1.805000000000000160e+00	7.529628369350221430e-03	3.982094878805708116e-01
1.810000000000000053e+00	7.529499668687403453e-03	3.965135596760576142e-01
1.814999999999999947e+00	7.529371421051978854e-03	3.948233107683252197e-01
1.820000000000000062e+00	7.529243624832563861e-03	3.931387229435663322e-01
1.825000000000000178e+00	7.529116278432071430e-03	3.914597781495388618e-01
1.830000000000000071e+00	7.528989380264617358e-03	3.897864584600949645e-01
1.834999999999999964e+00	7.528862928758236865e-03	3.881187461063010380e-01
1.840000000000000080e+00	7.528736922351855765e-03	3.864566234415936496e-01
1.845000000000000195e+00	7.528611359497955000e-03	3.848000729723960456e-01
1.850000000000000089e+00	7.528486238659594723e-03	3.831490773238788727e-01
1.854999999999999982e+00	7.528361558313045009e-03	3.815036192700903550e-01
1.860000000000000098e+00	7.528237316944851563e-03	3.798636817003019917e-01
1.865000000000000213e+00	7.528113513054429141e-03	3.782292476486702193e-01
1.870000000000000107e+00	7.527990145151177565e-03	3.766003002611456041e-01
1.875000000000000000e+00	7.527867211757034369e-03	3.749768228246821988e-01
1.879999999999999893e+00	7.527744711403637663e-03	3.733587987346921322e-01
1.884999999999999787e+00	7.527622642634839746e-03	3.717462115238186482e-01
1.889999999999999902e+00	7.527501004003920269e-03	3.701390448299163860e-01
1.895000000000000018e+00	7.527379794076059089e-03	3.685372824244041445e-01
1.899999999999999911e+00	7.527259011425595399e-03	3.669409081807528672e-01
1.904999999999999805e+00	7.527138654638461553e-03	3.653499061024323424e-01
1.909999999999999920e+00	7.527018722309493370e-03	3.637642602918899071e-01
1.915000000000000036e+00	7.526899213044820590e-03	3.621839549781061263e-01
1.919999999999999929e+00	7.526780125459220545e-03	3.606089744860469515e-01
1.924999999999999822e+00	7.526661458178481728e-03	3.590393032638410364e-01
1.929999999999999938e+00	7.526543209836792162e-03	3.574749258526903617e-01
1.935000000000000053e+00	7.526425379079068265e-03	3.559158269136828978e-01
1.939999999999999947e+00	7.526307964558389199e-03	3.543619911981454318e-01
1.944999999999999840e+00	7.526190964938288437e-03	3.528134035741044561e-01
1.949999999999999956e+00	7.526074378890229739e-03	3.512700489970658757e-01
1.955000000000000071e+00	7.525958205095865765e-03	3.497319125361370018e-01
1.959999999999999964e+00	7.525842442244553947e-03	3.481989793452193171e-01
1.964999999999999858e+00	7.525727089035582143e-03	3.466712346888016771e-01
1.969999999999999973e+00	7.525612144175722676e-03	3.451486639135528667e-01
1.975000000000000089e+00	7.525497606381425890e-03	3.436312524737989427e-01
1.979999999999999982e+00	7.525383474376413223e-03	3.421189859035008163e-01
1.984999999999999876e+00	7.525269746893843009e-03	3.406118498414263396e-01
1.989999999999999991e+00	7.525156422673930437e-03	3.391098300035007562e-01
1.995000000000000107e+00	7.525043500466095138e-03	3.376129122076845235e-01
2.000000000000000000e+00	7.524930979026609769e-03	3.361210823466836972e-01
2.004999999999999893e+00	7.524818857120717241e-03	3.346343264125430372e-01
2.009999999999999787e+00	7.524707133520319204e-03	3.331526304697050023e-01
2.014999999999999680e+00	7.524595807006062044e-03	3.316759806793283527e-01
2.020000000000000018e+00	7.524484876365059201e-03	3.302043632726839317e-01
2.024999999999999911e+00	7.524374340392950278e-03	3.287377645752079802e-01
2.029999999999999805e+00	7.524264197891654578e-03	3.272761709802238239e-01
2.035000000000000142e+00	7.524154447671405066e-03	3.258195689727381161e-01
2.040000000000000036e+00	7.524045088548530526e-03	3.243679451034792161e-01
2.044999999999999929e+00	7.523936119347469573e-03	3.229212860124449636e-01
2.049999999999999822e+00	7.523827538898580566e-03	3.214795784032458692e-01
2.054999999999999716e+00	7.523719346040126134e-03	3.200428090664140246e-01
2.060000000000000053e+00	7.523611539616119510e-03	3.186109648540413897e-01
2.064999999999999947e+00	7.523504118478282175e-03	3.171840327028578876e-01
2.069999999999999840e+00	7.523397081483915345e-03	3.157619996091547421e-01
2.075000000000000178e+00	7.523290427497843734e-03	3.143448526516388619e-01
2.080000000000000071e+00	7.523184155390303524e-03	3.129325789666339563e-01
2.084999999999999964e+00	7.523078264038871379e-03	3.115251657707177046e-01
2.089999999999999858e+00	7.522972752326375842e-03	3.101226003361908234e-01
2.094999999999999751e+00	7.522867619142805523e-03	3.087248700135059587e-01
2.100000000000000089e+00	7.522762863383249121e-03	3.073319622069954904e-01
2.104999999999999982e+00	7.522658483949776730e-03	3.059438643970986971e-01
2.109999999999999876e+00	7.522554479749406740e-03	3.045605641163405819e-01
2.115000000000000213e+00	7.522450849695972407e-03	3.031820489713631384e-01
2.120000000000000107e+00	7.522347592708106961e-03	3.018083066191485364e-01
2.125000000000000000e+00	7.522244707711091966e-03	3.004393247888607066e-01
2.129999999999999893e+00	7.522142193634867580e-03	2.990750912583040044e-01
2.134999999999999787e+00	7.522040049415858361e-03	2.977155938755824960e-01
2.140000000000000124e+00	7.521938273995012157e-03	2.963608205357866621e-01
2.145000000000000018e+00	7.521836866319601619e-03	2.950107592024758807e-01
2.149999999999999911e+00	7.521735825341287381e-03	2.936653978845867319e-01
2.155000000000000249e+00	7.521635150017905690e-03	2.923247246577428959e-01
2.160000000000000142e+00	7.521534839311543735e-03	2.909887276413802293e-01
2.165000000000000036e+00	7.521434892190318605e-03	2.896573950198893521e-01
2.169999999999999929e+00	7.521335307626472559e-03	2.883307150199488356e-01
2.174999999999999822e+00	7.521236084598129437e-03	2.870086759315076952e-01
2.180000000000000160e+00	7.521137222087414219e-03	2.856912660853204167e-01
2.185000000000000053e+00	7.521038719082193819e-03	2.843784738737736850e-01
2.189999999999999947e+00	7.520940574574215727e-03	2.830702877286171981e-01
2.195000000000000284e+00	7.520842787560832327e-03	2.817666961416394056e-01
2.200000000000000178e+00	7.520745357043156880e-03	2.804676876425892251e-01
2.205000000000000071e+00	7.520648282027774835e-03	2.791732508197047880e-01
2.209999999999999964e+00	7.520551561524918029e-03	2.778833742978201737e-01
2.214999999999999858e+00	7.520455194550161246e-03	2.765980467587520475e-01
2.220000000000000195e+00	7.520359180122616373e-03	2.753172569195860286e-01
2.225000000000000089e+00	7.520263517266609007e-03	2.740409935529256602e-01
2.229999999999999982e+00	7.520168205009891693e-03	2.727692454653528609e-01
2.235000000000000320e+00	7.520073242385312724e-03	2.715020015175426682e-01
2.240000000000000213e+00	7.519978628429039788e-03	2.702392506028947761e-01
2.245000000000000107e+00	7.519884362182214892e-03	2.689809816675169385e-01
2.250000000000000000e+00	7.519790442689198821e-03	2.677271836890216528e-01
2.254999999999999893e+00	7.519696868999212191e-03	2.664778456963836084e-01
2.259999999999999787e+00	7.519603640164591180e-03	2.652329567488967976e-01
2.264999999999999680e+00	7.519510755242419034e-03	2.639925059559087295e-01
2.270000000000000018e+00	7.519418213292800891e-03	2.627564824559341927e-01
2.274999999999999911e+00	7.519326013380477937e-03	2.615248754362698991e-01
2.279999999999999805e+00	7.519234154573115232e-03	2.602976741122601245e-01
2.285000000000000142e+00	7.519142635942909804e-03	2.590748677467948902e-01
2.290000000000000036e+00	7.519051456564892350e-03	2.578564456297245400e-01
2.294999999999999929e+00	7.518960615518519713e-03	2.566423970972438462e-01
2.299999999999999822e+00	7.518870111885992205e-03	2.554327115114511937e-01
2.304999999999999716e+00	7.518779944753838269e-03	2.542273782796227177e-01
2.310000000000000053e+00	7.518690113211238743e-03	2.530263868339118205e-01
2.314999999999999947e+00	7.518600616351607188e-03	2.518297266505162835e-01
2.319999999999999840e+00	7.518511453270928027e-03	2.506373872295143967e-01
2.325000000000000178e+00	7.518422623069316926e-03	2.494493581139271554e-01
2.330000000000000071e+00	7.518334124849381482e-03	2.482656288696896696e-01
2.334999999999999964e+00	7.518245957717768595e-03	2.470861891046094161e-01
2.339999999999999858e+00	7.518158120783534695e-03	2.459110284484689879e-01
2.344999999999999751e+00	7.518070613159687915e-03	2.447401365718850641e-01
2.350000000000000089e+00	7.517983433961567853e-03	2.435735031665378636e-01
2.354999999999999982e+00	7.517896582308376471e-03	2.424111179639334146e-01
2.359999999999999876e+00	7.517810057321575208e-03	2.412529707157572145e-01
2.365000000000000213e+00	7.517723858126400260e-03	2.400990512125410203e-01
2.370000000000000107e+00	7.517637983850272709e-03	2.389493492641393269e-01
2.375000000000000000e+00	7.517552433624308597e-03	2.378038547183017881e-01
2.379999999999999893e+00	7.517467206581736859e-03	2.366625574412696831e-01
2.384999999999999787e+00	7.517382301859401594e-03	2.355254473362569101e-01
2.390000000000000124e+00	7.517297718596191274e-03	2.343925143241631093e-01
2.395000000000000018e+00	7.517213455934527132e-03	2.332637483619654506e-01
2.399999999999999911e+00	7.517129513018813193e-03	2.321391394235458039e-01
2.405000000000000249e+00	7.517045888996908183e-03	2.310186775179947083e-01
2.410000000000000142e+00	7.516962583018586830e-03	2.299023526705515907e-01
2.415000000000000036e+00	7.516879594237009174e-03	2.287901549408215274e-01
2.419999999999999929e+00	7.516796921807183604e-03	2.276820744038255961e-01
2.424999999999999822e+00	7.516714564887434433e-03	2.265781011681338164e-01
2.430000000000000160e+00	7.516632522637876207e-03	2.254782253570227768e-01
2.435000000000000053e+00	7.516550794221863070e-03	2.243824371265257800e-01
2.439999999999999947e+00	7.516469378804483889e-03	2.232907266466960527e-01
2.445000000000000284e+00	7.516388275554000339e-03	2.222030841195754836e-01
2.450000000000000178e+00	7.516307483640350708e-03	2.211194997605621382e-01
2.455000000000000071e+00	7.516227002236581037e-03	2.200399638162980620e-01
2.459999999999999964e+00	7.516146830517355867e-03	2.189644665461391027e-01
2.464999999999999858e+00	7.516066967660385047e-03	2.178929982399640530e-01
2.470000000000000195e+00	7.515987412844944010e-03	2.168255491997445883e-01
2.475000000000000089e+00	7.515908165253291050e-03	2.157621097572769431e-01
2.479999999999999982e+00	7.515829224069198004e-03	2.147026702558501310e-01
2.485000000000000320e+00	7.515750588479357987e-03	2.136472210679008776e-01
2.490000000000000213e+00	7.515672257671929084e-03	2.125957525767799006e-01
2.495000000000000107e+00	7.515594230837931676e-03	2.115482551943301814e-01
2.500000000000000000e+00	7.515516507169801678e-03	2.105047193427494467e-01
2.504999999999999893e+00	7.515439085862781789e-03	2.094651354720938052e-01
2.509999999999999787e+00	7.515361966113480799e-03	2.084294940422342646e-01
2.514999999999999680e+00	7.515285147121262242e-03	2.073977855402871495e-01
2.520000000000000018e+00	7.515208628086808909e-03	2.063700004626629614e-01
2.524999999999999911e+00	7.515132408213501952e-03	2.053461293324245207e-01
2.529999999999999805e+00	7.515056486706002750e-03	2.043261626814270315e-01
2.535000000000000142e+00	7.514980862771618135e-03	2.033100910676040041e-01
2.540000000000000036e+00	7.514905535618888327e-03	2.022979050571988846e-01
2.544999999999999929e+00	7.514830504458952162e-03	2.012895952419784806e-01
2.549999999999999822e+00	7.514755768504141967e-03	2.002851522215543245e-01
2.554999999999999716e+00	7.514681326969336640e-03	1.992845666205258492e-01
2.560000000000000053e+00	7.514607179070570409e-03	1.982878290708897095e-01
2.564999999999999947e+00	7.514533324026379836e-03	1.972949302291129303e-01
2.569999999999999840e+00	7.514459761056412578e-03	1.963058607586297133e-01
2.575000000000000178e+00	7.514386489382776126e-03	1.953206113468446137e-01
2.580000000000000071e+00	7.514313508228652634e-03	1.943391726877168324e-01
2.584999999999999964e+00	7.514240816819638125e-03	1.933615354986933654e-01
2.589999999999999858e+00	7.514168414382370320e-03	1.923876905033793383e-01
2.594999999999999751e+00	7.514096300145854841e-03	1.914176284484027102e-01
2.600000000000000089e+00	7.514024473340104315e-03	1.904513400861691241e-01
2.604999999999999982e+00	7.513952933197461104e-03	1.894888161916586378e-01
2.609999999999999876e+00	7.513881678951239880e-03	1.885300475452647562e-01
2.615000000000000213e+00	7.513810709837043418e-03	1.875750249495227728e-01
2.620000000000000107e+00	7.513740025091417314e-03	1.866237392120331517e-01
2.625000000000000000e+00	7.513669623953153631e-03	1.856761811621215341e-01
2.629999999999999893e+00	7.513599505661957764e-03	1.847323416338454150e-01
2.634999999999999787e+00	7.513529669459746881e-03	1.837922114825863984e-01
2.640000000000000124e+00	7.513460114589317652e-03	1.828557815681395027e-01
2.645000000000000018e+00	7.513390840295643830e-03	1.819230427712384690e-01
2.649999999999999911e+00	7.513321845824550912e-03	1.809939859767261960e-01
2.655000000000000249e+00	7.513253130424005048e-03	1.800686020900134632e-01
2.660000000000000142e+00	7.513184693342798981e-03	1.791468820203312995e-01
2.665000000000000036e+00	7.513116533831829674e-03	1.782288166971212617e-01
2.669999999999999929e+00	7.513048651142795534e-03	1.773143970533698766e-01
2.674999999999999822e+00	7.512981044529467960e-03	1.764036140419324161e-01
2.680000000000000160e+00	7.512913713246392906e-03	1.754964586189470266e-01
2.685000000000000053e+00	7.512846656550158098e-03	1.745929217600922512e-01
2.689999999999999947e+00	7.512779873698100658e-03	1.736929944440810392e-01
2.695000000000000284e+00	7.512713363949571725e-03	1.727966676688516001e-01
2.700000000000000178e+00	7.512647126564648420e-03	1.719039324351418485e-01
2.705000000000000071e+00	7.512581160805388916e-03	1.710147797626128396e-01
2.709999999999999964e+00	7.512515465934558288e-03	1.701292006735031781e-01
2.714999999999999858e+00	7.512450041216875776e-03	1.692471862086854795e-01
2.720000000000000195e+00	7.512384885917743234e-03	1.683687274114003263e-01
2.725000000000000089e+00	7.512319999304489793e-03	1.674938153432462273e-01
2.729999999999999982e+00	7.512255380645109851e-03	1.666224410679919277e-01
2.735000000000000320e+00	7.512191029209496461e-03	1.657545956675000876e-01
2.740000000000000213e+00	7.512126944268188861e-03	1.648902702256188346e-01
2.745000000000000107e+00	7.512063125093601523e-03	1.640294558440374140e-01
2.750000000000000000e+00	7.511999570958776025e-03	1.631721436262573710e-01
2.754999999999999893e+00	7.511936281138602289e-03	1.623183246933811441e-01
2.759999999999999787e+00	7.511873254908581730e-03	1.614679901681613239e-01
2.764999999999999680e+00	7.511810491546043293e-03	1.606211311907225769e-01
2.770000000000000018e+00	7.511747990328909198e-03	1.597777389026893147e-01
2.774999999999999911e+00	7.511685750536904911e-03	1.589378044628400599e-01
2.779999999999999805e+00	7.511623771450336162e-03	1.581013190313137751e-01
2.785000000000000142e+00	7.511562052351289376e-03	1.572682737851961721e-01
2.790000000000000036e+00	7.511500592522414761e-03	1.564386599028052549e-01
2.794999999999999929e+00	7.511439391248125007e-03	1.556124685792093787e-01
2.799999999999999822e+00	7.511378447813383576e-03	1.547896910105911461e-01
2.804999999999999716e+00	7.511317761504892991e-03	1.539703184096974098e-01
2.810000000000000053e+00	7.511257331609896143e-03	1.531543419902817171e-01
2.814999999999999947e+00	7.511197157417355899e-03	1.523417529824862837e-01
2.819999999999999840e+00	7.511137238216761616e-03	1.515325426173626810e-01
2.825000000000000178e+00	7.511077573299305282e-03	1.507267021421845321e-01
2.830000000000000071e+00	7.511018161956694965e-03	1.499242228050478576e-01
2.834999999999999964e+00	7.510959003482321414e-03	1.491250958701144380e-01
2.839999999999999858e+00	7.510900097170083653e-03	1.483293126022902086e-01
2.844999999999999751e+00	7.510841442315545173e-03	1.475368642824001486e-01
2.850000000000000089e+00	7.510783038214765596e-03	1.467477421919453351e-01
2.854999999999999982e+00	7.510724884165457735e-03	1.459619376282079439e-01
2.859999999999999876e+00	7.510666979465820126e-03	1.451794418890872129e-01
2.865000000000000213e+00	7.510609323415686281e-03	1.444002462881344984e-01
2.870000000000000107e+00	7.510551915315367630e-03	1.436243421394687025e-01
2.875000000000000000e+00	7.510494754466796700e-03	1.428517207727404703e-01
2.879999999999999893e+00	7.510437840172379600e-03	1.420823735181270531e-01
2.884999999999999787e+00	7.510381171736127057e-03	1.413162917212257563e-01
2.890000000000000124e+00	7.510324748462512967e-03	1.405534667281279348e-01
2.895000000000000018e+00	7.510268569657606308e-03	1.397938899002419966e-01
2.899999999999999911e+00	7.510212634627932288e-03	1.390375525994466954e-01
2.905000000000000249e+00	7.510156942681598183e-03	1.382844462028418875e-01
2.910000000000000142e+00	7.510101493127164032e-03	1.375345620879827591e-01
2.915000000000000036e+00	7.510046285274757198e-03	1.367878916475581408e-01
2.919999999999999929e+00	7.509991318434950866e-03	1.360444262747043664e-01
2.924999999999999822e+00	7.509936591919878605e-03	1.353041573776120332e-01
2.930000000000000160e+00	7.509882105042115473e-03	1.345670763649195190e-01
2.935000000000000053e+00	7.509827857115781297e-03	1.338331746602473005e-01
2.939999999999999947e+00	7.509773847455438259e-03	1.331024436876716843e-01
2.945000000000000284e+00	7.509720075377182037e-03	1.323748748861859614e-01
2.950000000000000178e+00	7.509666540197545460e-03	1.316504596952551287e-01
2.955000000000000071e+00	7.509613241234587046e-03	1.309291895692032415e-01
2.959999999999999964e+00	7.509560177806798992e-03	1.302110559628490150e-01
2.964999999999999858e+00	7.509507349234193115e-03	1.294960503458192913e-01
2.970000000000000195e+00	7.509454754837208840e-03	1.287841641882655763e-01
2.975000000000000089e+00	7.509402393937796537e-03	1.280753889751035657e-01
2.979999999999999982e+00	7.509350265858335920e-03	1.273697161918108389e-01
2.985000000000000320e+00	7.509298369922708105e-03	1.266671373385908350e-01
2.990000000000000213e+00	7.509246705455223554e-03	1.259676439162535078e-01
2.995000000000000107e+00	7.509195271781686325e-03	1.252712274403033343e-01
3.000000000000000000e+00	7.509144068228325482e-03	1.245778794269013223e-01
3.004999999999999893e+00	7.509093094122861085e-03	1.238875914068784112e-01
3.009999999999999787e+00	7.509042348793439937e-03	1.232003549117793723e-01
3.014999999999999680e+00	7.508991831569688559e-03	1.225161614877993133e-01
3.020000000000000018e+00	7.508941541781662815e-03	1.218350026819108034e-01
3.024999999999999911e+00	7.508891478760893086e-03	1.211568700557237588e-01
3.029999999999999805e+00	7.508841641839340830e-03	1.204817551716947932e-01
3.035000000000000142e+00	7.508792030350433348e-03	1.198096496069104011e-01
3.040000000000000036e+00	7.508742643628032488e-03	1.191405449393797417e-01
3.044999999999999929e+00	7.508693481007461604e-03	1.184744327617393567e-01
3.049999999999999822e+00	7.508644541824480330e-03	1.178113046676299847e-01
3.054999999999999716e+00	7.508595825416303736e-03	1.171511522653235216e-01
3.060000000000000053e+00	7.508547331120585776e-03	1.164939671641828794e-01
3.064999999999999947e+00	7.508499058276433234e-03	1.158397409882107598e-01
3.069999999999999840e+00	7.508451006223396118e-03	1.151884653625936533e-01
3.075000000000000178e+00	7.508403174302469459e-03	1.145401319271713153e-01
3.080000000000000071e+00	7.508355561855094111e-03	1.138947323230655312e-01
3.084999999999999964e+00	7.508308168224158557e-03	1.132522582060698224e-01
3.089999999999999858e+00	7.508260992752997104e-03	1.126127012333631855e-01
3.094999999999999751e+00	7.508214034786388213e-03	1.119760530768196261e-01
3.100000000000000089e+00	7.508167293669561378e-03	1.113423054098068715e-01
3.104999999999999982e+00	7.508120768749185908e-03	1.107114499204160524e-01
3.109999999999999876e+00	7.508074459372390819e-03	1.100834782983450694e-01
3.115000000000000213e+00	7.508028364887738872e-03	1.094583822480475199e-01
3.120000000000000107e+00	7.507982484644258603e-03	1.088361534757024407e-01
3.125000000000000000e+00	7.507936817992411430e-03	1.082167837022810081e-01
3.129999999999999893e+00	7.507891364283127145e-03	1.076002646506026145e-01
3.134999999999999787e+00	7.507846122868769290e-03	1.069865880583200507e-01
3.140000000000000124e+00	7.507801093102174986e-03	1.063757456650615968e-01
3.145000000000000018e+00	7.507756274337615970e-03	1.057677292253339923e-01
3.149999999999999911e+00	7.507711665929838428e-03	1.051625304957512774e-01
3.155000000000000249e+00	7.507667267235024894e-03	1.045601412478549125e-01
3.160000000000000142e+00	7.507623077609842759e-03	1.039605532554298689e-01
3.165000000000000036e+00	7.507579096412387958e-03	1.033637583072411353e-01
3.169999999999999929e+00	7.507535323001252557e-03	1.027697481944375990e-01
3.174999999999999822e+00	7.507491756736458036e-03	1.021785147232045776e-01
3.180000000000000160e+00	7.507448396978524605e-03	1.015900497022552834e-01
3.185000000000000053e+00	7.507405243089405357e-03	1.010043449554000050e-01
3.189999999999999947e+00	7.507362294431557323e-03	1.004213923091243910e-01
3.195000000000000284e+00	7.507319550368872149e-03	9.984118360507464318e-02
3.200000000000000178e+00	7.507277010265755827e-03	9.926371068772470163e-02
3.205000000000000071e+00	7.507234673488042895e-03	9.868896541677556200e-02
3.209999999999999964e+00	7.507192539402094376e-03	9.811693965491120883e-02
3.214999999999999858e+00	7.507150607375701577e-03	9.754762528011283462e-02
3.220000000000000195e+00	7.507108876777188362e-03	9.698101417350374343e-02
3.225000000000000089e+00	7.507067346976311478e-03	9.641709823157740278e-02
3.229999999999999982e+00	7.507026017343367170e-03	9.585586935413151211e-02
3.235000000000000320e+00	7.506984887250088036e-03	9.529731945641023438e-02
3.240000000000000213e+00	7.506943956068752241e-03	9.474144045712748485e-02
3.245000000000000107e+00	7.506903223173078642e-03	9.418822429052256529e-02
3.250000000000000000e+00	7.506862687937339469e-03	9.363766289447328361e-02
3.254999999999999893e+00	7.506822349737249378e-03	9.308974822246442182e-02
3.259999999999999787e+00	7.506782207949086808e-03	9.254447223179104731e-02
3.264999999999999680e+00	7.506742261950573487e-03	9.200182689543948134e-02
3.270000000000000018e+00	7.506702511120003606e-03	9.146180419038095477e-02
3.274999999999999911e+00	7.506662954837120712e-03	9.092439610936492445e-02
3.279999999999999805e+00	7.506623592482246018e-03	9.038959464930319820e-02
3.285000000000000142e+00	7.506584423437156171e-03	8.985739182297457217e-02
3.290000000000000036e+00	7.506545447084213285e-03	8.932777964750095168e-02
3.294999999999999929e+00	7.506506662807237509e-03	8.880075015596283761e-02
3.299999999999999822e+00	7.506468069990647474e-03	8.827629538596597214e-02
3.304999999999999716e+00	7.506429668020320710e-03	8.775440739116899258e-02
3.310000000000000053e+00	7.506391456282742770e-03	8.723507822994082395e-02
3.314999999999999947e+00	7.506353434165861579e-03	8.671829997679911251e-02
3.319999999999999840e+00	7.506315601058246093e-03	8.620406471115954483e-02
3.325000000000000178e+00	7.506277956349928504e-03	8.569236452868415899e-02
3.330000000000000071e+00	7.506240499431574183e-03	8.518319153012324230e-02
3.334999999999999964e+00	7.506203229695315206e-03	8.467653783257306221e-02
3.339999999999999858e+00	7.506166146533925498e-03	8.417239555841021792e-02
3.344999999999999751e+00	7.506129249341652633e-03	8.367075684645891576e-02
3.350000000000000089e+00	7.506092537513394704e-03	8.317161384101769139e-02
3.354999999999999982e+00	7.506056010445527789e-03	8.267495870293620208e-02
3.359999999999999876e+00	7.506019667535091498e-03	8.218078359873462468e-02
3.365000000000000213e+00	7.505983508180606029e-03	8.168908071158886841e-02
3.370000000000000107e+00	7.505947531781268119e-03	8.119984223054370343e-02
3.375000000000000000e+00	7.505911737737754226e-03	8.071306036140597773e-02
3.379999999999999893e+00	7.505876125451434698e-03	8.022872731605111551e-02
3.384999999999999787e+00	7.505840694325163938e-03	7.974683532322476842e-02
3.390000000000000124e+00	7.505805443762495442e-03	7.926737661794247547e-02
3.395000000000000018e+00	7.505770373168478039e-03	7.879034345219940172e-02
3.399999999999999911e+00	7.505735481948870927e-03	7.831572808446367329e-02
3.405000000000000249e+00	7.505700769510928634e-03	7.784352279029349564e-02
3.410000000000000142e+00	7.505666235262630805e-03	7.737371985192463553e-02
3.415000000000000036e+00	7.505631878613459353e-03	7.690631156879500219e-02
3.419999999999999929e+00	7.505597698973629113e-03	7.644129024722572108e-02
3.424999999999999822e+00	7.505563695754864997e-03	7.597864821085301146e-02
3.430000000000000160e+00	7.505529868369637848e-03	7.551837779040371235e-02
3.435000000000000053e+00	7.505496216231928586e-03	7.506047133403379035e-02
3.439999999999999947e+00	7.505462738756482274e-03	7.460492119719823456e-02
3.445000000000000284e+00	7.505429435359555791e-03	7.415171975289579220e-02
3.450000000000000178e+00	7.505396305458182302e-03	7.370085938163431494e-02
3.455000000000000071e+00	7.505363348470916324e-03	7.325233248158126431e-02
3.459999999999999964e+00	7.505330563817094736e-03	7.280613145862339930e-02
3.464999999999999858e+00	7.505297950917582707e-03	7.236224873642416178e-02
3.470000000000000195e+00	7.505265509194046850e-03	7.192067674657791343e-02
3.475000000000000089e+00	7.505233238069680332e-03	7.148140793857278574e-02
3.479999999999999982e+00	7.505201136968491643e-03	7.104443477004053487e-02
3.485000000000000320e+00	7.505169205316022767e-03	7.060974971662471733e-02
3.490000000000000213e+00	7.505137442538642283e-03	7.017734526232594083e-02
3.495000000000000107e+00	7.505105848064260073e-03	6.974721390927512976e-02
3.500000000000000000e+00	7.505074421321623890e-03	6.931934816817431066e-02
3.504999999999999893e+00	7.505043161741029728e-03	6.889374056797506474e-02
3.509999999999999787e+00	7.505012068753620993e-03	6.847038364641462593e-02
3.514999999999999680e+00	7.504981141792097139e-03	6.804926995959947877e-02
3.520000000000000018e+00	7.504950380290021511e-03	6.763039207263706054e-02
3.524999999999999911e+00	7.504919783682512634e-03	6.721374256912403256e-02
3.529999999999999805e+00	7.504889351405569405e-03	6.679931404187373911e-02
3.535000000000000142e+00	7.504859082896753707e-03	6.638709910230888855e-02
3.540000000000000036e+00	7.504828977594515602e-03	6.597709037128525467e-02
3.544999999999999929e+00	7.504799034938879412e-03	6.556928048838844836e-02
3.549999999999999822e+00	7.504769254370768049e-03	6.516366210285369498e-02
3.554999999999999716e+00	7.504739635332683886e-03	6.476022788276672437e-02
3.560000000000000053e+00	7.504710177268042633e-03	6.435897050607958247e-02
3.564999999999999947e+00	7.504680879621843798e-03	6.395988266971590341e-02
3.569999999999999840e+00	7.504651741840015836e-03	6.356295708068253336e-02
3.575000000000000178e+00	7.504622763370074473e-03	6.316818646507858792e-02
3.580000000000000071e+00	7.504593943660479993e-03	6.277556355930385967e-02
3.584999999999999964e+00	7.504565282161284288e-03	6.238508111897098779e-02
3.589999999999999858e+00	7.504536778323495951e-03	6.199673191021055907e-02
3.594999999999999751e+00	7.504508431599724722e-03	6.161050871848700733e-02
3.600000000000000089e+00	7.504480241443546584e-03	6.122640433999974874e-02
3.604999999999999982e+00	7.504452207310145610e-03	6.084441159040272079e-02
3.609999999999999876e+00	7.504424328655689459e-03	6.046452329630196132e-02
3.615000000000000213e+00	7.504396604937955614e-03	6.008673230387849562e-02
3.620000000000000107e+00	7.504369035615716423e-03	5.971103147048251181e-02
3.625000000000000000e+00	7.504341620149366197e-03	5.933741367315945037e-02
3.629999999999999893e+00	7.504314358000305392e-03	5.896587180034071340e-02
3.634999999999999787e+00	7.504287248631558160e-03	5.859639876027285949e-02
3.640000000000000124e+00	7.504260291507173879e-03	5.822898747280486065e-02
3.645000000000000018e+00	7.504233486092829961e-03	5.786363087772072172e-02
3.649999999999999911e+00	7.504206831855238582e-03	5.750032192662274388e-02
3.655000000000000249e+00	7.504180328262751234e-03	5.713905359116747823e-02
3.660000000000000142e+00	7.504153974784766312e-03	5.677981885504591875e-02
3.665000000000000036e+00	7.504127770892326729e-03	5.642261072212186035e-02
3.669999999999999929e+00	7.504101716057534448e-03	5.606742220850874370e-02
3.674999999999999822e+00	7.504075809754142019e-03	5.571424635061122954e-02
3.680000000000000160e+00	7.504050051456977524e-03	5.536307619729851498e-02
3.685000000000000053e+00	7.504024440642523969e-03	5.501390481784866615e-02
3.689999999999999947e+00	7.503998976788351163e-03	5.466672529421848920e-02
3.695000000000000284e+00	7.503973659373691651e-03	5.432153072889088496e-02
3.700000000000000178e+00	7.503948487878880393e-03	5.397831423724106653e-02
3.705000000000000071e+00	7.503923461785915947e-03	5.363706895528682489e-02
3.709999999999999964e+00	7.503898580577916637e-03	5.329778803215125954e-02
3.714999999999999858e+00	7.503873843739670459e-03	5.296046463771582336e-02
3.720000000000000195e+00	7.503849250757092977e-03	5.262509195517935112e-02
3.725000000000000089e+00	7.503824801117780705e-03	5.229166318861434848e-02
3.729999999999999982e+00	7.503800494310470734e-03	5.196017155562195761e-02
3.735000000000000320e+00	7.503776329825584575e-03	5.163061029479119879e-02
3.740000000000000213e+00	7.503752307154701665e-03	5.130297265845049082e-02
3.745000000000000107e+00	7.503728425791085857e-03	5.097725192002931782e-02
3.750000000000000000e+00	7.503704685229173679e-03	5.065344136690637378e-02
3.754999999999999893e+00	7.503681084965096483e-03	5.033153430767419584e-02
3.759999999999999787e+00	7.503657624496166099e-03	5.001152406508295456e-02
3.764999999999999680e+00	7.503634303321396991e-03	4.969340398320851865e-02
3.770000000000000018e+00	7.503611120940997109e-03	4.937716742049202273e-02
3.774999999999999911e+00	7.503588076856883109e-03	4.906280775681107209e-02
3.779999999999999805e+00	7.503565170572178145e-03	4.875031838661521982e-02
3.785000000000000142e+00	7.503542401591718411e-03	4.843969272590011726e-02
3.790000000000000036e+00	7.503519769421561347e-03	4.813092420543907402e-02
3.794999999999999929e+00	7.503497273569480902e-03	4.782400627766017487e-02
3.799999999999999822e+00	7.503474913544487014e-03	4.751893240997356188e-02
3.804999999999999716e+00	7.503452688857313070e-03	4.721569609155184394e-02
3.810000000000000053e+00	7.503430599019936253e-03	4.691429082675282330e-02
3.814999999999999947e+00	7.503408643546066736e-03	4.661471014180348232e-02
3.819999999999999840e+00	7.503386821950670631e-03	4.631694757831798792e-02
3.825000000000000178e+00	7.503365133750451374e-03	4.602099669988488767e-02
3.830000000000000071e+00	7.503343578463383956e-03	4.572685108568086410e-02
3.834999999999999964e+00	7.503322155609182427e-03	4.543450433696110541e-02
3.839999999999999858e+00	7.503300864708844532e-03	4.514395007076829613e-02
3.844999999999999751e+00	7.503279705285116619e-03	4.485518192632684253e-02
3.850000000000000089e+00	7.503258676862040004e-03	4.456819355884650280e-02
3.854999999999999982e+00	7.503237778965407209e-03	4.428297864582063370e-02
3.859999999999999876e+00	7.503217011122319605e-03	4.399953088092451586e-02
3.865000000000000213e+00	7.503196372861635835e-03	4.371784398021756612e-02
3.870000000000000107e+00	7.503175863713535537e-03	4.343791167613630932e-02
3.875000000000000000e+00	7.503155483209959960e-03	4.315972772360071597e-02
3.879999999999999893e+00	7.503135230884182619e-03	4.288328589410134867e-02
3.884999999999999787e+00	7.503115106271247316e-03	4.260857998171013739e-02
3.890000000000000124e+00	7.503095108907539661e-03	4.233560379726181849e-02
3.895000000000000018e+00	7.503075238331219886e-03	4.206435117426911285e-02
3.899999999999999911e+00	7.503055494081803910e-03	4.179481596319808284e-02
3.905000000000000249e+00	7.503035875700585743e-03	4.152699203728764388e-02
3.910000000000000142e+00	7.503016382730228091e-03	4.126087328691932510e-02
3.915000000000000036e+00	7.502997014715178693e-03	4.099645362534121151e-02
3.919999999999999929e+00	7.502977771201260054e-03	4.073372698313106749e-02
3.924999999999999822e+00	7.502958651736088384e-03	4.047268731382572260e-02
3.930000000000000160e+00	7.502939655868667672e-03	4.021332858847718322e-02
3.935000000000000053e+00	7.502920783149798212e-03	3.995564480118733025e-02
3.939999999999999947e+00	7.502902033131680221e-03	3.969962996375724085e-02
3.945000000000000284e+00	7.502883405368312823e-03	3.944527811112713556e-02
3.950000000000000178e+00	7.502864899415110679e-03	3.919258329611855635e-02
3.955000000000000071e+00	7.502846514829289958e-03	3.894153959477986149e-02
3.959999999999999964e+00	7.502828251169491904e-03	3.869214110122125988e-02
3.964999999999999858e+00	7.502810107996166211e-03	3.844438193286593697e-02
3.970000000000000195e+00	7.502792084871198058e-03	3.819825622537742493e-02
3.975000000000000089e+00	7.502774181358287144e-03	3.795375813781699109e-02
3.979999999999999982e+00	7.502756397022577323e-03	3.771088184766294843e-02
3.985000000000000320e+00	7.502738731431028707e-03	3.746962155587425791e-02
3.990000000000000213e+00	7.502721184152065514e-03	3.722997148200193895e-02
3.995000000000000107e+00	7.502703754755925616e-03	3.699192586915898279e-02
4.000000000000000000e+00	7.502686442814321399e-03	3.675547897922329388e-02
4.004999999999999893e+00	7.502669247900785841e-03	3.652062509771462212e-02
4.009999999999999787e+00	7.502652169590337712e-03	3.628735852908863968e-02
4.014999999999999680e+00	7.502635207459818975e-03	3.605567360152092671e-02
4.019999999999999574e+00	7.502618361087566058e-03	3.582556466229197545e-02
4.025000000000000355e+00	7.502601630053745523e-03	3.559702608247851396e-02
4.030000000000000249e+00	7.502585013940029669e-03	3.537005225242941669e-02
4.035000000000000142e+00	7.502568512329920933e-03	3.514463758636438007e-02
4.040000000000000036e+00	7.502552124808441365e-03	3.492077651794027460e-02
4.044999999999999929e+00	7.502535850962447489e-03	3.469846350475770669e-02
4.049999999999999822e+00	7.502519690380320648e-03	3.447769302401743757e-02
4.054999999999999716e+00	7.502503642652284463e-03	3.425845957693528232e-02
4.059999999999999609e+00	7.502487707370096917e-03	3.404075768448796419e-02
4.064999999999999503e+00	7.502471884127361740e-03	3.382458189173676022e-02
4.070000000000000284e+00	7.502456172519228299e-03	3.360992676366265225e-02
4.075000000000000178e+00	7.502440572142691708e-03	3.339678688939894113e-02
4.080000000000000071e+00	7.502425082596303127e-03	3.318515687815515314e-02
4.084999999999999964e+00	7.502409703480466402e-03	3.297503136335897672e-02
4.089999999999999858e+00	7.502394434397150098e-03	3.276640499866902145e-02
4.094999999999999751e+00	7.502379274950176334e-03	3.255927246202591774e-02
4.099999999999999645e+00	7.502364224744940621e-03	3.235362845175363683e-02
4.105000000000000426e+00	7.502349283388699830e-03	3.214946769052038494e-02
4.110000000000000320e+00	7.502334450490291164e-03	3.194678492152788762e-02
4.115000000000000213e+00	7.502319725660414919e-03	3.174557491238239743e-02
4.120000000000000107e+00	7.502305108511363001e-03	3.154583245137165121e-02
4.125000000000000000e+00	7.502290598657293010e-03	3.134755235124646322e-02
4.129999999999999893e+00	7.502276195713961093e-03	3.115072944558469614e-02
4.134999999999999787e+00	7.502261899298994299e-03	3.095535859248395999e-02
4.139999999999999680e+00	7.502247709031628631e-03	3.076143467101250320e-02
4.144999999999999574e+00	7.502233624532970123e-03	3.056895258481288208e-02
4.150000000000000355e+00	7.502219645425743308e-03	3.037790725863945621e-02
4.155000000000000249e+00	7.502205771334547087e-03	3.018829364187385761e-02
4.160000000000000142e+00	7.502192001885606663e-03	3.000010670514824743e-02
4.165000000000000036e+00	7.502178336707022478e-03	2.981334144377293521e-02
4.169999999999999929e+00	7.502164775428533418e-03	2.962799287444536911e-02
4.174999999999999822e+00	7.502151317681754472e-03	2.944405603859011344e-02
4.179999999999999716e+00	7.502137963099944282e-03	2.926152599915309016e-02
4.185000000000000497e+00	7.502124711318241927e-03	2.908039784385432758e-02
4.190000000000000391e+00	7.502111561973441416e-03	2.890066668206718245e-02
4.195000000000000284e+00	7.502098514704215459e-03	2.872232764798401949e-02
4.200000000000000178e+00	7.502085569150901238e-03	2.854537589758008448e-02
4.205000000000000071e+00	7.502072724955717239e-03	2.836980661169284657e-02
4.209999999999999964e+00	7.502059981762551621e-03	2.819561499306960997e-02
4.214999999999999858e+00	7.502047339217178187e-03	2.802279626936108464e-02
4.219999999999999751e+00	7.502034796967047350e-03	2.785134569025253526e-02
4.224999999999999645e+00	7.502022354661498638e-03	2.768125853037181963e-02
4.230000000000000426e+00	7.502010011951553391e-03	2.751253008650352341e-02
4.235000000000000320e+00	7.501997768490122932e-03	2.734515568041217398e-02
4.240000000000000213e+00	7.501985623931811675e-03	2.717913065613872248e-02
4.245000000000000107e+00	7.501973577933111412e-03	2.701445038273910318e-02
4.250000000000000000e+00	7.501961630152217432e-03	2.685111025166334389e-02
4.254999999999999893e+00	7.501949780249212406e-03	2.668910567940944306e-02
4.259999999999999787e+00	7.501938027885889440e-03	2.652843210498444931e-02
4.264999999999999680e+00	7.501926372725930756e-03	2.636908499247459653e-02
4.269999999999999574e+00	7.501914814434734215e-03	2.621105982858749905e-02
4.275000000000000355e+00	7.501903352679591130e-03	2.605435212513916923e-02
4.280000000000000249e+00	7.501891987129512794e-03	2.589895741667694318e-02
4.285000000000000142e+00	7.501880717455405682e-03	2.574487126288361322e-02
4.290000000000000036e+00	7.501869543329904057e-03	2.559208924628081708e-02
4.294999999999999929e+00	7.501858464427535629e-03	2.544060697455057668e-02
4.299999999999999822e+00	7.501847480424562835e-03	2.529042007831874134e-02
4.304999999999999716e+00	7.501836590999143295e-03	2.514152421339463372e-02
4.309999999999999609e+00	7.501825795831177160e-03	2.499391505863380811e-02
4.314999999999999503e+00	7.501815094602459766e-03	2.484758831809626492e-02
4.320000000000000284e+00	7.501804486996530713e-03	2.470253971898800360e-02
4.325000000000000178e+00	7.501793972698829992e-03	2.455876501373849968e-02
4.330000000000000071e+00	7.501783551396547060e-03	2.441625997802047629e-02
4.334999999999999964e+00	7.501773222778769165e-03	2.427502041274696987e-02
4.339999999999999858e+00	7.501762986536343429e-03	2.413504214216911914e-02
4.344999999999999751e+00	7.501752842362013028e-03	2.399632101579310395e-02
4.349999999999999645e+00	7.501742789950283617e-03	2.385885290655548330e-02
4.355000000000000426e+00	7.501732828997560373e-03	2.372263371266052079e-02
4.360000000000000320e+00	7.501722959202016157e-03	2.358765935583257908e-02
4.365000000000000213e+00	7.501713180263722483e-03	2.345392578307428297e-02
4.370000000000000107e+00	7.501703491884523754e-03	2.332142896499532145e-02
4.375000000000000000e+00	7.501693893768163895e-03	2.319016489749236437e-02
4.379999999999999893e+00	7.501684385620163188e-03	2.306012960015353316e-02
4.384999999999999787e+00	7.501674967147939702e-03	2.293131911786047694e-02
4.389999999999999680e+00	7.501665638060700005e-03	2.280372951926814412e-02
4.394999999999999574e+00	7.501656398069539780e-03	2.267735689832929558e-02
4.400000000000000355e+00	7.501647246887350150e-03	2.255219737284933079e-02
4.405000000000000249e+00	7.501638184228913084e-03	2.242824708593387645e-02
4.410000000000000142e+00	7.501629209810809461e-03	2.230550220461773037e-02
4.415000000000000036e+00	7.501620323351510140e-03	2.218395892123615348e-02
4.419999999999999929e+00	7.501611524571288360e-03	2.206361345212761588e-02
4.424999999999999822e+00	7.501602813192308206e-03	2.194446203892921887e-02
4.429999999999999716e+00	7.501594188938537876e-03	2.182650094735259089e-02
4.435000000000000497e+00	7.501585651535837285e-03	2.170972646840405029e-02
4.440000000000000391e+00	7.501577200711875663e-03	2.159413491723326251e-02
4.445000000000000284e+00	7.501568836196209622e-03	2.147972263427854606e-02
4.450000000000000178e+00	7.501560557720211159e-03	2.136648598418763867e-02
4.455000000000000071e+00	7.501552365017137916e-03	2.125442135688884390e-02
4.459999999999999964e+00	7.501544257822067262e-03	2.114352516658333028e-02
4.464999999999999858e+00	7.501536235871958738e-03	2.103379385274260077e-02
4.469999999999999751e+00	7.501528298905595950e-03	2.092522387917186352e-02
4.474999999999999645e+00	7.501520446663646410e-03	2.081781173493440357e-02
4.480000000000000426e+00	7.501512678888599961e-03	2.071155393348522722e-02
4.485000000000000320e+00	7.501504995324832087e-03	2.060644701352316865e-02
4.490000000000000213e+00	7.501497395718541468e-03	2.050248753819420774e-02
4.495000000000000107e+00	7.501489879817810694e-03	2.039967209587166888e-02
4.500000000000000000e+00	7.501482447372552487e-03	2.029799729942898673e-02
4.504999999999999893e+00	7.501475098134558275e-03	2.019745978694817076e-02
4.509999999999999787e+00	7.501467831857449621e-03	2.009805622106152975e-02
4.514999999999999680e+00	7.501460648296728526e-03	1.999978328958936999e-02
4.519999999999999574e+00	7.501453547209733196e-03	1.990263770494974174e-02
4.525000000000000355e+00	7.501446528355672737e-03	1.980661620472599221e-02
4.530000000000000249e+00	7.501439591495595929e-03	1.971171555114406906e-02
4.535000000000000142e+00	7.501432736392425922e-03	1.961793253157028891e-02
4.540000000000000036e+00	7.501425962810923803e-03	1.952526395805568096e-02
4.544999999999999929e+00	7.501419270517718091e-03	1.943370666776479683e-02
4.549999999999999822e+00	7.501412659281286519e-03	1.934325752258635525e-02
4.554999999999999716e+00	7.501406128871967310e-03	1.925391340949358585e-02
4.559999999999999609e+00	7.501399679061947039e-03	1.916567124022065804e-02
4.564999999999999503e+00	7.501393309625272766e-03	1.907852795155521447e-02
4.570000000000000284e+00	7.501387020337841639e-03	1.899248050507989019e-02
4.575000000000000178e+00	7.501380810977408692e-03	1.890752588739763942e-02
4.580000000000000071e+00	7.501374681323579909e-03	1.882366110993781774e-02
4.584999999999999964e+00	7.501368631157816561e-03	1.874088320911486416e-02
4.589999999999999858e+00	7.501362660263429134e-03	1.865918924619834954e-02
4.594999999999999751e+00	7.501356768425584270e-03	1.857857630740563856e-02
4.599999999999999645e+00	7.501350955431299559e-03	1.849904150383528678e-02
4.605000000000000426e+00	7.501345221069441807e-03	1.842058197149416474e-02
4.610000000000000320e+00	7.501339565130731371e-03	1.834319487129378035e-02
4.615000000000000213e+00	7.501333987407732620e-03	1.826687738901251398e-02
4.620000000000000107e+00	7.501328487694867812e-03	1.819162673535401273e-02
4.625000000000000000e+00	7.501323065788398879e-03	1.811744014584532395e-02
4.629999999999999893e+00	7.501317721486442172e-03	1.804431488095672304e-02
4.634999999999999787e+00	7.501312454588955451e-03	1.797224822593626592e-02
4.639999999999999680e+00	7.501307264897748295e-03	1.790123749099055417e-02
4.644999999999999574e+00	7.501302152216467352e-03	1.783128001105640029e-02
4.650000000000000355e+00	7.501297116350612824e-03	1.776237314604178080e-02
4.655000000000000249e+00	7.501292157107517650e-03	1.769451428053512784e-02
4.660000000000000142e+00	7.501287274296368317e-03	1.762770082410596018e-02
4.665000000000000036e+00	7.501282467728179713e-03	1.756193021095255047e-02
4.669999999999999929e+00	7.501277737215820279e-03	1.749719990026151958e-02
4.674999999999999822e+00	7.501273082573981649e-03	1.743350737579445198e-02
4.679999999999999716e+00	7.501268503619211610e-03	1.737085014630586344e-02
4.685000000000000497e+00	7.501264000169872471e-03	1.730922574506937525e-02
4.690000000000000391e+00	7.501259572046184432e-03	1.724863173035347946e-02
4.695000000000000284e+00	7.501255219070180474e-03	1.718906568488787548e-02
4.700000000000000178e+00	7.501250941065745401e-03	1.713052521639626263e-02
4.705000000000000071e+00	7.501246737858573328e-03	1.707300795700372742e-02
4.709999999999999964e+00	7.501242609276214529e-03	1.701651156382593191e-02
4.714999999999999858e+00	7.501238555148019051e-03	1.696103371831796103e-02
4.719999999999999751e+00	7.501234575305189625e-03	1.690657212691935168e-02
4.724999999999999645e+00	7.501230669580730495e-03	1.685312452034509745e-02
4.730000000000000426e+00	7.501226837809494251e-03	1.680068865428584537e-02
4.735000000000000320e+00	7.501223079828126319e-03	1.674926230864173804e-02
4.740000000000000213e+00	7.501219395475123945e-03	1.669884328827701131e-02
4.745000000000000107e+00	7.501215784590772873e-03	1.664942942219749950e-02
4.750000000000000000e+00	7.501212247017204592e-03	1.660101856435900261e-02
4.754999999999999893e+00	7.501208782598333888e-03	1.655360859278886404e-02
4.759999999999999787e+00	7.501205391179924763e-03	1.650719741044767361e-02
4.764999999999999680e+00	7.501202072609514104e-03	1.646178294429556654e-02
4.769999999999999574e+00	7.501198826736486282e-03	1.641736314620641235e-02
4.775000000000000355e+00	7.501195653411995949e-03	1.637393599197961569e-02
4.780000000000000249e+00	7.501192552489041772e-03	1.633149948230623594e-02
4.785000000000000142e+00	7.501189523822387496e-03	1.629005164172691797e-02
4.790000000000000036e+00	7.501186567268633941e-03	1.624959051964914095e-02
4.794999999999999929e+00	7.501183682686146138e-03	1.621011418925204228e-02
4.799999999999999822e+00	7.501180869935123591e-03	1.617162074855417464e-02
4.804999999999999716e+00	7.501178128877523076e-03	1.613410831926577818e-02
4.809999999999999609e+00	7.501175459377132371e-03	1.609757504790647678e-02
4.814999999999999503e+00	7.501172861299489590e-03	1.606201910460564736e-02
4.820000000000000284e+00	7.501170334511963848e-03	1.602743868426936835e-02
4.825000000000000178e+00	7.501167878883664188e-03	1.599383200532964247e-02
4.830000000000000071e+00	7.501165494285533253e-03	1.596119731095978211e-02
4.834999999999999964e+00	7.501163180590243208e-03	1.592953286777316207e-02
4.839999999999999858e+00	7.501160937672296351e-03	1.589883696708649721e-02
4.844999999999999751e+00	7.501158765407919295e-03	1.586910792356877736e-02
4.849999999999999645e+00	7.501156663675165315e-03	1.584034407655178153e-02
4.855000000000000426e+00	7.501154632353805932e-03	1.581254378862984034e-02
4.860000000000000320e+00	7.501152671325434125e-03	1.578570544701683037e-02
4.865000000000000213e+00	7.501150780473354179e-03	1.575982746209747543e-02
4.870000000000000107e+00	7.501148959682690104e-03	1.573490826883023816e-02
4.875000000000000000e+00	7.501147208840269406e-03	1.571094632525086091e-02
4.879999999999999893e+00	7.501145527834734116e-03	1.568794011392034629e-02
4.884999999999999787e+00	7.501143916556425421e-03	1.566588814038144192e-02
4.889999999999999680e+00	7.501142374897491229e-03	1.564478893465111320e-02
4.894999999999999574e+00	7.501140902751773400e-03	1.562464104963061026e-02
4.900000000000000355e+00	7.501139500014917909e-03	1.560544306264172523e-02
4.905000000000000249e+00	7.501138166584254280e-03	1.558719357379125328e-02
4.910000000000000142e+00	7.501136902358912679e-03	1.556989120755023978e-02
4.915000000000000036e+00	7.501135707239700752e-03	1.555353461107345479e-02
4.919999999999999929e+00	7.501134581129219846e-03	1.553812245582112360e-02
4.924999999999999822e+00	7.501133523931742715e-03	1.552365343583404951e-02
4.929999999999999716e+00	7.501132535553332349e-03	1.551012626939705062e-02
4.935000000000000497e+00	7.501131615901710133e-03	1.549753969727048035e-02
4.940000000000000391e+00	7.501130764886388552e-03	1.548589248439473723e-02
4.945000000000000284e+00	7.501129982418530684e-03	1.547518341807882156e-02
4.950000000000000178e+00	7.501129268411078563e-03	1.546541130974516884e-02
4.955000000000000071e+00	7.501128622778621344e-03	1.545657499307607693e-02
4.959999999999999964e+00	7.501128045437525406e-03	1.544867332579810855e-02
4.964999999999999858e+00	7.501127536305791238e-03	1.544170518778702553e-02
4.969999999999999751e+00	7.501127095303192216e-03	1.543566948289122262e-02
4.974999999999999645e+00	7.501126722351127152e-03	1.543056513699576048e-02
4.980000000000000426e+00	7.501126417372761673e-03	1.542639109988408648e-02
4.985000000000000320e+00	7.501126180292881640e-03	1.542314634326198870e-02
4.990000000000000213e+00	7.501126011038031921e-03	1.542082986265680238e-02
4.995000000000000107e+00	7.501125909536367209e-03	1.541944067540199602e-02
5.000000000000000000e+00	7.501125875717796002e-03	1.541897782257331886e-02
