# coordinate_x	h	p	@time=791.29
0.000000000000000000e+00	2.699911624629888207e-01	5.715604084885675951e-01
5.000000000000000104e-03	2.699875948013512050e-01	5.715604084000470708e-01
1.000000000000000021e-02	2.699768918176067567e-01	5.715604081344398679e-01
1.499999999999999944e-02	2.699590535130138025e-01	5.715604076916964704e-01
2.000000000000000042e-02	2.699340798906292860e-01	5.715604070716975293e-01
2.500000000000000139e-02	2.699019709539582923e-01	5.715604062743053770e-01
2.999999999999999889e-02	2.698627267082635561e-01	5.715604052993139561e-01
3.500000000000000333e-02	2.698163471592502360e-01	5.715604041464995566e-01
4.000000000000000083e-02	2.697628323143848594e-01	5.715604028155694127e-01
4.499999999999999833e-02	2.697021821815795417e-01	5.715604013062132172e-01
5.000000000000000278e-02	2.696343967705142619e-01	5.715603996180510515e-01
5.500000000000000028e-02	2.695594760913192500e-01	5.715603977506850120e-01
5.999999999999999778e-02	2.694774201559012039e-01	5.715603957036472504e-01
6.500000000000000222e-02	2.693882289766229565e-01	5.715603934764517113e-01
7.000000000000000666e-02	2.692919025676345779e-01	5.715603910685417288e-01
7.500000000000001110e-02	2.691884409435493231e-01	5.715603884793415412e-01
8.000000000000000167e-02	2.690778441207803962e-01	5.715603857082046657e-01
8.499999999999999223e-02	2.689601121162125130e-01	5.715603827544647464e-01
8.999999999999999667e-02	2.688352449485450490e-01	5.715603796173837070e-01
9.500000000000000111e-02	2.687032426369586613e-01	5.715603762962031542e-01
1.000000000000000056e-01	2.685641052024654307e-01	5.715603727900917530e-01
1.050000000000000100e-01	2.684178326665695447e-01	5.715603690981976293e-01
1.100000000000000006e-01	2.682644250526257101e-01	5.715603652195946349e-01
1.149999999999999911e-01	2.681038823844928420e-01	5.715603611533349726e-01
1.199999999999999956e-01	2.679362046879017467e-01	5.715603568983957938e-01
1.250000000000000000e-01	2.677613919891009830e-01	5.715603524537316016e-01
1.300000000000000044e-01	2.675794443162342051e-01	5.715603478182204045e-01
1.350000000000000089e-01	2.673903616979779740e-01	5.715603429907165633e-01
1.400000000000000133e-01	2.671941441649297033e-01	5.715603379699967235e-01
1.450000000000000178e-01	2.669907917482361448e-01	5.715603327548122170e-01
1.499999999999999944e-01	2.667803044809929913e-01	5.715603273438357723e-01
1.549999999999999989e-01	2.665626823968632042e-01	5.715603217357130283e-01
1.600000000000000033e-01	2.663379255314892169e-01	5.715603159290096880e-01
1.650000000000000078e-01	2.661060339211002712e-01	5.715603099222626993e-01
1.700000000000000122e-01	2.658670076039381658e-01	5.715603037139272979e-01
1.749999999999999889e-01	2.656208466188528239e-01	5.715602973024285216e-01
1.799999999999999933e-01	2.653675510067421972e-01	5.715602906861074750e-01
1.849999999999999978e-01	2.651071208091352882e-01	5.715602838632739546e-01
1.900000000000000022e-01	2.648395560696476525e-01	5.715602768321512706e-01
1.950000000000000067e-01	2.645648568325504879e-01	5.715602695909295372e-01
2.000000000000000111e-01	2.642830231442427347e-01	5.715602621377102732e-01
2.050000000000000155e-01	2.639940550518056761e-01	5.715602544705598032e-01
2.099999999999999922e-01	2.636979526044923583e-01	5.715602465874535243e-01
2.149999999999999967e-01	2.633947158522665921e-01	5.715602384863290863e-01
2.200000000000000011e-01	2.630843448473115243e-01	5.715602301650311023e-01
2.250000000000000056e-01	2.627668396425514308e-01	5.715602216213639952e-01
2.300000000000000100e-01	2.624422002931802722e-01	5.715602128530358206e-01
2.349999999999999867e-01	2.621104268551659455e-01	5.715602038577126676e-01
2.399999999999999911e-01	2.617715193867999335e-01	5.715601946329609273e-01
2.449999999999999956e-01	2.614254779471826828e-01	5.715601851763020269e-01
2.500000000000000000e-01	2.610723025977954026e-01	5.715601754851550309e-01
2.550000000000000044e-01	2.607119934009657358e-01	5.715601655568908201e-01
2.600000000000000089e-01	2.603445504214632056e-01	5.715601553887743602e-01
2.650000000000000133e-01	2.599699737249435705e-01	5.715601449780194354e-01
2.700000000000000178e-01	2.595882633795696393e-01	5.715601343217302510e-01
2.750000000000000222e-01	2.591994194544326446e-01	5.715601234169563893e-01
2.800000000000000266e-01	2.588034420212002584e-01	5.715601122606341900e-01
2.850000000000000311e-01	2.584003311525139845e-01	5.715601008496411506e-01
2.899999999999999800e-01	2.579900869236649852e-01	5.715600891807376405e-01
2.949999999999999845e-01	2.575727094109666049e-01	5.715600772506214122e-01
2.999999999999999889e-01	2.571481986934600616e-01	5.715600650558684270e-01
3.049999999999999933e-01	2.567165548512598816e-01	5.715600525929878106e-01
3.099999999999999978e-01	2.562777779672916756e-01	5.715600398583622344e-01
3.150000000000000022e-01	2.558318681256091520e-01	5.715600268483027602e-01
3.200000000000000067e-01	2.553788254131647006e-01	5.715600135589889996e-01
3.250000000000000111e-01	2.549186499180974841e-01	5.715599999865239589e-01
3.300000000000000155e-01	2.544513417315387716e-01	5.715599861268739756e-01
3.350000000000000200e-01	2.539769009458686111e-01	5.715599719759233421e-01
3.400000000000000244e-01	2.534953276565582447e-01	5.715599575294135759e-01
3.449999999999999734e-01	2.530066219603940847e-01	5.715599427829991530e-01
3.499999999999999778e-01	2.525107839573587643e-01	5.715599277321851135e-01
3.549999999999999822e-01	2.520078137488205305e-01	5.715599123723831276e-01
3.599999999999999867e-01	2.514977114394556512e-01	5.715598966988492124e-01
3.649999999999999911e-01	2.509804771354010033e-01	5.715598807067391318e-01
3.699999999999999956e-01	2.504561109462199453e-01	5.715598643910461130e-01
3.750000000000000000e-01	2.499246129830165197e-01	5.715598477466556915e-01
3.800000000000000044e-01	2.493859833604470388e-01	5.715598307682836499e-01
3.850000000000000089e-01	2.488402221947935700e-01	5.715598134505303074e-01
3.900000000000000133e-01	2.482873296060240931e-01	5.715597957878177926e-01
3.950000000000000178e-01	2.477273057158232983e-01	5.715597777744448882e-01
4.000000000000000222e-01	2.471601506497034806e-01	5.715597594045234153e-01
4.050000000000000266e-01	2.465858645349905953e-01	5.715597406720329676e-01
4.099999999999999756e-01	2.460044475029887767e-01	5.715597215707565182e-01
4.149999999999999800e-01	2.454158996869190423e-01	5.715597020943355977e-01
4.199999999999999845e-01	2.448202212241408215e-01	5.715596822362051244e-01
4.249999999999999889e-01	2.442174122540406167e-01	5.715596619896476938e-01
4.299999999999999933e-01	2.436074729203134281e-01	5.715596413477295190e-01
4.349999999999999978e-01	2.429904033687989573e-01	5.715596203033525002e-01
4.400000000000000022e-01	2.423662037498264255e-01	5.715595988491908308e-01
4.450000000000000067e-01	2.417348742159952102e-01	5.715595769777425117e-01
4.500000000000000111e-01	2.410964149245869437e-01	5.715595546812652916e-01
4.550000000000000155e-01	2.404508260352872795e-01	5.715595319518275153e-01
4.600000000000000200e-01	2.397981077126692395e-01	5.715595087812445074e-01
4.649999999999999689e-01	2.391382601238531413e-01	5.715594851611278671e-01
4.699999999999999734e-01	2.384712834410648574e-01	5.715594610828214073e-01
4.749999999999999778e-01	2.377971778392309610e-01	5.715594365374505603e-01
4.799999999999999822e-01	2.371159434986160330e-01	5.715594115158575406e-01
4.849999999999999867e-01	2.364275806023491688e-01	5.715593860086490841e-01
4.899999999999999911e-01	2.357320893391455785e-01	5.715593600061328328e-01
4.949999999999999956e-01	2.350294699007603183e-01	5.715593334983626317e-01
5.000000000000000000e-01	2.343197224847991533e-01	5.715593064750753571e-01
5.050000000000000044e-01	2.336028472920956001e-01	5.715592789257346595e-01
5.100000000000000089e-01	2.328788445296159915e-01	5.715592508394685689e-01
5.150000000000000133e-01	2.321477144077560562e-01	5.715592222051099069e-01
5.200000000000000178e-01	2.314094571433458203e-01	5.715591930111354468e-01
5.250000000000000222e-01	2.306640729568605608e-01	5.715591632457036608e-01
5.300000000000000266e-01	2.299115620755321499e-01	5.715591328965948792e-01
5.350000000000000311e-01	2.291519247304695528e-01	5.715591019512461513e-01
5.400000000000000355e-01	2.283851611598829712e-01	5.715590703966918484e-01
5.450000000000000400e-01	2.276112716061086116e-01	5.715590382195955277e-01
5.500000000000000444e-01	2.268302563189528165e-01	5.715590054061929770e-01
5.550000000000000488e-01	2.260421155526154691e-01	5.715589719423184167e-01
5.600000000000000533e-01	2.252468495691616335e-01	5.715589378133504317e-01
5.649999999999999467e-01	2.244444586353377680e-01	5.715589030042333984e-01
5.699999999999999512e-01	2.236349430261789784e-01	5.715588674994258600e-01
5.749999999999999556e-01	2.228183030217114891e-01	5.715588312829160689e-01
5.799999999999999600e-01	2.219945389107046418e-01	5.715587943381735814e-01
5.849999999999999645e-01	2.211636509872525191e-01	5.715587566481588055e-01
5.899999999999999689e-01	2.203256395546801250e-01	5.715587181952777041e-01
5.949999999999999734e-01	2.194805049219970550e-01	5.715586789613839036e-01
5.999999999999999778e-01	2.186282474079681293e-01	5.715586389277378387e-01
6.049999999999999822e-01	2.177688673374308936e-01	5.715585980750014228e-01
6.099999999999999867e-01	2.169023650455421670e-01	5.715585563832003002e-01
6.149999999999999911e-01	2.160287408739507697e-01	5.715585138317104130e-01
6.199999999999999956e-01	2.151479951752319764e-01	5.715584703992254711e-01
6.250000000000000000e-01	2.142601283089063946e-01	5.715584260637331937e-01
6.300000000000000044e-01	2.133651406460753130e-01	5.715583808024884416e-01
6.350000000000000089e-01	2.124630325652759888e-01	5.715583345919784675e-01
6.400000000000000133e-01	2.115538044573322674e-01	5.715582874079028208e-01
6.450000000000000178e-01	2.106374567210352045e-01	5.715582392251250532e-01
6.500000000000000222e-01	2.097139897682245568e-01	5.715581900176607277e-01
6.550000000000000266e-01	2.087834040192836638e-01	5.715581397586146917e-01
6.600000000000000311e-01	2.078456999084683232e-01	5.715580884201783007e-01
6.650000000000000355e-01	2.069008778792033043e-01	5.715580359735489280e-01
6.700000000000000400e-01	2.059489383896773995e-01	5.715579823889386235e-01
6.750000000000000444e-01	2.049898819079279400e-01	5.715579276354738614e-01
6.800000000000000488e-01	2.040237089177221741e-01	5.715578716812167448e-01
6.850000000000000533e-01	2.030504199134151311e-01	5.715578144930428817e-01
6.899999999999999467e-01	2.020700154061393361e-01	5.715577560366763565e-01
6.949999999999999512e-01	2.010824959184202010e-01	5.715576962765429592e-01
6.999999999999999556e-01	2.000878619906981681e-01	5.715576351758209217e-01
7.049999999999999600e-01	1.990861141756844754e-01	5.715575726962663916e-01
7.099999999999999645e-01	1.980772530452422908e-01	5.715575087982822655e-01
7.149999999999999689e-01	1.970612791844638945e-01	5.715574434407116877e-01
7.199999999999999734e-01	1.960381931989399196e-01	5.715573765809275342e-01
7.249999999999999778e-01	1.950079957085376070e-01	5.715573081745903838e-01
7.299999999999999822e-01	1.939706873550904598e-01	5.715572381757612064e-01
7.349999999999999867e-01	1.929262687958550049e-01	5.715571665366181442e-01
7.399999999999999911e-01	1.918747407116561665e-01	5.715570932075970667e-01
7.449999999999999956e-01	1.908161037999984988e-01	5.715570181370603908e-01
7.500000000000000000e-01	1.897503587837061079e-01	5.715569412714698316e-01
7.550000000000000044e-01	1.886775064036617655e-01	5.715568625550015991e-01
7.600000000000000089e-01	1.875975474279849564e-01	5.715567819297544538e-01
7.650000000000000133e-01	1.865104826443692576e-01	5.715566993353041747e-01
7.700000000000000178e-01	1.854163128698466667e-01	5.715566147089524707e-01
7.750000000000000222e-01	1.843150389426915781e-01	5.715565279852119485e-01
7.800000000000000266e-01	1.832066617328241831e-01	5.715564390961017649e-01
7.850000000000000311e-01	1.820911821332461544e-01	5.715563479705531025e-01
7.900000000000000355e-01	1.809686010711426540e-01	5.715562545347586676e-01
7.950000000000000400e-01	1.798389194988107842e-01	5.715561587114866837e-01
8.000000000000000444e-01	1.787021384055265116e-01	5.715560604204927841e-01
8.050000000000000488e-01	1.775582588079233914e-01	5.715559595777284230e-01
8.100000000000000533e-01	1.764072817626980982e-01	5.715558560958251544e-01
8.149999999999999467e-01	1.752492083563928493e-01	5.715557498831816963e-01
8.199999999999999512e-01	1.740840397190222544e-01	5.715556408445306991e-01
8.249999999999999556e-01	1.729117770132074516e-01	5.715555288798873645e-01
8.299999999999999600e-01	1.717324214488173129e-01	5.715554138852108057e-01
8.349999999999999645e-01	1.705459742713969773e-01	5.715552957511925714e-01
8.399999999999999689e-01	1.693524367779280504e-01	5.715551743640280291e-01
8.449999999999999734e-01	1.681518103044875867e-01	5.715550496040195938e-01
8.499999999999999778e-01	1.669440962432456321e-01	5.715549213464753420e-01
8.549999999999999822e-01	1.657292960292840456e-01	5.715547894600976342e-01
8.599999999999999867e-01	1.645074111589643340e-01	5.715546538080293892e-01
8.649999999999999911e-01	1.632784431758280974e-01	5.715545142459942385e-01
8.699999999999999956e-01	1.620423936904863416e-01	5.715543706235128862e-01
8.750000000000000000e-01	1.607992643655138387e-01	5.715542227817556054e-01
8.800000000000000044e-01	1.595490569370317246e-01	5.715540705549563283e-01
8.850000000000000089e-01	1.582917731984980481e-01	5.715539137679289672e-01
8.900000000000000133e-01	1.570274150241797728e-01	5.715537522377132085e-01
8.950000000000000178e-01	1.557559843517296039e-01	5.715535857706975920e-01
9.000000000000000222e-01	1.544774832077718263e-01	5.715534141645350896e-01
9.050000000000000266e-01	1.531919136891426170e-01	5.715532372048071075e-01
9.100000000000000311e-01	1.518992779908463486e-01	5.715530546672541456e-01
9.150000000000000355e-01	1.505995783858216364e-01	5.715528663139013421e-01
9.200000000000000400e-01	1.492928172555637034e-01	5.715526718956575047e-01
9.250000000000000444e-01	1.479789970682608979e-01	5.715524711478074948e-01
9.300000000000000488e-01	1.466581204124244586e-01	5.715522637930446903e-01
9.350000000000000533e-01	1.453301899732197811e-01	5.715520495362154119e-01
9.399999999999999467e-01	1.439952085694991002e-01	5.715518280678627550e-01
9.449999999999999512e-01	1.426531791281295258e-01	5.715515990580843919e-01
9.499999999999999556e-01	1.413041047248877746e-01	5.715513621606811423e-01
9.549999999999999600e-01	1.399479885565604598e-01	5.715511170059622836e-01
9.599999999999999645e-01	1.385848339862370271e-01	5.715508632056095495e-01
9.649999999999999689e-01	1.372146445129270032e-01	5.715506003442282212e-01
9.699999999999999734e-01	1.358374238218794661e-01	5.715503279850623342e-01
9.749999999999999778e-01	1.344531757514264847e-01	5.715500456600451917e-01
9.799999999999999822e-01	1.330619043490678666e-01	5.715497528765282054e-01
9.849999999999999867e-01	1.316636138352099139e-01	5.715494491055306270e-01
9.899999999999999911e-01	1.302583086658875011e-01	5.715491337896821955e-01
9.949999999999999956e-01	1.288459934930193951e-01	5.715488063293003851e-01
1.000000000000000000e+00	1.274266732348034170e-01	5.715484660917903303e-01
1.004999999999999893e+00	1.260003530320541187e-01	5.715481123950927334e-01
1.010000000000000009e+00	1.245670383275054166e-01	5.715477445188410499e-01
1.015000000000000124e+00	1.231267348177320781e-01	5.715473616846102889e-01
1.020000000000000018e+00	1.216794485428398936e-01	5.715469630692010528e-01
1.024999999999999911e+00	1.202251858333960866e-01	5.715465477809801298e-01
1.030000000000000027e+00	1.187639534122895552e-01	5.715461148757494669e-01
1.035000000000000142e+00	1.172957583360090955e-01	5.715456633282867127e-01
1.040000000000000036e+00	1.158206081108319602e-01	5.715451920513698880e-01
1.044999999999999929e+00	1.143385106276844781e-01	5.715446998613925578e-01
1.050000000000000044e+00	1.128494742952905333e-01	5.715441855012604044e-01
1.055000000000000160e+00	1.113535079677289708e-01	5.715436475986469533e-01
1.060000000000000053e+00	1.098506210977678171e-01	5.715430846936667697e-01
1.064999999999999947e+00	1.083408236560909899e-01	5.715424951879374271e-01
1.070000000000000062e+00	1.068241263088003795e-01	5.715418773781747452e-01
1.075000000000000178e+00	1.053005403271212587e-01	5.715412293936962262e-01
1.080000000000000071e+00	1.037700777940198243e-01	5.715405492374017182e-01
1.084999999999999964e+00	1.022327515030043155e-01	5.715398347086454445e-01
1.090000000000000080e+00	1.006885752000549472e-01	5.715390834534831432e-01
1.095000000000000195e+00	9.913756346991704771e-02	5.715382928688876873e-01
1.100000000000000089e+00	9.757973202116279610e-02	5.715374601646995290e-01
1.104999999999999982e+00	9.601509755811912794e-02	5.715365822438667198e-01
1.110000000000000098e+00	9.444367811901349663e-02	5.715356557792796721e-01
1.115000000000000213e+00	9.286549293139605143e-02	5.715346770629415873e-01
1.120000000000000107e+00	9.128056281614818634e-02	5.715336421018754054e-01
1.125000000000000000e+00	8.968891002394488443e-02	5.715325464266680644e-01
1.129999999999999893e+00	8.809055872169627155e-02	5.715313852120109672e-01
1.134999999999999787e+00	8.648553480726951792e-02	5.715301530316089229e-01
1.139999999999999902e+00	8.487386650006817357e-02	5.715288440108077239e-01
1.145000000000000018e+00	8.325558413091706245e-02	5.715274515099550978e-01
1.149999999999999911e+00	8.163072086553094242e-02	5.715259683192086548e-01
1.154999999999999805e+00	7.999931246621504177e-02	5.715243862453731616e-01
1.159999999999999920e+00	7.836139818676342295e-02	5.715226963627115797e-01
1.165000000000000036e+00	7.671702050254795846e-02	5.715208884679662260e-01
1.169999999999999929e+00	7.506622622917688559e-02	5.715189514063194753e-01
1.174999999999999822e+00	7.340906621782015973e-02	5.715168723440100518e-01
1.179999999999999938e+00	7.174559676968343680e-02	5.715146371963030214e-01
1.185000000000000053e+00	7.007587929439534902e-02	5.715122296440268146e-01
1.189999999999999947e+00	6.839998212102428587e-02	5.715096317017559491e-01
1.194999999999999840e+00	6.671798011965542063e-02	5.715068223691237570e-01
1.199999999999999956e+00	6.502995705209790867e-02	5.715037783943650584e-01
1.205000000000000071e+00	6.333600516156091820e-02	5.715004723956497168e-01
1.209999999999999964e+00	6.163622827016760480e-02	5.714968739008906562e-01
1.214999999999999858e+00	5.993074135101037619e-02	5.714929466852289863e-01
1.219999999999999973e+00	5.821967467809387176e-02	5.714886502079224995e-01
1.225000000000000089e+00	5.650317341297368678e-02	5.714839357658353380e-01
1.229999999999999982e+00	5.478140326792432790e-02	5.714787485113523857e-01
1.234999999999999876e+00	5.305455017336548756e-02	5.714730217751919916e-01
1.239999999999999991e+00	5.132282816564773947e-02	5.714666799514737106e-01
1.245000000000000107e+00	4.958647926614926510e-02	5.714596299153723580e-01
1.250000000000000000e+00	4.784578472089039136e-02	5.714517652311422724e-01
1.254999999999999893e+00	4.610106534647765569e-02	5.714429528234725719e-01
1.260000000000000009e+00	4.435269795942202442e-02	5.714330392542642523e-01
1.265000000000000124e+00	4.260111668682123320e-02	5.714218293827432182e-01
1.270000000000000018e+00	4.084683767724288372e-02	5.714090959690701910e-01
1.274999999999999911e+00	3.909046235770123612e-02	5.713945443077210751e-01
1.280000000000000027e+00	3.733271580729205508e-02	5.713778273569288801e-01
1.285000000000000142e+00	3.557445392825009378e-02	5.713584847807335887e-01
1.290000000000000036e+00	3.381672519248633824e-02	5.713359676158605849e-01
1.294999999999999929e+00	3.206078575206639664e-02	5.713095284228407733e-01
1.300000000000000044e+00	3.030820273477271426e-02	5.712782632152527684e-01
1.305000000000000160e+00	2.856088568517637857e-02	5.712409033408482051e-01
1.310000000000000053e+00	2.682126657219433691e-02	5.711958906714275086e-01
1.314999999999999947e+00	2.509236518098237334e-02	5.711409609959571254e-01
1.320000000000000062e+00	2.337811508736884272e-02	5.710732892286259910e-01
1.325000000000000178e+00	2.168349882556119823e-02	5.709886067661432696e-01
1.330000000000000071e+00	2.001515214897857733e-02	5.708815147968359094e-01
1.334999999999999964e+00	1.838162998023012973e-02	5.707435221260908076e-01
1.340000000000000080e+00	1.679449365426435858e-02	5.705638442144574940e-01
1.345000000000000195e+00	1.526872619045942930e-02	5.703250001159525517e-01
1.350000000000000089e+00	1.382428937565565591e-02	5.700053268700466802e-01
1.354999999999999982e+00	1.248608981611399986e-02	5.695701892440792058e-01
1.360000000000000098e+00	1.128398844809593883e-02	5.689809883516095956e-01
1.365000000000000213e+00	1.024912184785106879e-02	5.681848002139868736e-01
1.370000000000000107e+00	9.406013434753666622e-03	5.671401642054780812e-01
1.375000000000000000e+00	8.763856142771836444e-03	5.658187723363844457e-01
1.379999999999999893e+00	8.307885531560695730e-03	5.642292721276215284e-01
1.384999999999999787e+00	8.005335471369489156e-03	5.624165034428210141e-01
1.389999999999999902e+00	7.815174719101078415e-03	5.604345795156212562e-01
1.395000000000000018e+00	7.700161326790870911e-03	5.583444969501424326e-01
1.399999999999999911e+00	7.632579517084643779e-03	5.561859390051943075e-01
1.404999999999999805e+00	7.593299890630498573e-03	5.539913825738133069e-01
1.409999999999999920e+00	7.570799197073545435e-03	5.517776396163939223e-01
1.415000000000000036e+00	7.557861761386477223e-03	5.495570046712959789e-01
1.419999999999999929e+00	7.550472249985690915e-03	5.473353202811710450e-01
1.424999999999999822e+00	7.546194714270241036e-03	5.451166971170509079e-01
1.429999999999999938e+00	7.543709852086341594e-03	5.429030202540329197e-01
1.435000000000000053e+00	7.542225363973698894e-03	5.406955926616082708e-01
1.439999999999999947e+00	7.541315967523983498e-03	5.384949923332605914e-01
1.444999999999999840e+00	7.540727098224487245e-03	5.363016095355667145e-01
1.449999999999999956e+00	7.540322519896658186e-03	5.341156028701322667e-01
1.455000000000000071e+00	7.540020773645423474e-03	5.319370713805976481e-01
1.459999999999999964e+00	7.539778310004127855e-03	5.297660407020100548e-01
1.464999999999999858e+00	7.539569099448898207e-03	5.276025178593720666e-01
1.469999999999999973e+00	7.539379231273546887e-03	5.254464868323146520e-01
1.475000000000000089e+00	7.539200391753581205e-03	5.232979259941451522e-01
1.479999999999999982e+00	7.539028137991459107e-03	5.211568066520747555e-01
1.484999999999999876e+00	7.538859814182459484e-03	5.190230986226035403e-01
1.489999999999999991e+00	7.538694000369669870e-03	5.168967697159712049e-01
1.495000000000000107e+00	7.538529847036908905e-03	5.147777875475375575e-01
1.500000000000000000e+00	7.538366899137014313e-03	5.126661193231067948e-01
1.504999999999999893e+00	7.538204883676088638e-03	5.105617324559178494e-01
1.510000000000000009e+00	7.538043653551744321e-03	5.084645944488026537e-01
1.515000000000000124e+00	7.537883119764430574e-03	5.063746731315339478e-01
1.520000000000000018e+00	7.537723233494816009e-03	5.042919365750515581e-01
1.524999999999999911e+00	7.537563964477837601e-03	5.022163532074321868e-01
1.530000000000000027e+00	7.537405295281687616e-03	5.001478917395933976e-01
1.535000000000000142e+00	7.537247214412649485e-03	4.980865212417605603e-01
1.540000000000000036e+00	7.537089714486615126e-03	4.960322110740644219e-01
1.544999999999999929e+00	7.536932790033447176e-03	4.939849309494820928e-01
1.550000000000000044e+00	7.536776436910074331e-03	4.919446508671952989e-01
1.555000000000000160e+00	7.536620651603730126e-03	4.899113411702689103e-01
1.560000000000000053e+00	7.536465431041047477e-03	4.878849724810481736e-01
1.564999999999999947e+00	7.536310772369182558e-03	4.858655157562269955e-01
1.570000000000000062e+00	7.536156672891254453e-03	4.838529422240127609e-01
1.575000000000000178e+00	7.536003129999751735e-03	4.818472234374606700e-01
1.580000000000000071e+00	7.535850141152326993e-03	4.798483312132762468e-01
1.584999999999999964e+00	7.535697703853671582e-03	4.778562376837273695e-01
1.590000000000000080e+00	7.535545815644260730e-03	4.758709152370033113e-01
1.595000000000000195e+00	7.535394474097597065e-03	4.738923365678363586e-01
1.600000000000000089e+00	7.535243676813170241e-03	4.719204746193526590e-01
1.604999999999999982e+00	7.535093421418528198e-03	4.699553026324757021e-01
1.610000000000000098e+00	7.534943705563663593e-03	4.679967940892124090e-01
1.615000000000000213e+00	7.534794526924551775e-03	4.660449227608920997e-01
1.620000000000000107e+00	7.534645883198073241e-03	4.640996626528332558e-01
1.625000000000000000e+00	7.534497772105951466e-03	4.621609880514633839e-01
1.629999999999999893e+00	7.534350191389933837e-03	4.602288734703158246e-01
1.634999999999999787e+00	7.534203138815782387e-03	4.583032936960736992e-01
1.639999999999999902e+00	7.534056612168612589e-03	4.563842237358468057e-01
1.645000000000000018e+00	7.533910609256850265e-03	4.544716388621792280e-01
1.649999999999999911e+00	7.533765127907683136e-03	4.525655145615605779e-01
1.654999999999999805e+00	7.533620165970950078e-03	4.506658265784355133e-01
1.659999999999999920e+00	7.533475721314706296e-03	4.487725508649022532e-01
1.665000000000000036e+00	7.533331791829023238e-03	4.468856636237635849e-01
1.669999999999999929e+00	7.533188375421662197e-03	4.450051412593685196e-01
1.674999999999999822e+00	7.533045470021794421e-03	4.431309604197384844e-01
1.679999999999999938e+00	7.532903073575770124e-03	4.412630979485119287e-01
1.685000000000000053e+00	7.532761184050760540e-03	4.394015309261803393e-01
1.689999999999999947e+00	7.532619799430623209e-03	4.375462366230949418e-01
1.694999999999999840e+00	7.532478917719465962e-03	4.356971925398441248e-01
1.699999999999999956e+00	7.532338536937604155e-03	4.338543763612850990e-01
1.705000000000000071e+00	7.532198655125049193e-03	4.320177659960953154e-01
1.709999999999999964e+00	7.532059270337556831e-03	4.301873395317897253e-01
1.714999999999999858e+00	7.531920380650041109e-03	4.283630752734772784e-01
1.719999999999999973e+00	7.531781984152710260e-03	4.265449516998288670e-01
1.725000000000000089e+00	7.531644078954410383e-03	4.247329475010675481e-01
1.729999999999999982e+00	7.531506663178842882e-03	4.229270415358529767e-01
1.734999999999999876e+00	7.531369734967844828e-03	4.211272128685334404e-01
1.739999999999999991e+00	7.531233292477679253e-03	4.193334407269130870e-01
1.745000000000000107e+00	7.531097333882257397e-03	4.175457045387941935e-01
1.750000000000000000e+00	7.530961857369504464e-03	4.157639838905949903e-01
1.754999999999999893e+00	7.530826861144517687e-03	4.139882585632074230e-01
1.760000000000000009e+00	7.530692343426004937e-03	4.122185084914352649e-01
1.765000000000000124e+00	7.530558302449389882e-03	4.104547137991932937e-01
1.770000000000000018e+00	7.530424736463313916e-03	4.086968547597360502e-01
1.774999999999999911e+00	7.530291643732684934e-03	4.069449118302213564e-01
1.780000000000000027e+00	7.530159022535252988e-03	4.051988656127019639e-01
1.785000000000000142e+00	7.530026871164600087e-03	4.034586968880779501e-01
1.790000000000000036e+00	7.529895187926781766e-03	4.017243865778236112e-01
1.794999999999999929e+00	7.529763971143263110e-03	3.999959157773492202e-01
1.800000000000000044e+00	7.529633219147626247e-03	3.982732657184381853e-01
1.805000000000000160e+00	7.529502930288453459e-03	3.965564178020405950e-01
1.810000000000000053e+00	7.529373102926096260e-03	3.948453535613944410e-01
1.814999999999999947e+00	7.529243735435508199e-03	3.931400546942714902e-01
1.820000000000000062e+00	7.529114826203075518e-03	3.914405030267584795e-01
1.825000000000000178e+00	7.528986373629400521e-03	3.897466805449761318e-01
1.830000000000000071e+00	7.528858376126188606e-03	3.880585693594959529e-01
1.834999999999999964e+00	7.528730832118986534e-03	3.863761517365512099e-01
1.840000000000000080e+00	7.528603740044126705e-03	3.846994100630677926e-01
1.845000000000000195e+00	7.528477098351418588e-03	3.830283268773858607e-01
1.850000000000000089e+00	7.528350905501145912e-03	3.813628848348823985e-01
1.854999999999999982e+00	7.528225159966713854e-03	3.797030667382210178e-01
1.860000000000000098e+00	7.528099860231704347e-03	3.780488555035458331e-01
1.865000000000000213e+00	7.527975004792474695e-03	3.764002341902772386e-01
1.870000000000000107e+00	7.527850592155265787e-03	3.747571859678564543e-01
1.875000000000000000e+00	7.527726620838762553e-03	3.731196941451022653e-01
1.879999999999999893e+00	7.527603089371243811e-03	3.714877421374893074e-01
1.884999999999999787e+00	7.527479996293110626e-03	3.698613134960810900e-01
1.889999999999999902e+00	7.527357340154082130e-03	3.682403918753218153e-01
1.895000000000000018e+00	7.527235119515682249e-03	3.666249610615632260e-01
1.899999999999999911e+00	7.527113332948483226e-03	3.650150049413506403e-01
1.904999999999999805e+00	7.526991979034555053e-03	3.634105075295577247e-01
1.909999999999999920e+00	7.526871056364756694e-03	3.618114529381512012e-01
1.915000000000000036e+00	7.526750563541146494e-03	3.602178254039472005e-01
1.919999999999999929e+00	7.526630499174312428e-03	3.586296092578375450e-01
1.924999999999999822e+00	7.526510861885757353e-03	3.570467889521807825e-01
1.929999999999999938e+00	7.526391650305264830e-03	3.554693490304751124e-01
1.935000000000000053e+00	7.526272863073248803e-03	3.538972741543975897e-01
1.939999999999999947e+00	7.526154498838166264e-03	3.523305490739072066e-01
1.944999999999999840e+00	7.526036556258827899e-03	3.507691586539449791e-01
1.949999999999999956e+00	7.525919034001854122e-03	3.492130878449523634e-01
1.955000000000000071e+00	7.525801930743954496e-03	3.476623217092451590e-01
1.959999999999999964e+00	7.525685245169419328e-03	3.461168453919332699e-01
1.964999999999999858e+00	7.525568975972368735e-03	3.445766441469784724e-01
1.969999999999999973e+00	7.525453121854278928e-03	3.430417033085019218e-01
1.975000000000000089e+00	7.525337681526208730e-03	3.415120083165388287e-01
1.979999999999999982e+00	7.525222653706356221e-03	3.399875446887195007e-01
1.984999999999999876e+00	7.525108037122254893e-03	3.384682980457313084e-01
1.989999999999999991e+00	7.524993830508370195e-03	3.369542540833607713e-01
1.995000000000000107e+00	7.524880032608263596e-03	3.354453985976733610e-01
2.000000000000000000e+00	7.524766642172223824e-03	3.339417174574051406e-01
2.004999999999999893e+00	7.524653657959405779e-03	3.324431966288687867e-01
2.009999999999999787e+00	7.524541078735492126e-03	3.309498221486835146e-01
2.014999999999999680e+00	7.524428903274806187e-03	3.294615801484180873e-01
2.020000000000000018e+00	7.524317130358005624e-03	3.279784568276468137e-01
2.024999999999999911e+00	7.524205758774171054e-03	3.265004384783388169e-01
2.029999999999999805e+00	7.524094787318526614e-03	3.250275114582291125e-01
2.035000000000000142e+00	7.523984214794508622e-03	3.235596622149625179e-01
2.040000000000000036e+00	7.523874040011513907e-03	3.220968772597705976e-01
2.044999999999999929e+00	7.523764261786944178e-03	3.206391431913784285e-01
2.049999999999999822e+00	7.523654878943982979e-03	3.191864466699762537e-01
2.054999999999999716e+00	7.523545890313616639e-03	3.177387744408983195e-01
2.060000000000000053e+00	7.523437294732442451e-03	3.162961133088791899e-01
2.064999999999999947e+00	7.523329091044662735e-03	3.148584501615128151e-01
2.069999999999999840e+00	7.523221278099919904e-03	3.134257719437840706e-01
2.075000000000000178e+00	7.523113854755276650e-03	3.119980656813145514e-01
2.080000000000000071e+00	7.523006819873067491e-03	3.105753184551619528e-01
2.084999999999999964e+00	7.522900172322860742e-03	3.091575174248596403e-01
2.089999999999999858e+00	7.522793910979341282e-03	3.077446498034741573e-01
2.094999999999999751e+00	7.522688034724244778e-03	3.063367028804462322e-01
2.100000000000000089e+00	7.522582542444267335e-03	3.049336639968983076e-01
2.104999999999999982e+00	7.522477433032982372e-03	3.035355205682837565e-01
2.109999999999999876e+00	7.522372705388771091e-03	3.021422600599357189e-01
2.115000000000000213e+00	7.522268358416722006e-03	3.007538700095310213e-01
2.120000000000000107e+00	7.522164391026585697e-03	2.993703380028736594e-01
2.125000000000000000e+00	7.522060802134654389e-03	2.979916516961789719e-01
2.129999999999999893e+00	7.521957590661734923e-03	2.966177987920838865e-01
2.134999999999999787e+00	7.521854755535016188e-03	2.952487670617582882e-01
2.140000000000000124e+00	7.521752295686067250e-03	2.938845443211341446e-01
2.145000000000000018e+00	7.521650210052677026e-03	2.925251184528496751e-01
2.149999999999999911e+00	7.521548497576880168e-03	2.911704773826916393e-01
2.155000000000000249e+00	7.521447157206781128e-03	2.898206091013761920e-01
2.160000000000000142e+00	7.521346187894594783e-03	2.884755016411990058e-01
2.165000000000000036e+00	7.521245588598459222e-03	2.871351430976582519e-01
2.169999999999999929e+00	7.521145358280494596e-03	2.857995216063046184e-01
2.174999999999999822e+00	7.521045495908599415e-03	2.844686253642126350e-01
2.180000000000000160e+00	7.520946000454529351e-03	2.831424426070246470e-01
2.185000000000000053e+00	7.520846870895679659e-03	2.818209616302753129e-01
2.189999999999999947e+00	7.520748106213181322e-03	2.805041707666232065e-01
2.195000000000000284e+00	7.520649705393666132e-03	2.791920584070323730e-01
2.200000000000000178e+00	7.520551667427382778e-03	2.778846129781878949e-01
2.205000000000000071e+00	7.520453991309954123e-03	2.765818229635382819e-01
2.209999999999999964e+00	7.520356676040499365e-03	2.752836768808883394e-01
2.214999999999999858e+00	7.520259720623381772e-03	2.739901633033079986e-01
2.220000000000000195e+00	7.520163124066356862e-03	2.727012708368969363e-01
2.225000000000000089e+00	7.520066885382292385e-03	2.714169881415640639e-01
2.229999999999999982e+00	7.519971003587339053e-03	2.701373039089587924e-01
2.235000000000000320e+00	7.519875477702641850e-03	2.688622068831240663e-01
2.240000000000000213e+00	7.519780306752521168e-03	2.675916858385916086e-01
2.245000000000000107e+00	7.519685489766172841e-03	2.663257296009111652e-01
2.250000000000000000e+00	7.519591025775866633e-03	2.650643270249042893e-01
2.254999999999999893e+00	7.519496913818631521e-03	2.638074670150747369e-01
2.259999999999999787e+00	7.519403152934468933e-03	2.625551385040157948e-01
2.264999999999999680e+00	7.519309742168030219e-03	2.613073304727052681e-01
2.270000000000000018e+00	7.519216680566842038e-03	2.600640319290621338e-01
2.274999999999999911e+00	7.519123967182970818e-03	2.588252319281294511e-01
2.279999999999999805e+00	7.519031601071262880e-03	2.575909195507765093e-01
2.285000000000000142e+00	7.518939581291001102e-03	2.563610839237719374e-01
2.290000000000000036e+00	7.518847906904154582e-03	2.551357141986285715e-01
2.294999999999999929e+00	7.518756576977024021e-03	2.539147995715693162e-01
2.299999999999999822e+00	7.518665590578514808e-03	2.526983292625106792e-01
2.304999999999999716e+00	7.518574946781758118e-03	2.514862925349246603e-01
2.310000000000000053e+00	7.518484644662400476e-03	2.502786786749572334e-01
2.314999999999999947e+00	7.518394683300223987e-03	2.490754770111892336e-01
2.319999999999999840e+00	7.518305061777438500e-03	2.478766768938858722e-01
2.325000000000000178e+00	7.518215779180293171e-03	2.466822677146590093e-01
2.330000000000000071e+00	7.518126834597387703e-03	2.454922388858460092e-01
2.334999999999999964e+00	7.518038227121265696e-03	2.443065798600743410e-01
2.339999999999999858e+00	7.517949955846742367e-03	2.431252801097661675e-01
2.344999999999999751e+00	7.517862019872490961e-03	2.419483291466095198e-01
2.350000000000000089e+00	7.517774418299374810e-03	2.407757165011846501e-01
2.354999999999999982e+00	7.517687150232032003e-03	2.396074317423437516e-01
2.359999999999999876e+00	7.517600214777214393e-03	2.384434644569565498e-01
2.365000000000000213e+00	7.517513611045365321e-03	2.372838042692002047e-01
2.370000000000000107e+00	7.517427338148968165e-03	2.361284408204226137e-01
2.375000000000000000e+00	7.517341395204116261e-03	2.349773637883431909e-01
2.379999999999999893e+00	7.517255781328875328e-03	2.338305628670314384e-01
2.384999999999999787e+00	7.517170495644837774e-03	2.326880277860216006e-01
2.390000000000000124e+00	7.517085537275502473e-03	2.315497482904032012e-01
2.395000000000000018e+00	7.517000905347816925e-03	2.304157141598513203e-01
2.399999999999999911e+00	7.516916598990571775e-03	2.292859151888268499e-01
2.405000000000000249e+00	7.516832617335926503e-03	2.281603412055238367e-01
2.410000000000000142e+00	7.516748959517821280e-03	2.270389820521784285e-01
2.415000000000000036e+00	7.516665624673496589e-03	2.259218276039333395e-01
2.419999999999999929e+00	7.516582611941907688e-03	2.248088677492533494e-01
2.424999999999999822e+00	7.516499920465238155e-03	2.237000924087101661e-01
2.430000000000000160e+00	7.516417549387329096e-03	2.225954915155010649e-01
2.435000000000000053e+00	7.516335497855181416e-03	2.214950550341552582e-01
2.439999999999999947e+00	7.516253765017392834e-03	2.203987729411547303e-01
2.445000000000000284e+00	7.516172350025654945e-03	2.193066352435629196e-01
2.450000000000000178e+00	7.516091252033204120e-03	2.182186319597463342e-01
2.455000000000000071e+00	7.516010470196301217e-03	2.171347531379262674e-01
2.459999999999999964e+00	7.515930003672698090e-03	2.160549888369990568e-01
2.464999999999999858e+00	7.515849851623109500e-03	2.149793291450132482e-01
2.470000000000000195e+00	7.515770013209686559e-03	2.139077641600864998e-01
2.475000000000000089e+00	7.515690487597485175e-03	2.128402840088086945e-01
2.479999999999999982e+00	7.515611273952945565e-03	2.117768788272542668e-01
2.485000000000000320e+00	7.515532371445354624e-03	2.107175387793118471e-01
2.490000000000000213e+00	7.515453779245330652e-03	2.096622540377917898e-01
2.495000000000000107e+00	7.515375496526283984e-03	2.086110148026822098e-01
2.500000000000000000e+00	7.515297522462911252e-03	2.075638112823500192e-01
2.504999999999999893e+00	7.515219856232641278e-03	2.065206337117253543e-01
2.509999999999999787e+00	7.515142497014144947e-03	2.054814723335941784e-01
2.514999999999999680e+00	7.515065443988771555e-03	2.044463174167120700e-01
2.520000000000000018e+00	7.514988696339068228e-03	2.034151592371869210e-01
2.524999999999999911e+00	7.514912253250207591e-03	2.023879880965231692e-01
2.529999999999999805e+00	7.514836113908518467e-03	2.013647943030932308e-01
2.535000000000000142e+00	7.514760277502904873e-03	2.003455681901122887e-01
2.540000000000000036e+00	7.514684743223382785e-03	1.993303000971989036e-01
2.544999999999999929e+00	7.514609510262497405e-03	1.983189803882798030e-01
2.549999999999999822e+00	7.514534577813865128e-03	1.973115994332384493e-01
2.554999999999999716e+00	7.514459945073583870e-03	1.963081476257511893e-01
2.560000000000000053e+00	7.514385611238784575e-03	1.953086153650224477e-01
2.564999999999999947e+00	7.514311575509034606e-03	1.943129930735529032e-01
2.569999999999999840e+00	7.514237837084896190e-03	1.933212711789602800e-01
2.575000000000000178e+00	7.514164395169322871e-03	1.923334401316796061e-01
2.580000000000000071e+00	7.514091248966230964e-03	1.913494903868696861e-01
2.584999999999999964e+00	7.514018397681880394e-03	1.903694124220453865e-01
2.589999999999999858e+00	7.513945840523461768e-03	1.893931967190685683e-01
2.594999999999999751e+00	7.513873576700470271e-03	1.884208337817135093e-01
2.600000000000000089e+00	7.513801605423294470e-03	1.874523141177413532e-01
2.604999999999999982e+00	7.513729925904590219e-03	1.864876282563986409e-01
2.609999999999999876e+00	7.513658537357873791e-03	1.855267667305750545e-01
2.615000000000000213e+00	7.513587438998889714e-03	1.845697200942347238e-01
2.620000000000000107e+00	7.513516630044213447e-03	1.836164789046575985e-01
2.625000000000000000e+00	7.513446109712612273e-03	1.826670337398032529e-01
2.629999999999999893e+00	7.513375877223652313e-03	1.817213751806347755e-01
2.634999999999999787e+00	7.513305931799055953e-03	1.807794938284159325e-01
2.640000000000000124e+00	7.513236272661319264e-03	1.798413802871169920e-01
2.645000000000000018e+00	7.513166899035058147e-03	1.789070251806457734e-01
2.649999999999999911e+00	7.513097810145632702e-03	1.779764191353340186e-01
2.655000000000000249e+00	7.513029005220491635e-03	1.770495527971023830e-01
2.660000000000000142e+00	7.512960483487803563e-03	1.761264168140286857e-01
2.665000000000000036e+00	7.512892244177789280e-03	1.752070018534448159e-01
2.669999999999999929e+00	7.512824286521368675e-03	1.742912985845867235e-01
2.674999999999999822e+00	7.512756609751480852e-03	1.733792976956252951e-01
2.680000000000000160e+00	7.512689213101739726e-03	1.724709898763959193e-01
2.685000000000000053e+00	7.512622095807749804e-03	1.715663658353632492e-01
2.689999999999999947e+00	7.512555257105767853e-03	1.706654162824308429e-01
2.695000000000000284e+00	7.512488696234010874e-03	1.697681319458392846e-01
2.700000000000000178e+00	7.512422412431327308e-03	1.688745035550563156e-01
2.705000000000000071e+00	7.512356404938498947e-03	1.679845218576076216e-01
2.709999999999999964e+00	7.512290672996917336e-03	1.670981776020471210e-01
2.714999999999999858e+00	7.512225215849881350e-03	1.662154615547206671e-01
2.720000000000000195e+00	7.512160032741279671e-03	1.653363644828163004e-01
2.725000000000000089e+00	7.512095122916882285e-03	1.644608771710610040e-01
2.729999999999999982e+00	7.512030485623032508e-03	1.635889904048500043e-01
2.735000000000000320e+00	7.511966120107927206e-03	1.627206949868766350e-01
2.740000000000000213e+00	7.511902025620320091e-03	1.618559817203417128e-01
2.745000000000000107e+00	7.511838201410796743e-03	1.609948414255147897e-01
2.750000000000000000e+00	7.511774646730481376e-03	1.601372649230238254e-01
2.754999999999999893e+00	7.511711360832307519e-03	1.592832430503486607e-01
2.759999999999999787e+00	7.511648342969729115e-03	1.584327666451897654e-01
2.764999999999999680e+00	7.511585592397991215e-03	1.575858265618942933e-01
2.770000000000000018e+00	7.511523108372844537e-03	1.567424136549040725e-01
2.774999999999999911e+00	7.511460890151808352e-03	1.559025187951131042e-01
2.779999999999999805e+00	7.511398936992893724e-03	1.550661328533954608e-01
2.785000000000000142e+00	7.511337248155859452e-03	1.542332467168938126e-01
2.790000000000000036e+00	7.511275822900946586e-03	1.534038512726276782e-01
2.794999999999999929e+00	7.511214660490121361e-03	1.525779374237122565e-01
2.799999999999999822e+00	7.511153760185820989e-03	1.517554960730466140e-01
2.804999999999999716e+00	7.511093121252189649e-03	1.509365181394632383e-01
2.810000000000000053e+00	7.511032742953831221e-03	1.501209945414960223e-01
2.814999999999999947e+00	7.510972624557040074e-03	1.493089162134602910e-01
2.819999999999999840e+00	7.510912765328557270e-03	1.485002740893010542e-01
2.825000000000000178e+00	7.510853164536801345e-03	1.476950591186017847e-01
2.830000000000000071e+00	7.510793821450624519e-03	1.468932622505142171e-01
2.834999999999999964e+00	7.510734735340540008e-03	1.460948744496959883e-01
2.839999999999999858e+00	7.510675905477489506e-03	1.452998866803204281e-01
2.844999999999999751e+00	7.510617331134058355e-03	1.445082899219438666e-01
2.850000000000000089e+00	7.510559011583251704e-03	1.437200751535959720e-01
2.854999999999999982e+00	7.510500946099704471e-03	1.429352333695752542e-01
2.859999999999999876e+00	7.510443133958465307e-03	1.421537555636204486e-01
2.865000000000000213e+00	7.510385574436195290e-03	1.413756327446339389e-01
2.870000000000000107e+00	7.510328266809966624e-03	1.406008559209348252e-01
2.875000000000000000e+00	7.510271210358449197e-03	1.398294161159091831e-01
2.879999999999999893e+00	7.510214404360716217e-03	1.390613043523449555e-01
2.884999999999999787e+00	7.510157848097430769e-03	1.382965116680091866e-01
2.890000000000000124e+00	7.510101540849649718e-03	1.375350291000645153e-01
2.895000000000000018e+00	7.510045481900008528e-03	1.367768477005734673e-01
2.899999999999999911e+00	7.509989670531533844e-03	1.360219585209965221e-01
2.905000000000000249e+00	7.509934106028819632e-03	1.352703526276218537e-01
2.910000000000000142e+00	7.509878787676846704e-03	1.345220210861471088e-01
2.915000000000000036e+00	7.509823714762151915e-03	1.337769549770338740e-01
2.919999999999999929e+00	7.509768886571655498e-03	1.330351453801715267e-01
2.924999999999999822e+00	7.509714302393825057e-03	1.322965833901577348e-01
2.930000000000000160e+00	7.509659961517508968e-03	1.315612601010450189e-01
2.935000000000000053e+00	7.509605863233093440e-03	1.308291666215454230e-01
2.939999999999999947e+00	7.509552006831344585e-03	1.301002940598604274e-01
2.945000000000000284e+00	7.509498391604555075e-03	1.293746335388096247e-01
2.950000000000000178e+00	7.509445016845396614e-03	1.286521761807444819e-01
2.955000000000000071e+00	7.509391881848061397e-03	1.279329131226000504e-01
2.959999999999999964e+00	7.509338985907119783e-03	1.272168355008928831e-01
2.964999999999999858e+00	7.509286328318652212e-03	1.265039344666958054e-01
2.970000000000000195e+00	7.509233908379119027e-03	1.257942011707197383e-01
2.975000000000000089e+00	7.509181725386486310e-03	1.250876267782112250e-01
2.979999999999999982e+00	7.509129778639093977e-03	1.243842024541188529e-01
2.985000000000000320e+00	7.509078067436785082e-03	1.236839193779120799e-01
2.990000000000000213e+00	7.509026591079779982e-03	1.229867687288335037e-01
2.995000000000000107e+00	7.508975348869791760e-03	1.222927417006385992e-01
3.000000000000000000e+00	7.508924340108913409e-03	1.216018294869327387e-01
3.004999999999999893e+00	7.508873564100725442e-03	1.209140232958327427e-01
3.009999999999999787e+00	7.508823020149190015e-03	1.202293143353892618e-01
3.014999999999999680e+00	7.508772707559753339e-03	1.195476938281680446e-01
3.020000000000000018e+00	7.508722625638244129e-03	1.188691529967589866e-01
3.024999999999999911e+00	7.508672773691969955e-03	1.181936830782770870e-01
3.029999999999999805e+00	7.508623151028626097e-03	1.175212753099574708e-01
3.035000000000000142e+00	7.508573756957379747e-03	1.168519209435758544e-01
3.040000000000000036e+00	7.508524590787792746e-03	1.161856112311307060e-01
3.044999999999999929e+00	7.508475651830892779e-03	1.155223374391815133e-01
3.049999999999999822e+00	7.508426939398104780e-03	1.148620908346186659e-01
3.054999999999999716e+00	7.508378452802319525e-03	1.142048626989199400e-01
3.060000000000000053e+00	7.508330191356827644e-03	1.135506443140075622e-01
3.064999999999999947e+00	7.508282154376383008e-03	1.128994269764224956e-01
3.069999999999999840e+00	7.508234341176145410e-03	1.122512019832693497e-01
3.075000000000000178e+00	7.508186751072732680e-03	1.116059606463076781e-01
3.080000000000000071e+00	7.508139383383174645e-03	1.109636942779854696e-01
3.084999999999999964e+00	7.508092237425959166e-03	1.103243942054464577e-01
3.089999999999999858e+00	7.508045312519990439e-03	1.096880517566526936e-01
3.094999999999999751e+00	7.507998607985628958e-03	1.090546582743075199e-01
3.100000000000000089e+00	7.507952123143658493e-03	1.084242051020674613e-01
3.104999999999999982e+00	7.507905857316314775e-03	1.077966835983807936e-01
3.109999999999999876e+00	7.507859809826265482e-03	1.071720851227883631e-01
3.115000000000000213e+00	7.507813979997632857e-03	1.065504010496772930e-01
3.120000000000000107e+00	7.507768367154971957e-03	1.059316227546721056e-01
3.125000000000000000e+00	7.507722970624294140e-03	1.053157416283019288e-01
3.129999999999999893e+00	7.507677789732051382e-03	1.047027490624824614e-01
3.134999999999999787e+00	7.507632823806151094e-03	1.040926364640969576e-01
3.140000000000000124e+00	7.507588072174949112e-03	1.034853952415686201e-01
3.145000000000000018e+00	7.507543534168256705e-03	1.028810168183549589e-01
3.149999999999999911e+00	7.507499209116341374e-03	1.022794926196113341e-01
3.155000000000000249e+00	7.507455096350926921e-03	1.016808140855978843e-01
3.160000000000000142e+00	7.507411195204202053e-03	1.010849726584347325e-01
3.165000000000000036e+00	7.507367505009809178e-03	1.004919597954207350e-01
3.169999999999999929e+00	7.507324025101869483e-03	9.990176695588104394e-02
3.174999999999999822e+00	7.507280754815954388e-03	9.931438561439714929e-02
3.180000000000000160e+00	7.507237693488124503e-03	9.872980724774652050e-02
3.185000000000000053e+00	7.507194840455895003e-03	9.814802334804478834e-02
3.189999999999999947e+00	7.507152195057272860e-03	9.756902540977668847e-02
3.195000000000000284e+00	7.507109756631725681e-03	9.699280494284945320e-02
3.200000000000000178e+00	7.507067524519224141e-03	9.641935345971738847e-02
3.205000000000000071e+00	7.507025498061196955e-03	9.584866248834440772e-02
3.209999999999999964e+00	7.506983676599588047e-03	9.528072355942220073e-02
3.214999999999999858e+00	7.506942059477801979e-03	9.471552821924299204e-02
3.220000000000000195e+00	7.506900646039764598e-03	9.415306801701113504e-02
3.225000000000000089e+00	7.506859435630871061e-03	9.359333451762476275e-02
3.229999999999999982e+00	7.506818427597044749e-03	9.303631928908152882e-02
3.235000000000000320e+00	7.506777621285678354e-03	9.248201391516933101e-02
3.240000000000000213e+00	7.506737016044706667e-03	9.193040998296619914e-02
3.245000000000000107e+00	7.506696611223538998e-03	9.138149909543935578e-02
3.250000000000000000e+00	7.506656406172132825e-03	9.083527285903986170e-02
3.254999999999999893e+00	7.506616400241923615e-03	9.029172289620944480e-02
3.259999999999999787e+00	7.506576592784909747e-03	8.975084083307009741e-02
3.264999999999999680e+00	7.506536983154567591e-03	8.921261831183856239e-02
3.270000000000000018e+00	7.506497570704947705e-03	8.867704697861117369e-02
3.274999999999999911e+00	7.506458354791585574e-03	8.814411849568534740e-02
3.279999999999999805e+00	7.506419334770597813e-03	8.761382452944006805e-02
3.285000000000000142e+00	7.506380509999592034e-03	8.708615676256353799e-02
3.290000000000000036e+00	7.506341879836769988e-03	8.656110688203054460e-02
3.294999999999999929e+00	7.506303443641825293e-03	8.603866659123575455e-02
3.299999999999999822e+00	7.506265200775059585e-03	8.551882759806679613e-02
3.304999999999999716e+00	7.506227150598269830e-03	8.500158162694440578e-02
3.310000000000000053e+00	7.506189292473872295e-03	8.448692040699135042e-02
3.314999999999999947e+00	7.506151625765785512e-03	8.397483568397808018e-02
3.319999999999999840e+00	7.506114149838558590e-03	8.346531920858869802e-02
3.325000000000000178e+00	7.506076864058243772e-03	8.295836274827107781e-02
3.330000000000000071e+00	7.506039767791540356e-03	8.245395807560053358e-02
3.334999999999999964e+00	7.506002860406655978e-03	8.195209698003423637e-02
3.339999999999999858e+00	7.505966141272454005e-03	8.145277125637237492e-02
3.344999999999999751e+00	7.505929609759313947e-03	8.095597271641667703e-02
3.350000000000000089e+00	7.505893265238282319e-03	8.046169317752933925e-02
3.354999999999999982e+00	7.505857107081928721e-03	7.996992447419551397e-02
3.359999999999999876e+00	7.505821134663501031e-03	7.948065844668000812e-02
3.365000000000000213e+00	7.505785347357775417e-03	7.899388695249295878e-02
3.370000000000000107e+00	7.505749744540219336e-03	7.850960185514556378e-02
3.375000000000000000e+00	7.505714325587832872e-03	7.802779503551808549e-02
3.379999999999999893e+00	7.505679089878323010e-03	7.754845838071433572e-02
3.384999999999999787e+00	7.505644036790933699e-03	7.707158379533270154e-02
3.390000000000000124e+00	7.505609165705628798e-03	7.659716319041894039e-02
3.395000000000000018e+00	7.505574476003915203e-03	7.612518849463986714e-02
3.399999999999999911e+00	7.505539967068030130e-03	7.565565164333512560e-02
3.405000000000000249e+00	7.505505638281763370e-03	7.518854458959282894e-02
3.410000000000000142e+00	7.505471489029648044e-03	7.472385929340058519e-02
3.415000000000000036e+00	7.505437518697773321e-03	7.426158773262314661e-02
3.419999999999999929e+00	7.505403726672987309e-03	7.380172189225249479e-02
3.424999999999999822e+00	7.505370112343699371e-03	7.334425377528709655e-02
3.430000000000000160e+00	7.505336675099092553e-03	7.288917539208179808e-02
3.435000000000000053e+00	7.505303414329914623e-03	7.243647877112815991e-02
3.439999999999999947e+00	7.505270329427701781e-03	7.198615594850417410e-02
3.445000000000000284e+00	7.505237419785561886e-03	7.153819897855512311e-02
3.450000000000000178e+00	7.505204684797405976e-03	7.109259992344411916e-02
3.455000000000000071e+00	7.505172123858722816e-03	7.064935086373315409e-02
3.459999999999999964e+00	7.505139736365815627e-03	7.020844388803351710e-02
3.464999999999999858e+00	7.505107521716571431e-03	6.976987110348793764e-02
3.470000000000000195e+00	7.505075479309709051e-03	6.933362462552086769e-02
3.475000000000000089e+00	7.505043608545537183e-03	6.889969658822076015e-02
3.479999999999999982e+00	7.505011908825208466e-03	6.846807913419114544e-02
3.485000000000000320e+00	7.504980379551472354e-03	6.803876442483272613e-02
3.490000000000000213e+00	7.504949020127935251e-03	6.761174463029509529e-02
3.495000000000000107e+00	7.504917829959809918e-03	6.718701193965842533e-02
3.500000000000000000e+00	7.504886808453177342e-03	6.676455855098618886e-02
3.504999999999999893e+00	7.504855955015733542e-03	6.634437668140619193e-02
3.509999999999999787e+00	7.504825269056055771e-03	6.592645855726421422e-02
3.514999999999999680e+00	7.504794749984341519e-03	6.551079642410441439e-02
3.520000000000000018e+00	7.504764397211687726e-03	6.509738253692409771e-02
3.524999999999999911e+00	7.504734210150815037e-03	6.468620917005306337e-02
3.529999999999999805e+00	7.504704188215358292e-03	6.427726860750951343e-02
3.535000000000000142e+00	7.504674330820583841e-03	6.387055315277836987e-02
3.540000000000000036e+00	7.504644637382686112e-03	6.346605511926864396e-02
3.544999999999999929e+00	7.504615107319497110e-03	6.306376683999016797e-02
3.549999999999999822e+00	7.504585740049792529e-03	6.266368065811260546e-02
3.554999999999999716e+00	7.504556534993990849e-03	6.226578893654063224e-02
3.560000000000000053e+00	7.504527491573469850e-03	6.187008404857432392e-02
3.564999999999999947e+00	7.504498609211256166e-03	6.147655838738304290e-02
3.569999999999999840e+00	7.504469887331351348e-03	6.108520435676707827e-02
3.575000000000000178e+00	7.504441325359411004e-03	6.069601438052987796e-02
3.580000000000000071e+00	7.504412922722081269e-03	6.030898089334163492e-02
3.584999999999999964e+00	7.504384678847670145e-03	5.992409635000898321e-02
3.589999999999999858e+00	7.504356593165486568e-03	5.954135321644078715e-02
3.594999999999999751e+00	7.504328665106512614e-03	5.916074397881588426e-02
3.600000000000000089e+00	7.504300894102744306e-03	5.878226113465039732e-02
3.604999999999999982e+00	7.504273279587855144e-03	5.840589720186337847e-02
3.609999999999999876e+00	7.504245820996550791e-03	5.803164470994599117e-02
3.615000000000000213e+00	7.504218517765220454e-03	5.765949620892490274e-02
3.620000000000000107e+00	7.504191369331299384e-03	5.728944426063344031e-02
3.625000000000000000e+00	7.504164375133911581e-03	5.692148144757248895e-02
3.629999999999999893e+00	7.504137534613243565e-03	5.655560036428358001e-02
3.634999999999999787e+00	7.504110847211176681e-03	5.619179362610738498e-02
3.640000000000000124e+00	7.504084312370669536e-03	5.583005386065864606e-02
3.645000000000000018e+00	7.504057929536383370e-03	5.547037371648247395e-02
3.649999999999999911e+00	7.504031698154067960e-03	5.511274585463075276e-02
3.655000000000000249e+00	7.504005617671185256e-03	5.475716295721611004e-02
3.660000000000000142e+00	7.503979687536301360e-03	5.440361771909049682e-02
3.665000000000000036e+00	7.503953907199698882e-03	5.405210285629608036e-02
3.669999999999999929e+00	7.503928276112776727e-03	5.370261109784586068e-02
3.674999999999999822e+00	7.503902793728661584e-03	5.335513519407213828e-02
3.680000000000000160e+00	7.503877459501610316e-03	5.300966790850891730e-02
3.685000000000000053e+00	7.503852272887612772e-03	5.266620202613767759e-02
3.689999999999999947e+00	7.503827233343802854e-03	5.232473034537153678e-02
3.695000000000000284e+00	7.503802340329053522e-03	5.198524568619845854e-02
3.700000000000000178e+00	7.503777593303399135e-03	5.164774088226720822e-02
3.705000000000000071e+00	7.503752991728618316e-03	5.131220878892790715e-02
3.709999999999999964e+00	7.503728535067664962e-03	5.097864227541965693e-02
3.714999999999999858e+00	7.503704222785243308e-03	5.064703423280849520e-02
3.720000000000000195e+00	7.503680054347246740e-03	5.031737756627651520e-02
3.725000000000000089e+00	7.503656029221328523e-03	4.998966520295754917e-02
3.729999999999999982e+00	7.503632146876342349e-03	4.966389008432758878e-02
3.735000000000000320e+00	7.503608406782908725e-03	4.934004517393787703e-02
3.740000000000000213e+00	7.503584808412865070e-03	4.901812344990716386e-02
3.745000000000000107e+00	7.503561351239818218e-03	4.869811791255165140e-02
3.750000000000000000e+00	7.503538034738606657e-03	4.838002157697907091e-02
3.754999999999999893e+00	7.503514858385850438e-03	4.806382748061620996e-02
3.759999999999999787e+00	7.503491821659407333e-03	4.774952867590392946e-02
3.764999999999999680e+00	7.503468924038925354e-03	4.743711823772268216e-02
3.770000000000000018e+00	7.503446165005309317e-03	4.712658925618833788e-02
3.774999999999999911e+00	7.503423544041254271e-03	4.681793484397552690e-02
3.779999999999999805e+00	7.503401060630727690e-03	4.651114812921452318e-02
3.785000000000000142e+00	7.503378714259494216e-03	4.620622226271219740e-02
3.790000000000000036e+00	7.503356504414605659e-03	4.590315041095006238e-02
3.794999999999999929e+00	7.503334430584914470e-03	4.560192576320279412e-02
3.799999999999999822e+00	7.503312492260576748e-03	4.530254152463725897e-02
3.804999999999999716e+00	7.503290688933554435e-03	4.500499092332886641e-02
3.810000000000000053e+00	7.503269020097125264e-03	4.470926720346116851e-02
3.814999999999999947e+00	7.503247485246381486e-03	4.441536363224046075e-02
3.819999999999999840e+00	7.503226083877740683e-03	4.412327349319570408e-02
3.825000000000000178e+00	7.503204815489443631e-03	4.383299009299114479e-02
3.830000000000000071e+00	7.503183679581072046e-03	4.354450675482699623e-02
3.834999999999999964e+00	7.503162675654034310e-03	4.325781682514989734e-02
3.839999999999999858e+00	7.503141803211091886e-03	4.297291366715386141e-02
3.844999999999999751e+00	7.503121061756839842e-03	4.268979066738943368e-02
3.850000000000000089e+00	7.503100450797240209e-03	4.240844122936431732e-02
3.854999999999999982e+00	7.503079969840092955e-03	4.212885878005116769e-02
3.859999999999999876e+00	7.503059618394580625e-03	4.185103676358800651e-02
3.865000000000000213e+00	7.503039395971728906e-03	4.157496864768474298e-02
3.870000000000000107e+00	7.503019302083954734e-03	4.130064791742317498e-02
3.875000000000000000e+00	7.502999336245529463e-03	4.102806808156255619e-02
3.879999999999999893e+00	7.502979497972126106e-03	4.075722266643863612e-02
3.884999999999999787e+00	7.502959786781277299e-03	4.048810522216858554e-02
3.890000000000000124e+00	7.502940202191931210e-03	4.022070931664913085e-02
3.895000000000000018e+00	7.502920743724899103e-03	3.995502854166071982e-02
3.899999999999999911e+00	7.502901410902424253e-03	3.969105650696461846e-02
3.905000000000000249e+00	7.502882203248614768e-03	3.942878684630626851e-02
3.910000000000000142e+00	7.502863120289024641e-03	3.916821321161162439e-02
3.915000000000000036e+00	7.502844161551078771e-03	3.890932927888995224e-02
3.919999999999999929e+00	7.502825326563657485e-03	3.865212874252825503e-02
3.924999999999999822e+00	7.502806614857521553e-03	3.839660532109446384e-02
3.930000000000000160e+00	7.502788025964897585e-03	3.814275275172978458e-02
3.935000000000000053e+00	7.502769559419895234e-03	3.789056479585208720e-02
3.939999999999999947e+00	7.502751214758106475e-03	3.764003523364618103e-02
3.945000000000000284e+00	7.502732991517008926e-03	3.739115786966763083e-02
3.950000000000000178e+00	7.502714889235573802e-03	3.714392652743059298e-02
3.955000000000000071e+00	7.502696907454664901e-03	3.689833505491224575e-02
3.959999999999999964e+00	7.502679045716650896e-03	3.665437731923810311e-02
3.964999999999999858e+00	7.502661303565797378e-03	3.641204721208720491e-02
3.970000000000000195e+00	7.502643680547887821e-03	3.617133864447449887e-02
3.975000000000000089e+00	7.502626176210606089e-03	3.593224555205738746e-02
3.979999999999999982e+00	7.502608790103164338e-03	3.569476189001475480e-02
3.985000000000000320e+00	7.502591521776682051e-03	3.545888163825473838e-02
3.990000000000000213e+00	7.502574370783819148e-03	3.522459879639058128e-02
3.995000000000000107e+00	7.502557336679147211e-03	3.499190738884992713e-02
4.000000000000000000e+00	7.502540419018787800e-03	3.476080145994680376e-02
4.004999999999999893e+00	7.502523617360776741e-03	3.453127507889305198e-02
4.009999999999999787e+00	7.502506931264715448e-03	3.430332233496601740e-02
4.014999999999999680e+00	7.502490360292123940e-03	3.407693734242234901e-02
4.019999999999999574e+00	7.502473904006094763e-03	3.385211423576114237e-02
4.025000000000000355e+00	7.502457561971646004e-03	3.362884717454044797e-02
4.030000000000000249e+00	7.502441333755380422e-03	3.340713033873567855e-02
4.035000000000000142e+00	7.502425218925828920e-03	3.318695793345875084e-02
4.040000000000000036e+00	7.502409217053118348e-03	3.296832418441151408e-02
4.044999999999999929e+00	7.502393327709304567e-03	3.275122334250810813e-02
4.049999999999999822e+00	7.502377550468054997e-03	3.253564967942287889e-02
4.054999999999999716e+00	7.502361884904967804e-03	3.232159749211650085e-02
4.059999999999999609e+00	7.502346330597263122e-03	3.210906109847774109e-02
4.064999999999999503e+00	7.502330887124096168e-03	3.189803484175360304e-02
4.070000000000000284e+00	7.502315554066252799e-03	3.168851308628479330e-02
4.075000000000000178e+00	7.502300331006460030e-03	3.148049022184051804e-02
4.080000000000000071e+00	7.502285217529083318e-03	3.127396065944693104e-02
4.084999999999999964e+00	7.502270213220434483e-03	3.106891883562647519e-02
4.089999999999999858e+00	7.502255317668474199e-03	3.086535920831979390e-02
4.094999999999999751e+00	7.502240530463112102e-03	3.066327626102972187e-02
4.099999999999999645e+00	7.502225851195917089e-03	3.046266449883593824e-02
4.105000000000000426e+00	7.502211279460409624e-03	3.026351845244432126e-02
4.110000000000000320e+00	7.502196814851778972e-03	3.006583267429393733e-02
4.115000000000000213e+00	7.502182456967169434e-03	2.986960174251203012e-02
4.120000000000000107e+00	7.502168205405404522e-03	2.967482025711274188e-02
4.125000000000000000e+00	7.502154059767265383e-03	2.948148284385845169e-02
4.129999999999999893e+00	7.502140019655221918e-03	2.928958415054975714e-02
4.134999999999999787e+00	7.502126084673703399e-03	2.909911885079347060e-02
4.139999999999999680e+00	7.502112254428839125e-03	2.891008164038373629e-02
4.144999999999999574e+00	7.502098528528720368e-03	2.872246724097653886e-02
4.150000000000000355e+00	7.502084906583145370e-03	2.853627039656166445e-02
4.155000000000000249e+00	7.502071388203878678e-03	2.835148587704485953e-02
4.160000000000000142e+00	7.502057973004401352e-03	2.816810847480950147e-02
4.165000000000000036e+00	7.502044660600160758e-03	2.798613300820656374e-02
4.169999999999999929e+00	7.502031450608332916e-03	2.780555431820623882e-02
4.174999999999999822e+00	7.502018342648061888e-03	2.762636727179597004e-02
4.179999999999999716e+00	7.502005336340224727e-03	2.744856675872133292e-02
4.185000000000000497e+00	7.501992431307675201e-03	2.727214769479279974e-02
4.190000000000000391e+00	7.501979627175006139e-03	2.709710501871553934e-02
4.195000000000000284e+00	7.501966923568785355e-03	2.692343369530485545e-02
4.200000000000000178e+00	7.501954320117333597e-03	2.675112871240466206e-02
4.205000000000000071e+00	7.501941816450946598e-03	2.658018508401254268e-02
4.209999999999999964e+00	7.501929412201680837e-03	2.641059784728589863e-02
4.214999999999999858e+00	7.501917107003568640e-03	2.624236206557706286e-02
4.219999999999999751e+00	7.501904900492412619e-03	2.607547282552693038e-02
4.224999999999999645e+00	7.501892792305993839e-03	2.590992524001050484e-02
4.230000000000000426e+00	7.501880782083868854e-03	2.574571444531738654e-02
4.235000000000000320e+00	7.501868869467576140e-03	2.558283560400846646e-02
4.240000000000000213e+00	7.501857054100435733e-03	2.542128390218272721e-02
4.245000000000000107e+00	7.501845335627753929e-03	2.526105455224516086e-02
4.250000000000000000e+00	7.501833713696624654e-03	2.510214279025997641e-02
4.254999999999999893e+00	7.501822187956127229e-03	2.494454387863001207e-02
4.259999999999999787e+00	7.501810758057138144e-03	2.478825310353564154e-02
4.264999999999999680e+00	7.501799423652520150e-03	2.463326577752652721e-02
4.269999999999999574e+00	7.501788184396940978e-03	2.447957723704538915e-02
4.275000000000000355e+00	7.501777039947054616e-03	2.432718284493281743e-02
4.280000000000000249e+00	7.501765989961326105e-03	2.417607798803543886e-02
4.285000000000000142e+00	7.501755034100211078e-03	2.402625807962397234e-02
4.290000000000000036e+00	7.501744172025980560e-03	2.387771855708556434e-02
4.294999999999999929e+00	7.501733403402894435e-03	2.373045488425548979e-02
4.299999999999999822e+00	7.501722727897040116e-03	2.358446254919323998e-02
4.304999999999999716e+00	7.501712145176491278e-03	2.343973706642843088e-02
4.309999999999999609e+00	7.501701654911155197e-03	2.329627397481988035e-02
4.314999999999999503e+00	7.501691256772928008e-03	2.315406883971627902e-02
4.320000000000000284e+00	7.501680950435543789e-03	2.301311725089774315e-02
4.325000000000000178e+00	7.501670735574727210e-03	2.287341482465207396e-02
4.330000000000000071e+00	7.501660611868045218e-03	2.273495720179801588e-02
4.334999999999999964e+00	7.501650578995056225e-03	2.259774004967744082e-02
4.339999999999999858e+00	7.501640636637168721e-03	2.246175906026015232e-02
4.344999999999999751e+00	7.501630784477781796e-03	2.232700995205229993e-02
4.349999999999999645e+00	7.501621022202148957e-03	2.219348846828224364e-02
4.355000000000000426e+00	7.501611349497514306e-03	2.206119037872570840e-02
4.360000000000000320e+00	7.501601766052984170e-03	2.193011147797217439e-02
4.365000000000000213e+00	7.501592271559652005e-03	2.180024758716744143e-02
4.370000000000000107e+00	7.501582865710482162e-03	2.167159455235976792e-02
4.375000000000000000e+00	7.501573548200426121e-03	2.154414824616050425e-02
4.379999999999999893e+00	7.501564318726307128e-03	2.141790456616949473e-02
4.384999999999999787e+00	7.501555176986936420e-03	2.129285943655431779e-02
4.389999999999999680e+00	7.501546122683005677e-03	2.116900880655433678e-02
4.394999999999999574e+00	7.501537155517190233e-03	2.104634865197887658e-02
4.400000000000000355e+00	7.501528275194053672e-03	2.092487497378973937e-02
4.405000000000000249e+00	7.501519481420138892e-03	2.080458379951899764e-02
4.410000000000000142e+00	7.501510773903883114e-03	2.068547118192885434e-02
4.415000000000000036e+00	7.501502152355704611e-03	2.056753320034984331e-02
4.419999999999999929e+00	7.501493616487917709e-03	2.045076595941780137e-02
4.424999999999999822e+00	7.501485166014816054e-03	2.033516559033268084e-02
4.429999999999999716e+00	7.501476800652592813e-03	2.022072824967202295e-02
4.435000000000000497e+00	7.501468520119424811e-03	2.010745012057122555e-02
4.440000000000000391e+00	7.501460324135389261e-03	1.999532741161286209e-02
4.445000000000000284e+00	7.501452212422542697e-03	1.988435635792876535e-02
4.450000000000000178e+00	7.501444184704849846e-03	1.977453322016472712e-02
4.455000000000000071e+00	7.501436240708253024e-03	1.966585428550520279e-02
4.459999999999999964e+00	7.501428380160603607e-03	1.955831586671268399e-02
4.464999999999999858e+00	7.501420602791731423e-03	1.945191430307535718e-02
4.469999999999999751e+00	7.501412908333378836e-03	1.934664595952078486e-02
4.474999999999999645e+00	7.501405296519264923e-03	1.924250722748721207e-02
4.480000000000000426e+00	7.501397767085023031e-03	1.913949452411067842e-02
4.485000000000000320e+00	7.501390319768262357e-03	1.903760429302084681e-02
4.490000000000000213e+00	7.501382954308510702e-03	1.893683300360083505e-02
4.495000000000000107e+00	7.501375670447267378e-03	1.883717715170794144e-02
4.500000000000000000e+00	7.501368467927954642e-03	1.873863325900600521e-02
4.504999999999999893e+00	7.501361346495964526e-03	1.864119787361145572e-02
4.509999999999999787e+00	7.501354305898613739e-03	1.854486756949749043e-02
4.514999999999999680e+00	7.501347345885186167e-03	1.844963894706615551e-02
4.519999999999999574e+00	7.501340466206894708e-03	1.835550863262367521e-02
4.525000000000000355e+00	7.501333666616915967e-03	1.826247327887930982e-02
4.530000000000000249e+00	7.501326946870358163e-03	1.817052956449121542e-02
4.535000000000000142e+00	7.501320306724289753e-03	1.807967419449250240e-02
4.540000000000000036e+00	7.501313745937712545e-03	1.798990389990695951e-02
4.544999999999999929e+00	7.501307264271587713e-03	1.790121543810322194e-02
4.549999999999999822e+00	7.501300861488813254e-03	1.781360559247977676e-02
4.554999999999999716e+00	7.501294537354238727e-03	1.772707117274756328e-02
4.559999999999999609e+00	7.501288291634655714e-03	1.764160901468365614e-02
4.564999999999999503e+00	7.501282124098804759e-03	1.755721598034320000e-02
4.570000000000000284e+00	7.501276034517368428e-03	1.747388895788101401e-02
4.575000000000000178e+00	7.501270022662975649e-03	1.739162486169333957e-02
4.580000000000000071e+00	7.501264088310198239e-03	1.731042063230692554e-02
4.584999999999999964e+00	7.501258231235553506e-03	1.723027323645116501e-02
4.589999999999999858e+00	7.501252451217499048e-03	1.715117966701394311e-02
4.594999999999999751e+00	7.501246748036436221e-03	1.707313694304490523e-02
4.599999999999999645e+00	7.501241121474711872e-03	1.699614210977745329e-02
4.605000000000000426e+00	7.501235571316606197e-03	1.692019223856369714e-02
4.610000000000000320e+00	7.501230097348349224e-03	1.684528442696201639e-02
4.615000000000000213e+00	7.501224699358100857e-03	1.677141579860434717e-02
4.620000000000000107e+00	7.501219377135969965e-03	1.669858350334860186e-02
4.625000000000000000e+00	7.501214130473993560e-03	1.662678471707901284e-02
4.629999999999999893e+00	7.501208959166156751e-03	1.655601664192260514e-02
4.634999999999999787e+00	7.501203863008370186e-03	1.648627650598341599e-02
4.639999999999999680e+00	7.501198841798489142e-03	1.641756156362249655e-02
4.644999999999999574e+00	7.501193895336294437e-03	1.634986909512642361e-02
4.650000000000000355e+00	7.501189023423510648e-03	1.628319640705020235e-02
4.655000000000000249e+00	7.501184225863780086e-03	1.621754083182069817e-02
4.660000000000000142e+00	7.501179502462694895e-03	1.615289972814186459e-02
4.665000000000000036e+00	7.501174853027758882e-03	1.608927048053384462e-02
4.669999999999999929e+00	7.501170277368421346e-03	1.602665049979975706e-02
4.674999999999999822e+00	7.501165775296041519e-03	1.596503722250117163e-02
4.679999999999999716e+00	7.501161346623924121e-03	1.590442811148577024e-02
4.685000000000000497e+00	7.501156991167276869e-03	1.584482065529977182e-02
4.690000000000000391e+00	7.501152708743257305e-03	1.578621236877592038e-02
4.695000000000000284e+00	7.501148499170916424e-03	1.572860079238353262e-02
4.700000000000000178e+00	7.501144362271254182e-03	1.567198349287609802e-02
4.705000000000000071e+00	7.501140297867162250e-03	1.561635806257964838e-02
4.709999999999999964e+00	7.501136305783478661e-03	1.556172212009932117e-02
4.714999999999999858e+00	7.501132385846927091e-03	1.550807330954669279e-02
4.719999999999999751e+00	7.501128537886177575e-03	1.545540930130455924e-02
4.724999999999999645e+00	7.501124761731779722e-03	1.540372779119402423e-02
4.730000000000000426e+00	7.501121057216228634e-03	1.535302650129681534e-02
4.735000000000000320e+00	7.501117424173894647e-03	1.530330317906278964e-02
4.740000000000000213e+00	7.501113862441090123e-03	1.525455559818911233e-02
4.745000000000000107e+00	7.501110371856000054e-03	1.520678155766877829e-02
4.750000000000000000e+00	7.501106952258744520e-03	1.515997888272605475e-02
4.754999999999999893e+00	7.501103603491314498e-03	1.511414542380676469e-02
4.759999999999999787e+00	7.501100325397634314e-03	1.506927905756927193e-02
4.764999999999999680e+00	7.501097117823492255e-03	1.502537768581707275e-02
4.769999999999999574e+00	7.501093980616609092e-03	1.498243923654474577e-02
4.775000000000000355e+00	7.501090913626559144e-03	1.494046166281361339e-02
4.780000000000000249e+00	7.501087916704854419e-03	1.489944294385187572e-02
4.785000000000000142e+00	7.501084989704850069e-03	1.485938108387414511e-02
4.790000000000000036e+00	7.501082132481831991e-03	1.482027411323498869e-02
4.794999999999999929e+00	7.501079344892931829e-03	1.478212008719292925e-02
4.799999999999999822e+00	7.501076626797205035e-03	1.474491708711680830e-02
4.804999999999999716e+00	7.501073978055545870e-03	1.470866321919504435e-02
4.809999999999999609e+00	7.501071398530770665e-03	1.467335661569405328e-02
4.814999999999999503e+00	7.501068888087527621e-03	1.463899543361339532e-02
4.820000000000000284e+00	7.501066446592385278e-03	1.460557785599566477e-02
4.825000000000000178e+00	7.501064073913733636e-03	1.457310209052814845e-02
4.830000000000000071e+00	7.501061769921883032e-03	1.454156637090345261e-02
4.834999999999999964e+00	7.501059534488960928e-03	1.451096895536849521e-02
4.839999999999999858e+00	7.501057367489006450e-03	1.448130812813510325e-02
4.844999999999999751e+00	7.501055268797869775e-03	1.445258219787699805e-02
4.849999999999999645e+00	7.501053238293314482e-03	1.442478949918980270e-02
4.855000000000000426e+00	7.501051275854902188e-03	1.439792839103668128e-02
4.860000000000000320e+00	7.501049381364106178e-03	1.437199725825697230e-02
4.865000000000000213e+00	7.501047554704189969e-03	1.434699450996120354e-02
4.870000000000000107e+00	7.501045795760327012e-03	1.432291858108765761e-02
4.875000000000000000e+00	7.501044104419472315e-03	1.429976793074752908e-02
4.879999999999999893e+00	7.501042480570485615e-03	1.427754104382873528e-02
4.884999999999999787e+00	7.501040924104003874e-03	1.425623642929188008e-02
4.889999999999999680e+00	7.501039434912560103e-03	1.423585262182055361e-02
4.894999999999999574e+00	7.501038012890460203e-03	1.421638818006883305e-02
4.900000000000000355e+00	7.501036657933901793e-03	1.419784168835743626e-02
4.905000000000000249e+00	7.501035369940844098e-03	1.418021175487347435e-02
4.910000000000000142e+00	7.501034148811138065e-03	1.416349701341161615e-02
4.915000000000000036e+00	7.501032994446386708e-03	1.414769612152694082e-02
4.919999999999999929e+00	7.501031906750077818e-03	1.413280776232050430e-02
4.924999999999999822e+00	7.501030885627445188e-03	1.411883064254574466e-02
4.929999999999999716e+00	7.501029930985603916e-03	1.410576349443780353e-02
4.935000000000000497e+00	7.501029042733402957e-03	1.409360507377438974e-02
4.940000000000000391e+00	7.501028220781570839e-03	1.408235416174798312e-02
4.945000000000000284e+00	7.501027465042562140e-03	1.407200956298182946e-02
4.950000000000000178e+00	7.501026775430702336e-03	1.406257010744446471e-02
4.955000000000000071e+00	7.501026151862035148e-03	1.405403464842151784e-02
4.959999999999999964e+00	7.501025594254471726e-03	1.404640206447176423e-02
4.964999999999999858e+00	7.501025102527634526e-03	1.403967125735557445e-02
4.969999999999999751e+00	7.501024676603002157e-03	1.403384115403172663e-02
4.974999999999999645e+00	7.501024316403760196e-03	1.402891070454315159e-02
4.980000000000000426e+00	7.501024021854944303e-03	1.402487888405389536e-02
4.985000000000000320e+00	7.501023792883284094e-03	1.402174469069283370e-02
4.990000000000000213e+00	7.501023629417360138e-03	1.401950714763001114e-02
4.995000000000000107e+00	7.501023531387433947e-03	1.401816530087917137e-02
5.000000000000000000e+00	7.501023498725608446e-03	1.401771822141273556e-02
