# coordinate_x	h	p	@time=381.28999999999996
0.000000000000000000e+00	2.700481786600066325e-01	5.716091870368473771e-01
5.000000000000000104e-03	2.700446106905949883e-01	5.716091867684592875e-01
1.000000000000000021e-02	2.700339067835347828e-01	5.716091859631846628e-01
1.499999999999999944e-02	2.700160669400911706e-01	5.716091846209043759e-01
2.000000000000000042e-02	2.699910911633375821e-01	5.716091827413294357e-01
2.500000000000000139e-02	2.699589794567980316e-01	5.716091803241281077e-01
2.999999999999999889e-02	2.699197318257636202e-01	5.716091773688024569e-01
3.500000000000000333e-02	2.698733482759703706e-01	5.716091738748128037e-01
4.000000000000000083e-02	2.698198288149251112e-01	5.716091698414520472e-01
4.499999999999999833e-02	2.697591734505824790e-01	5.716091652679712309e-01
5.000000000000000278e-02	2.696913821926748001e-01	5.716091601534535327e-01
5.500000000000000028e-02	2.696164550513867608e-01	5.716091544969391647e-01
5.999999999999999778e-02	2.695343920386892855e-01	5.716091482972995852e-01
6.500000000000000222e-02	2.694451931670114875e-01	5.716091415533623987e-01
7.000000000000000666e-02	2.693488584505797645e-01	5.716091342637853456e-01
7.500000000000001110e-02	2.692453879040855869e-01	5.716091264271812022e-01
8.000000000000000167e-02	2.691347815440304769e-01	5.716091180419916595e-01
8.499999999999999223e-02	2.690170393873894672e-01	5.716091091066116681e-01
8.999999999999999667e-02	2.688921614529621862e-01	5.716090996192638718e-01
9.500000000000000111e-02	2.687601477600317645e-01	5.716090895781226200e-01
1.000000000000000056e-01	2.686209983297226933e-01	5.716090789811879569e-01
1.050000000000000100e-01	2.684747131836537348e-01	5.716090678264100777e-01
1.100000000000000006e-01	2.683212923453041632e-01	5.716090561115626523e-01
1.149999999999999911e-01	2.681607358386597917e-01	5.716090438343677249e-01
1.199999999999999956e-01	2.679930436895882062e-01	5.716090309923688162e-01
1.250000000000000000e-01	2.678182159244771876e-01	5.716090175830549347e-01
1.300000000000000044e-01	2.676362525716194929e-01	5.716090036037342337e-01
1.350000000000000089e-01	2.674471536598433952e-01	5.716089890516583560e-01
1.400000000000000133e-01	2.672509192199078454e-01	5.716089739238950918e-01
1.450000000000000178e-01	2.670475492831236308e-01	5.716089582174529449e-01
1.499999999999999944e-01	2.668370438827606939e-01	5.716089419291534579e-01
1.549999999999999989e-01	2.666194030526585768e-01	5.716089250557563339e-01
1.600000000000000033e-01	2.663946268286466190e-01	5.716089075938306507e-01
1.650000000000000078e-01	2.661627152471434110e-01	5.716088895398805381e-01
1.700000000000000122e-01	2.659236683465904250e-01	5.716088708902160587e-01
1.749999999999999889e-01	2.656774861660397558e-01	5.716088516410787745e-01
1.799999999999999933e-01	2.654241687466018518e-01	5.716088317885119618e-01
1.849999999999999978e-01	2.651637161300209322e-01	5.716088113284875094e-01
1.900000000000000022e-01	2.648961283601381500e-01	5.716087902567743573e-01
1.950000000000000067e-01	2.646214054814529648e-01	5.716087685690651732e-01
2.000000000000000111e-01	2.643395475406030704e-01	5.716087462608462344e-01
2.050000000000000155e-01	2.640505545849112790e-01	5.716087233275231050e-01
2.099999999999999922e-01	2.637544266638827684e-01	5.716086997642896295e-01
2.149999999999999967e-01	2.634511638277363677e-01	5.716086755662542762e-01
2.200000000000000011e-01	2.631407661289206779e-01	5.716086507283087981e-01
2.250000000000000056e-01	2.628232336206286490e-01	5.716086252452545757e-01
2.300000000000000100e-01	2.624985663583334072e-01	5.716085991116700571e-01
2.349999999999999867e-01	2.621667643982852902e-01	5.716085723220385439e-01
2.399999999999999911e-01	2.618278277990688796e-01	5.716085448706140770e-01
2.449999999999999956e-01	2.614817566200808296e-01	5.716085167515495558e-01
2.500000000000000000e-01	2.611285509231095481e-01	5.716084879587627343e-01
2.550000000000000044e-01	2.607682107707930963e-01	5.716084584860634532e-01
2.600000000000000089e-01	2.604007362282224625e-01	5.716084283270194133e-01
2.650000000000000133e-01	2.600261273613780899e-01	5.716083974750839625e-01
2.700000000000000178e-01	2.596443842387586853e-01	5.716083659234609815e-01
2.750000000000000222e-01	2.592555069297949877e-01	5.716083336652325597e-01
2.800000000000000266e-01	2.588594955065051106e-01	5.716083006932237698e-01
2.850000000000000311e-01	2.584563500418846638e-01	5.716082670001296773e-01
2.899999999999999800e-01	2.580460706115904057e-01	5.716082325783803375e-01
2.949999999999999845e-01	2.576286572923048301e-01	5.716081974202673610e-01
2.999999999999999889e-01	2.572041101634497950e-01	5.716081615178082442e-01
3.049999999999999933e-01	2.567724293055244633e-01	5.716081248628732681e-01
3.099999999999999978e-01	2.563336148018504068e-01	5.716080874470491624e-01
3.150000000000000022e-01	2.558876667368812918e-01	5.716080492617658937e-01
3.200000000000000067e-01	2.554345851979815119e-01	5.716080102981593303e-01
3.250000000000000111e-01	2.549743702737059525e-01	5.716079705471985850e-01
3.300000000000000155e-01	2.545070220556137630e-01	5.716079299995481255e-01
3.350000000000000200e-01	2.540325406365168681e-01	5.716078886456940067e-01
3.400000000000000244e-01	2.535509261123307101e-01	5.716078464758064248e-01
3.449999999999999734e-01	2.530621785802900092e-01	5.716078034798655061e-01
3.499999999999999778e-01	2.525662981408380858e-01	5.716077596475231948e-01
3.549999999999999822e-01	2.520632848958082595e-01	5.716077149682283753e-01
3.599999999999999867e-01	2.515531389503544712e-01	5.716076694310886497e-01
3.649999999999999911e-01	2.510358604110957126e-01	5.716076230249953483e-01
3.699999999999999956e-01	2.505114493880901683e-01	5.716075757384841971e-01
3.750000000000000000e-01	2.499799059929413980e-01	5.716075275598597738e-01
3.800000000000000044e-01	2.494412303408182208e-01	5.716074784770567296e-01
3.850000000000000089e-01	2.488954225485199567e-01	5.716074284777626913e-01
3.900000000000000133e-01	2.483424827365450505e-01	5.716073775492789277e-01
3.950000000000000178e-01	2.477824110271135138e-01	5.716073256786431411e-01
4.000000000000000222e-01	2.472152075462865362e-01	5.716072728524899116e-01
4.050000000000000266e-01	2.466408724219437965e-01	5.716072190571720446e-01
4.099999999999999756e-01	2.460594057859570860e-01	5.716071642786204610e-01
4.149999999999999800e-01	2.454708077721201032e-01	5.716071085024652110e-01
4.199999999999999845e-01	2.448750785183790857e-01	5.716070517138953644e-01
4.249999999999999889e-01	2.442722181647124513e-01	5.716069938977774711e-01
4.299999999999999933e-01	2.436622268554216597e-01	5.716069350385168946e-01
4.349999999999999978e-01	2.430451047369580619e-01	5.716068751201733855e-01
4.400000000000000022e-01	2.424208519602773226e-01	5.716068141263235258e-01
4.450000000000000067e-01	2.417894686786107583e-01	5.716067520401740820e-01
4.500000000000000111e-01	2.411509550498867893e-01	5.716066888444246707e-01
4.550000000000000155e-01	2.405053112344438249e-01	5.716066245213788921e-01
4.600000000000000200e-01	2.398525373975225472e-01	5.716065590528075502e-01
4.649999999999999689e-01	2.391926337069171793e-01	5.716064924200573438e-01
4.699999999999999734e-01	2.385256003355428200e-01	5.716064246039149754e-01
4.749999999999999778e-01	2.378514374590214586e-01	5.716063555847122890e-01
4.799999999999999822e-01	2.371701452583288849e-01	5.716062853421917112e-01
4.849999999999999867e-01	2.364817239173118701e-01	5.716062138556080585e-01
4.899999999999999911e-01	2.357861736254192875e-01	5.716061411035953110e-01
4.949999999999999956e-01	2.350834945751466565e-01	5.716060670642638675e-01
5.000000000000000000e-01	2.343736869648564425e-01	5.716059917150702052e-01
5.050000000000000044e-01	2.336567509961457456e-01	5.716059150329079186e-01
5.100000000000000089e-01	2.329326868767614411e-01	5.716058369939809314e-01
5.150000000000000133e-01	2.322014948178866556e-01	5.716057575738880958e-01
5.200000000000000178e-01	2.314631750371560770e-01	5.716056767474998468e-01
5.250000000000000222e-01	2.307177277558568884e-01	5.716055944890362506e-01
5.300000000000000266e-01	2.299651532020504929e-01	5.716055107719471007e-01
5.350000000000000311e-01	2.292054516076828530e-01	5.716054255689825281e-01
5.400000000000000355e-01	2.284386232118191251e-01	5.716053388520774270e-01
5.450000000000000400e-01	2.276646682576582148e-01	5.716052505924135163e-01
5.500000000000000444e-01	2.268835869958875651e-01	5.716051607603087614e-01
5.550000000000000488e-01	2.260953796815961536e-01	5.716050693252698878e-01
5.600000000000000533e-01	2.253000465777569572e-01	5.716049762558873537e-01
5.649999999999999467e-01	2.244975879520325346e-01	5.716048815198776500e-01
5.699999999999999512e-01	2.236880040803934100e-01	5.716047850839840461e-01
5.749999999999999556e-01	2.228712952438096917e-01	5.716046869140071207e-01
5.799999999999999600e-01	2.220474617320142841e-01	5.716045869747132802e-01
5.849999999999999645e-01	2.212165038400737416e-01	5.716044852298514112e-01
5.899999999999999689e-01	2.203784218723054689e-01	5.716043816420699475e-01
5.949999999999999734e-01	2.195332161387207603e-01	5.716042761729178689e-01
5.999999999999999778e-01	2.186808869591065907e-01	5.716041687827724260e-01
6.049999999999999822e-01	2.178214346593321527e-01	5.716040594308224865e-01
6.099999999999999867e-01	2.169548595756068399e-01	5.716039480750066959e-01
6.149999999999999911e-01	2.160811620506419284e-01	5.716038346719786167e-01
6.199999999999999956e-01	2.152003424380964924e-01	5.716037191770569903e-01
6.250000000000000000e-01	2.143124010985851258e-01	5.716036015441688933e-01
6.300000000000000044e-01	2.134173384043250021e-01	5.716034817258146550e-01
6.350000000000000089e-01	2.125151547349797554e-01	5.716033596729866995e-01
6.400000000000000133e-01	2.116058504825218678e-01	5.716032353351507833e-01
6.450000000000000178e-01	2.106894260469020230e-01	5.716031086601366384e-01
6.500000000000000222e-01	2.097658818411423653e-01	5.716029795941383052e-01
6.550000000000000266e-01	2.088352182868197793e-01	5.716028480815743551e-01
6.600000000000000311e-01	2.078974358194069783e-01	5.716027140651079863e-01
6.650000000000000355e-01	2.069525348835571377e-01	5.716025774854733843e-01
6.700000000000000400e-01	2.060005159387113260e-01	5.716024382815193539e-01
6.750000000000000444e-01	2.050413794541710577e-01	5.716022963899961562e-01
6.800000000000000488e-01	2.040751259149919949e-01	5.716021517456263412e-01
6.850000000000000533e-01	2.031017558168297932e-01	5.716020042808476198e-01
6.899999999999999467e-01	2.021212696721425284e-01	5.716018539259144493e-01
6.949999999999999512e-01	2.011336680047935421e-01	5.716017006085902796e-01
6.999999999999999556e-01	2.001389513565867695e-01	5.716015442542841107e-01
7.049999999999999600e-01	1.991371202816095143e-01	5.716013847856870056e-01
7.099999999999999645e-01	1.981281753531270728e-01	5.716012221229479495e-01
7.149999999999999689e-01	1.971121171576467046e-01	5.716010561832465253e-01
7.199999999999999734e-01	1.960889463022006396e-01	5.716008868810129595e-01
7.249999999999999778e-01	1.950586634081109272e-01	5.716007141274304093e-01
7.299999999999999822e-01	1.940212691186926908e-01	5.716005378307045248e-01
7.349999999999999867e-01	1.929767640926977057e-01	5.716003578954849118e-01
7.399999999999999911e-01	1.919251490124734560e-01	5.716001742231923144e-01
7.449999999999999956e-01	1.908664245770607393e-01	5.715999867113483734e-01
7.500000000000000000e-01	1.898005915108476882e-01	5.715997952539676463e-01
7.550000000000000044e-01	1.887276505562950069e-01	5.715995997407836704e-01
7.600000000000000089e-01	1.876476024831281175e-01	5.715994000577148126e-01
7.650000000000000133e-01	1.865604480806606347e-01	5.715991960859730936e-01
7.700000000000000178e-01	1.854661881675729596e-01	5.715989877026134147e-01
7.750000000000000222e-01	1.843648235838019345e-01	5.715987747795088225e-01
7.800000000000000266e-01	1.832563552009587871e-01	5.715985571839956592e-01
7.850000000000000311e-01	1.821407839137502704e-01	5.715983347776966150e-01
7.900000000000000355e-01	1.810181106510953819e-01	5.715981074172749032e-01
7.950000000000000400e-01	1.798883363670389091e-01	5.715978749530834513e-01
8.000000000000000444e-01	1.787514620526332587e-01	5.715976372300448638e-01
8.050000000000000488e-01	1.776074887263021651e-01	5.715973940861016622e-01
8.100000000000000533e-01	1.764564174465608482e-01	5.715971453532384672e-01
8.149999999999999467e-01	1.752982493017837262e-01	5.715968908557075290e-01
8.199999999999999512e-01	1.741329854238455321e-01	5.715966304112117813e-01
8.249999999999999556e-01	1.729606269772404892e-01	5.715963638288734661e-01
8.299999999999999600e-01	1.717811751737381709e-01	5.715960909106020393e-01
8.349999999999999645e-01	1.705946312607965754e-01	5.715958114487670327e-01
8.399999999999999689e-01	1.694009965373368398e-01	5.715955252277797882e-01
8.449999999999999734e-01	1.682002723413869583e-01	5.715952320214252591e-01
8.499999999999999778e-01	1.669924600670932568e-01	5.715949315946891041e-01
8.549999999999999822e-01	1.657775611515241443e-01	5.715946237006984676e-01
8.599999999999999867e-01	1.645555770930516026e-01	5.715943080828300715e-01
8.649999999999999911e-01	1.633265094372360615e-01	5.715939844712006890e-01
8.699999999999999956e-01	1.620903597967295329e-01	5.715936525850991989e-01
8.750000000000000000e-01	1.608471298361540958e-01	5.715933121289558105e-01
8.800000000000000044e-01	1.595968212936977604e-01	5.715929627951494840e-01
8.850000000000000089e-01	1.583394359648891969e-01	5.715926042593724166e-01
8.900000000000000133e-01	1.570749757260823942e-01	5.715922361838723376e-01
8.950000000000000178e-01	1.558034425170178039e-01	5.715918582121154445e-01
9.000000000000000222e-01	1.545248383664195035e-01	5.715914699725310744e-01
9.050000000000000266e-01	1.532391653732204650e-01	5.715910710723591803e-01
9.100000000000000311e-01	1.519464257345289893e-01	5.715906611019799799e-01
9.150000000000000355e-01	1.506466217253796536e-01	5.715902396278081943e-01
9.200000000000000400e-01	1.493397557293645594e-01	5.715898061973042621e-01
9.250000000000000444e-01	1.480258302167551387e-01	5.715893603307538040e-01
9.300000000000000488e-01	1.467048477781388860e-01	5.715889015270739781e-01
9.350000000000000533e-01	1.453768111007364416e-01	5.715884292542852130e-01
9.399999999999999467e-01	1.440417230054391318e-01	5.715879429562480407e-01
9.449999999999999512e-01	1.426995864211231813e-01	5.715874420415949508e-01
9.499999999999999556e-01	1.413504044255466940e-01	5.715869258915607931e-01
9.549999999999999600e-01	1.399941802174369532e-01	5.715863938470945316e-01
9.599999999999999645e-01	1.386309171617820246e-01	5.715858452179783944e-01
9.649999999999999689e-01	1.372606187594361538e-01	5.715852792677820204e-01
9.699999999999999734e-01	1.358832886974336851e-01	5.715846952245030588e-01
9.749999999999999778e-01	1.344989308158218988e-01	5.715840922629560339e-01
9.799999999999999822e-01	1.331075491637348784e-01	5.715834695172162805e-01
9.849999999999999867e-01	1.317091479631234407e-01	5.715828260599443711e-01
9.899999999999999911e-01	1.303037316714597271e-01	5.715821609169753348e-01
9.949999999999999956e-01	1.288913049419856960e-01	5.715814730429688018e-01
1.000000000000000000e+00	1.274718726940828328e-01	5.715807613385593955e-01
1.004999999999999893e+00	1.260454400696054411e-01	5.715800246215834157e-01
1.010000000000000009e+00	1.246120125121479710e-01	5.715792616472968879e-01
1.015000000000000124e+00	1.231715957189648825e-01	5.715784710742527475e-01
1.020000000000000018e+00	1.217241957306134520e-01	5.715776514882104919e-01
1.024999999999999911e+00	1.202698188778860561e-01	5.715768013615120102e-01
1.030000000000000027e+00	1.188084718836078801e-01	5.715759190814522217e-01
1.035000000000000142e+00	1.173401618039211780e-01	5.715750029017142575e-01
1.040000000000000036e+00	1.158648961443925623e-01	5.715740509761561006e-01
1.044999999999999929e+00	1.143826827948846991e-01	5.715730613004951222e-01
1.050000000000000044e+00	1.128935301625997867e-01	5.715720317527009930e-01
1.055000000000000160e+00	1.113974470996542954e-01	5.715709600226406284e-01
1.060000000000000053e+00	1.098944430562785318e-01	5.715698436605696209e-01
1.064999999999999947e+00	1.083845280000679118e-01	5.715686799918215932e-01
1.070000000000000062e+00	1.068677125933128608e-01	5.715674661752832009e-01
1.075000000000000178e+00	1.053440081027378211e-01	5.715661990993852193e-01
1.080000000000000071e+00	1.038134266058987482e-01	5.715648754529547571e-01
1.084999999999999964e+00	1.022759808900283451e-01	5.715634915976702812e-01
1.090000000000000080e+00	1.007316846936851806e-01	5.715620436543547012e-01
1.095000000000000195e+00	9.918055259310343263e-02	5.715605273455871549e-01
1.100000000000000089e+00	9.762260028689544178e-02	5.715589381013842507e-01
1.104999999999999982e+00	9.605784446805096244e-02	5.715572708636766919e-01
1.110000000000000098e+00	9.448630316162245912e-02	5.715555202165051307e-01
1.115000000000000213e+00	9.290799558023569993e-02	5.715536801413597656e-01
1.120000000000000107e+00	9.132294252750558505e-02	5.715517441786025499e-01
1.125000000000000000e+00	8.973116623460686281e-02	5.715497051189247779e-01
1.129999999999999893e+00	8.813269084594856084e-02	5.715475552048654428e-01
1.134999999999999787e+00	8.652754223402694955e-02	5.715452857384119012e-01
1.139999999999999902e+00	8.491574858900594047e-02	5.715428873344460259e-01
1.145000000000000018e+00	8.329734020875803613e-02	5.715403494171217291e-01
1.149999999999999911e+00	8.167235022102284359e-02	5.715376605411781608e-01
1.154999999999999805e+00	8.004081434528971528e-02	5.715348077391351200e-01
1.159999999999999920e+00	7.840277178596323504e-02	5.715317769321879293e-01
1.165000000000000036e+00	7.675826496265922283e-02	5.715285520748573100e-01
1.169999999999999929e+00	7.510734062654883525e-02	5.715251156853975445e-01
1.174999999999999822e+00	7.345004955590982154e-02	5.715214477117924741e-01
1.179999999999999938e+00	7.178644796747550572e-02	5.715175262234594156e-01
1.185000000000000053e+00	7.011659717505115685e-02	5.715133258883270395e-01
1.189999999999999947e+00	6.844056539625906210e-02	5.715088188849638540e-01
1.194999999999999840e+00	6.675842737431508800e-02	5.715039728282297338e-01
1.199999999999999956e+00	6.507026672281485125e-02	5.714987519867635868e-01
1.205000000000000071e+00	6.337617551551461004e-02	5.714931144131727425e-01
1.209999999999999964e+00	6.167625737550999632e-02	5.714870135908772797e-01
1.214999999999999858e+00	5.997062704717608800e-02	5.714803943947674991e-01
1.219999999999999973e+00	5.825941453417090438e-02	5.714731953516660745e-01
1.225000000000000089e+00	5.654276468550224755e-02	5.714653428449413264e-01
1.229999999999999982e+00	5.482084284125691293e-02	5.714567542677868595e-01
1.234999999999999876e+00	5.309383449855114429e-02	5.714473295289238530e-01
1.239999999999999991e+00	5.136195317328434012e-02	5.714369555309343207e-01
1.245000000000000107e+00	4.962544027600478136e-02	5.714254934187716906e-01
1.250000000000000000e+00	4.788457631170545126e-02	5.714127850684911358e-01
1.254999999999999893e+00	4.613968121914044374e-02	5.713986334227156849e-01
1.260000000000000009e+00	4.439113073755496935e-02	5.713828121059921772e-01
1.265000000000000124e+00	4.263935770412097259e-02	5.713650341629106233e-01
1.270000000000000018e+00	4.088487666341606569e-02	5.713449666745312738e-01
1.274999999999999911e+00	3.912828709807258248e-02	5.713221793155012218e-01
1.280000000000000027e+00	3.737031163253855259e-02	5.712961672331557939e-01
1.285000000000000142e+00	3.561180315147018105e-02	5.712662630123563900e-01
1.290000000000000036e+00	3.385380625122848264e-02	5.712316737400412459e-01
1.294999999999999929e+00	3.209757224360287875e-02	5.711913234964508534e-01
1.300000000000000044e+00	3.034466191943913441e-02	5.711439159535346421e-01
1.305000000000000160e+00	2.859697677022923767e-02	5.710876380955769438e-01
1.310000000000000053e+00	2.685693800302982673e-02	5.710202717133061601e-01
1.314999999999999947e+00	2.512755147936540645e-02	5.709386045429128975e-01
1.320000000000000062e+00	2.341273179939617685e-02	5.708386438962966825e-01
1.325000000000000178e+00	2.171743656774532266e-02	5.707143777956414921e-01
1.330000000000000071e+00	2.004826715163393613e-02	5.705582311580911226e-01
1.334999999999999964e+00	1.841373314194316366e-02	5.703583299979393395e-01
1.340000000000000080e+00	1.682533430958146892e-02	5.700996480322875204e-01
1.345000000000000195e+00	1.529797554178218520e-02	5.697579027345068825e-01
1.350000000000000089e+00	1.385152378741816639e-02	5.693030993215633107e-01
1.354999999999999982e+00	1.251078800618871459e-02	5.686873843932300776e-01
1.360000000000000098e+00	1.130556991538605310e-02	5.678575470822899707e-01
1.365000000000000213e+00	1.026704493833016651e-02	5.667406339464029497e-01
1.370000000000000107e+00	9.419965410686265139e-03	5.652794924824980916e-01
1.375000000000000000e+00	8.773923200283442053e-03	5.634348888516159670e-01
1.379999999999999893e+00	8.314585770057669745e-03	5.612185576669136422e-01
1.384999999999999787e+00	8.009450367798513423e-03	5.586923430298991189e-01
1.389999999999999902e+00	7.817486662524256169e-03	5.559311314122171721e-01
1.395000000000000018e+00	7.701302860733464685e-03	5.530196463837634413e-01
1.399999999999999911e+00	7.632989076786067702e-03	5.500130490404743222e-01
1.404999999999999805e+00	7.593254571949558697e-03	5.469565930963625755e-01
1.409999999999999920e+00	7.570466569271533212e-03	5.438736982161216371e-01
1.415000000000000036e+00	7.557338010619946145e-03	5.407815285479455891e-01
1.419999999999999929e+00	7.549812876883372700e-03	5.376882451722863054e-01
1.424999999999999822e+00	7.545430496566874097e-03	5.345996086953492821e-01
1.429999999999999938e+00	7.542858298755694170e-03	5.315182746631843536e-01
1.435000000000000053e+00	7.541296115863084168e-03	5.284460920592225497e-01
1.439999999999999947e+00	7.540314544209180542e-03	5.253838990328398850e-01
1.444999999999999840e+00	7.539656603424522638e-03	5.223322736968345481e-01
1.449999999999999956e+00	7.539184809372335636e-03	5.192914713300144092e-01
1.455000000000000071e+00	7.538816977790727125e-03	5.162616646009889898e-01
1.459999999999999964e+00	7.538509189113809343e-03	5.132429238333903188e-01
1.464999999999999858e+00	7.538235200731792200e-03	5.102352933434476379e-01
1.469999999999999973e+00	7.537980994934968294e-03	5.072387851799029512e-01
1.475000000000000089e+00	7.537738197300605965e-03	5.042534033281551586e-01
1.479999999999999982e+00	7.537502335308004196e-03	5.012791417055596499e-01
1.484999999999999876e+00	7.537270736893536202e-03	4.983159918343330053e-01
1.489999999999999991e+00	7.537041974735324973e-03	4.953639421846096069e-01
1.495000000000000107e+00	7.536815195701119900e-03	4.924229806125710596e-01
1.500000000000000000e+00	7.536589943593981385e-03	4.894930941306632199e-01
1.504999999999999893e+00	7.536365945277343978e-03	4.865742696896044883e-01
1.510000000000000009e+00	7.536143054156507759e-03	4.836664940839195959e-01
1.515000000000000124e+00	7.535921181988481689e-03	4.807697542106302291e-01
1.520000000000000018e+00	7.535700280864883645e-03	4.778840370175276298e-01
1.524999999999999911e+00	7.535480321479567575e-03	4.750093295969436968e-01
1.530000000000000027e+00	7.535261287384945397e-03	4.721456191473694108e-01
1.535000000000000142e+00	7.535043168069615466e-03	4.692928930156668454e-01
1.540000000000000036e+00	7.534825957125883093e-03	4.664511386626706280e-01
1.544999999999999929e+00	7.534609650047035569e-03	4.636203436896982333e-01
1.550000000000000044e+00	7.534394243640860772e-03	4.608004958051318822e-01
1.555000000000000160e+00	7.534179735330505043e-03	4.579915828465814798e-01
1.560000000000000053e+00	7.533966122964801983e-03	4.551935927474601851e-01
1.564999999999999947e+00	7.533753404597995536e-03	4.524065135584084962e-01
1.570000000000000062e+00	7.533541578426408702e-03	4.496303334135205998e-01
1.575000000000000178e+00	7.533330642720650547e-03	4.468650405521934488e-01
1.580000000000000071e+00	7.533120595802485393e-03	4.441106232848617830e-01
1.584999999999999964e+00	7.532911436025605152e-03	4.413670700156612225e-01
1.590000000000000080e+00	7.532703161765279092e-03	4.386343692076007383e-01
1.595000000000000195e+00	7.532495771414609437e-03	4.359125094061815364e-01
1.600000000000000089e+00	7.532289263378240396e-03	4.332014792039580731e-01
1.604999999999999982e+00	7.532083636073565527e-03	4.305012672651739036e-01
1.610000000000000098e+00	7.531878887925730869e-03	4.278118622896741607e-01
1.615000000000000213e+00	7.531675017370433912e-03	4.251332530385936170e-01
1.620000000000000107e+00	7.531472022849328325e-03	4.224654282975859876e-01
1.625000000000000000e+00	7.531269902813374564e-03	4.198083769035885204e-01
1.629999999999999893e+00	7.531068655718351282e-03	4.171620877073395905e-01
1.634999999999999787e+00	7.530868280028414109e-03	4.145265496012397466e-01
1.639999999999999902e+00	7.530668774211630480e-03	4.119017514811297853e-01
1.645000000000000018e+00	7.530470136743639027e-03	4.092876822752649080e-01
1.649999999999999911e+00	7.530272366103176601e-03	4.066843309053302380e-01
1.654999999999999805e+00	7.530075460775803586e-03	4.040916863165416872e-01
1.659999999999999920e+00	7.529879419249413570e-03	4.015097374378755468e-01
1.665000000000000036e+00	7.529684240018018511e-03	3.989384732133116618e-01
1.669999999999999929e+00	7.529489921577230647e-03	3.963778825612561119e-01
1.674999999999999822e+00	7.529296462428104048e-03	3.938279544069347438e-01
1.679999999999999938e+00	7.529103861072592233e-03	3.912886776409943423e-01
1.685000000000000053e+00	7.528912116017444367e-03	3.887600411530549027e-01
1.689999999999999947e+00	7.528721225769632527e-03	3.862420337894732492e-01
1.694999999999999840e+00	7.528531188840309474e-03	3.837346443880591540e-01
1.699999999999999956e+00	7.528342003740196887e-03	3.812378617349903576e-01
1.705000000000000071e+00	7.528153668983604725e-03	3.787516746006976409e-01
1.709999999999999964e+00	7.527966183083794303e-03	3.762760716959185348e-01
1.714999999999999858e+00	7.527779544557041888e-03	3.738110417087546211e-01
1.719999999999999973e+00	7.527593751917977492e-03	3.713565732598555491e-01
1.725000000000000089e+00	7.527408803683706580e-03	3.689126549406489541e-01
1.729999999999999982e+00	7.527224698369111566e-03	3.664792752676490628e-01
1.734999999999999876e+00	7.527041434491031635e-03	3.640564227218572868e-01
1.739999999999999991e+00	7.526859010563532147e-03	3.616440857021889776e-01
1.745000000000000107e+00	7.526677425102141702e-03	3.592422525660460275e-01
1.750000000000000000e+00	7.526496676619084253e-03	3.568509115818566668e-01
1.754999999999999893e+00	7.526316763627576879e-03	3.544700509708147984e-01
1.760000000000000009e+00	7.526137684637026343e-03	3.520996588585325049e-01
1.765000000000000124e+00	7.525959438157381505e-03	3.497397233179417864e-01
1.770000000000000018e+00	7.525782022694296053e-03	3.473902323200580566e-01
1.774999999999999911e+00	7.525605436753540767e-03	3.450511737780376786e-01
1.780000000000000027e+00	7.525429678836124611e-03	3.427225354970548921e-01
1.785000000000000142e+00	7.525254747442768587e-03	3.404043052195071528e-01
1.790000000000000036e+00	7.525080641068988656e-03	3.380964705740077125e-01
1.794999999999999929e+00	7.524907358209625974e-03	3.357990191217289366e-01
1.800000000000000044e+00	7.524734897353896855e-03	3.335119383045156982e-01
1.805000000000000160e+00	7.524563256989972443e-03	3.312352154923569603e-01
1.810000000000000053e+00	7.524392435599998319e-03	3.289688379306238142e-01
1.814999999999999947e+00	7.524222431664731418e-03	3.267127927886590566e-01
1.820000000000000062e+00	7.524053243658511934e-03	3.244670671061454237e-01
1.825000000000000178e+00	7.523884870053967888e-03	3.222316478428021713e-01
1.830000000000000071e+00	7.523717309316947134e-03	3.200065218238905551e-01
1.834999999999999964e+00	7.523550559911272237e-03	3.177916757910025924e-01
1.840000000000000080e+00	7.523384620293642987e-03	3.155870963467142243e-01
1.845000000000000195e+00	7.523219488918438114e-03	3.133927700064527144e-01
1.850000000000000089e+00	7.523055164232585711e-03	3.112086831423052091e-01
1.854999999999999982e+00	7.522891644680422193e-03	3.090348220359500631e-01
1.860000000000000098e+00	7.522728928698517621e-03	3.068711728216321211e-01
1.865000000000000213e+00	7.522567014720595371e-03	3.047177215401421502e-01
1.870000000000000107e+00	7.522405901172319297e-03	3.025744540809703342e-01
1.875000000000000000e+00	7.522245586476261972e-03	3.004413562373156044e-01
1.879999999999999893e+00	7.522086069046662361e-03	2.983184136474311687e-01
1.884999999999999787e+00	7.521927347294441769e-03	2.962056118506470326e-01
1.889999999999999902e+00	7.521769419621927681e-03	2.941029362279184434e-01
1.895000000000000018e+00	7.521612284427920021e-03	2.920103720588456686e-01
1.899999999999999911e+00	7.521455940102380298e-03	2.899279044614386791e-01
1.904999999999999805e+00	7.521300385031546437e-03	2.878555184501135900e-01
1.909999999999999920e+00	7.521145617592588963e-03	2.857931988746904017e-01
1.915000000000000036e+00	7.520991636158778741e-03	2.837409304793468423e-01
1.919999999999999929e+00	7.520838439094100665e-03	2.816986978408637654e-01
1.924999999999999822e+00	7.520686024758475169e-03	2.796664854285147439e-01
1.929999999999999938e+00	7.520534391502340689e-03	2.776442775415772779e-01
1.935000000000000053e+00	7.520383537671914212e-03	2.756320583701383220e-01
1.939999999999999947e+00	7.520233461603751182e-03	2.736298119318855693e-01
1.944999999999999840e+00	7.520084161630044214e-03	2.716375221338085955e-01
1.949999999999999956e+00	7.519935636073155245e-03	2.696551727082879268e-01
1.955000000000000071e+00	7.519787883250956748e-03	2.676827472756698745e-01
1.959999999999999964e+00	7.519640901471337860e-03	2.657202292796716492e-01
1.964999999999999858e+00	7.519494689037581163e-03	2.637676020508070707e-01
1.969999999999999973e+00	7.519349244242845391e-03	2.618248487411256042e-01
1.975000000000000089e+00	7.519204565375582974e-03	2.598919523884675176e-01
1.979999999999999982e+00	7.519060650713991524e-03	2.579688958505556018e-01
1.984999999999999876e+00	7.518917498531473009e-03	2.560556618700560727e-01
1.989999999999999991e+00	7.518775107091060089e-03	2.541522330080422942e-01
1.995000000000000107e+00	7.518633474650913452e-03	2.522585917098384423e-01
2.000000000000000000e+00	7.518492599458721261e-03	2.503747202378751591e-01
2.004999999999999893e+00	7.518352479757228583e-03	2.485006007382912774e-01
2.009999999999999787e+00	7.518213113778622093e-03	2.466362151732016950e-01
2.014999999999999680e+00	7.518074499750089859e-03	2.447815453880343717e-01
2.020000000000000018e+00	7.517936635888181757e-03	2.429365730432296588e-01
2.024999999999999911e+00	7.517799520404403954e-03	2.411012796822886162e-01
2.029999999999999805e+00	7.517663151499555906e-03	2.392756466629244461e-01
2.035000000000000142e+00	7.517527527369362132e-03	2.374596552257963455e-01
2.040000000000000036e+00	7.517392646198784931e-03	2.356532864251366099e-01
2.044999999999999929e+00	7.517258506167683908e-03	2.338565211981441239e-01
2.049999999999999822e+00	7.517125105445115682e-03	2.320693402951068685e-01
2.054999999999999716e+00	7.516992442195015965e-03	2.302917243494319866e-01
2.060000000000000053e+00	7.516860514570487123e-03	2.285236538072843993e-01
2.064999999999999947e+00	7.516729320719504545e-03	2.267651089982288537e-01
2.069999999999999840e+00	7.516598858779185988e-03	2.250160700644057432e-01
2.075000000000000178e+00	7.516469126881526568e-03	2.232765170317587144e-01
2.080000000000000071e+00	7.516340123147650758e-03	2.215464297387722270e-01
2.084999999999999964e+00	7.516211845693574270e-03	2.198257879082580191e-01
2.089999999999999858e+00	7.516084292624440437e-03	2.181145710756749734e-01
2.094999999999999751e+00	7.515957462040302045e-03	2.164127586614509324e-01
2.100000000000000089e+00	7.515831352030347308e-03	2.147203298989063536e-01
2.104999999999999982e+00	7.515705960678705985e-03	2.130372639070858831e-01
2.109999999999999876e+00	7.515581286058658009e-03	2.113635396183078108e-01
2.115000000000000213e+00	7.515457326238460418e-03	2.096991358514791737e-01
2.120000000000000107e+00	7.515334079275550784e-03	2.080440312392948521e-01
2.125000000000000000e+00	7.515211543222385417e-03	2.063982043020098078e-01
2.129999999999999893e+00	7.515089716120636719e-03	2.047616333743091932e-01
2.134999999999999787e+00	7.514968596007048744e-03	2.031342966795136040e-01
2.140000000000000124e+00	7.514848180907627608e-03	2.015161722561417124e-01
2.145000000000000018e+00	7.514728468843506586e-03	1.999072380325229159e-01
2.149999999999999911e+00	7.514609457825136528e-03	1.983074717530754205e-01
2.155000000000000249e+00	7.514491145858161365e-03	1.967168510532991688e-01
2.160000000000000142e+00	7.514373530937602449e-03	1.951353533857937139e-01
2.165000000000000036e+00	7.514256611053747072e-03	1.935629560956055040e-01
2.169999999999999929e+00	7.514140384186331068e-03	1.919996363460059474e-01
2.174999999999999822e+00	7.514024848310434275e-03	1.904453711941694327e-01
2.180000000000000160e+00	7.513910001390660537e-03	1.889001375167339014e-01
2.185000000000000053e+00	7.513795841387045302e-03	1.873639120857835683e-01
2.189999999999999947e+00	7.513682366249233892e-03	1.858366714942142339e-01
2.195000000000000284e+00	7.513569573922389971e-03	1.843183922319948653e-01
2.200000000000000178e+00	7.513457462341380753e-03	1.828090506113611291e-01
2.205000000000000071e+00	7.513346029436692407e-03	1.813086228433302416e-01
2.209999999999999964e+00	7.513235273128610059e-03	1.798170849627438173e-01
2.214999999999999858e+00	7.513125191333140142e-03	1.783344129050118965e-01
2.220000000000000195e+00	7.513015781956197334e-03	1.768605824310266472e-01
2.225000000000000089e+00	7.512907042899522568e-03	1.753955692041112013e-01
2.229999999999999982e+00	7.512798972054876914e-03	1.739393487148256090e-01
2.235000000000000320e+00	7.512691567309963923e-03	1.724918963580946152e-01
2.240000000000000213e+00	7.512584826542623509e-03	1.710531873579299034e-01
2.245000000000000107e+00	7.512478747626756895e-03	1.696231968447112215e-01
2.250000000000000000e+00	7.512373328426527434e-03	1.682018997798450655e-01
2.254999999999999893e+00	7.512268566802282090e-03	1.667892710331765338e-01
2.259999999999999787e+00	7.512164460604759189e-03	1.653852853076056006e-01
2.264999999999999680e+00	7.512061007681010774e-03	1.639899172166049135e-01
2.270000000000000018e+00	7.511958205868614694e-03	1.626031412088147499e-01
2.274999999999999911e+00	7.511856053001593481e-03	1.612249316456435266e-01
2.279999999999999805e+00	7.511754546904642060e-03	1.598552627258622294e-01
2.285000000000000142e+00	7.511653685399031881e-03	1.584941085632629310e-01
2.290000000000000036e+00	7.511553466296852499e-03	1.571414431112751198e-01
2.294999999999999929e+00	7.511453887406912243e-03	1.557972402406578583e-01
2.299999999999999822e+00	7.511354946528993673e-03	1.544614736641577168e-01
2.304999999999999716e+00	7.511256641459734297e-03	1.531341170142129504e-01
2.310000000000000053e+00	7.511158969986906318e-03	1.518151437676727444e-01
2.314999999999999947e+00	7.511061929895285205e-03	1.505045273234903724e-01
2.319999999999999840e+00	7.510965518960942451e-03	1.492022409275237382e-01
2.325000000000000178e+00	7.510869734957102001e-03	1.479082577501941442e-01
2.330000000000000071e+00	7.510774575648449490e-03	1.466225508113900566e-01
2.334999999999999964e+00	7.510680038796979999e-03	1.453450930580676148e-01
2.339999999999999858e+00	7.510586122156317698e-03	1.440758572892762435e-01
2.344999999999999751e+00	7.510492823477553197e-03	1.428148162336810301e-01
2.350000000000000089e+00	7.510400140503583136e-03	1.415619424747282529e-01
2.354999999999999982e+00	7.510308070974928453e-03	1.403172085280678660e-01
2.359999999999999876e+00	7.510216612624094797e-03	1.390805867668781226e-01
2.365000000000000213e+00	7.510125763181372573e-03	1.378520494991662404e-01
2.370000000000000107e+00	7.510035520369222513e-03	1.366315688932722705e-01
2.375000000000000000e+00	7.509945881908052304e-03	1.354191170550252676e-01
2.379999999999999893e+00	7.509856845510626440e-03	1.342146659534449171e-01
2.384999999999999787e+00	7.509768408887824639e-03	1.330181874977335310e-01
2.390000000000000124e+00	7.509680569743069044e-03	1.318296534631928363e-01
2.395000000000000018e+00	7.509593325778067888e-03	1.306490355680314519e-01
2.399999999999999911e+00	7.509506674687268721e-03	1.294763053995145186e-01
2.405000000000000249e+00	7.509420614163569117e-03	1.283114344905661175e-01
2.410000000000000142e+00	7.509335141892803725e-03	1.271543942461707821e-01
2.415000000000000036e+00	7.509250255559430688e-03	1.260051560197495701e-01
2.419999999999999929e+00	7.509165952841044718e-03	1.248636910398305405e-01
2.424999999999999822e+00	7.509082231414034893e-03	1.237299704861807015e-01
2.430000000000000160e+00	7.508999088948132422e-03	1.226039654167607879e-01
2.435000000000000053e+00	7.508916523112035488e-03	1.214856468435943082e-01
2.439999999999999947e+00	7.508834531567987365e-03	1.203749856600238310e-01
2.445000000000000284e+00	7.508753111977376979e-03	1.192719527162974802e-01
2.450000000000000178e+00	7.508672261995344779e-03	1.181765187471438272e-01
2.455000000000000071e+00	7.508591979276354675e-03	1.170886544470571000e-01
2.459999999999999964e+00	7.508512261468829399e-03	1.160083303982059194e-01
2.464999999999999858e+00	7.508433106220694687e-03	1.149355171454003871e-01
2.470000000000000195e+00	7.508354511174044135e-03	1.138701851243499874e-01
2.475000000000000089e+00	7.508276473970658220e-03	1.128123047362943332e-01
2.479999999999999982e+00	7.508198992246694313e-03	1.117618462766256926e-01
2.485000000000000320e+00	7.508122063638178814e-03	1.107187800091659902e-01
2.490000000000000213e+00	7.508045685775726653e-03	1.096830760951699735e-01
2.495000000000000107e+00	7.507969856290004802e-03	1.086547046672303868e-01
2.500000000000000000e+00	7.507894572806486470e-03	1.076336357586758774e-01
2.504999999999999893e+00	7.507819832950874718e-03	1.066198393770894232e-01
2.509999999999999787e+00	7.507745634343898286e-03	1.056132854341143151e-01
2.514999999999999680e+00	7.507671974606696177e-03	1.046139438185697268e-01
2.520000000000000018e+00	7.507598851355653385e-03	1.036217843266784705e-01
2.524999999999999911e+00	7.507526262207746444e-03	1.026367767347644844e-01
2.529999999999999805e+00	7.507454204775417320e-03	1.016588907299157130e-01
2.535000000000000142e+00	7.507382676671881666e-03	1.006880959822472471e-01
2.540000000000000036e+00	7.507311675506040879e-03	9.972436207601406699e-02
2.544999999999999929e+00	7.507241198887752189e-03	9.876765858142420862e-02
2.549999999999999822e+00	7.507171244422781477e-03	9.781795498621320695e-02
2.554999999999999716e+00	7.507101809718031739e-03	9.687522076699402185e-02
2.560000000000000053e+00	7.507032892376534067e-03	9.593942532130539380e-02
2.564999999999999947e+00	7.506964490002643146e-03	9.501053803848402701e-02
2.569999999999999840e+00	7.506896600197062071e-03	9.408852823219882033e-02
2.575000000000000178e+00	7.506829220561997071e-03	9.317336521083156853e-02
2.580000000000000071e+00	7.506762348696228299e-03	9.226501821050944740e-02
2.584999999999999964e+00	7.506695982200220323e-03	9.136345646498046646e-02
2.589999999999999858e+00	7.506630118671233677e-03	9.046864913915488027e-02
2.594999999999999751e+00	7.506564755708394591e-03	8.958056539846337429e-02
2.600000000000000089e+00	7.506499890907845571e-03	8.869917434291811620e-02
2.604999999999999982e+00	7.506435521867777828e-03	8.782444507594096283e-02
2.609999999999999876e+00	7.506371646183625235e-03	8.695634663895479566e-02
2.615000000000000213e+00	7.506308261453042106e-03	8.609484807966941156e-02
2.620000000000000107e+00	7.506245365271151798e-03	8.523991838721403647e-02
2.625000000000000000e+00	7.506182955235479390e-03	8.439152655986870144e-02
2.629999999999999893e+00	7.506121028941236707e-03	8.354964154074742688e-02
2.634999999999999787e+00	7.506059583986218579e-03	8.271423228496435631e-02
2.640000000000000124e+00	7.505998617966126892e-03	8.188526769587682608e-02
2.645000000000000018e+00	7.505938128479424341e-03	8.106271669167589011e-02
2.649999999999999911e+00	7.505878113122701860e-03	8.024654814219737975e-02
2.655000000000000249e+00	7.505818569495485530e-03	7.943673093492654991e-02
2.660000000000000142e+00	7.505759495195653448e-03	7.863323391238717652e-02
2.665000000000000036e+00	7.505700887824188865e-03	7.783602593754850030e-02
2.669999999999999929e+00	7.505642744980650823e-03	7.704507583180104924e-02
2.674999999999999822e+00	7.505585064267876992e-03	7.626035243975765043e-02
2.680000000000000160e+00	7.505527843287496809e-03	7.548182456782237537e-02
2.685000000000000053e+00	7.505471079644593542e-03	7.470946104837675183e-02
2.689999999999999947e+00	7.505414770943257333e-03	7.394323067894977008e-02
2.695000000000000284e+00	7.505358914791203893e-03	7.318310228577989962e-02
2.700000000000000178e+00	7.505303508795375250e-03	7.242904466359430249e-02
2.705000000000000071e+00	7.505248550566503800e-03	7.168102663853753720e-02
2.709999999999999964e+00	7.505194037714765093e-03	7.093901700856654335e-02
2.714999999999999858e+00	7.505139967854295921e-03	7.020298460573858035e-02
2.720000000000000195e+00	7.505086338598887866e-03	6.947289823722836710e-02
2.725000000000000089e+00	7.505033147566458548e-03	6.874872674696792807e-02
2.729999999999999982e+00	7.504980392374794619e-03	6.803043895729124491e-02
2.735000000000000320e+00	7.504928070645972699e-03	6.731800372991890435e-02
2.740000000000000213e+00	7.504876180002150073e-03	6.661138990823715911e-02
2.745000000000000107e+00	7.504824718069937929e-03	6.591056637761912029e-02
2.750000000000000000e+00	7.504773682476235420e-03	6.521550200834400068e-02
2.754999999999999893e+00	7.504723070852556063e-03	6.452616571524931455e-02
2.759999999999999787e+00	7.504672880830910373e-03	6.384252640129420286e-02
2.764999999999999680e+00	7.504623110048081955e-03	6.316455301653717269e-02
2.770000000000000018e+00	7.504573756141559582e-03	6.249221450234848652e-02
2.774999999999999911e+00	7.504524816753756905e-03	6.182547984970690469e-02
2.779999999999999805e+00	7.504476289528000908e-03	6.116431804406605860e-02
2.785000000000000142e+00	7.504428172112697845e-03	6.050869812296472833e-02
2.790000000000000036e+00	7.504380462157368530e-03	5.985858912155170991e-02
2.794999999999999929e+00	7.504333157316765701e-03	5.921396012950445181e-02
2.799999999999999822e+00	7.504286255246957887e-03	5.857478023721564980e-02
2.804999999999999716e+00	7.504239753609394728e-03	5.794101859201598176e-02
2.810000000000000053e+00	7.504193650067040276e-03	5.731264434502585797e-02
2.814999999999999947e+00	7.504147942288388017e-03	5.668962670667833381e-02
2.819999999999999840e+00	7.504102627943643605e-03	5.607193489423904081e-02
2.825000000000000178e+00	7.504057704708684377e-03	5.545953818662429508e-02
2.830000000000000071e+00	7.504013170261297598e-03	5.485240587259333084e-02
2.834999999999999964e+00	7.503969022285082724e-03	5.425050730485818373e-02
2.839999999999999858e+00	7.503925258465741696e-03	5.365381184894917055e-02
2.844999999999999751e+00	7.503881876494929160e-03	5.306228893661454893e-02
2.850000000000000089e+00	7.503838874066593931e-03	5.247590801536170663e-02
2.854999999999999982e+00	7.503796248880773706e-03	5.189463860114271188e-02
2.859999999999999876e+00	7.503753998639986836e-03	5.131845022857352973e-02
2.865000000000000213e+00	7.503712121052979328e-03	5.074731250290298590e-02
2.870000000000000107e+00	7.503670613831159124e-03	5.018119505091176574e-02
2.875000000000000000e+00	7.503629474692295395e-03	4.962006757216241848e-02
2.879999999999999893e+00	7.503588701357006598e-03	4.906389979057915185e-02
2.884999999999999787e+00	7.503548291552396450e-03	4.851266150497736407e-02
2.890000000000000124e+00	7.503508243008600101e-03	4.796632254132498357e-02
2.895000000000000018e+00	7.503468553462367199e-03	4.742485280255041152e-02
2.899999999999999911e+00	7.503429220653652296e-03	4.688822222148604502e-02
2.905000000000000249e+00	7.503390242329152811e-03	4.635640080995233336e-02
2.910000000000000142e+00	7.503351616238948876e-03	4.582935861238511543e-02
2.915000000000000036e+00	7.503313340139977118e-03	4.530706575419509580e-02
2.919999999999999929e+00	7.503275411792731213e-03	4.478949239607778188e-02
2.924999999999999822e+00	7.503237828964687967e-03	4.427660878164873387e-02
2.930000000000000160e+00	7.503200589427043432e-03	4.376838519243620579e-02
2.935000000000000053e+00	7.503163690958094753e-03	4.326479199479112137e-02
2.939999999999999947e+00	7.503127131340025721e-03	4.276579959556226634e-02
2.945000000000000284e+00	7.503090908362235710e-03	4.227137848828111527e-02
2.950000000000000178e+00	7.503055019818172071e-03	4.178149920951916563e-02
2.955000000000000071e+00	7.503019463508607892e-03	4.129613238434760164e-02
2.959999999999999964e+00	7.502984237238530772e-03	4.081524868337560452e-02
2.964999999999999858e+00	7.502949338820357264e-03	4.033881886748577617e-02
2.970000000000000195e+00	7.502914766070875423e-03	3.986681374555216956e-02
2.975000000000000089e+00	7.502880516814410677e-03	3.939920421845260340e-02
2.979999999999999982e+00	7.502846588879812616e-03	3.893596123746487919e-02
2.985000000000000320e+00	7.502812980103572282e-03	3.847705584755643782e-02
2.990000000000000213e+00	7.502779688326855802e-03	3.802245914645795144e-02
2.995000000000000107e+00	7.502746711398569635e-03	3.757214232723179309e-02
3.000000000000000000e+00	7.502714047172443640e-03	3.712607663802019314e-02
3.004999999999999893e+00	7.502681693510045158e-03	3.668423342389500602e-02
3.009999999999999787e+00	7.502649648277912378e-03	3.624658408727842590e-02
3.014999999999999680e+00	7.502617909350512912e-03	3.581310012907517465e-02
3.020000000000000018e+00	7.502586474607427468e-03	3.538375310976395877e-02
3.024999999999999911e+00	7.502555341936255513e-03	3.495851468981458349e-02
3.029999999999999805e+00	7.502524509229852728e-03	3.453735659144684805e-02
3.035000000000000142e+00	7.502493974389179421e-03	3.412025063833528521e-02
3.040000000000000036e+00	7.502463735320587419e-03	3.370716871803330905e-02
3.044999999999999929e+00	7.502433789938619049e-03	3.329808282096732158e-02
3.049999999999999822e+00	7.502404136163339995e-03	3.289296500352342084e-02
3.054999999999999716e+00	7.502374771923089707e-03	3.249178742633445499e-02
3.060000000000000053e+00	7.502345695151860228e-03	3.209452231802526617e-02
3.064999999999999947e+00	7.502316903791996297e-03	3.170114201279598115e-02
3.069999999999999840e+00	7.502288395791621885e-03	3.131161891482278636e-02
3.075000000000000178e+00	7.502260169107290849e-03	3.092592553514046314e-02
3.080000000000000071e+00	7.502232221701456844e-03	3.054403445669533201e-02
3.084999999999999964e+00	7.502204551545076268e-03	3.016591837053052283e-02
3.089999999999999858e+00	7.502177156615130217e-03	2.979155004148720948e-02
3.094999999999999751e+00	7.502150034897167585e-03	2.942090234369641732e-02
3.100000000000000089e+00	7.502123184382881657e-03	2.905394822692465573e-02
3.104999999999999982e+00	7.502096603072598568e-03	2.869066075137674185e-02
3.109999999999999876e+00	7.502070288972901603e-03	2.833101305468099101e-02
3.115000000000000213e+00	7.502044240099077152e-03	2.797497838600719947e-02
3.120000000000000107e+00	7.502018454472771103e-03	2.762253007368800986e-02
3.125000000000000000e+00	7.501992930124397503e-03	2.727364155865552239e-02
3.129999999999999893e+00	7.501967665090838316e-03	2.692828636269448128e-02
3.134999999999999787e+00	7.501942657417798310e-03	2.658643812120280864e-02
3.140000000000000124e+00	7.501917905157555119e-03	2.624807055207134185e-02
3.145000000000000018e+00	7.501893406371266428e-03	2.591315748777303987e-02
3.149999999999999911e+00	7.501869159126761666e-03	2.558167284486478898e-02
3.155000000000000249e+00	7.501845161500802356e-03	2.525359065541009015e-02
3.160000000000000142e+00	7.501821411576918910e-03	2.492888503709813838e-02
3.165000000000000036e+00	7.501797907447623273e-03	2.460753022400483450e-02
3.169999999999999929e+00	7.501774647212292556e-03	2.428950053732422537e-02
3.174999999999999822e+00	7.501751628979327902e-03	2.397477041547321774e-02
3.180000000000000160e+00	7.501728850864087562e-03	2.366331438542983515e-02
3.185000000000000053e+00	7.501706310990999792e-03	2.335510709218768105e-02
3.189999999999999947e+00	7.501684007491536688e-03	2.305012327069509703e-02
3.195000000000000284e+00	7.501661938506276779e-03	2.274833777466485352e-02
3.200000000000000178e+00	7.501640102182930911e-03	2.244972554910966422e-02
3.205000000000000071e+00	7.501618496678353655e-03	2.215426165851189580e-02
3.209999999999999964e+00	7.501597120156610829e-03	2.186192125994985275e-02
3.214999999999999858e+00	7.501575970790949274e-03	2.157267963063408053e-02
3.220000000000000195e+00	7.501555046761904273e-03	2.128651214161846050e-02
3.225000000000000089e+00	7.501534346259221622e-03	2.100339428470882758e-02
3.229999999999999982e+00	7.501513867480011019e-03	2.072330164675308464e-02
3.235000000000000320e+00	7.501493608630627370e-03	2.044620993592844924e-02
3.240000000000000213e+00	7.501473567924852801e-03	2.017209495660477608e-02
3.245000000000000107e+00	7.501453743585743267e-03	1.990093263501655635e-02
3.250000000000000000e+00	7.501434133843854803e-03	1.963269899469336638e-02
3.254999999999999893e+00	7.501414736939035488e-03	1.936737018152298942e-02
3.259999999999999787e+00	7.501395551118700267e-03	1.910492243974292598e-02
3.264999999999999680e+00	7.501376574639577813e-03	1.884533213640117444e-02
3.270000000000000018e+00	7.501357805766023512e-03	1.858857573790257539e-02
3.274999999999999911e+00	7.501339242771727298e-03	1.833462983387387432e-02
3.279999999999999805e+00	7.501320883938062192e-03	1.808347111425854040e-02
3.285000000000000142e+00	7.501302727555751379e-03	1.783507639259257482e-02
3.290000000000000036e+00	7.501284771923257509e-03	1.758942258364202399e-02
3.294999999999999929e+00	7.501267015348407272e-03	1.734648672609613584e-02
3.299999999999999822e+00	7.501249456146817131e-03	1.710624596074045503e-02
3.304999999999999716e+00	7.501232092643479732e-03	1.686867755257494272e-02
3.310000000000000053e+00	7.501214923171222598e-03	1.663375886951613120e-02
3.314999999999999947e+00	7.501197946072260710e-03	1.640146740394673661e-02
3.319999999999999840e+00	7.501181159696690762e-03	1.617178075194062106e-02
3.325000000000000178e+00	7.501164562404002110e-03	1.594467663425070889e-02
3.330000000000000071e+00	7.501148152561605727e-03	1.572013287605032034e-02
3.334999999999999964e+00	7.501131928546308711e-03	1.549812742736647944e-02
3.339999999999999858e+00	7.501115888742882279e-03	1.527863834333077937e-02
3.344999999999999751e+00	7.501100031545492042e-03	1.506164380406541624e-02
3.350000000000000089e+00	7.501084355356305022e-03	1.484712209543673916e-02
3.354999999999999982e+00	7.501068858586880037e-03	1.463505162840133406e-02
3.359999999999999876e+00	7.501053539656811139e-03	1.442541092025546867e-02
3.365000000000000213e+00	7.501038396995080709e-03	1.421817861344827974e-02
3.370000000000000107e+00	7.501023429038737589e-03	1.401333345732063036e-02
3.375000000000000000e+00	7.501008634234209403e-03	1.381085432639264123e-02
3.379999999999999893e+00	7.500994011036020599e-03	1.361072020258491562e-02
3.384999999999999787e+00	7.500979557908065733e-03	1.341291019298817937e-02
3.390000000000000124e+00	7.500965273322357865e-03	1.321740351255972293e-02
3.395000000000000018e+00	7.500951155760271494e-03	1.302417950138238904e-02
3.399999999999999911e+00	7.500937203711322172e-03	1.283321760782955151e-02
3.405000000000000249e+00	7.500923415674369543e-03	1.264449740532102781e-02
3.410000000000000142e+00	7.500909790156437724e-03	1.245799857594954117e-02
3.415000000000000036e+00	7.500896325673878443e-03	1.227370092674104178e-02
3.419999999999999929e+00	7.500883020751220910e-03	1.209158437373561261e-02
3.424999999999999822e+00	7.500869873922306336e-03	1.191162895775979558e-02
3.430000000000000160e+00	7.500856883729168159e-03	1.173381482895501787e-02
3.435000000000000053e+00	7.500844048723130132e-03	1.155812226206946389e-02
3.439999999999999947e+00	7.500831367463720381e-03	1.138453164142700681e-02
3.445000000000000284e+00	7.500818838519730455e-03	1.121302347574603016e-02
3.450000000000000178e+00	7.500806460468170157e-03	1.104357838354213910e-02
3.455000000000000071e+00	7.500794231895288426e-03	1.087617710748153138e-02
3.459999999999999964e+00	7.500782151395552454e-03	1.071080050021006903e-02
3.464999999999999858e+00	7.500770217572646018e-03	1.054742953824921482e-02
3.470000000000000195e+00	7.500758429038476352e-03	1.038604530824446120e-02
3.475000000000000089e+00	7.500746784414133450e-03	1.022662902041115811e-02
3.479999999999999982e+00	7.500735282328933363e-03	1.006916199519546605e-02
3.485000000000000320e+00	7.500723921421348014e-03	9.913625676277680251e-03
3.490000000000000213e+00	7.500712700338068445e-03	9.760001617638684041e-03
3.495000000000000107e+00	7.500701617734909475e-03	9.608271496128391667e-03
3.500000000000000000e+00	7.500690672275904178e-03	9.458417098930737080e-03
3.504999999999999893e+00	7.500679862634173842e-03	9.310420335704864755e-03
3.509999999999999787e+00	7.500669187491047600e-03	9.164263226441456481e-03
3.514999999999999680e+00	7.500658645536909842e-03	9.019927913184462576e-03
3.520000000000000018e+00	7.500648235470345863e-03	8.877396648271926663e-03
3.524999999999999911e+00	7.500637955998951112e-03	8.736651805645645474e-03
3.529999999999999805e+00	7.500627805838516737e-03	8.597675869469465978e-03
3.535000000000000142e+00	7.500617783713803277e-03	8.460451445034633186e-03
3.540000000000000036e+00	7.500607888357749622e-03	8.324961247748677989e-03
3.544999999999999929e+00	7.500598118512225888e-03	8.191188113643908808e-03
3.549999999999999822e+00	7.500588472927263196e-03	8.059114988729949511e-03
3.554999999999999716e+00	7.500578950361781391e-03	7.928724939112910541e-03
3.560000000000000053e+00	7.500569549582842242e-03	7.800001140704576445e-03
3.564999999999999947e+00	7.500560269366348537e-03	7.672926888960134723e-03
3.569999999999999840e+00	7.500551108496331110e-03	7.547485588937104424e-03
3.575000000000000178e+00	7.500542065765612373e-03	7.423660764658737699e-03
3.580000000000000071e+00	7.500533139975116767e-03	7.301436049516139143e-03
3.584999999999999964e+00	7.500524329934515205e-03	7.180795195264774201e-03
3.589999999999999858e+00	7.500515634461558077e-03	7.061722062762944459e-03
3.594999999999999751e+00	7.500507052382688472e-03	6.944200630608964551e-03
3.600000000000000089e+00	7.500498582532404666e-03	6.828214986209056245e-03
3.604999999999999982e+00	7.500490223753845595e-03	6.713749334062672249e-03
3.609999999999999876e+00	7.500481974898177626e-03	6.600787987153077484e-03
3.615000000000000213e+00	7.500473834825157476e-03	6.489315374888182837e-03
3.620000000000000107e+00	7.500465802402532002e-03	6.379316034807229474e-03
3.625000000000000000e+00	7.500457876506588968e-03	6.270774620184343777e-03
3.629999999999999893e+00	7.500450056021576786e-03	6.163675892044668571e-03
3.634999999999999787e+00	7.500442339840224064e-03	6.058004726437861767e-03
3.640000000000000124e+00	7.500434726863187962e-03	5.953746106757182299e-03
3.645000000000000018e+00	7.500427215999550326e-03	5.850885130690399588e-03
3.649999999999999911e+00	7.500419806166283392e-03	5.749407002834960347e-03
3.655000000000000249e+00	7.500412496288725098e-03	5.649297041333359651e-03
3.660000000000000142e+00	7.500405285300072548e-03	5.550540670778300600e-03
3.665000000000000036e+00	7.500398172141824367e-03	5.453123428539471095e-03
3.669999999999999929e+00	7.500391155763295840e-03	5.357030957952098327e-03
3.674999999999999822e+00	7.500384235122049131e-03	5.262249014342483024e-03
3.680000000000000160e+00	7.500377409183420566e-03	5.168763458493564125e-03
3.685000000000000053e+00	7.500370676920931762e-03	5.076560262375902181e-03
3.689999999999999947e+00	7.500364037315834266e-03	4.985625502884036969e-03
3.695000000000000284e+00	7.500357489357502468e-03	4.895945367280100068e-03
3.700000000000000178e+00	7.500351032042999050e-03	4.807506147194623262e-03
3.705000000000000071e+00	7.500344664377444487e-03	4.720294243789556997e-03
3.709999999999999964e+00	7.500338385373600709e-03	4.634296162017289764e-03
3.714999999999999858e+00	7.500332194052223254e-03	4.549498515510032141e-03
3.720000000000000195e+00	7.500326089441664013e-03	4.465888021090917530e-03
3.725000000000000089e+00	7.500320070578199091e-03	4.383451503396378415e-03
3.729999999999999982e+00	7.500314136505654115e-03	4.302175889633268191e-03
3.735000000000000320e+00	7.500308286275714741e-03	4.222048213941010687e-03
3.740000000000000213e+00	7.500302518947564098e-03	4.143055612388817262e-03
3.745000000000000107e+00	7.500296833588175963e-03	4.065185327083985570e-03
3.750000000000000000e+00	7.500291229271972143e-03	3.988424701403365906e-03
3.754999999999999893e+00	7.500285705081099173e-03	3.912761183854465349e-03
3.759999999999999787e+00	7.500280260105094375e-03	3.838182323535089223e-03
3.764999999999999680e+00	7.500274893441153876e-03	3.764675773753961823e-03
3.770000000000000018e+00	7.500269604193809947e-03	3.692229287712689174e-03
3.774999999999999911e+00	7.500264391475182542e-03	3.620830721892002568e-03
3.779999999999999805e+00	7.500259254404675717e-03	3.550468031950554815e-03
3.785000000000000142e+00	7.500254192109207484e-03	3.481129275883202475e-03
3.790000000000000036e+00	7.500249203722926181e-03	3.412802610130861568e-03
3.794999999999999929e+00	7.500244288387420376e-03	3.345476292517024931e-03
3.799999999999999822e+00	7.500239445251454320e-03	3.279138678563154469e-03
3.804999999999999716e+00	7.500234673471159637e-03	3.213778224209553735e-03
3.810000000000000053e+00	7.500229972209784650e-03	3.149383482330785512e-03
3.814999999999999947e+00	7.500225340637871330e-03	3.085943105247072622e-03
3.819999999999999840e+00	7.500220777933021103e-03	3.023445841434223118e-03
3.825000000000000178e+00	7.500216283280056184e-03	2.961880537831586193e-03
3.830000000000000071e+00	7.500211855870798396e-03	2.901236136741167180e-03
3.834999999999999964e+00	7.500207494904214019e-03	2.841501677937949017e-03
3.839999999999999858e+00	7.500203199586209096e-03	2.782666295752985516e-03
3.844999999999999751e+00	7.500198969129761271e-03	2.724719220991953482e-03
3.850000000000000089e+00	7.500194802754723764e-03	2.667649778196966737e-03
3.854999999999999982e+00	7.500190699687946799e-03	2.611447387379130323e-03
3.859999999999999876e+00	7.500186659163096334e-03	2.556101561453979522e-03
3.865000000000000213e+00	7.500182680420758134e-03	2.501601907793691779e-03
3.870000000000000107e+00	7.500178762708268644e-03	2.447938125831041964e-03
3.875000000000000000e+00	7.500174905279811260e-03	2.395100008436894679e-03
3.879999999999999893e+00	7.500171107396255005e-03	2.343077439687755222e-03
3.884999999999999787e+00	7.500167368325237789e-03	2.291860396073977166e-03
3.890000000000000124e+00	7.500163687341020700e-03	2.241438944426061338e-03
3.895000000000000018e+00	7.500160063724558256e-03	2.191803242958958921e-03
3.899999999999999911e+00	7.500156496763360492e-03	2.142943539352296783e-03
3.905000000000000249e+00	7.500152985751553682e-03	2.094850171636096926e-03
3.910000000000000142e+00	7.500149529989755433e-03	2.047513566420303393e-03
3.915000000000000036e+00	7.500146128785122393e-03	2.000924239627137856e-03
3.919999999999999929e+00	7.500142781451234024e-03	1.955072794865099928e-03
3.924999999999999822e+00	7.500139487308134234e-03	1.909949924013192328e-03
3.930000000000000160e+00	7.500136245682221224e-03	1.865546405734890825e-03
3.935000000000000053e+00	7.500133055906279579e-03	1.821853105919281389e-03
3.939999999999999947e+00	7.500129917319383992e-03	1.778860976330544569e-03
3.945000000000000284e+00	7.500126829266913139e-03	1.736561054910874423e-03
3.950000000000000178e+00	7.500123791100470755e-03	1.694944464561140953e-03
3.955000000000000071e+00	7.500120802177887361e-03	1.654002413310440896e-03
3.959999999999999964e+00	7.500117861863146544e-03	1.613726193223649977e-03
3.964999999999999858e+00	7.500114969526384956e-03	1.574107180442380375e-03
3.970000000000000195e+00	7.500112124543822055e-03	1.535136834215141723e-03
3.975000000000000089e+00	7.500109326297753169e-03	1.496806696814459480e-03
3.979999999999999982e+00	7.500106574176484443e-03	1.459108392685465718e-03
3.985000000000000320e+00	7.500103867574321563e-03	1.422033628243766969e-03
3.990000000000000213e+00	7.500101205891515112e-03	1.385574191138526975e-03
3.995000000000000107e+00	7.500098588534232814e-03	1.349721949935453122e-03
4.000000000000000000e+00	7.500096014914519639e-03	1.314468853490345299e-03
4.004999999999999893e+00	7.500093484450258766e-03	1.279806930521721828e-03
4.009999999999999787e+00	7.500090996565141228e-03	1.245728289090878606e-03
4.014999999999999680e+00	7.500088550688619946e-03	1.212225116068518880e-03
4.019999999999999574e+00	7.500086146255882831e-03	1.179289676717563311e-03
4.025000000000000355e+00	7.500083782707803355e-03	1.146914314057931534e-03
4.030000000000000249e+00	7.500081459490921462e-03	1.115091448548324263e-03
4.035000000000000142e+00	7.500079176057381988e-03	1.083813577353399775e-03
4.040000000000000036e+00	7.500076931864928589e-03	1.053073274120862584e-03
4.044999999999999929e+00	7.500074726376831750e-03	1.022863188155021886e-03
4.049999999999999822e+00	7.500072559061886183e-03	9.931760442857167151e-04
4.054999999999999716e+00	7.500070429394342306e-03	9.640046419521375743e-04
4.059999999999999609e+00	7.500068336853903637e-03	9.353418551600748213e-04
4.064999999999999503e+00	7.500066280925648740e-03	9.071806314799879273e-04
4.070000000000000284e+00	7.500064261100039022e-03	8.795139920891333453e-04
4.075000000000000178e+00	7.500062276872838073e-03	8.523350306876498672e-04
4.080000000000000071e+00	7.500060327745118605e-03	8.256369136221621170e-04
4.084999999999999964e+00	7.500058413223179184e-03	7.994128787236178457e-04
4.089999999999999858e+00	7.500056532818558108e-03	7.736562355092566892e-04
4.094999999999999751e+00	7.500054686047943203e-03	7.483603639456688468e-04
4.099999999999999645e+00	7.500052872433191770e-03	7.235187147259694151e-04
4.105000000000000426e+00	7.500051091501232572e-03	6.991248079615966851e-04
4.110000000000000320e+00	7.500049342784095331e-03	6.751722335316284219e-04
4.115000000000000213e+00	7.500047625818807503e-03	6.516546497068064674e-04
4.120000000000000107e+00	7.500045940147423776e-03	6.285657835678667158e-04
4.125000000000000000e+00	7.500044285316922847e-03	6.058994295652230400e-04
4.129999999999999893e+00	7.500042660879240389e-03	5.836494500034264442e-04
4.134999999999999787e+00	7.500041066391161491e-03	5.618097735395606671e-04
4.139999999999999680e+00	7.500039501414359697e-03	5.403743957311140430e-04
4.144999999999999574e+00	7.500037965515281638e-03	5.193373774763216082e-04
4.150000000000000355e+00	7.500036458265192142e-03	4.986928456225969176e-04
4.155000000000000249e+00	7.500034979240057138e-03	4.784349913519142083e-04
4.160000000000000142e+00	7.500033528020591360e-03	4.585580708470464602e-04
4.165000000000000036e+00	7.500032104192135181e-03	4.390564036249898277e-04
4.169999999999999929e+00	7.500030707344710126e-03	4.199243732585386198e-04
4.174999999999999822e+00	7.500029337072889636e-03	4.011564256606081126e-04
4.179999999999999716e+00	7.500027992975859779e-03	3.827470698584609348e-04
4.185000000000000497e+00	7.500026674657285682e-03	3.646908762318511622e-04
4.190000000000000391e+00	7.500025381725377444e-03	3.469824773375121472e-04
4.195000000000000284e+00	7.500024113792750496e-03	3.296165661037160112e-04
4.200000000000000178e+00	7.500022870476496725e-03	3.125878967026988770e-04
4.205000000000000071e+00	7.500021651398047426e-03	2.958912827043021373e-04
4.209999999999999964e+00	7.500020456183234888e-03	2.795215979939931050e-04
4.214999999999999858e+00	7.500019284462162289e-03	2.634737748882706992e-04
4.219999999999999751e+00	7.500018135869268750e-03	2.477428050959471720e-04
4.224999999999999645e+00	7.500017010043192288e-03	2.323237377977865881e-04
4.230000000000000426e+00	7.500015906626839209e-03	2.172116806488781388e-04
4.235000000000000320e+00	7.500014825267245326e-03	2.024017978249257829e-04
4.240000000000000213e+00	7.500013765615647955e-03	1.878893110637253180e-04
4.245000000000000107e+00	7.500012727327344531e-03	1.736694976803570157e-04
4.250000000000000000e+00	7.500011710061768935e-03	1.597376916457210483e-04
4.254999999999999893e+00	7.500010713482345784e-03	1.460892815728575221e-04
4.259999999999999787e+00	7.500009737256570219e-03	1.327197118306248274e-04
4.264999999999999680e+00	7.500008781055860461e-03	1.196244805034260480e-04
4.269999999999999574e+00	7.500007844555638473e-03	1.067991405380352212e-04
4.275000000000000355e+00	7.500006927435185107e-03	9.423929767879187099e-05
4.280000000000000249e+00	7.500006029377718174e-03	8.194061164582508471e-05
4.285000000000000142e+00	7.500005150070247588e-03	6.989879404776349594e-05
4.290000000000000036e+00	7.500004289203656034e-03	5.810960958956565628e-05
4.294999999999999929e+00	7.500003446472553251e-03	4.656887396459928407e-05
4.299999999999999822e+00	7.500002621575358429e-03	3.527245509049837065e-05
4.304999999999999716e+00	7.500001814214149291e-03	2.421627098256395338e-05
4.309999999999999609e+00	7.500001024094754033e-03	1.339629101597322316e-05
4.314999999999999503e+00	7.500000250926594329e-03	2.808533782212302692e-06
4.320000000000000284e+00	7.499999494422775539e-03	-7.550931623866042096e-06
4.325000000000000178e+00	7.499998754299936655e-03	-1.768598776279469480e-05
4.330000000000000071e+00	7.499998030278338772e-03	-2.760046754012586724e-05
4.334999999999999964e+00	7.499997322081709827e-03	-3.729815637870221120e-05
4.339999999999999858e+00	7.499996629437341751e-03	-4.678279088639334998e-05
4.344999999999999751e+00	7.499995952075930866e-03	-5.605806104039007270e-05
4.349999999999999645e+00	7.499995289731675036e-03	-6.512760883428412380e-05
4.355000000000000426e+00	7.499994642142116669e-03	-7.399503047280350570e-05
4.360000000000000320e+00	7.499994009048238132e-03	-8.266387499965448314e-05
4.365000000000000213e+00	7.499993390194304756e-03	-9.113764650133689940e-05
4.370000000000000107e+00	7.499992785327966316e-03	-9.941980271689705348e-05
4.375000000000000000e+00	7.499992194200091368e-03	-1.075137572493318285e-04
4.379999999999999893e+00	7.499991616564874800e-03	-1.154228781585321320e-04
4.384999999999999787e+00	7.499991052179673899e-03	-1.231504901790918000e-04
4.389999999999999680e+00	7.499990500805112439e-03	-1.306998732973577854e-04
4.394999999999999574e+00	7.499989962204916746e-03	-1.380742649743740055e-04
4.400000000000000355e+00	7.499989436146022384e-03	-1.452768587082549844e-04
4.405000000000000249e+00	7.499988922398413693e-03	-1.523108062610621833e-04
4.410000000000000142e+00	7.499988420735224405e-03	-1.591792162073454452e-04
4.415000000000000036e+00	7.499987930932577179e-03	-1.658851561639960971e-04
4.419999999999999929e+00	7.499987452769693759e-03	-1.724316513259550735e-04
4.424999999999999822e+00	7.499986986028728438e-03	-1.788216866977928546e-04
4.429999999999999716e+00	7.499986530494874744e-03	-1.850582056175410761e-04
4.435000000000000497e+00	7.499986085956206715e-03	-1.911441119890725274e-04
4.440000000000000391e+00	7.499985652203782112e-03	-1.970822687947899009e-04
4.445000000000000284e+00	7.499985229031486296e-03	-2.028755003279753238e-04
4.450000000000000178e+00	7.499984816236134576e-03	-2.085265906951289073e-04
4.455000000000000071e+00	7.499984413617314348e-03	-2.140382860472623465e-04
4.459999999999999964e+00	7.499984020977491783e-03	-2.194132930725961746e-04
4.464999999999999858e+00	7.499983638121850496e-03	-2.246542812262796709e-04
4.469999999999999751e+00	7.499983264858403435e-03	-2.297638812139878636e-04
4.474999999999999645e+00	7.499982900997828085e-03	-2.347446872191300189e-04
4.480000000000000426e+00	7.499982546353577487e-03	-2.395992553780847080e-04
4.485000000000000320e+00	7.499982200741722380e-03	-2.443301060042504217e-04
4.490000000000000213e+00	7.499981863981056152e-03	-2.489397220554094375e-04
4.495000000000000107e+00	7.499981535892938714e-03	-2.534305513540649067e-04
4.500000000000000000e+00	7.499981216301405788e-03	-2.578050050474728588e-04
4.504999999999999893e+00	7.499980905033007579e-03	-2.620654598235595649e-04
4.509999999999999787e+00	7.499980601916922396e-03	-2.662142563640836307e-04
4.514999999999999680e+00	7.499980306784795325e-03	-2.702537015556945896e-04
4.519999999999999574e+00	7.499980019470850988e-03	-2.741860669365962333e-04
4.525000000000000355e+00	7.499979739811730474e-03	-2.780135909023678581e-04
4.530000000000000249e+00	7.499979467646611907e-03	-2.817384771464432518e-04
4.535000000000000142e+00	7.499979202817042175e-03	-2.853628968602290369e-04
4.540000000000000036e+00	7.499978945167054024e-03	-2.888889871676906932e-04
4.544999999999999929e+00	7.499978694543006467e-03	-2.923188533194616564e-04
4.549999999999999822e+00	7.499978450793701873e-03	-2.956545671218768702e-04
4.554999999999999716e+00	7.499978213770221169e-03	-2.988981691246421035e-04
4.559999999999999609e+00	7.499977983326040938e-03	-3.020516670445445580e-04
4.564999999999999503e+00	7.499977759316876422e-03	-3.051170379465659058e-04
4.570000000000000284e+00	7.499977541600794280e-03	-3.080962266622720670e-04
4.575000000000000178e+00	7.499977330038053863e-03	-3.109911479642232216e-04
4.580000000000000071e+00	7.499977124491225174e-03	-3.138036849792632285e-04
4.584999999999999964e+00	7.499976924825031005e-03	-3.165356913559197829e-04
4.589999999999999858e+00	7.499976730906457098e-03	-3.191889896727000543e-04
4.594999999999999751e+00	7.499976542604601219e-03	-3.217653735985003959e-04
4.599999999999999645e+00	7.499976359790789388e-03	-3.242666062959202906e-04
4.605000000000000426e+00	7.499976182338414545e-03	-3.266944225745089538e-04
4.610000000000000320e+00	7.499976010123054516e-03	-3.290505272890967194e-04
4.615000000000000213e+00	7.499975843022320225e-03	-3.313365974859816977e-04
4.620000000000000107e+00	7.499975680915964976e-03	-3.335542807961752233e-04
4.625000000000000000e+00	7.499975523685735272e-03	-3.357051975745800674e-04
4.629999999999999893e+00	7.499975371215484438e-03	-3.377909392880853838e-04
4.634999999999999787e+00	7.499975223391019963e-03	-3.398130706476461065e-04
4.639999999999999680e+00	7.499975080100217129e-03	-3.417731279912540111e-04
4.644999999999999574e+00	7.499974941232870687e-03	-3.436726214091562269e-04
4.650000000000000355e+00	7.499974806680804150e-03	-3.455130331213573111e-04
4.655000000000000249e+00	7.499974676337724938e-03	-3.472958195960863803e-04
4.660000000000000142e+00	7.499974550099335405e-03	-3.490224099217112061e-04
4.665000000000000036e+00	7.499974427863183649e-03	-3.506942079187556449e-04
4.669999999999999929e+00	7.499974309528779741e-03	-3.523125905058555551e-04
4.674999999999999822e+00	7.499974194997444804e-03	-3.538789098055864077e-04
4.679999999999999716e+00	7.499974084172428106e-03	-3.553944915043226807e-04
4.685000000000000497e+00	7.499973976958753535e-03	-3.568606369520356254e-04
4.690000000000000391e+00	7.499973873263343638e-03	-3.582786215156843644e-04
4.695000000000000284e+00	7.499973772994864354e-03	-3.596496966733708192e-04
4.700000000000000178e+00	7.499973676063842985e-03	-3.609750883609440285e-04
4.705000000000000071e+00	7.499973582382519002e-03	-3.622559990609112231e-04
4.709999999999999964e+00	7.499973491864967215e-03	-3.634936061418128465e-04
4.714999999999999858e+00	7.499973404426940778e-03	-3.646890639422455051e-04
4.719999999999999751e+00	7.499973319985995222e-03	-3.658435021026186246e-04
4.724999999999999645e+00	7.499973238461337538e-03	-3.669580276448165227e-04
4.730000000000000426e+00	7.499973159773947601e-03	-3.680337232958446367e-04
4.735000000000000320e+00	7.499973083846425519e-03	-3.690716495635150136e-04
4.740000000000000213e+00	7.499973010603118266e-03	-3.700728430515422491e-04
4.745000000000000107e+00	7.499972939969963559e-03	-3.710383185318150948e-04
4.750000000000000000e+00	7.499972871874617357e-03	-3.719690672504262453e-04
4.754999999999999893e+00	7.499972806246302075e-03	-3.728660589970728156e-04
4.759999999999999787e+00	7.499972743015927146e-03	-3.737302404013585571e-04
4.764999999999999680e+00	7.499972682115944173e-03	-3.745625369999535065e-04
4.769999999999999574e+00	7.499972623480469225e-03	-3.753638515227205848e-04
4.775000000000000355e+00	7.499972567045131051e-03	-3.761350659581528286e-04
4.780000000000000249e+00	7.499972512747197714e-03	-3.768770398286682669e-04
4.785000000000000142e+00	7.499972460525427403e-03	-3.775906122549509158e-04
4.790000000000000036e+00	7.499972410320191601e-03	-3.782766002198775790e-04
4.794999999999999929e+00	7.499972362073329367e-03	-3.789358006325106503e-04
4.799999999999999822e+00	7.499972315728269633e-03	-3.795689885797765744e-04
4.804999999999999716e+00	7.499972271229886356e-03	-3.801769193908921128e-04
4.809999999999999609e+00	7.499972228524620817e-03	-3.807603268762048757e-04
4.814999999999999503e+00	7.499972187560336769e-03	-3.813199253926557596e-04
4.820000000000000284e+00	7.499972148286445338e-03	-3.818564080691180178e-04
4.825000000000000178e+00	7.499972110653754971e-03	-3.823704488737262610e-04
4.830000000000000071e+00	7.499972074614606743e-03	-3.828627008248729419e-04
4.834999999999999964e+00	7.499972040122716496e-03	-3.833337980611585235e-04
4.839999999999999858e+00	7.499972007133309283e-03	-3.837843540373664505e-04
4.844999999999999751e+00	7.499971975602970180e-03	-3.842149635978889450e-04
4.849999999999999645e+00	7.499971945489774389e-03	-3.846262011567522254e-04
4.855000000000000426e+00	7.499971916753137187e-03	-3.850186227754624855e-04
4.860000000000000320e+00	7.499971889353945764e-03	-3.853927643262968872e-04
4.865000000000000213e+00	7.499971863254410037e-03	-3.857491435753300740e-04
4.870000000000000107e+00	7.499971838418195355e-03	-3.860882583281535535e-04
4.875000000000000000e+00	7.499971814810273314e-03	-3.864105885190310431e-04
4.879999999999999893e+00	7.499971792397054464e-03	-3.867165943382328192e-04
4.884999999999999787e+00	7.499971771146239120e-03	-3.870067183282357211e-04
4.889999999999999680e+00	7.499971751026951808e-03	-3.872813834915942279e-04
4.894999999999999574e+00	7.499971732009590338e-03	-3.875409953952338687e-04
4.900000000000000355e+00	7.499971714065964586e-03	-3.877859402581052906e-04
4.905000000000000249e+00	7.499971697169142103e-03	-3.880165870644391416e-04
4.910000000000000142e+00	7.499971681293589494e-03	-3.882332856301355184e-04
4.915000000000000036e+00	7.499971666415018029e-03	-3.884363687260568277e-04
4.919999999999999929e+00	7.499971652510523286e-03	-3.886261501222914314e-04
4.924999999999999822e+00	7.499971639558435099e-03	-3.888029267224064368e-04
4.929999999999999716e+00	7.499971627538456337e-03	-3.889669765845835754e-04
4.935000000000000497e+00	7.499971616431508510e-03	-3.891185610679759170e-04
4.940000000000000391e+00	7.499971606219880092e-03	-3.892579228295849417e-04
4.945000000000000284e+00	7.499971596887066057e-03	-3.893852879838072246e-04
4.950000000000000178e+00	7.499971588417914461e-03	-3.895008640741930909e-04
4.955000000000000071e+00	7.499971580798472058e-03	-3.896048422472041554e-04
4.959999999999999964e+00	7.499971574016132611e-03	-3.896973951976640286e-04
4.964999999999999858e+00	7.499971568059475568e-03	-3.897786793579220981e-04
4.969999999999999751e+00	7.499971562918420452e-03	-3.898488328160192571e-04
4.974999999999999645e+00	7.499971558584063794e-03	-3.899079775213289568e-04
4.980000000000000426e+00	7.499971555048833526e-03	-3.899562171743119589e-04
4.985000000000000320e+00	7.499971552306327650e-03	-3.899936394498335697e-04
4.990000000000000213e+00	7.499971550351471235e-03	-3.900203138574323222e-04
4.995000000000000107e+00	7.499971549180349875e-03	-3.900362939834927322e-04
5.000000000000000000e+00	7.499971548790368425e-03	-3.900416153208533941e-04
