# coordinate_x	h	p	@time=131.29
0.000000000000000000e+00	2.719008177941851789e-01	5.802628436281673796e-01
5.000000000000000104e-03	2.718971956460620731e-01	5.802628008159503858e-01
1.000000000000000021e-02	2.718863292045550772e-01	5.802626723655915919e-01
1.499999999999999944e-02	2.718682184727469475e-01	5.802624582623261418e-01
2.000000000000000042e-02	2.718428634581258607e-01	5.802621584702903901e-01
2.500000000000000139e-02	2.718102641692768384e-01	5.802617729483546816e-01
2.999999999999999889e-02	2.717704206190881266e-01	5.802613016347737407e-01
3.500000000000000333e-02	2.717233328215289401e-01	5.802607444625940136e-01
4.000000000000000083e-02	2.716690007948771579e-01	5.802601013442069133e-01
4.499999999999999833e-02	2.716074245584965130e-01	5.802593721867436161e-01
5.000000000000000278e-02	2.715386041360702829e-01	5.802585568766115420e-01
5.500000000000000028e-02	2.714625395523753704e-01	5.802576552948810473e-01
5.999999999999999778e-02	2.713792308365229333e-01	5.802566673018082488e-01
6.500000000000000222e-02	2.712886780187272473e-01	5.802555927522149437e-01
7.000000000000000666e-02	2.711908811335551062e-01	5.802544314799968905e-01
7.500000000000001110e-02	2.710858402166883563e-01	5.802531833134980666e-01
8.000000000000000167e-02	2.709735553081826231e-01	5.802518480600037387e-01
8.499999999999999223e-02	2.708540264492225735e-01	5.802504255211089479e-01
8.999999999999999667e-02	2.707272536853914668e-01	5.802489154771959257e-01
9.500000000000000111e-02	2.705932370634178685e-01	5.802473177027973605e-01
1.000000000000000056e-01	2.704519766344569698e-01	5.802456319510571614e-01
1.050000000000000100e-01	2.703034724508277531e-01	5.802438579690887277e-01
1.100000000000000006e-01	2.701477245693075235e-01	5.802419954824187265e-01
1.149999999999999911e-01	2.699847330478577501e-01	5.802400442103400335e-01
1.199999999999999956e-01	2.698144979489337514e-01	5.802380038503383020e-01
1.250000000000000000e-01	2.696370193361977696e-01	5.802358740934391301e-01
1.300000000000000044e-01	2.694522972778448655e-01	5.802336546086166447e-01
1.350000000000000089e-01	2.692603318433021142e-01	5.802313450581352283e-01
1.400000000000000133e-01	2.690611231065722087e-01	5.802289450819403394e-01
1.450000000000000178e-01	2.688546711429172786e-01	5.802264543129934671e-01
1.499999999999999944e-01	2.686409760322219231e-01	5.802238723616439664e-01
1.549999999999999989e-01	2.684200378556597100e-01	5.802211988309582402e-01
1.600000000000000033e-01	2.681918566990775799e-01	5.802184333010724782e-01
1.650000000000000078e-01	2.679564326496439719e-01	5.802155753445136233e-01
1.700000000000000122e-01	2.677137657992551545e-01	5.802126245105345692e-01
1.749999999999999889e-01	2.674638562411640885e-01	5.802095803404249130e-01
1.799999999999999933e-01	2.672067040734105170e-01	5.802064423518292768e-01
1.849999999999999978e-01	2.669423093954285675e-01	5.802032100540462922e-01
1.900000000000000022e-01	2.666706723115025435e-01	5.801998829323301576e-01
1.950000000000000067e-01	2.663917929273516005e-01	5.801964604631763001e-01
2.000000000000000111e-01	2.661056713536128493e-01	5.801929420986069452e-01
2.050000000000000155e-01	2.658123077024018843e-01	5.801893272814411251e-01
2.099999999999999922e-01	2.655117020908247527e-01	5.801856154295658152e-01
2.149999999999999967e-01	2.652038546375123929e-01	5.801818059511868464e-01
2.200000000000000011e-01	2.648887654661636337e-01	5.801778982290873854e-01
2.250000000000000056e-01	2.645664347020517670e-01	5.801738916358561982e-01
2.300000000000000100e-01	2.642368624756005757e-01	5.801697855181355834e-01
2.349999999999999867e-01	2.639000489188610965e-01	5.801655792118241006e-01
2.399999999999999911e-01	2.635559941691226205e-01	5.801612720263153999e-01
2.449999999999999956e-01	2.632046983653583139e-01	5.801568632596700859e-01
2.500000000000000000e-01	2.628461616518723565e-01	5.801523521828494401e-01
2.550000000000000044e-01	2.624803841747131994e-01	5.801477380548519802e-01
2.600000000000000089e-01	2.621073660853591725e-01	5.801430201069439629e-01
2.650000000000000133e-01	2.617271075370965483e-01	5.801381975577556416e-01
2.700000000000000178e-01	2.613396086887463943e-01	5.801332695975123244e-01
2.750000000000000222e-01	2.609448697010057772e-01	5.801282354030837807e-01
2.800000000000000266e-01	2.605428907402174699e-01	5.801230941222202953e-01
2.850000000000000311e-01	2.601336719746724091e-01	5.801178448885478955e-01
2.899999999999999800e-01	2.597172135784247549e-01	5.801124868058149531e-01
2.949999999999999845e-01	2.592935157275534364e-01	5.801070189628246832e-01
2.999999999999999889e-01	2.588625786040250620e-01	5.801014404176977335e-01
3.049999999999999933e-01	2.584244023919123334e-01	5.800957502127338516e-01
3.099999999999999978e-01	2.579789872813071927e-01	5.800899473586961230e-01
3.150000000000000022e-01	2.575263334644938285e-01	5.800840308495922581e-01
3.200000000000000067e-01	2.570664411399147253e-01	5.800779996469870303e-01
3.250000000000000111e-01	2.565993105082963743e-01	5.800718526946930798e-01
3.300000000000000155e-01	2.561249417766705005e-01	5.800655889031195445e-01
3.350000000000000200e-01	2.556433351544496468e-01	5.800592071638590586e-01
3.400000000000000244e-01	2.551544908575074100e-01	5.800527063340826794e-01
3.449999999999999734e-01	2.546584091042007336e-01	5.800460852510093135e-01
3.499999999999999778e-01	2.541550901195120948e-01	5.800393427163570426e-01
3.549999999999999822e-01	2.536445341310162860e-01	5.800324775106795450e-01
3.599999999999999867e-01	2.531267413730873272e-01	5.800254883778855897e-01
3.649999999999999911e-01	2.526017120828070173e-01	5.800183740394262433e-01
3.699999999999999956e-01	2.520694465042400134e-01	5.800111331788939673e-01
3.750000000000000000e-01	2.515299448842812646e-01	5.800037644560434025e-01
3.800000000000000044e-01	2.509832074770027011e-01	5.799962664914831700e-01
3.850000000000000089e-01	2.504292345394362740e-01	5.799886378805109155e-01
3.900000000000000133e-01	2.498680263359959741e-01	5.799808771779132455e-01
3.950000000000000178e-01	2.492995831341937862e-01	5.799729829115912727e-01
4.000000000000000222e-01	2.487239052091404501e-01	5.799649535674882284e-01
4.050000000000000266e-01	2.481409928391909159e-01	5.799567876029800839e-01
4.099999999999999756e-01	2.475508463105280388e-01	5.799484834319480475e-01
4.149999999999999800e-01	2.469534659127340936e-01	5.799400394379098378e-01
4.199999999999999845e-01	2.463488519434616775e-01	5.799314539592581585e-01
4.249999999999999889e-01	2.457370047039275363e-01	5.799227253021005390e-01
4.299999999999999933e-01	2.451179245036752274e-01	5.799138517256887670e-01
4.349999999999999978e-01	2.444916116559872621e-01	5.799048314549352101e-01
4.400000000000000022e-01	2.438580664827446065e-01	5.798956626660571878e-01
4.450000000000000067e-01	2.432172893097527266e-01	5.798863434987348020e-01
4.500000000000000111e-01	2.425692804717030360e-01	5.798768720419994471e-01
4.550000000000000155e-01	2.419140403074087897e-01	5.798672463459918491e-01
4.600000000000000200e-01	2.412515691648737526e-01	5.798574644081274654e-01
4.649999999999999689e-01	2.405818673964333076e-01	5.798475241844112116e-01
4.699999999999999734e-01	2.399049353639357840e-01	5.798374235759129469e-01
4.749999999999999778e-01	2.392207734337845615e-01	5.798271604395927037e-01
4.799999999999999822e-01	2.385293819822378036e-01	5.798167325751242274e-01
4.849999999999999867e-01	2.378307613903463125e-01	5.798061377351764190e-01
4.899999999999999911e-01	2.371249120493783835e-01	5.797953736126295610e-01
4.949999999999999956e-01	2.364118343556479152e-01	5.797844378502533536e-01
5.000000000000000000e-01	2.356915287160711858e-01	5.797733280283627888e-01
5.050000000000000044e-01	2.349639955428795557e-01	5.797620416738288318e-01
5.100000000000000089e-01	2.342292352593155491e-01	5.797505762482257907e-01
5.150000000000000133e-01	2.334872482942240979e-01	5.797389291561035884e-01
5.200000000000000178e-01	2.327380350878954229e-01	5.797270977336848041e-01
5.250000000000000222e-01	2.319815960865288240e-01	5.797150792563190436e-01
5.300000000000000266e-01	2.312179317482304375e-01	5.797028709277937120e-01
5.350000000000000311e-01	2.304470425373426890e-01	5.796904698868844408e-01
5.400000000000000355e-01	2.296689289306060311e-01	5.796778731973499799e-01
5.450000000000000400e-01	2.288835914113467318e-01	5.796650778534827575e-01
5.500000000000000444e-01	2.280910304758119178e-01	5.796520807708654965e-01
5.550000000000000488e-01	2.272912466272081766e-01	5.796388787908175466e-01
5.600000000000000533e-01	2.264842403822199535e-01	5.796254686719983784e-01
5.649999999999999467e-01	2.256700122648910845e-01	5.796118470936332256e-01
5.699999999999999512e-01	2.248485628133370107e-01	5.795980106480602689e-01
5.749999999999999556e-01	2.240198925734605273e-01	5.795839558426046922e-01
5.799999999999999600e-01	2.231840021058698331e-01	5.795696790931763598e-01
5.849999999999999645e-01	2.223408919794191696e-01	5.795551767246498454e-01
5.899999999999999689e-01	2.214905627783447795e-01	5.795404449656288426e-01
5.949999999999999734e-01	2.206330150956209157e-01	5.795254799471751816e-01
5.999999999999999778e-01	2.197682495403270875e-01	5.795102776988699800e-01
6.049999999999999822e-01	2.188962667308087251e-01	5.794948341457160090e-01
6.099999999999999867e-01	2.180170673022903960e-01	5.794791451056391374e-01
6.149999999999999911e-01	2.171306518998296908e-01	5.794632062843713127e-01
6.199999999999999956e-01	2.162370211861919245e-01	5.794470132745525026e-01
6.250000000000000000e-01	2.153361758345854193e-01	5.794305615483781313e-01
6.300000000000000044e-01	2.144281165368141506e-01	5.794138464584784876e-01
6.350000000000000089e-01	2.135128439957816593e-01	5.793968632280928066e-01
6.400000000000000133e-01	2.125903589339399324e-01	5.793796069539243199e-01
6.450000000000000178e-01	2.116606620855478182e-01	5.793620725935738625e-01
6.500000000000000222e-01	2.107237542054358481e-01	5.793442549705900557e-01
6.550000000000000266e-01	2.097796360610043320e-01	5.793261487588681202e-01
6.600000000000000311e-01	2.088283084413252999e-01	5.793077484901396623e-01
6.650000000000000355e-01	2.078697721488644012e-01	5.792890485350062901e-01
6.700000000000000400e-01	2.069040280089428641e-01	5.792700431131427852e-01
6.750000000000000444e-01	2.059310768611660181e-01	5.792507262705985926e-01
6.800000000000000488e-01	2.049509195692704455e-01	5.792310918930171360e-01
6.850000000000000533e-01	2.039635570122404207e-01	5.792111336787973963e-01
6.899999999999999467e-01	2.029689900945677306e-01	5.791908451556679882e-01
6.949999999999999512e-01	2.019672197370356026e-01	5.791702196492509724e-01
6.999999999999999556e-01	2.009582468874213101e-01	5.791492503033707218e-01
7.049999999999999600e-01	1.999420725109259667e-01	5.791279300435079325e-01
7.099999999999999645e-01	1.989186976013521402e-01	5.791062516012681627e-01
7.149999999999999689e-01	1.978881231711561162e-01	5.790842074721527233e-01
7.199999999999999734e-01	1.968503502631362145e-01	5.790617899446617312e-01
7.249999999999999778e-01	1.958053799400820139e-01	5.790389910517405037e-01
7.299999999999999822e-01	1.947532132970123675e-01	5.790158026050498119e-01
7.349999999999999867e-01	1.936938514503938613e-01	5.789922161393663558e-01
7.399999999999999911e-01	1.926272955509716611e-01	5.789682229526185164e-01
7.449999999999999956e-01	1.915535467725268393e-01	5.789438140424304491e-01
7.500000000000000000e-01	1.904726063253472379e-01	5.789189801525956858e-01
7.550000000000000044e-01	1.893844754444910239e-01	5.788937117008526867e-01
7.600000000000000089e-01	1.882891554039496929e-01	5.788679988325527992e-01
7.650000000000000133e-01	1.871866475043816591e-01	5.788418313386385350e-01
7.700000000000000178e-01	1.860769530880250766e-01	5.788151987173595359e-01
7.750000000000000222e-01	1.849600735258628004e-01	5.787880900812900631e-01
7.800000000000000266e-01	1.838360102333480850e-01	5.787604942280585307e-01
7.850000000000000311e-01	1.827047646569580353e-01	5.787323995350892591e-01
7.900000000000000355e-01	1.815663382908033197e-01	5.787037940404337055e-01
7.950000000000000400e-01	1.804207326625228980e-01	5.786746653237475613e-01
8.000000000000000444e-01	1.792679493508560762e-01	5.786450005984588030e-01
8.050000000000000488e-01	1.781079899708272185e-01	5.786147865772882648e-01
8.100000000000000533e-01	1.769408561923671297e-01	5.785840095771545011e-01
8.149999999999999467e-01	1.757665497247317687e-01	5.785526553673157046e-01
8.199999999999999512e-01	1.745850723362700474e-01	5.785207092886022195e-01
8.249999999999999556e-01	1.733964258380140677e-01	5.784881560819890023e-01
8.299999999999999600e-01	1.722006121047027494e-01	5.784549800239673356e-01
8.349999999999999645e-01	1.709976330574748959e-01	5.784211647330474992e-01
8.399999999999999689e-01	1.697874906862703592e-01	5.783866933233353658e-01
8.449999999999999734e-01	1.685701870315504947e-01	5.783515481861053464e-01
8.499999999999999778e-01	1.673457242082143637e-01	5.783157111639434245e-01
8.549999999999999822e-01	1.661141043862625344e-01	5.782791633041103330e-01
8.599999999999999867e-01	1.648753298163827263e-01	5.782418850559557510e-01
8.649999999999999911e-01	1.636294028094642250e-01	5.782038559923057264e-01
8.699999999999999956e-01	1.623763257640280511e-01	5.781650550332505523e-01
8.750000000000000000e-01	1.611161011444884883e-01	5.781254601312183494e-01
8.800000000000000044e-01	1.598487315106257300e-01	5.780850485247059911e-01
8.850000000000000089e-01	1.585742194944796679e-01	5.780437963820334035e-01
8.900000000000000133e-01	1.572925678320905019e-01	5.780016790891304712e-01
8.950000000000000178e-01	1.560037793388962535e-01	5.779586708461786904e-01
9.000000000000000222e-01	1.547078569439977735e-01	5.779147449942099168e-01
9.050000000000000266e-01	1.534048036639172330e-01	5.778698735579119727e-01
9.100000000000000311e-01	1.520946226396809597e-01	5.778240276165486078e-01
9.150000000000000355e-01	1.507773171087780639e-01	5.777771767851087592e-01
9.200000000000000400e-01	1.494528904453979179e-01	5.777292896359447205e-01
9.250000000000000444e-01	1.481213461304091428e-01	5.776803331091425742e-01
9.300000000000000488e-01	1.467826877951393383e-01	5.776302729923302737e-01
9.350000000000000533e-01	1.454369191891714541e-01	5.775790732495916791e-01
9.399999999999999467e-01	1.440840442281139944e-01	5.775266965681501441e-01
9.449999999999999512e-01	1.427240669589864008e-01	5.774731035932917367e-01
9.499999999999999556e-01	1.413569916124989556e-01	5.774182535521239501e-01
9.549999999999999600e-01	1.399828225657692160e-01	5.773621033797463609e-01
9.599999999999999645e-01	1.386015643997162983e-01	5.773046084320712090e-01
9.649999999999999689e-01	1.372132218588159314e-01	5.772457214857967811e-01
9.699999999999999734e-01	1.358177999143163894e-01	5.771853935544252190e-01
9.749999999999999778e-01	1.344153037206997636e-01	5.771235727413480676e-01
9.799999999999999822e-01	1.330057386855497126e-01	5.770602051757878215e-01
9.849999999999999867e-01	1.315891104223415042e-01	5.769952336943621196e-01
9.899999999999999911e-01	1.301654248279398296e-01	5.769285989168136952e-01
9.949999999999999956e-01	1.287346880312870145e-01	5.768602377266118797e-01
1.000000000000000000e+00	1.272969064796903582e-01	5.767900845101506802e-01
1.004999999999999893e+00	1.258520868829160477e-01	5.767180694010511921e-01
1.010000000000000009e+00	1.244002363096464447e-01	5.766441197111702444e-01
1.015000000000000124e+00	1.229413621264151268e-01	5.765681578960076825e-01
1.020000000000000018e+00	1.214754721058871195e-01	5.764901032115907764e-01
1.024999999999999911e+00	1.200025743599856948e-01	5.764098693494006387e-01
1.030000000000000027e+00	1.185226774619842910e-01	5.763273663602607177e-01
1.035000000000000142e+00	1.170357903730796650e-01	5.762424978960040134e-01
1.040000000000000036e+00	1.155419225807012701e-01	5.761551634502519725e-01
1.044999999999999929e+00	1.140410840176699081e-01	5.760652551300347035e-01
1.050000000000000044e+00	1.125332852196557626e-01	5.759726602742695212e-01
1.055000000000000160e+00	1.110185372359283745e-01	5.758772576608964799e-01
1.060000000000000053e+00	1.094968518095549431e-01	5.757789205775692976e-01
1.064999999999999947e+00	1.079682412785907819e-01	5.756775123474965339e-01
1.070000000000000062e+00	1.064327187834503419e-01	5.755728899441551194e-01
1.075000000000000178e+00	1.048902981572071291e-01	5.754648986904727925e-01
1.080000000000000071e+00	1.033409941656449477e-01	5.753533765313538773e-01
1.084999999999999964e+00	1.017848223851243045e-01	5.752381477241340635e-01
1.090000000000000080e+00	1.002217994822145047e-01	5.751190279108314707e-01
1.095000000000000195e+00	9.865194307734095891e-02	5.749958165702631074e-01
1.100000000000000089e+00	9.707527207271018921e-02	5.748683030681839279e-01
1.104999999999999982e+00	9.549180649967568824e-02	5.747362575793810713e-01
1.110000000000000098e+00	9.390156790605404258e-02	5.745994383409551709e-01
1.115000000000000213e+00	9.230457918483886415e-02	5.744575806709637522e-01
1.120000000000000107e+00	9.070086503517539589e-02	5.743104057117964789e-01
1.125000000000000000e+00	8.909045176971495950e-02	5.741576070632905537e-01
1.129999999999999893e+00	8.747336786777704098e-02	5.739988613847130106e-01
1.134999999999999787e+00	8.584964375829069738e-02	5.738338120144600429e-01
1.139999999999999902e+00	8.421931248946191995e-02	5.736620819080110456e-01
1.145000000000000018e+00	8.258240948392538139e-02	5.734832534185894115e-01
1.149999999999999911e+00	8.093897335720470765e-02	5.732968841952363892e-01
1.154999999999999805e+00	7.928904564146505018e-02	5.731024820276394705e-01
1.159999999999999920e+00	7.763267179616656355e-02	5.728995245286239157e-01
1.165000000000000036e+00	7.596990089679575564e-02	5.726874275699981309e-01
1.169999999999999929e+00	7.430078689683383697e-02	5.724655698499531153e-01
1.174999999999999822e+00	7.262538827827967614e-02	5.722332529176691329e-01
1.179999999999999938e+00	7.094376964664779461e-02	5.719897321122267009e-01
1.185000000000000053e+00	6.925600134140637298e-02	5.717341654194879608e-01
1.189999999999999947e+00	6.756216147873451983e-02	5.714656528165733551e-01
1.194999999999999840e+00	6.586233552295454874e-02	5.711831701132282779e-01
1.199999999999999956e+00	6.415661894091230499e-02	5.708856195241635012e-01
1.205000000000000071e+00	6.244511674151254077e-02	5.705717430425000236e-01
1.209999999999999964e+00	6.072794698017056764e-02	5.702401882165442082e-01
1.214999999999999858e+00	5.900524028529290782e-02	5.698893932022283115e-01
1.219999999999999973e+00	5.727714456694953105e-02	5.695176734429190368e-01
1.225000000000000089e+00	5.554382457154590641e-02	5.691230668883213717e-01
1.229999999999999982e+00	5.380546833262728201e-02	5.687034498985431563e-01
1.234999999999999876e+00	5.206228683756197045e-02	5.682563254254200391e-01
1.239999999999999991e+00	5.031452305787506574e-02	5.677789805493945741e-01
1.245000000000000107e+00	4.856245189309624927e-02	5.672681913749548777e-01
1.250000000000000000e+00	4.680639312001771968e-02	5.667204411464052960e-01
1.254999999999999893e+00	4.504671193613847546e-02	5.661315009063636605e-01
1.260000000000000009e+00	4.328383803481985342e-02	5.654967379058654098e-01
1.265000000000000124e+00	4.151826738030473668e-02	5.648105066026635201e-01
1.270000000000000018e+00	3.975059116535679254e-02	5.640665954325440046e-01
1.274999999999999911e+00	3.798150007230396974e-02	5.632573210214775195e-01
1.280000000000000027e+00	3.621182973574237768e-02	5.623741939102345766e-01
1.285000000000000142e+00	3.444257002560727893e-02	5.614065362506929224e-01
1.290000000000000036e+00	3.267493912893765923e-02	5.603425074400959494e-01
1.294999999999999929e+00	3.091040308824633334e-02	5.591669372783700798e-01
1.300000000000000044e+00	2.915080148397434373e-02	5.578629707376900893e-01
1.305000000000000160e+00	2.739838821050470663e-02	5.564085823560418476e-01
1.310000000000000053e+00	2.565605368889520635e-02	5.547793461004190130e-01
1.314999999999999947e+00	2.392740990254537542e-02	5.529427164099486314e-01
1.320000000000000062e+00	2.221719764327000426e-02	5.508629800943478649e-01
1.325000000000000178e+00	2.053146120848036230e-02	5.484918630694907149e-01
1.330000000000000071e+00	1.887830386739330901e-02	5.457780242647970459e-01
1.334999999999999964e+00	1.726821754550874818e-02	5.426523886280557596e-01
1.340000000000000080e+00	1.571538917232814109e-02	5.390475871035438349e-01
1.345000000000000195e+00	1.423810913736802894e-02	5.348791999569123545e-01
1.350000000000000089e+00	1.286024808693920531e-02	5.300855322047126617e-01
1.354999999999999982e+00	1.161049699934428928e-02	5.246164512489420728e-01
1.360000000000000098e+00	1.052035216524341635e-02	5.184940486726705711e-01
1.365000000000000213e+00	9.617919951243609003e-03	5.118164028827811851e-01
1.370000000000000107e+00	8.916929845723597578e-03	5.047559332320591396e-01
1.375000000000000000e+00	8.410357170473774235e-03	4.975334401256562566e-01
1.379999999999999893e+00	8.068373768044832806e-03	4.902954562663042748e-01
1.384999999999999787e+00	7.850785233521648948e-03	4.831509380630518713e-01
1.389999999999999902e+00	7.718328025056581804e-03	4.761091741337259986e-01
1.395000000000000018e+00	7.639791610645880159e-03	4.691762843506844249e-01
1.399999999999999911e+00	7.594203893544596712e-03	4.623296954155378669e-01
1.404999999999999805e+00	7.567797646248181943e-03	4.555606204498665601e-01
1.409999999999999920e+00	7.552616371345354483e-03	4.488565685572871722e-01
1.415000000000000036e+00	7.543766359450199133e-03	4.422128179220322086e-01
1.419999999999999929e+00	7.538568650687797745e-03	4.356246544925410635e-01
1.424999999999999822e+00	7.535409720155920865e-03	4.290903452477315971e-01
1.429999999999999938e+00	7.533422309396265240e-03	4.226083727703869308e-01
1.435000000000000053e+00	7.532087631220039589e-03	4.161782434348321735e-01
1.439999999999999947e+00	7.531128570366084872e-03	4.097995734576254656e-01
1.444999999999999840e+00	7.530379751310087300e-03	4.034723148325949915e-01
1.449999999999999956e+00	7.529753040600912530e-03	3.971964604478654404e-01
1.455000000000000071e+00	7.529195893210152354e-03	3.909721077837384207e-01
1.459999999999999964e+00	7.528680336387959422e-03	3.847993642515335488e-01
1.464999999999999858e+00	7.528189701886050383e-03	3.786783653558401519e-01
1.469999999999999973e+00	7.527715122600286621e-03	3.726092440562706609e-01
1.475000000000000089e+00	7.527251317187826779e-03	3.665921362854544507e-01
1.479999999999999982e+00	7.526795477898408533e-03	3.606271706787003151e-01
1.484999999999999876e+00	7.526345933059040011e-03	3.547144706765508748e-01
1.489999999999999991e+00	7.525901794345598618e-03	3.488541507003172781e-01
1.495000000000000107e+00	7.525462532820038214e-03	3.430463173889554129e-01
1.500000000000000000e+00	7.525027867116016247e-03	3.372910677903595555e-01
1.504999999999999893e+00	7.524597629197739973e-03	3.315884904191923055e-01
1.510000000000000009e+00	7.524171728903195251e-03	3.259386640567917270e-01
1.515000000000000124e+00	7.523750111513582278e-03	3.203416588071039683e-01
1.520000000000000018e+00	7.523332746478904494e-03	3.147975350597377875e-01
1.524999999999999911e+00	7.522919614061616099e-03	3.093063445857532345e-01
1.530000000000000027e+00	7.522510701714359843e-03	3.038681295241242863e-01
1.535000000000000142e+00	7.522105999925401444e-03	2.984829235246539425e-01
1.540000000000000036e+00	7.521705501015206810e-03	2.931507507152140701e-01
1.544999999999999929e+00	7.521309197893190010e-03	2.878716268908464992e-01
1.550000000000000044e+00	7.520917083617543672e-03	2.826455584499800167e-01
1.555000000000000160e+00	7.520529151073369716e-03	2.774725436270604750e-01
1.560000000000000053e+00	7.520145392772430680e-03	2.723525713957052341e-01
1.564999999999999947e+00	7.519765800823508504e-03	2.672856227419606046e-01
1.570000000000000062e+00	7.519390366806828763e-03	2.622716695354279648e-01
1.575000000000000178e+00	7.519019081837784862e-03	2.573106758402907701e-01
1.580000000000000071e+00	7.518651936463959656e-03	2.524025967563886530e-01
1.584999999999999964e+00	7.518288920759312252e-03	2.475473797652233965e-01
1.590000000000000080e+00	7.517930024227475853e-03	2.427449635432341324e-01
1.595000000000000195e+00	7.517575235906444851e-03	2.379952793400509914e-01
1.600000000000000089e+00	7.517224544273089573e-03	2.332982497662837718e-01
1.604999999999999982e+00	7.516877937351956404e-03	2.286537902013398016e-01
1.610000000000000098e+00	7.516535402619498908e-03	2.240618075580307067e-01
1.615000000000000213e+00	7.516196927114859004e-03	2.195222017173237283e-01
1.620000000000000107e+00	7.515862497343444096e-03	2.150348642720328052e-01
1.625000000000000000e+00	7.515532099388915616e-03	2.105996799859193580e-01
1.629999999999999893e+00	7.515205718816082674e-03	2.062165255186968194e-01
1.634999999999999787e+00	7.514883340783756228e-03	2.018852709069465790e-01
1.639999999999999902e+00	7.514564949947037317e-03	1.976057782726163836e-01
1.645000000000000018e+00	7.514250530570828687e-03	1.933779033232680133e-01
1.649999999999999911e+00	7.513940066431631232e-03	1.892014940462046768e-01
1.654999999999999805e+00	7.513633540931556089e-03	1.850763922256181693e-01
1.659999999999999920e+00	7.513330936999741173e-03	1.810024321244286249e-01
1.665000000000000036e+00	7.513032237206724966e-03	1.769794420159566395e-01
1.669999999999999929e+00	7.512737423665600232e-03	1.730072428555091135e-01
1.674999999999999822e+00	7.512446478146613330e-03	1.690856498242494232e-01
1.679999999999999938e+00	7.512159381978180013e-03	1.652144709925164046e-01
1.685000000000000053e+00	7.511876116161567141e-03	1.613935088736243029e-01
1.689999999999999947e+00	7.511596661271890268e-03	1.576225590808467136e-01
1.694999999999999840e+00	7.511320997572759790e-03	1.539014118889309168e-01
1.699999999999999956e+00	7.511049104917354863e-03	1.502298508866293236e-01
1.705000000000000071e+00	7.510780962862921226e-03	1.466076545437750012e-01
1.709999999999999964e+00	7.510516550572032476e-03	1.430345948611828899e-01
1.714999999999999858e+00	7.510255846926813805e-03	1.395104389411908619e-01
1.719999999999999973e+00	7.509998830430496437e-03	1.360349476367031796e-01
1.725000000000000089e+00	7.509745479321251055e-03	1.326078771231594122e-01
1.729999999999999982e+00	7.509495771474140359e-03	1.292289775484374847e-01
1.734999999999999876e+00	7.509249684514451156e-03	1.258979946042715348e-01
1.739999999999999991e+00	7.509007195720135246e-03	1.226146681786751957e-01
1.745000000000000107e+00	7.508768282134539555e-03	1.193787339248940788e-01
1.750000000000000000e+00	7.508532920469422958e-03	1.161899219179535203e-01
1.754999999999999893e+00	7.508301087216989918e-03	1.130479582192884386e-01
1.760000000000000009e+00	7.508072758553572569e-03	1.099525635389652090e-01
1.765000000000000124e+00	7.507847910450855984e-03	1.069034547941961483e-01
1.770000000000000018e+00	7.507626518580318327e-03	1.039003437787266726e-01
1.774999999999999911e+00	7.507408558423561001e-03	1.009429387135011846e-01
1.780000000000000027e+00	7.507194005177581474e-03	9.803094292465248938e-02
1.785000000000000142e+00	7.506982833864115495e-03	9.516405638465025296e-02
1.790000000000000036e+00	7.506775019235824992e-03	9.234197440026990777e-02
1.794999999999999929e+00	7.506570535884563890e-03	8.956438914261559414e-02
1.800000000000000044e+00	7.506369358148557401e-03	8.683098834639095542e-02
1.805000000000000160e+00	7.506171460219503849e-03	8.414145682725426845e-02
1.810000000000000053e+00	7.505976816050822543e-03	8.149547519365292481e-02
1.814999999999999947e+00	7.505785399463509207e-03	7.889272135003083664e-02
1.820000000000000062e+00	7.505597184055518359e-03	7.633286922243265327e-02
1.825000000000000178e+00	7.505412143306301222e-03	7.381559024614767206e-02
1.830000000000000071e+00	7.505230250487382460e-03	7.134055210623208021e-02
1.834999999999999964e+00	7.505051478765510306e-03	6.890742020823482916e-02
1.840000000000000080e+00	7.504875801114491846e-03	6.651585643473115206e-02
1.845000000000000195e+00	7.504703190416879034e-03	6.416552059784066953e-02
1.850000000000000089e+00	7.504533619377129310e-03	6.185606921280595999e-02
1.854999999999999982e+00	7.504367060621755514e-03	5.958715693107545508e-02
1.860000000000000098e+00	7.504203486613868213e-03	5.735843533190655014e-02
1.865000000000000213e+00	7.504042869751733139e-03	5.516955433484931753e-02
1.870000000000000107e+00	7.503885182284737720e-03	5.302016101029597556e-02
1.875000000000000000e+00	7.503730396410303143e-03	5.090990097026263511e-02
1.879999999999999893e+00	7.503578484191322784e-03	4.883841719875279402e-02
1.884999999999999787e+00	7.503429417651371648e-03	4.680535141979907249e-02
1.889999999999999902e+00	7.503283168693666155e-03	4.481034294844891963e-02
1.895000000000000018e+00	7.503139709194517164e-03	4.285303003509089576e-02
1.899999999999999911e+00	7.502999010923850146e-03	4.093304873781841019e-02
1.904999999999999805e+00	7.502861045636854097e-03	3.905003424212368651e-02
1.909999999999999920e+00	7.502725784996111535e-03	3.720361975534179633e-02
1.915000000000000036e+00	7.502593200661382584e-03	3.539343780085854596e-02
1.919999999999999929e+00	7.502463264213387294e-03	3.361911913528162210e-02
1.924999999999999822e+00	7.502335947241689333e-03	3.188029401636703619e-02
1.929999999999999938e+00	7.502211221270154058e-03	3.017659114351274249e-02
1.935000000000000053e+00	7.502089057842895384e-03	2.850763889867091380e-02
1.939999999999999947e+00	7.501969428451444287e-03	2.687306431070349624e-02
1.944999999999999840e+00	7.501852304618721566e-03	2.527249426860620277e-02
1.949999999999999956e+00	7.501737657827941066e-03	2.370555451021576568e-02
1.955000000000000071e+00	7.501625459604575365e-03	2.217187080712961292e-02
1.959999999999999964e+00	7.501515681447023208e-03	2.067106797820343275e-02
1.964999999999999858e+00	7.501408294906534296e-03	1.920277104560796227e-02
1.969999999999999973e+00	7.501303271519663488e-03	1.776660427350446395e-02
1.975000000000000089e+00	7.501200582886131257e-03	1.636219229473891493e-02
1.979999999999999982e+00	7.501100200603079415e-03	1.498915917503334388e-02
1.984999999999999876e+00	7.501002096340843826e-03	1.364712950987198928e-02
1.989999999999999991e+00	7.500906241779028115e-03	1.233572751449875382e-02
1.995000000000000107e+00	7.500812608680175637e-03	1.105457809060666347e-02
2.000000000000000000e+00	7.500721168827666381e-03	9.803305942383469876e-03
2.004999999999999893e+00	7.500631894097263899e-03	8.581536612668522537e-03
2.009999999999999787e+00	7.500544756396862293e-03	7.388895625242684374e-03
2.014999999999999680e+00	7.500459727735889898e-03	6.225009490171957809e-03
2.020000000000000018e+00	7.500376780166903741e-03	5.089504872490925765e-03
2.024999999999999911e+00	7.500295885852843909e-03	3.982009566504527212e-03
2.029999999999999805e+00	7.500217017010483295e-03	2.902151690970021167e-03
2.035000000000000142e+00	7.500140145975528298e-03	1.849560632178968772e-03
2.040000000000000036e+00	7.500065245147918662e-03	8.238662657011284465e-04
2.044999999999999929e+00	7.499992287054764104e-03	-1.753001318810588677e-04
2.049999999999999822e+00	7.499921244297506374e-03	-1.148306634648068236e-03
2.054999999999999716e+00	7.499852089612684888e-03	-2.095519787033207817e-03
2.060000000000000053e+00	7.499784795820958402e-03	-3.017305328939448236e-03
2.064999999999999947e+00	7.499719335885697037e-03	-3.914027346883309881e-03
2.069999999999999840e+00	7.499655682863854908e-03	-4.786048972614597580e-03
2.075000000000000178e+00	7.499593809962404149e-03	-5.633731565698226439e-03
2.080000000000000071e+00	7.499533690491042015e-03	-6.457435385735323975e-03
2.084999999999999964e+00	7.499475297916472112e-03	-7.257518806321055192e-03
2.089999999999999858e+00	7.499418605816941634e-03	-8.034338961005291213e-03
2.094999999999999751e+00	7.499363587934368934e-03	-8.788250988518576945e-03
2.100000000000000089e+00	7.499310218130705689e-03	-9.519608652645956959e-03
2.104999999999999982e+00	7.499258470437927294e-03	-1.022876361857179631e-02
2.109999999999999876e+00	7.499208319016193933e-03	-1.091606604687434152e-02
2.115000000000000213e+00	7.499159738201715934e-03	-1.158186390079852732e-02
2.120000000000000107e+00	7.499112702466708552e-03	-1.222650351461202975e-02
2.125000000000000000e+00	7.499067186465148763e-03	-1.285032893157472302e-02
2.129999999999999893e+00	7.499023164994492521e-03	-1.345368244692937351e-02
2.134999999999999787e+00	7.498980613039344691e-03	-1.403690397629754096e-02
2.140000000000000124e+00	7.498939505734930101e-03	-1.460033157360841535e-02
2.145000000000000018e+00	7.498899818408684415e-03	-1.514430082961362202e-02
2.149999999999999911e+00	7.498861526545457304e-03	-1.566914536508623446e-02
2.155000000000000249e+00	7.498824605827059814e-03	-1.617519625911235590e-02
2.160000000000000142e+00	7.498789032099161499e-03	-1.666278251791862564e-02
2.165000000000000036e+00	7.498754781408820298e-03	-1.713223053256376222e-02
2.169999999999999929e+00	7.498721829973057154e-03	-1.758386452378075254e-02
2.174999999999999822e+00	7.498690154214389218e-03	-1.801800602865785000e-02
2.180000000000000160e+00	7.498659730731051590e-03	-1.843497432190515511e-02
2.185000000000000053e+00	7.498630536330566816e-03	-1.883508593108453727e-02
2.189999999999999947e+00	7.498602548001590332e-03	-1.921865503473312378e-02
2.195000000000000284e+00	7.498575742945539670e-03	-1.958599300567227461e-02
2.200000000000000178e+00	7.498550098550028041e-03	-1.993740878644125261e-02
2.205000000000000071e+00	7.498525592418594891e-03	-2.027320846018756603e-02
2.209999999999999964e+00	7.498502202345697261e-03	-2.059369560388463541e-02
2.214999999999999858e+00	7.498479906344573780e-03	-2.089917088627918015e-02
2.220000000000000195e+00	7.498458682623756512e-03	-2.118993239938479420e-02
2.225000000000000089e+00	7.498438509613103084e-03	-2.146627528293780854e-02
2.229999999999999982e+00	7.498419365941803860e-03	-2.172849203467528204e-02
2.235000000000000320e+00	7.498401230462620366e-03	-2.197687216072847366e-02
2.240000000000000213e+00	7.498384082231339225e-03	-2.221170246520820166e-02
2.245000000000000107e+00	7.498367900529264579e-03	-2.243326672594376722e-02
2.250000000000000000e+00	7.498352664844085830e-03	-2.264184596391325549e-02
2.254999999999999893e+00	7.498338354890657885e-03	-2.283771814371592102e-02
2.259999999999999787e+00	7.498324950593251471e-03	-2.302115842339677587e-02
2.264999999999999680e+00	7.498312432104658511e-03	-2.319243887902307927e-02
2.270000000000000018e+00	7.498300779789786839e-03	-2.335182873546309129e-02
2.274999999999999911e+00	7.498289974243135814e-03	-2.349959411442129054e-02
2.279999999999999805e+00	7.498279996273695541e-03	-2.363599824674049096e-02
2.285000000000000142e+00	7.498270826920839550e-03	-2.376130124323596812e-02
2.290000000000000036e+00	7.498262447440484299e-03	-2.387576028909757161e-02
2.294999999999999929e+00	7.498254839319445746e-03	-2.397962943685054069e-02
2.299999999999999822e+00	7.498247984262826175e-03	-2.407315978344098245e-02
2.304999999999999716e+00	7.498241864206869368e-03	-2.415659928463950723e-02
2.310000000000000053e+00	7.498236461307533109e-03	-2.423019291539820624e-02
2.314999999999999947e+00	7.498231757951906266e-03	-2.429418250500442120e-02
2.319999999999999840e+00	7.498227736747915817e-03	-2.434880688130089052e-02
2.325000000000000178e+00	7.498224380534343134e-03	-2.439430172588894982e-02
2.330000000000000071e+00	7.498221672371638627e-03	-2.443089970280577436e-02
2.334999999999999964e+00	7.498219595550588423e-03	-2.445883033307022503e-02
2.339999999999999858e+00	7.498218133584181981e-03	-2.447832010841211742e-02
2.344999999999999751e+00	7.498217270214976859e-03	-2.448959238444929631e-02
2.350000000000000089e+00	7.498216989407994158e-03	-2.449286748006357026e-02
2.354999999999999982e+00	7.498217275356821275e-03	-2.448836258849439868e-02
2.359999999999999876e+00	7.498218112477483994e-03	-2.447629186295483331e-02
2.365000000000000213e+00	7.498219485413353154e-03	-2.445686634492577269e-02
2.370000000000000107e+00	7.498221379029942207e-03	-2.443029403660244847e-02
2.375000000000000000e+00	7.498223778418662035e-03	-2.439677984567291749e-02
2.379999999999999893e+00	7.498226668892520562e-03	-2.435652564518207483e-02
2.384999999999999787e+00	7.498230035988762143e-03	-2.430973023407935821e-02
2.390000000000000124e+00	7.498233865465423267e-03	-2.425658938508249568e-02
2.395000000000000018e+00	7.498238143302915493e-03	-2.419729582028205123e-02
2.399999999999999911e+00	7.498242855701397341e-03	-2.413203924758136609e-02
2.405000000000000249e+00	7.498247989081342421e-03	-2.406100635064947063e-02
2.410000000000000142e+00	7.498253530081691078e-03	-2.398438081450699269e-02
2.415000000000000036e+00	7.498259465559457479e-03	-2.390234332912421697e-02
2.419999999999999929e+00	7.498265782588610720e-03	-2.381507160471511148e-02
2.424999999999999822e+00	7.498272468458772912e-03	-2.372274038828363699e-02
2.430000000000000160e+00	7.498279510674798511e-03	-2.362552146917969512e-02
2.435000000000000053e+00	7.498286896954603313e-03	-2.352358370790459674e-02
2.439999999999999947e+00	7.498294615229401244e-03	-2.341709303247325319e-02
2.445000000000000284e+00	7.498302653640718032e-03	-2.330621247879828203e-02
2.450000000000000178e+00	7.498311000541251631e-03	-2.319110217839304849e-02
2.455000000000000071e+00	7.498319644491101797e-03	-2.307191940966353896e-02
2.459999999999999964e+00	7.498328574259226394e-03	-2.294881857747618423e-02
2.464999999999999858e+00	7.498337778818938912e-03	-2.282195127469744886e-02
2.470000000000000195e+00	7.498347247349912079e-03	-2.269146625413901233e-02
2.475000000000000089e+00	7.498356969232998839e-03	-2.255750949969661384e-02
2.479999999999999982e+00	7.498366934052742502e-03	-2.242022419117337129e-02
2.485000000000000320e+00	7.498377131591561946e-03	-2.227975078438195616e-02
2.490000000000000213e+00	7.498387551832742283e-03	-2.213622696933460407e-02
2.495000000000000107e+00	7.498398184954025922e-03	-2.198978775868586436e-02
2.500000000000000000e+00	7.498409021331043853e-03	-2.184056543976478637e-02
2.504999999999999893e+00	7.498420051530357670e-03	-2.168868967074978615e-02
2.509999999999999787e+00	7.498431266313305456e-03	-2.153428742700535387e-02
2.514999999999999680e+00	7.498442656628525119e-03	-2.137748310439523472e-02
2.520000000000000018e+00	7.498454213616192326e-03	-2.121839846037234731e-02
2.524999999999999911e+00	7.498465928600065930e-03	-2.105715272385176584e-02
2.529999999999999805e+00	7.498477793092075440e-03	-2.089386253148862657e-02
2.535000000000000142e+00	7.498489798783939710e-03	-2.072864204354823645e-02
2.540000000000000036e+00	7.498501937552069264e-03	-2.056160287579295379e-02
2.544999999999999929e+00	7.498514201448801611e-03	-2.039285422080292648e-02
2.549999999999999822e+00	7.498526582707583724e-03	-2.022250277587804221e-02
2.554999999999999716e+00	7.498539073733856940e-03	-2.005065286928015000e-02
2.560000000000000053e+00	7.498551667110505727e-03	-1.987740638454182571e-02
2.564999999999999947e+00	7.498564355588419918e-03	-1.970286289111765343e-02
2.569999999999999840e+00	7.498577132092177668e-03	-1.952711956547684494e-02
2.575000000000000178e+00	7.498589989710330132e-03	-1.935027132566882746e-02
2.580000000000000071e+00	7.498602921701288254e-03	-1.917241074956223257e-02
2.584999999999999964e+00	7.498615921483361979e-03	-1.899362821284759917e-02
2.589999999999999858e+00	7.498628982640830054e-03	-1.881401180477009286e-02
2.594999999999999751e+00	7.498642098913758935e-03	-1.863364746911044464e-02
2.600000000000000089e+00	7.498655264204240854e-03	-1.845261891774411384e-02
2.604999999999999982e+00	7.498668472566020170e-03	-1.827100777415941596e-02
2.609999999999999876e+00	7.498681718210873683e-03	-1.808889348516114562e-02
2.615000000000000213e+00	7.498694995498082598e-03	-1.790635346650300622e-02
2.620000000000000107e+00	7.498708298940920391e-03	-1.772346301303917224e-02
2.625000000000000000e+00	7.498721623196007678e-03	-1.754029544606623692e-02
2.629999999999999893e+00	7.498734963069892887e-03	-1.735692202221147257e-02
2.634999999999999787e+00	7.498748313508305646e-03	-1.717341208209806000e-02
2.640000000000000124e+00	7.498761669602813790e-03	-1.698983295824428932e-02
2.645000000000000018e+00	7.498775026580004749e-03	-1.680625012468401139e-02
2.649999999999999911e+00	7.498788379808201537e-03	-1.662272710413673429e-02
2.655000000000000249e+00	7.498801724786592973e-03	-1.643932561823312211e-02
2.660000000000000142e+00	7.498815057151988692e-03	-1.625610549420217904e-02
2.665000000000000036e+00	7.498828372667926817e-03	-1.607312481536935997e-02
2.669999999999999929e+00	7.498841667231453262e-03	-1.589043982759327095e-02
2.674999999999999822e+00	7.498854936862225061e-03	-1.570810508972205963e-02
2.680000000000000160e+00	7.498868177709296610e-03	-1.552617337999801124e-02
2.685000000000000053e+00	7.498881386040244686e-03	-1.534469584617541987e-02
2.689999999999999947e+00	7.498894558247941669e-03	-1.516372191209834977e-02
2.695000000000000284e+00	7.498907690839730009e-03	-1.498329942720052349e-02
2.700000000000000178e+00	7.498920780444162486e-03	-1.480347457344874731e-02
2.705000000000000071e+00	7.498933823800241726e-03	-1.462429201396191723e-02
2.709999999999999964e+00	7.498946817764124903e-03	-1.444579480049969569e-02
2.714999999999999858e+00	7.498959759298437847e-03	-1.426802452095502632e-02
2.720000000000000195e+00	7.498972645478933774e-03	-1.409102120755521131e-02
2.725000000000000089e+00	7.498985473483901071e-03	-1.391482348299845177e-02
2.729999999999999982e+00	7.498998240600762179e-03	-1.373946846952244123e-02
2.735000000000000320e+00	7.499010944215590661e-03	-1.356499193347151209e-02
2.740000000000000213e+00	7.499023581819639836e-03	-1.339142819537634914e-02
2.745000000000000107e+00	7.499036150998987342e-03	-1.321881027275370775e-02
2.750000000000000000e+00	7.499048649440977037e-03	-1.304716979132945591e-02
2.754999999999999893e+00	7.499061074924007544e-03	-1.287653712588837131e-02
2.759999999999999787e+00	7.499073425323882214e-03	-1.270694131276147408e-02
2.764999999999999680e+00	7.499085698603748587e-03	-1.253841018855833545e-02
2.770000000000000018e+00	7.499097892820350345e-03	-1.237097030402925339e-02
2.774999999999999911e+00	7.499110006114129839e-03	-1.220464706052654287e-02
2.779999999999999805e+00	7.499122036715373356e-03	-1.203946462534194115e-02
2.785000000000000142e+00	7.499133982934485382e-03	-1.187544606575724297e-02
2.790000000000000036e+00	7.499145843168021977e-03	-1.171261326594776400e-02
2.794999999999999929e+00	7.499157615889149794e-03	-1.155098705849620828e-02
2.799999999999999822e+00	7.499169299653559752e-03	-1.139058714294305039e-02
2.804999999999999716e+00	7.499180893090110801e-03	-1.123143221465070646e-02
2.810000000000000053e+00	7.499192394906628242e-03	-1.107353988507298222e-02
2.814999999999999947e+00	7.499203803880740045e-03	-1.091692680786897178e-02
2.819999999999999840e+00	7.499215118865545926e-03	-1.076160860095484728e-02
2.825000000000000178e+00	7.499226338780664441e-03	-1.060759996977882376e-02
2.830000000000000071e+00	7.499237462617763285e-03	-1.045491463121082584e-02
2.834999999999999964e+00	7.499248489431813679e-03	-1.030356543390121594e-02
2.839999999999999858e+00	7.499259418346494038e-03	-1.015356428405538199e-02
2.844999999999999751e+00	7.499270248545653397e-03	-1.000492226281066155e-02
2.850000000000000089e+00	7.499280979278574559e-03	-9.857649553935532438e-03
2.854999999999999982e+00	7.499291609851661301e-03	-9.711755558169037766e-03
2.859999999999999876e+00	7.499302139633556678e-03	-9.567248822877374298e-03
2.865000000000000213e+00	7.499312568047050535e-03	-9.424137153310353093e-03
2.870000000000000107e+00	7.499322894574059033e-03	-9.282427544241465475e-03
2.875000000000000000e+00	7.499333118747758542e-03	-9.142126288105284840e-03
2.879999999999999893e+00	7.499343240157413382e-03	-9.003238908640664659e-03
2.884999999999999787e+00	7.499353258440742166e-03	-8.865770265882344167e-03
2.890000000000000124e+00	7.499363173288598090e-03	-8.729724491820797100e-03
2.895000000000000018e+00	7.499372984437561659e-03	-8.595105092229854415e-03
2.899999999999999911e+00	7.499382691674479594e-03	-8.461914884351122781e-03
2.905000000000000249e+00	7.499392294829283073e-03	-8.330156095547172623e-03
2.910000000000000142e+00	7.499401793779380924e-03	-8.199830303013657534e-03
2.915000000000000036e+00	7.499411188442708584e-03	-8.070938529255642507e-03
2.919999999999999929e+00	7.499420478781968630e-03	-7.943481183824641773e-03
2.924999999999999822e+00	7.499429664797916534e-03	-7.817458155622829946e-03
2.930000000000000160e+00	7.499438746533457212e-03	-7.692868756658449714e-03
2.935000000000000053e+00	7.499447724067147616e-03	-7.569711811189085322e-03
2.939999999999999947e+00	7.499456597517157978e-03	-7.447985601484248541e-03
2.945000000000000284e+00	7.499465367034999913e-03	-7.327687953825307195e-03
2.950000000000000178e+00	7.499474032809338477e-03	-7.208816186260270063e-03
2.955000000000000071e+00	7.499482595059954460e-03	-7.091367191483716366e-03
2.959999999999999964e+00	7.499491054041404654e-03	-6.975337386564943107e-03
2.964999999999999858e+00	7.499499410037214001e-03	-6.860722792736938247e-03
2.970000000000000195e+00	7.499507663363394472e-03	-6.747518987075592362e-03
2.975000000000000089e+00	7.499515814362853194e-03	-6.635721179231533068e-03
2.979999999999999982e+00	7.499523863408775158e-03	-6.525324165035375004e-03
2.985000000000000320e+00	7.499531810899253380e-03	-6.416322400210733821e-03
2.990000000000000213e+00	7.499539657260531102e-03	-6.308709955877401555e-03
2.995000000000000107e+00	7.499547402941842723e-03	-6.202480589288419076e-03
3.000000000000000000e+00	7.499555048418525896e-03	-6.097627701200467910e-03
3.004999999999999893e+00	7.499562594187078428e-03	-5.994144403681607967e-03
3.009999999999999787e+00	7.499570040768130733e-03	-5.892023479315844532e-03
3.014999999999999680e+00	7.499577388701710902e-03	-5.791257446131585843e-03
3.020000000000000018e+00	7.499584638550093121e-03	-5.691838518605573695e-03
3.024999999999999911e+00	7.499591790893263103e-03	-5.593758669765185043e-03
3.029999999999999805e+00	7.499598846331638133e-03	-5.497009593954804360e-03
3.035000000000000142e+00	7.499605805481737199e-03	-5.401582766168120525e-03
3.040000000000000036e+00	7.499612668978771803e-03	-5.307469406538499468e-03
3.044999999999999929e+00	7.499619437472514714e-03	-5.214660536959626370e-03
3.049999999999999822e+00	7.499626111629771087e-03	-5.123146947260157763e-03
3.054999999999999716e+00	7.499632692130434562e-03	-5.032919249173682837e-03
3.060000000000000053e+00	7.499639179669839555e-03	-4.943967844156248008e-03
3.064999999999999947e+00	7.499645574955012516e-03	-4.856282974768266932e-03
3.069999999999999840e+00	7.499651878706901052e-03	-4.769854694093017024e-03
3.075000000000000178e+00	7.499658091656808204e-03	-4.684672914594765342e-03
3.080000000000000071e+00	7.499664214548511405e-03	-4.600727379095238476e-03
3.084999999999999964e+00	7.499670248134874574e-03	-4.518007707173639191e-03
3.089999999999999858e+00	7.499676193179857786e-03	-4.436503367657438843e-03
3.094999999999999751e+00	7.499682050455301098e-03	-4.356203722631115001e-03
3.100000000000000089e+00	7.499687820742829275e-03	-4.277098001397076042e-03
3.104999999999999982e+00	7.499693504830803013e-03	-4.199175342160978673e-03
3.109999999999999876e+00	7.499699103516119583e-03	-4.122424767418054851e-03
3.115000000000000213e+00	7.499704617601331454e-03	-4.046835223383251495e-03
3.120000000000000107e+00	7.499710047896344586e-03	-3.972395556758490098e-03
3.125000000000000000e+00	7.499715395215694920e-03	-3.899094551976326276e-03
3.129999999999999893e+00	7.499720660380149520e-03	-3.826920909303168066e-03
3.134999999999999787e+00	7.499725844214137453e-03	-3.755863279965761421e-03
3.140000000000000124e+00	7.499730947547260732e-03	-3.685910245545377575e-03
3.145000000000000018e+00	7.499735971211870036e-03	-3.617050351056144784e-03
3.149999999999999911e+00	7.499740916044482855e-03	-3.549272085585543010e-03
3.155000000000000249e+00	7.499745782883508391e-03	-3.482563913393856361e-03
3.160000000000000142e+00	7.499750572570578963e-03	-3.416914255756364066e-03
3.165000000000000036e+00	7.499755285948408491e-03	-3.352311520152518893e-03
3.169999999999999929e+00	7.499759923862041495e-03	-3.288744083265757699e-03
3.174999999999999822e+00	7.499764487156849492e-03	-3.226200318330984217e-03
3.180000000000000160e+00	7.499768976679694124e-03	-3.164668579248143630e-03
3.185000000000000053e+00	7.499773393277055396e-03	-3.104137226155879482e-03
3.189999999999999947e+00	7.499777737796116742e-03	-3.044594610615405754e-03
3.195000000000000284e+00	7.499782011083014691e-03	-2.986029099477636485e-03
3.200000000000000178e+00	7.499786213983853679e-03	-2.928429061094875441e-03
3.205000000000000071e+00	7.499790347343073676e-03	-2.871782887547726527e-03
3.209999999999999964e+00	7.499794412004389538e-03	-2.816078981842379605e-03
3.214999999999999858e+00	7.499798408809278324e-03	-2.761305778562886826e-03
3.220000000000000195e+00	7.499802338597848402e-03	-2.707451732012716977e-03
3.225000000000000089e+00	7.499806202207436046e-03	-2.654505335357036557e-03
3.229999999999999982e+00	7.499810000473407755e-03	-2.602455109667748453e-03
3.235000000000000320e+00	7.499813734227865278e-03	-2.551289621619178861e-03
3.240000000000000213e+00	7.499817404300380269e-03	-2.500997473396955346e-03
3.245000000000000107e+00	7.499821011516806871e-03	-2.451567319009529712e-03
3.250000000000000000e+00	7.499824556699952183e-03	-2.402987855021593983e-03
3.254999999999999893e+00	7.499828040668480786e-03	-2.355247835542557434e-03
3.259999999999999787e+00	7.499831464237541843e-03	-2.308336063746552549e-03
3.264999999999999680e+00	7.499834828217752554e-03	-2.262241405597727618e-03
3.270000000000000018e+00	7.499838133415769742e-03	-2.216952782119460674e-03
3.274999999999999911e+00	7.499841380633373057e-03	-2.172459181914954303e-03
3.279999999999999805e+00	7.499844570667977585e-03	-2.128749654149511995e-03
3.285000000000000142e+00	7.499847704311795975e-03	-2.085813319923437732e-03
3.290000000000000036e+00	7.499850782352312020e-03	-2.043639365932000719e-03
3.294999999999999929e+00	7.499853805571519115e-03	-2.002217054746386823e-03
3.299999999999999822e+00	7.499856774746335719e-03	-1.961535719116907876e-03
3.304999999999999716e+00	7.499859690647936623e-03	-1.921584771216441889e-03
3.310000000000000053e+00	7.499862554042115506e-03	-1.882353697553438426e-03
3.314999999999999947e+00	7.499865365688685587e-03	-1.843832067230335341e-03
3.319999999999999840e+00	7.499868126341805753e-03	-1.806009527434143148e-03
3.325000000000000178e+00	7.499870836749446268e-03	-1.768875810761239443e-03
3.330000000000000071e+00	7.499873497653676731e-03	-1.732420731254070891e-03
3.334999999999999964e+00	7.499876109790192501e-03	-1.696634190841944277e-03
3.339999999999999858e+00	7.499878673888569700e-03	-1.661506175893507535e-03
3.344999999999999751e+00	7.499881190671852348e-03	-1.627026762821762304e-03
3.350000000000000089e+00	7.499883660856767470e-03	-1.593186115122982452e-03
3.354999999999999982e+00	7.499886085153372947e-03	-1.559974488192545413e-03
3.359999999999999876e+00	7.499888464265241396e-03	-1.527382226821951934e-03
3.365000000000000213e+00	7.499890798889158328e-03	-1.495399769270608489e-03
3.370000000000000107e+00	7.499893089715274803e-03	-1.464017645193682301e-03
3.375000000000000000e+00	7.499895337426861104e-03	-1.433226479013300497e-03
3.379999999999999893e+00	7.499897542700425558e-03	-1.403016988250852665e-03
3.384999999999999787e+00	7.499899706205517651e-03	-1.373379986239769632e-03
3.390000000000000124e+00	7.499901828604819964e-03	-1.344306380836809110e-03
3.395000000000000018e+00	7.499903910553992921e-03	-1.315787176516949398e-03
3.399999999999999911e+00	7.499905952701747640e-03	-1.287813473439419027e-03
3.405000000000000249e+00	7.499907955689727977e-03	-1.260376468963591819e-03
3.410000000000000142e+00	7.499909920152557363e-03	-1.233467457046322690e-03
3.415000000000000036e+00	7.499911846717766811e-03	-1.207077829216328174e-03
3.419999999999999929e+00	7.499913736005813999e-03	-1.181199074280440920e-03
3.424999999999999822e+00	7.499915588630048577e-03	-1.155822778792496130e-03
3.430000000000000160e+00	7.499917405196717367e-03	-1.130940627047040794e-03
3.435000000000000053e+00	7.499919186304952225e-03	-1.106544401077262218e-03
3.439999999999999947e+00	7.499920932546761364e-03	-1.082625980915464126e-03
3.445000000000000284e+00	7.499922644507055376e-03	-1.059177344153167241e-03
3.450000000000000178e+00	7.499924322763610804e-03	-1.036190566448809067e-03
3.455000000000000071e+00	7.499925967887131721e-03	-1.013657820681763922e-03
3.459999999999999964e+00	7.499927580441192489e-03	-9.915713776883071807e-04
3.464999999999999858e+00	7.499929160982331429e-03	-9.699236050397780752e-04
3.470000000000000195e+00	7.499930710059977100e-03	-9.487069679891485877e-04
3.475000000000000089e+00	7.499932228216562788e-03	-9.279140279023339330e-04
3.479999999999999982e+00	7.499933715987444106e-03	-9.075374433980502994e-04
3.485000000000000320e+00	7.499935173901036041e-03	-8.875699684599841358e-04
3.490000000000000213e+00	7.499936602478712334e-03	-8.680044537536709412e-04
3.495000000000000107e+00	7.499938002234971153e-03	-8.488338444459378809e-04
3.500000000000000000e+00	7.499939373677320595e-03	-8.300511816834812463e-04
3.504999999999999893e+00	7.499940717306461703e-03	-8.116496001444019554e-04
3.509999999999999787e+00	7.499942033616162698e-03	-7.936223296638061399e-04
3.514999999999999680e+00	7.499943323093462809e-03	-7.759626925415059624e-04
3.520000000000000018e+00	7.499944586218536963e-03	-7.586641053006714340e-04
3.524999999999999911e+00	7.499945823464911759e-03	-7.417200757742760343e-04
3.529999999999999805e+00	7.499947035299327561e-03	-7.251242049835886477e-04
3.535000000000000142e+00	7.499948222181963137e-03	-7.088701840249782065e-04
3.540000000000000036e+00	7.499949384566290816e-03	-6.929517960557112855e-04
3.544999999999999929e+00	7.499950522899320217e-03	-6.773629130014355596e-04
3.549999999999999822e+00	7.499951637621440383e-03	-6.620974976375621802e-04
3.554999999999999716e+00	7.499952729166673923e-03	-6.471496001367204503e-04
3.560000000000000053e+00	7.499953797962520020e-03	-6.325133602345388338e-04
3.564999999999999947e+00	7.499954844430212035e-03	-6.181830036354039491e-04
3.569999999999999840e+00	7.499955868984560514e-03	-6.041528442520398582e-04
3.575000000000000178e+00	7.499956872034214267e-03	-5.904172804867334305e-04
3.580000000000000071e+00	7.499957853981505107e-03	-5.769707975349949681e-04
3.584999999999999964e+00	7.499958815222712398e-03	-5.638079635584375112e-04
3.589999999999999858e+00	7.499959756147902591e-03	-5.509234320431790483e-04
3.594999999999999751e+00	7.499960677141207649e-03	-5.383119378796523890e-04
3.600000000000000089e+00	7.499961578580652440e-03	-5.259682997670195054e-04
3.604999999999999982e+00	7.499962460838445304e-03	-5.138874162143347883e-04
3.609999999999999876e+00	7.499963324280798510e-03	-5.020642679827520740e-04
3.615000000000000213e+00	7.499964169268229230e-03	-4.904939140215396022e-04
3.620000000000000107e+00	7.499964996155371322e-03	-4.791714939405013174e-04
3.625000000000000000e+00	7.499965805291281505e-03	-4.680922238934682490e-04
3.629999999999999893e+00	7.499966597019254617e-03	-4.572513990736502007e-04
3.634999999999999787e+00	7.499967371677128056e-03	-4.466443895564670553e-04
3.640000000000000124e+00	7.499968129597094427e-03	-4.362666428113597377e-04
3.645000000000000018e+00	7.499968871106012930e-03	-4.261136795148832632e-04
3.649999999999999911e+00	7.499969596525219405e-03	-4.161810960726552619e-04
3.655000000000000249e+00	7.499970306170835981e-03	-4.064645604131429646e-04
3.660000000000000142e+00	7.499971000353588060e-03	-3.969598145140294169e-04
3.665000000000000036e+00	7.499971679379107900e-03	-3.876626701862418323e-04
3.669999999999999929e+00	7.499972343547750726e-03	-3.785690115993363869e-04
3.674999999999999822e+00	7.499972993154903518e-03	-3.696747910646319972e-04
3.680000000000000160e+00	7.499973628490804595e-03	-3.609760315548482469e-04
3.685000000000000053e+00	7.499974249840843724e-03	-3.524688224945759065e-04
3.689999999999999947e+00	7.499974857485380841e-03	-3.441493222694067726e-04
3.695000000000000284e+00	7.499975451700056570e-03	-3.360137540314584435e-04
3.700000000000000178e+00	7.499976032755603129e-03	-3.280584081939446782e-04
3.705000000000000071e+00	7.499976600918154858e-03	-3.202796382586778172e-04
3.709999999999999964e+00	7.499977156449062592e-03	-3.126738632921298054e-04
3.714999999999999858e+00	7.499977699605199846e-03	-3.052375637815526164e-04
3.720000000000000195e+00	7.499978230638778068e-03	-2.979672840890418436e-04
3.725000000000000089e+00	7.499978749797654547e-03	-2.908596283419777610e-04
3.729999999999999982e+00	7.499979257325145934e-03	-2.839112628620203173e-04
3.735000000000000320e+00	7.499979753460332688e-03	-2.771189120952873984e-04
3.740000000000000213e+00	7.499980238437880392e-03	-2.704793610132993431e-04
3.745000000000000107e+00	7.499980712488332063e-03	-2.639894510880053374e-04
3.750000000000000000e+00	7.499981175837937275e-03	-2.576460826619406531e-04
3.754999999999999893e+00	7.499981628708941861e-03	-2.514462109724745209e-04
3.759999999999999787e+00	7.499982071319417042e-03	-2.453868484888966544e-04
3.764999999999999680e+00	7.499982503883543920e-03	-2.394650609899150889e-04
3.770000000000000018e+00	7.499982926611446950e-03	-2.336779698656107885e-04
3.774999999999999911e+00	7.499983339709478426e-03	-2.280227482517875224e-04
3.779999999999999805e+00	7.499983743380047620e-03	-2.224966232948465681e-04
3.785000000000000142e+00	7.499984137821903533e-03	-2.170968723462082459e-04
3.790000000000000036e+00	7.499984523229968371e-03	-2.118208251885271435e-04
3.794999999999999929e+00	7.499984899795611622e-03	-2.066658602930786649e-04
3.799999999999999822e+00	7.499985267706494804e-03	-2.016294070057387535e-04
3.804999999999999716e+00	7.499985627146832541e-03	-1.967089418699306282e-04
3.810000000000000053e+00	7.499985978297240771e-03	-1.919019907711832400e-04
3.814999999999999947e+00	7.499986321334998693e-03	-1.872061253276980177e-04
3.819999999999999840e+00	7.499986656433894373e-03	-1.826189649924872093e-04
3.825000000000000178e+00	7.499986983764484957e-03	-1.781381735134963712e-04
3.830000000000000071e+00	7.499987303493947481e-03	-1.737614609922661214e-04
3.834999999999999964e+00	7.499987615786326070e-03	-1.694865804152448341e-04
3.839999999999999858e+00	7.499987920802390559e-03	-1.653113296684189640e-04
3.844999999999999751e+00	7.499988218699882823e-03	-1.612335481411282371e-04
3.850000000000000089e+00	7.499988509633371062e-03	-1.572511186959147397e-04
3.854999999999999982e+00	7.499988793754496126e-03	-1.533619643459177334e-04
3.859999999999999876e+00	7.499989071211824940e-03	-1.495640501795619825e-04
3.865000000000000213e+00	7.499989342151094224e-03	-1.458553801123960863e-04
3.870000000000000107e+00	7.499989606715069985e-03	-1.422339987663071448e-04
3.875000000000000000e+00	7.499989865043776502e-03	-1.386979882964244515e-04
3.879999999999999893e+00	7.499990117274367950e-03	-1.352454702246752886e-04
3.884999999999999787e+00	7.499990363541351318e-03	-1.318746023422160676e-04
3.890000000000000124e+00	7.499990603976455436e-03	-1.285835804970934674e-04
3.895000000000000018e+00	7.499990838708853018e-03	-1.253706355724411943e-04
3.899999999999999911e+00	7.499991067865031426e-03	-1.222340352284750941e-04
3.905000000000000249e+00	7.499991291569009511e-03	-1.191720809564426843e-04
3.910000000000000142e+00	7.499991509942215313e-03	-1.161831097749725547e-04
3.915000000000000036e+00	7.499991723103691631e-03	-1.132654913597470870e-04
3.919999999999999929e+00	7.499991931169976318e-03	-1.104176296943512104e-04
3.924999999999999822e+00	7.499992134255308723e-03	-1.076379602754811614e-04
3.930000000000000160e+00	7.499992332471510856e-03	-1.049249517185469211e-04
3.935000000000000053e+00	7.499992525928186014e-03	-1.022771030380143154e-04
3.939999999999999947e+00	7.499992714732603427e-03	-9.969294520822906251e-05
3.945000000000000284e+00	7.499992898989895143e-03	-9.717103851827774163e-05
3.950000000000000178e+00	7.499993078802939805e-03	-9.470997408834858750e-05
3.955000000000000071e+00	7.499993254272555206e-03	-9.230837129868355582e-05
3.959999999999999964e+00	7.499993425497389864e-03	-8.996487926195369971e-05
3.964999999999999858e+00	7.499993592574102572e-03	-8.767817432546519234e-05
3.970000000000000195e+00	7.499993755597259178e-03	-8.544696150007096271e-05
3.975000000000000089e+00	7.499993914659512997e-03	-8.326997203487148996e-05
3.979999999999999982e+00	7.499994069851497261e-03	-8.114596480333157000e-05
3.985000000000000320e+00	7.499994221262003789e-03	-7.907372394943072409e-05
3.990000000000000213e+00	7.499994368977879779e-03	-7.705206023158024198e-05
3.995000000000000107e+00	7.499994513084198670e-03	-7.507980873940220629e-05
4.000000000000000000e+00	7.499994653664158670e-03	-7.315583019602162897e-05
4.004999999999999893e+00	7.499994790799251881e-03	-7.127900874440325218e-05
4.009999999999999787e+00	7.499994924569165430e-03	-6.944825320877938651e-05
4.014999999999999680e+00	7.499995055051945393e-03	-6.766249494944558162e-05
4.019999999999999574e+00	7.499995182323899653e-03	-6.592068908401042566e-05
4.025000000000000355e+00	7.499995306459754894e-03	-6.422181240937162154e-05
4.030000000000000249e+00	7.499995427532568995e-03	-6.256486458366345761e-05
4.035000000000000142e+00	7.499995545613877615e-03	-6.094886611430352057e-05
4.040000000000000036e+00	7.499995660773611794e-03	-5.937285950127528728e-05
4.044999999999999929e+00	7.499995773080235864e-03	-5.783590729002805760e-05
4.049999999999999822e+00	7.499995882600674589e-03	-5.633709317689761389e-05
4.054999999999999716e+00	7.499995989400441536e-03	-5.487552012553491239e-05
4.059999999999999609e+00	7.499996093543567950e-03	-5.345031143533820984e-05
4.064999999999999503e+00	7.499996195092734595e-03	-5.206060892006034966e-05
4.070000000000000284e+00	7.499996294109192822e-03	-5.070557394006544626e-05
4.075000000000000178e+00	7.499996390652895542e-03	-4.938438564180866838e-05
4.080000000000000071e+00	7.499996484782425234e-03	-4.809624195472459509e-05
4.084999999999999964e+00	7.499996576555115375e-03	-4.684035789027579731e-05
4.089999999999999858e+00	7.499996666026985392e-03	-4.561596650426665066e-05
4.094999999999999751e+00	7.499996753252854281e-03	-4.442231725400804003e-05
4.099999999999999645e+00	7.499996838286276425e-03	-4.325867692701355969e-05
4.105000000000000426e+00	7.499996921179656953e-03	-4.212432805495319618e-05
4.110000000000000320e+00	7.499997001984184952e-03	-4.101856980945990314e-05
4.115000000000000213e+00	7.499997080749947094e-03	-3.994071647142499498e-05
4.120000000000000107e+00	7.499997157525864315e-03	-3.889009829493540526e-05
4.125000000000000000e+00	7.499997232359798503e-03	-3.786606003050616649e-05
4.129999999999999893e+00	7.499997305298490916e-03	-3.686796175781412670e-05
4.134999999999999787e+00	7.499997376387669730e-03	-3.589517746158743186e-05
4.139999999999999680e+00	7.499997445671986729e-03	-3.494709583403936954e-05
4.144999999999999574e+00	7.499997513195123117e-03	-3.402311890194666122e-05
4.150000000000000355e+00	7.499997578999726203e-03	-3.312266279961402683e-05
4.155000000000000249e+00	7.499997643127512617e-03	-3.224515644580964270e-05
4.160000000000000142e+00	7.499997705619208463e-03	-3.139004228810156458e-05
4.165000000000000036e+00	7.499997766514649063e-03	-3.055677502817777429e-05
4.169999999999999929e+00	7.499997825852718243e-03	-2.974482233846362914e-05
4.174999999999999822e+00	7.499997883671445480e-03	-2.895366363443026508e-05
4.179999999999999716e+00	7.499997940007948651e-03	-2.818279076424154471e-05
4.185000000000000497e+00	7.499997994898528579e-03	-2.743170682681625290e-05
4.190000000000000391e+00	7.499998048378612656e-03	-2.669992683534769685e-05
4.195000000000000284e+00	7.499998100482842441e-03	-2.598697657967099348e-05
4.200000000000000178e+00	7.499998151245025092e-03	-2.529239326437989047e-05
4.205000000000000071e+00	7.499998200698216634e-03	-2.461572441434040762e-05
4.209999999999999964e+00	7.499998248874670780e-03	-2.395652848817688514e-05
4.214999999999999858e+00	7.499998295805922199e-03	-2.331437382552256019e-05
4.219999999999999751e+00	7.499998341522739684e-03	-2.268883923669275094e-05
4.224999999999999645e+00	7.499998386055203338e-03	-2.207951299039029585e-05
4.230000000000000426e+00	7.499998429432657744e-03	-2.148599338033538260e-05
4.235000000000000320e+00	7.499998471683790024e-03	-2.090788775212466864e-05
4.240000000000000213e+00	7.499998512836583003e-03	-2.034481304757143808e-05
4.245000000000000107e+00	7.499998552918388933e-03	-1.979639486956559844e-05
4.250000000000000000e+00	7.499998591955889596e-03	-1.926226800481604232e-05
4.254999999999999893e+00	7.499998629975159620e-03	-1.874207552534022151e-05
4.259999999999999787e+00	7.499998667001634388e-03	-1.823546929041904957e-05
4.264999999999999680e+00	7.499998703060169018e-03	-1.774210908366730436e-05
4.269999999999999574e+00	7.499998738175005404e-03	-1.726166309481011544e-05
4.275000000000000355e+00	7.499998772369830327e-03	-1.679380709100743318e-05
4.280000000000000249e+00	7.499998805667745967e-03	-1.633822487919903819e-05
4.285000000000000142e+00	7.499998838091323679e-03	-1.589460751065430475e-05
4.290000000000000036e+00	7.499998869662572766e-03	-1.546265372452097317e-05
4.294999999999999929e+00	7.499998900402998596e-03	-1.504206918447586096e-05
4.299999999999999822e+00	7.499998930333567036e-03	-1.463256690411888160e-05
4.304999999999999716e+00	7.499998959474764304e-03	-1.423386651451987375e-05
4.309999999999999609e+00	7.499998987846560536e-03	-1.384569467214725964e-05
4.314999999999999503e+00	7.499999015468464432e-03	-1.346778435633960986e-05
4.320000000000000284e+00	7.499999042359495501e-03	-1.309987526036798856e-05
4.325000000000000178e+00	7.499999068538231763e-03	-1.274171311774132277e-05
4.330000000000000071e+00	7.499999094022780262e-03	-1.239305007697893349e-05
4.334999999999999964e+00	7.499999118830829974e-03	-1.205364405572282608e-05
4.339999999999999858e+00	7.499999142979620580e-03	-1.172325909992828291e-05
4.344999999999999751e+00	7.499999166485989306e-03	-1.140166476470561837e-05
4.349999999999999645e+00	7.499999189366345770e-03	-1.108863645842170628e-05
4.355000000000000426e+00	7.499999211636717081e-03	-1.078395484946655211e-05
4.360000000000000320e+00	7.499999233312719220e-03	-1.048740619579852536e-05
4.365000000000000213e+00	7.499999254409603008e-03	-1.019878177656626656e-05
4.370000000000000107e+00	7.499999274942228955e-03	-9.917878207677452486e-06
4.375000000000000000e+00	7.499999294925108889e-03	-9.644496897418818634e-06
4.379999999999999893e+00	7.499999314372379940e-03	-9.378444348591385068e-06
4.384999999999999787e+00	7.499999333297847903e-03	-9.119531637201657353e-06
4.389999999999999680e+00	7.499999351714960356e-03	-8.867574701713626999e-06
4.394999999999999574e+00	7.499999369636848288e-03	-8.622393843908694857e-06
4.400000000000000355e+00	7.499999387076303550e-03	-8.383814005670757740e-06
4.405000000000000249e+00	7.499999404045814416e-03	-8.151664291244836971e-06
4.410000000000000142e+00	7.499999420557543033e-03	-7.925778232090516709e-06
4.415000000000000036e+00	7.499999436623363581e-03	-7.705993329648022812e-06
4.419999999999999929e+00	7.499999452254843199e-03	-7.492151308792393397e-06
4.424999999999999822e+00	7.499999467463269731e-03	-7.284097680372990441e-06
4.429999999999999716e+00	7.499999482259636988e-03	-7.081681983542205981e-06
4.435000000000000497e+00	7.499999496654676835e-03	-6.884757367306684968e-06
4.440000000000000391e+00	7.499999510658839248e-03	-6.693180822326867289e-06
4.445000000000000284e+00	7.499999524282321799e-03	-6.506812780711176793e-06
4.450000000000000178e+00	7.499999537535056646e-03	-6.325517337695163686e-06
4.455000000000000071e+00	7.499999550426735689e-03	-6.149161868841756448e-06
4.459999999999999964e+00	7.499999562966794958e-03	-5.977617242000230209e-06
4.464999999999999858e+00	7.499999575164441497e-03	-5.810757451419593274e-06
4.469999999999999751e+00	7.499999587028641224e-03	-5.648459820384440877e-06
4.474999999999999645e+00	7.499999598568140614e-03	-5.490604651391801477e-06
4.480000000000000426e+00	7.499999609791454559e-03	-5.337075419833763318e-06
4.485000000000000320e+00	7.499999620706891516e-03	-5.187758439689618884e-06
4.490000000000000213e+00	7.499999631322537899e-03	-5.042543048645825234e-06
4.495000000000000107e+00	7.499999641646283230e-03	-4.901321288669068908e-06
4.500000000000000000e+00	7.499999651685806262e-03	-4.763988082900461465e-06
4.504999999999999893e+00	7.499999661448597532e-03	-4.630440930411895806e-06
4.509999999999999787e+00	7.499999670941947215e-03	-4.500580075306497586e-06
4.514999999999999680e+00	7.499999680172965942e-03	-4.374308215137108835e-06
4.519999999999999574e+00	7.499999689148574393e-03	-4.251530662447359101e-06
4.525000000000000355e+00	7.499999697875519775e-03	-4.132155066304837271e-06
4.530000000000000249e+00	7.499999706360370617e-03	-4.016091566619241728e-06
4.535000000000000142e+00	7.499999714609531520e-03	-3.903252528167701645e-06
4.540000000000000036e+00	7.499999722629232743e-03	-3.793552688093610152e-06
4.544999999999999929e+00	7.499999730425550154e-03	-3.686908901932167602e-06
4.549999999999999822e+00	7.499999738004396559e-03	-3.583240284560364673e-06
4.554999999999999716e+00	7.499999745371534708e-03	-3.482467967686674429e-06
4.559999999999999609e+00	7.499999752532572096e-03	-3.384515234469206646e-06
4.564999999999999503e+00	7.499999759492973969e-03	-3.289307287982213758e-06
4.570000000000000284e+00	7.499999766258057254e-03	-3.196771379938069167e-06
4.575000000000000178e+00	7.499999772833006173e-03	-3.106836589689688220e-06
4.580000000000000071e+00	7.499999779222860964e-03	-3.019433947087874854e-06
4.584999999999999964e+00	7.499999785432535232e-03	-2.934496221597140627e-06
4.589999999999999858e+00	7.499999791466805538e-03	-2.851958039771813784e-06
4.594999999999999751e+00	7.499999797330329614e-03	-2.771755683864767431e-06
4.599999999999999645e+00	7.499999803027635088e-03	-2.693827204186374298e-06
4.605000000000000426e+00	7.499999808563135098e-03	-2.618112226886022361e-06
4.610000000000000320e+00	7.499999813941118747e-03	-2.544552061304076586e-06
4.615000000000000213e+00	7.499999819165765851e-03	-2.473089516567088310e-06
4.620000000000000107e+00	7.499999824241138265e-03	-2.403669004222615680e-06
4.625000000000000000e+00	7.499999829171194628e-03	-2.336236363168413922e-06
4.629999999999999893e+00	7.499999833959783424e-03	-2.270738957857839703e-06
4.634999999999999787e+00	7.499999838610652524e-03	-2.207125511184138517e-06
4.639999999999999680e+00	7.499999843127441376e-03	-2.145346198393798854e-06
4.644999999999999574e+00	7.499999847513699226e-03	-2.085352487687771792e-06
4.650000000000000355e+00	7.499999851772871234e-03	-2.027097230014233062e-06
4.655000000000000249e+00	7.499999855908312356e-03	-1.970534506877524907e-06
4.660000000000000142e+00	7.499999859923285606e-03	-1.915619716402924969e-06
4.665000000000000036e+00	7.499999863820962925e-03	-1.862309428058566658e-06
4.669999999999999929e+00	7.499999867604427786e-03	-1.810561465024692441e-06
4.674999999999999822e+00	7.499999871276680392e-03	-1.760334765460445113e-06
4.679999999999999716e+00	7.499999874840636814e-03	-1.711589461527885590e-06
4.685000000000000497e+00	7.499999878299130722e-03	-1.664286746936846482e-06
4.690000000000000391e+00	7.499999881654918592e-03	-1.618388952643359625e-06
4.695000000000000284e+00	7.499999884910678837e-03	-1.573859420352896637e-06
4.700000000000000178e+00	7.499999888069010072e-03	-1.530662575209685858e-06
4.705000000000000071e+00	7.499999891132442392e-03	-1.488763804977307706e-06
4.709999999999999964e+00	7.499999894103432166e-03	-1.448129529775494685e-06
4.714999999999999858e+00	7.499999896984366372e-03	-1.408727086616814004e-06
4.719999999999999751e+00	7.499999899777559133e-03	-1.370524796489048660e-06
4.724999999999999645e+00	7.499999902485263853e-03	-1.333491854030552386e-06
4.730000000000000426e+00	7.499999905109661948e-03	-1.297598391974694430e-06
4.735000000000000320e+00	7.499999907652876718e-03	-1.262815375653483569e-06
4.740000000000000213e+00	7.499999910116965547e-03	-1.229114665094884585e-06
4.745000000000000107e+00	7.499999912503926836e-03	-1.196468914149646367e-06
4.750000000000000000e+00	7.499999914815695667e-03	-1.164851630288829700e-06
4.754999999999999893e+00	7.499999917054155085e-03	-1.134237078123890757e-06
4.759999999999999787e+00	7.499999919221126549e-03	-1.104600337047620864e-06
4.764999999999999680e+00	7.499999921318377741e-03	-1.075917208853422433e-06
4.769999999999999574e+00	7.499999923347620834e-03	-1.048164273485871518e-06
4.775000000000000355e+00	7.499999925310517693e-03	-1.021318800586097120e-06
4.780000000000000249e+00	7.499999927208675539e-03	-9.953588033720376090e-07
4.785000000000000142e+00	7.499999929043653889e-03	-9.702629538327263746e-07
4.790000000000000036e+00	7.499999930816959350e-03	-9.460106349678244602e-07
4.794999999999999929e+00	7.499999932530052558e-03	-9.225818594491144581e-07
4.799999999999999822e+00	7.499999934184344713e-03	-8.999573203145301597e-07
4.804999999999999716e+00	7.499999935781204510e-03	-8.781183128203118591e-07
4.809999999999999609e+00	7.499999937321949472e-03	-8.570467838172428962e-07
4.814999999999999503e+00	7.499999938807858958e-03	-8.367252566586248664e-07
4.820000000000000284e+00	7.499999940240164621e-03	-8.171368792337784774e-07
4.825000000000000178e+00	7.499999941620056482e-03	-7.982653517709719670e-07
4.830000000000000071e+00	7.499999942948682927e-03	-7.800949737530657918e-07
4.834999999999999964e+00	7.499999944227155046e-03	-7.626105743814437535e-07
4.839999999999999858e+00	7.499999945456536227e-03	-7.457975584377247668e-07
4.844999999999999751e+00	7.499999946637858628e-03	-7.296418392869637657e-07
4.849999999999999645e+00	7.499999947772111042e-03	-7.141298837984235813e-07
4.855000000000000426e+00	7.499999948860246700e-03	-6.992486476568177032e-07
4.860000000000000320e+00	7.499999949903180668e-03	-6.849856195332403121e-07
4.865000000000000213e+00	7.499999950901792452e-03	-6.713287585679217851e-07
4.870000000000000107e+00	7.499999951856924259e-03	-6.582665378697678034e-07
4.875000000000000000e+00	7.499999952769387072e-03	-6.457878839833440647e-07
4.879999999999999893e+00	7.499999953639952845e-03	-6.338822198545087127e-07
4.884999999999999787e+00	7.499999954469364037e-03	-6.225394060915222050e-07
4.889999999999999680e+00	7.499999955258325815e-03	-6.117497835084490651e-07
4.894999999999999574e+00	7.499999956007513853e-03	-6.015041161058727471e-07
4.900000000000000355e+00	7.499999956717569131e-03	-5.917936332631527854e-07
4.905000000000000249e+00	7.499999957389102273e-03	-5.826099742213918722e-07
4.910000000000000142e+00	7.499999958022691808e-03	-5.739452300791202714e-07
4.915000000000000036e+00	7.499999958618886776e-03	-5.657918896717349882e-07
4.919999999999999929e+00	7.499999959178204993e-03	-5.581428815093212443e-07
4.924999999999999822e+00	7.499999959701133916e-03	-5.509915208073091607e-07
4.929999999999999716e+00	7.499999960188130643e-03	-5.443315515073222501e-07
4.935000000000000497e+00	7.499999960639626255e-03	-5.381570944326390081e-07
4.940000000000000391e+00	7.499999961056018870e-03	-5.324626893677205654e-07
4.945000000000000284e+00	7.499999961437682321e-03	-5.272432441492629450e-07
4.950000000000000178e+00	7.499999961784957481e-03	-5.224940770623870286e-07
4.955000000000000071e+00	7.499999962098160070e-03	-5.182108666978049037e-07
4.959999999999999964e+00	7.499999962377578051e-03	-5.143896947699235055e-07
4.964999999999999858e+00	7.499999962623470767e-03	-5.110269966111211947e-07
4.969999999999999751e+00	7.499999962836068935e-03	-5.081196044717137263e-07
4.974999999999999645e+00	7.499999963015580723e-03	-5.056646985285273154e-07
4.980000000000000426e+00	7.499999963162182204e-03	-5.036598508103073821e-07
4.985000000000000320e+00	7.499999963276026034e-03	-5.021029766428651036e-07
4.990000000000000213e+00	7.499999963357237114e-03	-5.009923792812470617e-07
4.995000000000000107e+00	7.499999963405914322e-03	-5.003267015524837826e-07
5.000000000000000000e+00	7.499999963422127915e-03	-5.001049714288896448e-07
