# coordinate_x	h	p	@time=571.29
0.000000000000000000e+00	2.700147530083989444e-01	5.715631639959100063e-01
5.000000000000000104e-03	2.700111853283360674e-01	5.715631638749091303e-01
1.000000000000000021e-02	2.700004822893168344e-01	5.715631635118477716e-01
1.499999999999999944e-02	2.699826438926005157e-01	5.715631629066626473e-01
2.000000000000000042e-02	2.699576701412463864e-01	5.715631620591997697e-01
2.500000000000000139e-02	2.699255610387621407e-01	5.715631609692825021e-01
2.999999999999999889e-02	2.698863165904146766e-01	5.715631596366457234e-01
3.500000000000000333e-02	2.698399368019135380e-01	5.715631580610018858e-01
4.000000000000000083e-02	2.697864216807309146e-01	5.715631562419746237e-01
4.499999999999999833e-02	2.697257712347850278e-01	5.715631541791650339e-01
5.000000000000000278e-02	2.696579854737632953e-01	5.715631518720846183e-01
5.500000000000000028e-02	2.695830644078036076e-01	5.715631493202218971e-01
5.999999999999999778e-02	2.695010080488218773e-01	5.715631465229756847e-01
6.500000000000000222e-02	2.694118164091903744e-01	5.715631434797210364e-01
7.000000000000000666e-02	2.693154895030699936e-01	5.715631401897426356e-01
7.500000000000001110e-02	2.692120273450850920e-01	5.715631366523005186e-01
8.000000000000000167e-02	2.691014299516614194e-01	5.715631328665639055e-01
8.499999999999999223e-02	2.689836973396965702e-01	5.715631288316767034e-01
8.999999999999999667e-02	2.688588295279040752e-01	5.715631245466903376e-01
9.500000000000000111e-02	2.687268265354791352e-01	5.715631200106306986e-01
1.000000000000000056e-01	2.685876883834498741e-01	5.715631152224299738e-01
1.050000000000000100e-01	2.684414150933366883e-01	5.715631101809937054e-01
1.100000000000000006e-01	2.682880066885119374e-01	5.715631048851324003e-01
1.149999999999999911e-01	2.681274631928525776e-01	5.715630993336291432e-01
1.199999999999999956e-01	2.679597846321087329e-01	5.715630935251704292e-01
1.250000000000000000e-01	2.677849710325487242e-01	5.715630874584139987e-01
1.300000000000000044e-01	2.676030224223373000e-01	5.715630811319195592e-01
1.350000000000000089e-01	2.674139388301725595e-01	5.715630745442165095e-01
1.400000000000000133e-01	2.672177202866747314e-01	5.715630676937349941e-01
1.450000000000000178e-01	2.670143668230137712e-01	5.715630605788727392e-01
1.499999999999999944e-01	2.668038784723099632e-01	5.715630531979268847e-01
1.549999999999999989e-01	2.665862552682512487e-01	5.715630455491600426e-01
1.600000000000000033e-01	2.663614972465064845e-01	5.715630376307323512e-01
1.650000000000000078e-01	2.661296044433315577e-01	5.715630294407679779e-01
1.700000000000000122e-01	2.658905768969965777e-01	5.715630209772858406e-01
1.749999999999999889e-01	2.656444146463797784e-01	5.715630122382674427e-01
1.799999999999999933e-01	2.653911177324091430e-01	5.715630032215863743e-01
1.849999999999999978e-01	2.651306861966440387e-01	5.715629939250763680e-01
1.900000000000000022e-01	2.648631200827317178e-01	5.715629843464613558e-01
1.950000000000000067e-01	2.645884194349754637e-01	5.715629744834225257e-01
2.000000000000000111e-01	2.643065842998078008e-01	5.715629643335287113e-01
2.050000000000000155e-01	2.640176147243438187e-01	5.715629538943036714e-01
2.099999999999999922e-01	2.637215107578720907e-01	5.715629431631555901e-01
2.149999999999999967e-01	2.634182724503921214e-01	5.715629321374446903e-01
2.200000000000000011e-01	2.631078998541243053e-01	5.715629208144127338e-01
2.250000000000000056e-01	2.627903930220304440e-01	5.715629091912505233e-01
2.300000000000000100e-01	2.624657520093435226e-01	5.715628972650267370e-01
2.349999999999999867e-01	2.621339768720710173e-01	5.715628850327564292e-01
2.399999999999999911e-01	2.617950676685452671e-01	5.715628724913281999e-01
2.449999999999999956e-01	2.614490244579080747e-01	5.715628596375741388e-01
2.500000000000000000e-01	2.610958473016834480e-01	5.715628464681956622e-01
2.550000000000000044e-01	2.607355362622422179e-01	5.715628329798340124e-01
2.600000000000000089e-01	2.603680914043987049e-01	5.715628191689957616e-01
2.650000000000000133e-01	2.599935127938536872e-01	5.715628050321230891e-01
2.700000000000000178e-01	2.596118004988166028e-01	5.715627905655195073e-01
2.750000000000000222e-01	2.592229545884259245e-01	5.715627757654189178e-01
2.800000000000000266e-01	2.588269751343976743e-01	5.715627606279124473e-01
2.850000000000000311e-01	2.584238622094224280e-01	5.715627451490172817e-01
2.899999999999999800e-01	2.580136158888418074e-01	5.715627293246021701e-01
2.949999999999999845e-01	2.575962362490201718e-01	5.715627131504569247e-01
2.999999999999999889e-01	2.571717233690510862e-01	5.715626966222178140e-01
3.049999999999999933e-01	2.567400773291022009e-01	5.715626797354368405e-01
3.099999999999999978e-01	2.563012982121533612e-01	5.715626624855064675e-01
3.150000000000000022e-01	2.558553861023133424e-01	5.715626448677292304e-01
3.200000000000000067e-01	2.554023410865908783e-01	5.715626268772415752e-01
3.250000000000000111e-01	2.549421632531821968e-01	5.715626085090845798e-01
3.300000000000000155e-01	2.544748526932768540e-01	5.715625897581262382e-01
3.350000000000000200e-01	2.540004094993140171e-01	5.715625706191321820e-01
3.400000000000000244e-01	2.535188337668253800e-01	5.715625510866885195e-01
3.449999999999999734e-01	2.530301255926583615e-01	5.715625311552713361e-01
3.499999999999999778e-01	2.525342850768581004e-01	5.715625108191699777e-01
3.549999999999999822e-01	2.520313123208560158e-01	5.715624900725561064e-01
3.599999999999999867e-01	2.515212074293929345e-01	5.715624689094063182e-01
3.649999999999999911e-01	2.510039705086708484e-01	5.715624473235715319e-01
3.699999999999999956e-01	2.504796016683199511e-01	5.715624253086987183e-01
3.750000000000000000e-01	2.499481010195114261e-01	5.715624028583005112e-01
3.800000000000000044e-01	2.494094686769703917e-01	5.715623799656762705e-01
3.850000000000000089e-01	2.488637047570483873e-01	5.715623566239814712e-01
3.900000000000000133e-01	2.483108093797842808e-01	5.715623328261486558e-01
3.950000000000000178e-01	2.477507826669342050e-01	5.715623085649557122e-01
4.000000000000000222e-01	2.471836247440836187e-01	5.715622838329473820e-01
4.050000000000000266e-01	2.466093357386320017e-01	5.715622586225028723e-01
4.099999999999999756e-01	2.460279157819587614e-01	5.715622329257563639e-01
4.149999999999999800e-01	2.454393650073607436e-01	5.715622067346650681e-01
4.199999999999999845e-01	2.448436835522747324e-01	5.715621800409287356e-01
4.249999999999999889e-01	2.442408715561651122e-01	5.715621528360573800e-01
4.299999999999999933e-01	2.436309291628065699e-01	5.715621251112908974e-01
4.349999999999999978e-01	2.430138565181187704e-01	5.715620968576647920e-01
4.400000000000000022e-01	2.423896537725128419e-01	5.715620680659313502e-01
4.450000000000000067e-01	2.417583210786703185e-01	5.715620387266230340e-01
4.500000000000000111e-01	2.411198585939568761e-01	5.715620088299738777e-01
4.550000000000000155e-01	2.404742664781425454e-01	5.715619783659825481e-01
4.600000000000000200e-01	2.398215448958865292e-01	5.715619473243328530e-01
4.649999999999999689e-01	2.391616940143958536e-01	5.715619156944558021e-01
4.699999999999999734e-01	2.384947140059846815e-01	5.715618834654502267e-01
4.749999999999999778e-01	2.378206050456683762e-01	5.715618506261432863e-01
4.799999999999999822e-01	2.371393673138020297e-01	5.715618171650113100e-01
4.849999999999999867e-01	2.364510009936058588e-01	5.715617830702387492e-01
4.899999999999999911e-01	2.357555062738876939e-01	5.715617483296390189e-01
4.949999999999999956e-01	2.350528833464958223e-01	5.715617129307114519e-01
5.000000000000000000e-01	2.343431324091308221e-01	5.715616768605629172e-01
5.050000000000000044e-01	2.336262536627215780e-01	5.715616401059619989e-01
5.100000000000000089e-01	2.329022473143314842e-01	5.715616026532621685e-01
5.150000000000000133e-01	2.321711135744537191e-01	5.715615644884519675e-01
5.200000000000000178e-01	2.314328526600173963e-01	5.715615255970798447e-01
5.250000000000000222e-01	2.306874647915974352e-01	5.715614859643012302e-01
5.300000000000000266e-01	2.299349501965269327e-01	5.715614455748043721e-01
5.350000000000000311e-01	2.291753091060165226e-01	5.715614044128536353e-01
5.400000000000000355e-01	2.284085417583796573e-01	5.715613624622174482e-01
5.450000000000000400e-01	2.276346483960562661e-01	5.715613197062062723e-01
5.500000000000000444e-01	2.268536292689579681e-01	5.715612761276033238e-01
5.550000000000000488e-01	2.260654846313903121e-01	5.715612317086976590e-01
5.600000000000000533e-01	2.252702147455256099e-01	5.715611864312167834e-01
5.649999999999999467e-01	2.244678198782178724e-01	5.715611402763538518e-01
5.699999999999999512e-01	2.236583003046113405e-01	5.715610932247044973e-01
5.749999999999999556e-01	2.228416563048416510e-01	5.715610452562855937e-01
5.799999999999999600e-01	2.220178881677890015e-01	5.715609963504770796e-01
5.849999999999999645e-01	2.211869961876586910e-01	5.715609464860327282e-01
5.899999999999999689e-01	2.203489806678882168e-01	5.715608956410254127e-01
5.949999999999999734e-01	2.195038419176000011e-01	5.715608437928505481e-01
5.999999999999999778e-01	2.186515802556730226e-01	5.715607909181754653e-01
6.049999999999999822e-01	2.177921960070591523e-01	5.715607369929328607e-01
6.099999999999999867e-01	2.169256895070306723e-01	5.715606819922766091e-01
6.149999999999999911e-01	2.160520610973521716e-01	5.715606258905632231e-01
6.199999999999999956e-01	2.151713111307156923e-01	5.715605686613147718e-01
6.250000000000000000e-01	2.142834399667586653e-01	5.715605102771877943e-01
6.300000000000000044e-01	2.133884479767003128e-01	5.715604507099436571e-01
6.350000000000000089e-01	2.124863355391957698e-01	5.715603899304031454e-01
6.400000000000000133e-01	2.115771030451875367e-01	5.715603279084252586e-01
6.450000000000000178e-01	2.106607508935853801e-01	5.715602646128463693e-01
6.500000000000000222e-01	2.097372794963483777e-01	5.715602000114684555e-01
6.550000000000000266e-01	2.088066892739789404e-01	5.715601340709798306e-01
6.600000000000000311e-01	2.078689806608525759e-01	5.715600667569558091e-01
6.650000000000000355e-01	2.069241541005133189e-01	5.715599980337573438e-01
6.700000000000000400e-01	2.059722100512696719e-01	5.715599278645457915e-01
6.750000000000000444e-01	2.050131489812780372e-01	5.715598562111580128e-01
6.800000000000000488e-01	2.040469713744249847e-01	5.715597830341355712e-01
6.850000000000000533e-01	2.030736777251841152e-01	5.715597082925738537e-01
6.899999999999999467e-01	2.020932685448063870e-01	5.715596319441683670e-01
6.949999999999999512e-01	2.011057443559347013e-01	5.715595539450334384e-01
6.999999999999999556e-01	2.001111056991267123e-01	5.715594742497683844e-01
7.049999999999999600e-01	1.991093531272096484e-01	5.715593928112415734e-01
7.099999999999999645e-01	1.981004872121618909e-01	5.715593095806803525e-01
7.149999999999999689e-01	1.970845085391895180e-01	5.715592245074148092e-01
7.199999999999999734e-01	1.960614177139959335e-01	5.715591375389936779e-01
7.249999999999999778e-01	1.950312153565592899e-01	5.715590486208845800e-01
7.299999999999999822e-01	1.939939021088225302e-01	5.715589576966194629e-01
7.349999999999999867e-01	1.929494786281495122e-01	5.715588647074437700e-01
7.399999999999999911e-01	1.918979455954704927e-01	5.715587695924959633e-01
7.449999999999999956e-01	1.908393037083927213e-01	5.715586722883998494e-01
7.500000000000000000e-01	1.897735536898405850e-01	5.715585727294822949e-01
7.550000000000000044e-01	1.887006962807939447e-01	5.715584708473003817e-01
7.600000000000000089e-01	1.876207322494662932e-01	5.715583665709035310e-01
7.650000000000000133e-01	1.865336623836416075e-01	5.715582598262862746e-01
7.700000000000000178e-01	1.854394875004383714e-01	5.715581505367008930e-01
7.750000000000000222e-01	1.843382084382131914e-01	5.715580386220249220e-01
7.800000000000000266e-01	1.832298260669638357e-01	5.715579239991328553e-01
7.850000000000000311e-01	1.821143412797645300e-01	5.715578065811657282e-01
7.900000000000000355e-01	1.809917550038672995e-01	5.715576862779693235e-01
7.950000000000000400e-01	1.798620681916303365e-01	5.715575629952532877e-01
8.000000000000000444e-01	1.787252818323839809e-01	5.715574366351052760e-01
8.050000000000000488e-01	1.775813969428093331e-01	5.715573070950226153e-01
8.100000000000000533e-01	1.764304145796425916e-01	5.715571742685149337e-01
8.149999999999999467e-01	1.752723358294577538e-01	5.715570380439887188e-01
8.199999999999999512e-01	1.741071618222916062e-01	5.715568983054515328e-01
8.249999999999999556e-01	1.729348937207784709e-01	5.715567549312283724e-01
8.299999999999999600e-01	1.717555327347891903e-01	5.715566077947820123e-01
8.349999999999999645e-01	1.705690801098604381e-01	5.715564567632361870e-01
8.399999999999999689e-01	1.693755371429521428e-01	5.715563016983293831e-01
8.449999999999999734e-01	1.681749051701076636e-01	5.715561424547153102e-01
8.499999999999999778e-01	1.669671855834478080e-01	5.715559788810715691e-01
8.549999999999999822e-01	1.657523798179913466e-01	5.715558108181413299e-01
8.599999999999999867e-01	1.645304893700187121e-01	5.715556381000216346e-01
8.649999999999999911e-01	1.633015157829741104e-01	5.715554605519062026e-01
8.699999999999999956e-01	1.620654606673503084e-01	5.715552779915805681e-01
8.750000000000000000e-01	1.608223256855849381e-01	5.715550902268188294e-01
8.800000000000000044e-01	1.595721125736377088e-01	5.715548970571188159e-01
8.850000000000000089e-01	1.583148231247833160e-01	5.715546982706949386e-01
8.900000000000000133e-01	1.570504592130771426e-01	5.715544936464946879e-01
8.950000000000000178e-01	1.557790227759349166e-01	5.715542829507196387e-01
9.000000000000000222e-01	1.545005158397108891e-01	5.715540659391680212e-01
9.050000000000000266e-01	1.532149405009418375e-01	5.715538423532063872e-01
9.100000000000000311e-01	1.519222989542943492e-01	5.715536119224927658e-01
9.150000000000000355e-01	1.506225934723349758e-01	5.715533743603032901e-01
9.200000000000000400e-01	1.493158264361422738e-01	5.715531293667012180e-01
9.250000000000000444e-01	1.480020003134479289e-01	5.715528766231058322e-01
9.300000000000000488e-01	1.466811176922545035e-01	5.715526157959849307e-01
9.350000000000000533e-01	1.453531812571721704e-01	5.715523465305293316e-01
9.399999999999999467e-01	1.440181938264371575e-01	5.715520684549617592e-01
9.449999999999999512e-01	1.426761583262463329e-01	5.715517811731545272e-01
9.499999999999999556e-01	1.413270778316350618e-01	5.715514842696647335e-01
9.549999999999999600e-01	1.399709555385851567e-01	5.715511773010979457e-01
9.599999999999999645e-01	1.386077948092979684e-01	5.715508598020035969e-01
9.649999999999999689e-01	1.372375991418207097e-01	5.715505312747456435e-01
9.699999999999999734e-01	1.358603722203422237e-01	5.715501911964184778e-01
9.749999999999999778e-01	1.344761178820473857e-01	5.715498390069340129e-01
9.799999999999999822e-01	1.330848401731736519e-01	5.715494741171532889e-01
9.849999999999999867e-01	1.316865433127624996e-01	5.715490958948334921e-01
9.899999999999999911e-01	1.302812317553482813e-01	5.715487036742129545e-01
9.949999999999999956e-01	1.288689101512283663e-01	5.715482967393813452e-01
1.000000000000000000e+00	1.274495834168187236e-01	5.715478743356064983e-01
1.004999999999999893e+00	1.260232566910090557e-01	5.715474356495889863e-01
1.010000000000000009e+00	1.245899354144183319e-01	5.715469798228866027e-01
1.015000000000000124e+00	1.231496252813363973e-01	5.715465059283830751e-01
1.020000000000000018e+00	1.217023323293582870e-01	5.715460129862488525e-01
1.024999999999999911e+00	1.202480628863378115e-01	5.715454999357888477e-01
1.030000000000000027e+00	1.187868236721811854e-01	5.715449656544817625e-01
1.035000000000000142e+00	1.173186217401521042e-01	5.715444089241591419e-01
1.040000000000000036e+00	1.158434645929803247e-01	5.715438284538003622e-01
1.044999999999999929e+00	1.143613601177536077e-01	5.715432228387191671e-01
1.050000000000000044e+00	1.128723167189698007e-01	5.715425905879607527e-01
1.055000000000000160e+00	1.113763432461306185e-01	5.715419300748164622e-01
1.060000000000000053e+00	1.098734491469592345e-01	5.715412395698888925e-01
1.064999999999999947e+00	1.083636443866694138e-01	5.715405171807858009e-01
1.070000000000000062e+00	1.068469396253255571e-01	5.715397608922047068e-01
1.075000000000000178e+00	1.053233461275976807e-01	5.715389684920371138e-01
1.080000000000000071e+00	1.037928759692051395e-01	5.715381376201976726e-01
1.084999999999999964e+00	1.022555419357755319e-01	5.715372656775440374e-01
1.090000000000000080e+00	1.007113577645608604e-01	5.715363498856660396e-01
1.095000000000000195e+00	9.916033803079798981e-02	5.715353871739174973e-01
1.100000000000000089e+00	9.760249843250562440e-02	5.715343742530314408e-01
1.104999999999999982e+00	9.603785566249077588e-02	5.715333074740552854e-01
1.110000000000000098e+00	9.446642774616435811e-02	5.715321829195283421e-01
1.115000000000000213e+00	9.288823389705481992e-02	5.715309962260497478e-01
1.120000000000000107e+00	9.130329492040194228e-02	5.715297426979321083e-01
1.125000000000000000e+00	8.971163304972543107e-02	5.715284170822695353e-01
1.129999999999999893e+00	8.811327243274116872e-02	5.715270137115872062e-01
1.134999999999999787e+00	8.650823894620608689e-02	5.715255262162712846e-01
1.139999999999999902e+00	8.489656078582612231e-02	5.715239477049437467e-01
1.145000000000000018e+00	8.327826825628260876e-02	5.715222703934271786e-01
1.149999999999999911e+00	8.165339449383474113e-02	5.715204858346571992e-01
1.154999999999999805e+00	8.002197522818105258e-02	5.715185844351741151e-01
1.159999999999999920e+00	7.838404967622829289e-02	5.715165557507271288e-01
1.165000000000000036e+00	7.673966027236067688e-02	5.715143878493480489e-01
1.169999999999999929e+00	7.508885378560833934e-02	5.715120676950028455e-01
1.174999999999999822e+00	7.343168101516911461e-02	5.715095802986112083e-01
1.179999999999999938e+00	7.176819820289204177e-02	5.715069092210778301e-01
1.185000000000000053e+00	7.009846669186808876e-02	5.715040354269509404e-01
1.189999999999999947e+00	6.842255473475099270e-02	5.715009379513538157e-01
1.194999999999999840e+00	6.674053711552567492e-02	5.714975923300350535e-01
1.199999999999999956e+00	6.505249749650773849e-02	5.714939714944002880e-01
1.205000000000000071e+00	6.335852800815994224e-02	5.714900435875812645e-01
1.209999999999999964e+00	6.165873234142096176e-02	5.714857731816652686e-01
1.214999999999999858e+00	5.995322531977509417e-02	5.714811181867442968e-01
1.219999999999999973e+00	5.824213704180815354e-02	5.714760315307140237e-01
1.225000000000000089e+00	5.652561246759186392e-02	5.714704566999126989e-01
1.229999999999999982e+00	5.480381707111002532e-02	5.714643300949996396e-01
1.234999999999999876e+00	5.307693650689090936e-02	5.714575744583259009e-01
1.239999999999999991e+00	5.134518448181402822e-02	5.714501022376837769e-01
1.245000000000000107e+00	4.960880263235677851e-02	5.714418056641493715e-01
1.250000000000000000e+00	4.786807173983208957e-02	5.714325616517396123e-01
1.254999999999999893e+00	4.612331207242793829e-02	5.714222164097193524e-01
1.260000000000000009e+00	4.437489977628025772e-02	5.714105927413148933e-01
1.265000000000000124e+00	4.262326817823276770e-02	5.713974654423391586e-01
1.270000000000000018e+00	4.086893243482503379e-02	5.713825724535918082e-01
1.274999999999999911e+00	3.911249277338367525e-02	5.713655741479665151e-01
1.280000000000000027e+00	3.735467276201322184e-02	5.713460708765726315e-01
1.285000000000000142e+00	3.559632644869486356e-02	5.713235328989937356e-01
1.290000000000000036e+00	3.383849992776497007e-02	5.712973289520654196e-01
1.294999999999999929e+00	3.208244638533944842e-02	5.712666001693512685e-01
1.300000000000000044e+00	3.032972906992950982e-02	5.712303085758523302e-01
1.305000000000000160e+00	2.858225259927534706e-02	5.711869985772002334e-01
1.310000000000000053e+00	2.684244236044609419e-02	5.711348837921632615e-01
1.314999999999999947e+00	2.511330962357814431e-02	5.710713703305198008e-01
1.320000000000000062e+00	2.339877635621959856e-02	5.709932241816702003e-01
1.325000000000000178e+00	2.170380983416051943e-02	5.708955627009955069e-01
1.330000000000000071e+00	2.003502474212563722e-02	5.707722148884393221e-01
1.334999999999999964e+00	1.840094819336286075e-02	5.706134823764279496e-01
1.340000000000000080e+00	1.681310367521601443e-02	5.704070550742935675e-01
1.345000000000000195e+00	1.528642605314415800e-02	5.701329913032695540e-01
1.350000000000000089e+00	1.384081838682726939e-02	5.697665874036930145e-01
1.354999999999999982e+00	1.250112635373869761e-02	5.692683516009106048e-01
1.360000000000000098e+00	1.129717273374060416e-02	5.685942564379605768e-01
1.365000000000000213e+00	1.026011534270166933e-02	5.676838620618791520e-01
1.370000000000000107e+00	9.414615141941869159e-03	5.664896956385393478e-01
1.375000000000000000e+00	8.770107803620568604e-03	5.649790871323041586e-01
1.379999999999999893e+00	8.312094260939329946e-03	5.631615696445523289e-01
1.384999999999999787e+00	8.007972582142922763e-03	5.610881118263418843e-01
1.389999999999999902e+00	7.816715783639098178e-03	5.588205431389698941e-01
1.395000000000000018e+00	7.700993095816982548e-03	5.564287516982775461e-01
1.399999999999999911e+00	7.632971451300474101e-03	5.539582775965622430e-01
1.404999999999999805e+00	7.593423281387905351e-03	5.514464352829210325e-01
1.409999999999999920e+00	7.570758225681593553e-03	5.489125514977806208e-01
1.415000000000000036e+00	7.557716652552938681e-03	5.463707696367121613e-01
1.419999999999999929e+00	7.550257988801621634e-03	5.438278143806323239e-01
1.424999999999999822e+00	7.545930859542830313e-03	5.412884212342414791e-01
1.429999999999999938e+00	7.543407604564450822e-03	5.387547659460282246e-01
1.435000000000000053e+00	7.541890930883530728e-03	5.362283555940108304e-01
1.439999999999999947e+00	7.540952907689063740e-03	5.337098635021279014e-01
1.444999999999999840e+00	7.540337402531120670e-03	5.311997473553520255e-01
1.449999999999999956e+00	7.539907355799266991e-03	5.286981984536325285e-01
1.455000000000000071e+00	7.539580823596457246e-03	5.262053396561164886e-01
1.459999999999999964e+00	7.539314003425460521e-03	5.237212094032639431e-01
1.464999999999999858e+00	7.539080717365968798e-03	5.212458247035512970e-01
1.469999999999999973e+00	7.538866977782947461e-03	5.187791760335024316e-01
1.475000000000000089e+00	7.538664426056542085e-03	5.163212473587661666e-01
1.479999999999999982e+00	7.538468596203798562e-03	5.138720144708605053e-01
1.484999999999999876e+00	7.538276819047991760e-03	5.114314513704040221e-01
1.489999999999999991e+00	7.538087667851293104e-03	5.089995296937385172e-01
1.495000000000000107e+00	7.537900289230971794e-03	5.065762207718109700e-01
1.500000000000000000e+00	7.537714226243334877e-03	5.041614954035382734e-01
1.504999999999999893e+00	7.537529204861398088e-03	5.017553245437048615e-01
1.510000000000000009e+00	7.537345077530707531e-03	4.993576791874341225e-01
1.515000000000000124e+00	7.537161755051233897e-03	4.969685306230334776e-01
1.520000000000000018e+00	7.536979188571490094e-03	4.945878503527962322e-01
1.524999999999999911e+00	7.536797347865635197e-03	4.922156102072908768e-01
1.530000000000000027e+00	7.536616215588427641e-03	4.898517822787341047e-01
1.535000000000000142e+00	7.536435780351814599e-03	4.874963389906503686e-01
1.540000000000000036e+00	7.536256034889780159e-03	4.851492530362284117e-01
1.544999999999999929e+00	7.536076973854470215e-03	4.828104974331234311e-01
1.550000000000000044e+00	7.535898593227612074e-03	4.804800454643453067e-01
1.555000000000000160e+00	7.535720889621244818e-03	4.781578707276621931e-01
1.560000000000000053e+00	7.535543860086534561e-03	4.758439470781977709e-01
1.564999999999999947e+00	7.535367501894011007e-03	4.735382486754626807e-01
1.570000000000000062e+00	7.535191812469087778e-03	4.712407499273580935e-01
1.575000000000000178e+00	7.535016789325030967e-03	4.689514255358290806e-01
1.580000000000000071e+00	7.534842430038927140e-03	4.666702504421340048e-01
1.584999999999999964e+00	7.534668732233248435e-03	4.643971998714676030e-01
1.590000000000000080e+00	7.534495693564771147e-03	4.621322492794123216e-01
1.595000000000000195e+00	7.534323311721565983e-03	4.598753743956741635e-01
1.600000000000000089e+00	7.534151584416114676e-03	4.576265511716503531e-01
1.604999999999999982e+00	7.533980509387153135e-03	4.553857558233519454e-01
1.610000000000000098e+00	7.533810084394197519e-03	4.531529647800327520e-01
1.615000000000000213e+00	7.533640307220881849e-03	4.509281547263517265e-01
1.620000000000000107e+00	7.533471175669990624e-03	4.487113025520089726e-01
1.625000000000000000e+00	7.533302687567230982e-03	4.465023853931925357e-01
1.629999999999999893e+00	7.533134840756491694e-03	4.443013805831723673e-01
1.634999999999999787e+00	7.532967633103701197e-03	4.421082656930719890e-01
1.639999999999999902e+00	7.532801062492217557e-03	4.399230184833723412e-01
1.645000000000000018e+00	7.532635126826675229e-03	4.377456169440467892e-01
1.649999999999999911e+00	7.532469824028474766e-03	4.355760392469297249e-01
1.654999999999999805e+00	7.532305152039575798e-03	4.334142637852504421e-01
1.659999999999999920e+00	7.532141108818082159e-03	4.312602691268224708e-01
1.665000000000000036e+00	7.531977692341975880e-03	4.291140340530135711e-01
1.669999999999999929e+00	7.531814900604780379e-03	4.269755375127123331e-01
1.674999999999999822e+00	7.531652731619243278e-03	4.248447586607667081e-01
1.679999999999999938e+00	7.531491183413072457e-03	4.227216768126894619e-01
1.685000000000000053e+00	7.531330254032565959e-03	4.206062714825969939e-01
1.689999999999999947e+00	7.531169941538418296e-03	4.184985223386155084e-01
1.694999999999999840e+00	7.531010244009302655e-03	4.163984092403483217e-01
1.699999999999999956e+00	7.530851159537743991e-03	4.143059121949486112e-01
1.705000000000000071e+00	7.530692686233649187e-03	4.122210113941447429e-01
1.709999999999999964e+00	7.530534822220251272e-03	4.101436871709426835e-01
1.714999999999999858e+00	7.530377565637589275e-03	4.080739200362377694e-01
1.719999999999999973e+00	7.530220914638513161e-03	4.060116906361138089e-01
1.725000000000000089e+00	7.530064867392124647e-03	4.039569797880674384e-01
1.729999999999999982e+00	7.529909422079841992e-03	4.019097684388726610e-01
1.734999999999999876e+00	7.529754576898790505e-03	3.998700377004421602e-01
1.739999999999999991e+00	7.529600330057931515e-03	3.978377688082266328e-01
1.745000000000000107e+00	7.529446679781412986e-03	3.958129431567381507e-01
1.750000000000000000e+00	7.529293624304749660e-03	3.937955422584552556e-01
1.754999999999999893e+00	7.529141161878138977e-03	3.917855477790301855e-01
1.760000000000000009e+00	7.528989290762689787e-03	3.897829414966725858e-01
1.765000000000000124e+00	7.528838009233705317e-03	3.877877053370628602e-01
1.770000000000000018e+00	7.528687315576959582e-03	3.857998213331877979e-01
1.774999999999999911e+00	7.528537208091946528e-03	3.838192716599800325e-01
1.780000000000000027e+00	7.528387685088203281e-03	3.818460385945812163e-01
1.785000000000000142e+00	7.528238744888528927e-03	3.798801045507275709e-01
1.790000000000000036e+00	7.528090385825354607e-03	3.779214520394164611e-01
1.794999999999999929e+00	7.527942606243924126e-03	3.759700637030553572e-01
1.800000000000000044e+00	7.527795404498714357e-03	3.740259222765107694e-01
1.805000000000000160e+00	7.527648778956582028e-03	3.720890106210381076e-01
1.810000000000000053e+00	7.527502727993231821e-03	3.701593116856904953e-01
1.814999999999999947e+00	7.527357249996326737e-03	3.682368085410468450e-01
1.820000000000000062e+00	7.527212343362001297e-03	3.663214843409595134e-01
1.825000000000000178e+00	7.527068006497947619e-03	3.644133223560975243e-01
1.830000000000000071e+00	7.526924237819959847e-03	3.625123059360126909e-01
1.834999999999999964e+00	7.526781035754999405e-03	3.606184185425124200e-01
1.840000000000000080e+00	7.526638398737774127e-03	3.587316437120269264e-01
1.845000000000000195e+00	7.526496325213782694e-03	3.568519650888259953e-01
1.850000000000000089e+00	7.526354813635923249e-03	3.549793663876684158e-01
1.854999999999999982e+00	7.526213862467518757e-03	3.531138314268762457e-01
1.860000000000000098e+00	7.526073470178960313e-03	3.512553440912508651e-01
1.865000000000000213e+00	7.525933635250705613e-03	3.494038883650171790e-01
1.870000000000000107e+00	7.525794356169957823e-03	3.475594482949898589e-01
1.875000000000000000e+00	7.525655631433644105e-03	3.457220080233988080e-01
1.879999999999999893e+00	7.525517459545123106e-03	3.438915517512916020e-01
1.884999999999999787e+00	7.525379839017142664e-03	3.420680637712523731e-01
1.889999999999999902e+00	7.525242768368579395e-03	3.402515284310241861e-01
1.895000000000000018e+00	7.525106246127378183e-03	3.384419301661332757e-01
1.899999999999999911e+00	7.524970270827316052e-03	3.366392534637174805e-01
1.904999999999999805e+00	7.524834841010926909e-03	3.348434828950651032e-01
1.909999999999999920e+00	7.524699955226293174e-03	3.330546030796376900e-01
1.915000000000000036e+00	7.524565612029949710e-03	3.312725987175331177e-01
1.919999999999999929e+00	7.524431809983703201e-03	3.294974545536901722e-01
1.924999999999999822e+00	7.524298547657523074e-03	3.277291554102835791e-01
1.929999999999999938e+00	7.524165823626381699e-03	3.259676861511001111e-01
1.935000000000000053e+00	7.524033636473129692e-03	3.242130317138747775e-01
1.939999999999999947e+00	7.523901984785363005e-03	3.224651770748258039e-01
1.944999999999999840e+00	7.523770867158280883e-03	3.207241072809405846e-01
1.949999999999999956e+00	7.523640282191577239e-03	3.189898074146590989e-01
1.955000000000000071e+00	7.523510228492283868e-03	3.172622626261170087e-01
1.959999999999999964e+00	7.523380704671686972e-03	3.155414580979686856e-01
1.964999999999999858e+00	7.523251709348151295e-03	3.138273790775930050e-01
1.969999999999999973e+00	7.523123241144060065e-03	3.121200108420468244e-01
1.975000000000000089e+00	7.522995298688630456e-03	3.104193387302409124e-01
1.979999999999999982e+00	7.522867880614866540e-03	3.087253481080149964e-01
1.984999999999999876e+00	7.522740985562369545e-03	3.070380244002891557e-01
1.989999999999999991e+00	7.522614612174306423e-03	3.053573530562522786e-01
1.995000000000000107e+00	7.522488759100208824e-03	3.036833195814956365e-01
2.000000000000000000e+00	7.522363424992961622e-03	3.020159095033065344e-01
2.004999999999999893e+00	7.522238608511588875e-03	3.003551084027880069e-01
2.009999999999999787e+00	7.522114308318264900e-03	2.987009018802517235e-01
2.014999999999999680e+00	7.521990523081083756e-03	2.970532755873288022e-01
2.020000000000000018e+00	7.521867251471090268e-03	2.954122151924548079e-01
2.024999999999999911e+00	7.521744492165043441e-03	2.937777064129760696e-01
2.029999999999999805e+00	7.521622243842455285e-03	2.921497349807202770e-01
2.035000000000000142e+00	7.521500505188351629e-03	2.905282866741015768e-01
2.040000000000000036e+00	7.521379274890327427e-03	2.889133472837730476e-01
2.044999999999999929e+00	7.521258551641294560e-03	2.873049026447330734e-01
2.049999999999999822e+00	7.521138334136551890e-03	2.857029386020532580e-01
2.054999999999999716e+00	7.521018621076530457e-03	2.841074410429906272e-01
2.060000000000000053e+00	7.520899411163874809e-03	2.825183958627856540e-01
2.064999999999999947e+00	7.520780703106174324e-03	2.809357889967836197e-01
2.069999999999999840e+00	7.520662495613067954e-03	2.793596063862973100e-01
2.075000000000000178e+00	7.520544787398966008e-03	2.777898340107397002e-01
2.080000000000000071e+00	7.520427577180162707e-03	2.762264578535491011e-01
2.084999999999999964e+00	7.520310863677553623e-03	2.746694639343340572e-01
2.089999999999999858e+00	7.520194645613767319e-03	2.731188382748562793e-01
2.094999999999999751e+00	7.520078921715865443e-03	2.715745669311913635e-01
2.100000000000000089e+00	7.519963690712492578e-03	2.700366359597654031e-01
2.104999999999999982e+00	7.519848951336572870e-03	2.685050314495330270e-01
2.109999999999999876e+00	7.519734702322461613e-03	2.669797394880645269e-01
2.115000000000000213e+00	7.519620942408647944e-03	2.654607461937418811e-01
2.120000000000000107e+00	7.519507670334910771e-03	2.639480376818950091e-01
2.125000000000000000e+00	7.519394884845013657e-03	2.624416000970163920e-01
2.129999999999999893e+00	7.519282584683877231e-03	2.609414195789430124e-01
2.134999999999999787e+00	7.519170768600268000e-03	2.594474822950914028e-01
2.140000000000000124e+00	7.519059435343978560e-03	2.579597744066826626e-01
2.145000000000000018e+00	7.518948583668509482e-03	2.564782821009985447e-01
2.149999999999999911e+00	7.518838212328265123e-03	2.550029915576478290e-01
2.155000000000000249e+00	7.518728320081227712e-03	2.535338889808423368e-01
2.160000000000000142e+00	7.518618905686161834e-03	2.520709605657052710e-01
2.165000000000000036e+00	7.518509967905285044e-03	2.506141925305671037e-01
2.169999999999999929e+00	7.518401505501485366e-03	2.491635710833114969e-01
2.174999999999999822e+00	7.518293517240976290e-03	2.477190824536937008e-01
2.180000000000000160e+00	7.518186001890535958e-03	2.462807128597228334e-01
2.185000000000000053e+00	7.518078958220154352e-03	2.448484485400013455e-01
2.189999999999999947e+00	7.517972385000275086e-03	2.434222757201433274e-01
2.195000000000000284e+00	7.517866281004444325e-03	2.420021806451338742e-01
2.200000000000000178e+00	7.517760645006561250e-03	2.405881495457834751e-01
2.205000000000000071e+00	7.517655475783518310e-03	2.391801686711068631e-01
2.209999999999999964e+00	7.517550772112467292e-03	2.377782242548119318e-01
2.214999999999999858e+00	7.517446532773448299e-03	2.363823025476976813e-01
2.220000000000000195e+00	7.517342756546665367e-03	2.349923897841773301e-01
2.225000000000000089e+00	7.517239442215119770e-03	2.336084722146948844e-01
2.229999999999999982e+00	7.517136588561881307e-03	2.322305360722816681e-01
2.235000000000000320e+00	7.517034194372722473e-03	2.308585676049895730e-01
2.240000000000000213e+00	7.516932258433405359e-03	2.294925530424829496e-01
2.245000000000000107e+00	7.516830779532300208e-03	2.281324786284862627e-01
2.250000000000000000e+00	7.516729756457685326e-03	2.267783305874107036e-01
2.254999999999999893e+00	7.516629188000363039e-03	2.254300951568162514e-01
2.259999999999999787e+00	7.516529072950964806e-03	2.240877585540728689e-01
2.264999999999999680e+00	7.516429410102566308e-03	2.227513070088347757e-01
2.270000000000000018e+00	7.516330198247995163e-03	2.214207267297371162e-01
2.274999999999999911e+00	7.516231436182446886e-03	2.200960039368816124e-01
2.279999999999999805e+00	7.516133122700799536e-03	2.187771248285683978e-01
2.285000000000000142e+00	7.516035256600221877e-03	2.174640756137904418e-01
2.290000000000000036e+00	7.515937836677499297e-03	2.161568424790033804e-01
2.294999999999999929e+00	7.515840861731638498e-03	2.148554116206257969e-01
2.299999999999999822e+00	7.515744330561199490e-03	2.135597692118470226e-01
2.304999999999999716e+00	7.515648241966892476e-03	2.122699014351327740e-01
2.310000000000000053e+00	7.515552594748921983e-03	2.109857944490715620e-01
2.314999999999999947e+00	7.515457387709582014e-03	2.097074344208831598e-01
2.319999999999999840e+00	7.515362619650601921e-03	2.084348074933045636e-01
2.325000000000000178e+00	7.515268289375735475e-03	2.071678998170992936e-01
2.330000000000000071e+00	7.515174395688126695e-03	2.059066975179855430e-01
2.334999999999999964e+00	7.515080937392879835e-03	2.046511867291420650e-01
2.339999999999999858e+00	7.514987913294439090e-03	2.034013535581798426e-01
2.344999999999999751e+00	7.514895322199157714e-03	2.021571841196440900e-01
2.350000000000000089e+00	7.514803162912679461e-03	2.009186645020295814e-01
2.354999999999999982e+00	7.514711434242505109e-03	1.996857808002764911e-01
2.359999999999999876e+00	7.514620134995380826e-03	1.984585190828309087e-01
2.365000000000000213e+00	7.514529263979863836e-03	1.972368654241314356e-01
2.370000000000000107e+00	7.514438820003713389e-03	1.960208058717181623e-01
2.375000000000000000e+00	7.514348801876452079e-03	1.948103264787060251e-01
2.379999999999999893e+00	7.514259208406770703e-03	1.936054132709438269e-01
2.384999999999999787e+00	7.514170038405075698e-03	1.924060522794728001e-01
2.390000000000000124e+00	7.514081290680907008e-03	1.912122295077369194e-01
2.395000000000000018e+00	7.513992964045480318e-03	1.900239309640238961e-01
2.399999999999999911e+00	7.513905057309114462e-03	1.888411426287285866e-01
2.405000000000000249e+00	7.513817569283759781e-03	1.876638504867732260e-01
2.410000000000000142e+00	7.513730498780443745e-03	1.864920404949274579e-01
2.415000000000000036e+00	7.513643844611789767e-03	1.853256986142036433e-01
2.419999999999999929e+00	7.513557605589468898e-03	1.841648107772349829e-01
2.424999999999999822e+00	7.513471780526716041e-03	1.830093629206447914e-01
2.430000000000000160e+00	7.513386368235787718e-03	1.818593409524838223e-01
2.435000000000000053e+00	7.513301367530476546e-03	1.807147307845701767e-01
2.439999999999999947e+00	7.513216777223570737e-03	1.795755182999886068e-01
2.445000000000000284e+00	7.513132596129365112e-03	1.784416893853977837e-01
2.450000000000000178e+00	7.513048823061136208e-03	1.773132298985944377e-01
2.455000000000000071e+00	7.512965456833635078e-03	1.761901257007842392e-01
2.459999999999999964e+00	7.512882496260576276e-03	1.750723626242124686e-01
2.464999999999999858e+00	7.512799940157130658e-03	1.739599265043967891e-01
2.470000000000000195e+00	7.512717787337410899e-03	1.728528031478265559e-01
2.475000000000000089e+00	7.512636036616966023e-03	1.717509783641537335e-01
2.479999999999999982e+00	7.512554686810276466e-03	1.706544379339634543e-01
2.485000000000000320e+00	7.512473736733235596e-03	1.695631676409194155e-01
2.490000000000000213e+00	7.512393185200658650e-03	1.684771532396096283e-01
2.495000000000000107e+00	7.512313031028753849e-03	1.673963804876420769e-01
2.500000000000000000e+00	7.512233273032646076e-03	1.663208351135673224e-01
2.504999999999999893e+00	7.512153910028834987e-03	1.652505028489227867e-01
2.509999999999999787e+00	7.512074940832729093e-03	1.641853693962339045e-01
2.514999999999999680e+00	7.511996364261099533e-03	1.631254204610039782e-01
2.520000000000000018e+00	7.511918179129621967e-03	1.620706417197963212e-01
2.524999999999999911e+00	7.511840384255318200e-03	1.610210188521666030e-01
2.529999999999999805e+00	7.511762978454117161e-03	1.599765375088285646e-01
2.535000000000000142e+00	7.511685960543280915e-03	1.589371833435244963e-01
2.540000000000000036e+00	7.511609329338976050e-03	1.579029419812789936e-01
2.544999999999999929e+00	7.511533083658696215e-03	1.568737990502037105e-01
2.549999999999999822e+00	7.511457222318839583e-03	1.558497401498403490e-01
2.554999999999999716e+00	7.511381744137123583e-03	1.548307508828979662e-01
2.560000000000000053e+00	7.511306647930174503e-03	1.538168168236877242e-01
2.564999999999999947e+00	7.511231932515930951e-03	1.528079235497888377e-01
2.569999999999999840e+00	7.511157596711244729e-03	1.518040566105777478e-01
2.575000000000000178e+00	7.511083639334277355e-03	1.508052015588193240e-01
2.580000000000000071e+00	7.511010059202109616e-03	1.498113439192942098e-01
2.584999999999999964e+00	7.510936855133128545e-03	1.488224692203112542e-01
2.589999999999999858e+00	7.510864025944646513e-03	1.478385629624348607e-01
2.594999999999999751e+00	7.510791570455287343e-03	1.468596106499165665e-01
2.600000000000000089e+00	7.510719487482603665e-03	1.458855977595248654e-01
2.604999999999999982e+00	7.510647775845462164e-03	1.449165097718922157e-01
2.609999999999999876e+00	7.510576434361669607e-03	1.439523321404501399e-01
2.615000000000000213e+00	7.510505461850349417e-03	1.429930503226883032e-01
2.620000000000000107e+00	7.510434857129576376e-03	1.420386497491982480e-01
2.625000000000000000e+00	7.510364619018743658e-03	1.410891158548406576e-01
2.629999999999999893e+00	7.510294746336213141e-03	1.401444340479001127e-01
2.634999999999999787e+00	7.510225237901668564e-03	1.392045897411578748e-01
2.640000000000000124e+00	7.510156092533777118e-03	1.382695683211599691e-01
2.645000000000000018e+00	7.510087309052533924e-03	1.373393551791929346e-01
2.649999999999999911e+00	7.510018886276933169e-03	1.364139356806670367e-01
2.655000000000000249e+00	7.509950823027305641e-03	1.354932951959915699e-01
2.660000000000000142e+00	7.509883118123000280e-03	1.345774190700773920e-01
2.665000000000000036e+00	7.509815770384707830e-03	1.336662926531069218e-01
2.669999999999999929e+00	7.509748778632157132e-03	1.327599012701587977e-01
2.674999999999999822e+00	7.509682141686429245e-03	1.318582302518709615e-01
2.680000000000000160e+00	7.509615858367666742e-03	1.309612649041885235e-01
2.685000000000000053e+00	7.509549927497369617e-03	1.300689905389169898e-01
2.689999999999999947e+00	7.509484347896122798e-03	1.291813924435962768e-01
2.695000000000000284e+00	7.509419118385882511e-03	1.282984559119405843e-01
2.700000000000000178e+00	7.509354237787709864e-03	1.274201662138418900e-01
2.705000000000000071e+00	7.509289704924050277e-03	1.265465086256928329e-01
2.709999999999999964e+00	7.509225518616481805e-03	1.256774684005219633e-01
2.714999999999999858e+00	7.509161677687975489e-03	1.248130307981970138e-01
2.720000000000000195e+00	7.509098180960661895e-03	1.239531810556942504e-01
2.725000000000000089e+00	7.509035027258080183e-03	1.230979044171795905e-01
2.729999999999999982e+00	7.508972215402954196e-03	1.222471861044138047e-01
2.735000000000000320e+00	7.508909744219431116e-03	1.214010113467085816e-01
2.740000000000000213e+00	7.508847612530870561e-03	1.205593653514712288e-01
2.745000000000000107e+00	7.508785819162073702e-03	1.197222333340310640e-01
2.750000000000000000e+00	7.508724362937080170e-03	1.188896004883264745e-01
2.754999999999999893e+00	7.508663242681386761e-03	1.180614520165999548e-01
2.759999999999999787e+00	7.508602457219759087e-03	1.172377731002284679e-01
2.764999999999999680e+00	7.508542005378440742e-03	1.164185489292849929e-01
2.770000000000000018e+00	7.508481885982971893e-03	1.156037646735147556e-01
2.774999999999999911e+00	7.508422097860387168e-03	1.147934055117595525e-01
2.779999999999999805e+00	7.508362639837050725e-03	1.139874566030827652e-01
2.785000000000000142e+00	7.508303510740841138e-03	1.131859031160536155e-01
2.790000000000000036e+00	7.508244709398998601e-03	1.123887302000237259e-01
2.794999999999999929e+00	7.508186234640294200e-03	1.115959230142681835e-01
2.799999999999999822e+00	7.508128085292897075e-03	1.108074666994154217e-01
2.804999999999999716e+00	7.508070260186526339e-03	1.100233464064428596e-01
2.810000000000000053e+00	7.508012758150331249e-03	1.092435472682623671e-01
2.814999999999999947e+00	7.507955578015035325e-03	1.084680544285681197e-01
2.819999999999999840e+00	7.507898718610823453e-03	1.076968530135796326e-01
2.825000000000000178e+00	7.507842178769477334e-03	1.069299281607381247e-01
2.830000000000000071e+00	7.507785957322277333e-03	1.061672649906107851e-01
2.834999999999999964e+00	7.507730053102119709e-03	1.054088486354332055e-01
2.839999999999999858e+00	7.507674464941434082e-03	1.046546642111752523e-01
2.844999999999999751e+00	7.507619191674292855e-03	1.039046968459284848e-01
2.850000000000000089e+00	7.507564232134334749e-03	1.031589316521358962e-01
2.854999999999999982e+00	7.507509585156867289e-03	1.024173537548207363e-01
2.859999999999999876e+00	7.507455249576799883e-03	1.016799482639827862e-01
2.865000000000000213e+00	7.507401224230731557e-03	1.009467003026660314e-01
2.870000000000000107e+00	7.507347507954904853e-03	1.002175949795238719e-01
2.875000000000000000e+00	7.507294099587273617e-03	9.949261741672278669e-02
2.879999999999999893e+00	7.507240997965476843e-03	9.877175272267839368e-02
2.884999999999999787e+00	7.507188201928884780e-03	9.805498601979323325e-02
2.890000000000000124e+00	7.507135710316592721e-03	9.734230241736495370e-02
2.895000000000000018e+00	7.507083521969453235e-03	9.663368703915668767e-02
2.899999999999999911e+00	7.507031635728082103e-03	9.592912499647922309e-02
2.905000000000000249e+00	7.506980050434879266e-03	9.522860141559032210e-02
2.910000000000000142e+00	7.506928764932046909e-03	9.453210141095418073e-02
2.915000000000000036e+00	7.506877778063594797e-03	9.383961011246774730e-02
2.919999999999999929e+00	7.506827088673376572e-03	9.315111263889770676e-02
2.924999999999999822e+00	7.506776695607079476e-03	9.246659412493274388e-02
2.930000000000000160e+00	7.506726597710273660e-03	9.178603969480018943e-02
2.935000000000000053e+00	7.506676793830391499e-03	9.110943448914120280e-02
2.939999999999999947e+00	7.506627282814789040e-03	9.043676363880889801e-02
2.945000000000000284e+00	7.506578063512707975e-03	8.976801229156466944e-02
2.950000000000000178e+00	7.506529134773356170e-03	8.910316558605989312e-02
2.955000000000000071e+00	7.506480495447855755e-03	8.844220867835077271e-02
2.959999999999999964e+00	7.506432144387334936e-03	8.778512671606514273e-02
2.964999999999999858e+00	7.506384080444863070e-03	8.713190486473443297e-02
2.970000000000000195e+00	7.506336302473555488e-03	8.648252828214671173e-02
2.975000000000000089e+00	7.506288809328499900e-03	8.583698214449429764e-02
2.979999999999999982e+00	7.506241599864869884e-03	8.519525162091461101e-02
2.985000000000000320e+00	7.506194672939836554e-03	8.455732189945053268e-02
2.990000000000000213e+00	7.506148027410705463e-03	8.392317816178168632e-02
2.995000000000000107e+00	7.506101662136800516e-03	8.329280560899592067e-02
3.000000000000000000e+00	7.506055575977624295e-03	8.266618943651111995e-02
3.004999999999999893e+00	7.506009767794727221e-03	8.204331485965722648e-02
3.009999999999999787e+00	7.505964236449879159e-03	8.142416708879017528e-02
3.014999999999999680e+00	7.505918980806928174e-03	8.080873135468158441e-02
3.020000000000000018e+00	7.505873999729982537e-03	8.019699288382697855e-02
3.024999999999999911e+00	7.505829292085254741e-03	7.958893692364173156e-02
3.029999999999999805e+00	7.505784856739264321e-03	7.898454871796410648e-02
3.035000000000000142e+00	7.505740692560661058e-03	7.838381353205629842e-02
3.040000000000000036e+00	7.505696798418444275e-03	7.778671662830415057e-02
3.044999999999999929e+00	7.505653173183774764e-03	7.719324329102057736e-02
3.049999999999999822e+00	7.505609815728201024e-03	7.660337880234345531e-02
3.054999999999999716e+00	7.505566724925464249e-03	7.601710846684103795e-02
3.060000000000000053e+00	7.505523899649736708e-03	7.543441758760820182e-02
3.064999999999999947e+00	7.505481338777409382e-03	7.485529149067232657e-02
3.069999999999999840e+00	7.505439041185351171e-03	7.427971550128949219e-02
3.075000000000000178e+00	7.505397005752673968e-03	7.370767496814906172e-02
3.080000000000000071e+00	7.505355231359013557e-03	7.313915523987142564e-02
3.084999999999999964e+00	7.505313716886273870e-03	7.257414168900980234e-02
3.089999999999999858e+00	7.505272461216929564e-03	7.201261968875008468e-02
3.094999999999999751e+00	7.505231463235752069e-03	7.145457463670890075e-02
3.100000000000000089e+00	7.505190721828121705e-03	7.089999193183661730e-02
3.104999999999999982e+00	7.505150235881747657e-03	7.034885699801075865e-02
3.109999999999999876e+00	7.505110004284989630e-03	6.980115526114244462e-02
3.115000000000000213e+00	7.505070025928566556e-03	6.925687217256401573e-02
3.120000000000000107e+00	7.505030299703888651e-03	6.871599318634082076e-02
3.125000000000000000e+00	7.504990824504753980e-03	6.817850378245067511e-02
3.129999999999999893e+00	7.504951599225696997e-03	6.764438944430209433e-02
3.134999999999999787e+00	7.504912622763662555e-03	6.711363568170548854e-02
3.140000000000000124e+00	7.504873894016380470e-03	6.658622800859773094e-02
3.145000000000000018e+00	7.504835411884017843e-03	6.606215196580411675e-02
3.149999999999999911e+00	7.504797175267566636e-03	6.554139309897025201e-02
3.155000000000000249e+00	7.504759183070486457e-03	6.502393698111376408e-02
3.160000000000000142e+00	7.504721434197103407e-03	6.450976919076444049e-02
3.165000000000000036e+00	7.504683927554239853e-03	6.399887533430427544e-02
3.169999999999999929e+00	7.504646662049627159e-03	6.349124102431691341e-02
3.174999999999999822e+00	7.504609636593518977e-03	6.298685190171532389e-02
3.180000000000000160e+00	7.504572850097121321e-03	6.248569361430038327e-02
3.185000000000000053e+00	7.504536301474188514e-03	6.198775183867650390e-02
3.189999999999999947e+00	7.504499989639474081e-03	6.149301225901915302e-02
3.195000000000000284e+00	7.504463913510301537e-03	6.100146058877725652e-02
3.200000000000000178e+00	7.504428072005037836e-03	6.051308254965179906e-02
3.205000000000000071e+00	7.504392464044647680e-03	6.002786389308292780e-02
3.209999999999999964e+00	7.504357088551179104e-03	5.954579037943973086e-02
3.214999999999999858e+00	7.504321944449307384e-03	5.906684779929279733e-02
3.220000000000000195e+00	7.504287030664831028e-03	5.859102195281527814e-02
3.225000000000000089e+00	7.504252346126202670e-03	5.811829867083954243e-02
3.229999999999999982e+00	7.504217889763037212e-03	5.764866379447008277e-02
3.235000000000000320e+00	7.504183660507634038e-03	5.718210319592428176e-02
3.240000000000000213e+00	7.504149657293495562e-03	5.671860275835732823e-02
3.245000000000000107e+00	7.504115879056832104e-03	5.625814839648620586e-02
3.250000000000000000e+00	7.504082324735098647e-03	5.580072603662723091e-02
3.254999999999999893e+00	7.504048993268484964e-03	5.534632163710289515e-02
3.259999999999999787e+00	7.504015883598466261e-03	5.489492116849198355e-02
3.264999999999999680e+00	7.503982994669277685e-03	5.444651063381900774e-02
3.270000000000000018e+00	7.503950325426480585e-03	5.400107604901717429e-02
3.274999999999999911e+00	7.503917874818419667e-03	5.355860346290020058e-02
3.279999999999999805e+00	7.503885641794809207e-03	5.311907893783815449e-02
3.285000000000000142e+00	7.503853625308166790e-03	5.268248856951063264e-02
3.290000000000000036e+00	7.503821824312425538e-03	5.224881846779681760e-02
3.294999999999999929e+00	7.503790237764343569e-03	5.181805477630977569e-02
3.299999999999999822e+00	7.503758864622132700e-03	5.139018365349928841e-02
3.304999999999999716e+00	7.503727703846856632e-03	5.096519129196836612e-02
3.310000000000000053e+00	7.503696754401070063e-03	5.054306389978884678e-02
3.314999999999999947e+00	7.503666015250204727e-03	5.012378771959927898e-02
3.319999999999999840e+00	7.503635485361222386e-03	4.970734901013400958e-02
3.325000000000000178e+00	7.503605163703983526e-03	4.929373406510179079e-02
3.330000000000000071e+00	7.503575049249921157e-03	4.888292919492862737e-02
3.334999999999999964e+00	7.503545140973386963e-03	4.847492074541698281e-02
3.339999999999999858e+00	7.503515437850344187e-03	4.806969507970207389e-02
3.344999999999999751e+00	7.503485938859697293e-03	4.766723859669204366e-02
3.350000000000000089e+00	7.503456642982002205e-03	4.726753771323722458e-02
3.354999999999999982e+00	7.503427549200777751e-03	4.687057888235159064e-02
3.359999999999999876e+00	7.503398656501228045e-03	4.647634857559483634e-02
3.365000000000000213e+00	7.503369963871548733e-03	4.608483330107449039e-02
3.370000000000000107e+00	7.503341470301655436e-03	4.569601958604144892e-02
3.375000000000000000e+00	7.503313174784473523e-03	4.530989399467266754e-02
3.379999999999999893e+00	7.503285076314689106e-03	4.492644311087950343e-02
3.384999999999999787e+00	7.503257173890020594e-03	4.454565355587180447e-02
3.390000000000000124e+00	7.503229466509979233e-03	4.416751197117826933e-02
3.395000000000000018e+00	7.503201953177132850e-03	4.379200503599207234e-02
3.399999999999999911e+00	7.503174632895876807e-03	4.341911945040329013e-02
3.405000000000000249e+00	7.503147504673684728e-03	4.304884195252609014e-02
3.410000000000000142e+00	7.503120567519892467e-03	4.268115930194288365e-02
3.415000000000000036e+00	7.503093820446932356e-03	4.231605829661345963e-02
3.419999999999999929e+00	7.503067262469138854e-03	4.195352575653028132e-02
3.424999999999999822e+00	7.503040892603961114e-03	4.159354854040996780e-02
3.430000000000000160e+00	7.503014709870784241e-03	4.123611352955956766e-02
3.435000000000000053e+00	7.502988713292125383e-03	4.088120764435042298e-02
3.439999999999999947e+00	7.502962901892475805e-03	4.052881782829507312e-02
3.445000000000000284e+00	7.502937274699475294e-03	4.017893106430358435e-02
3.450000000000000178e+00	7.502911830742774180e-03	3.983153435897111849e-02
3.455000000000000071e+00	7.502886569055188665e-03	3.948661475861732495e-02
3.459999999999999964e+00	7.502861488671576720e-03	3.914415933378298518e-02
3.464999999999999858e+00	7.502836588629983004e-03	3.880415519505384797e-02
3.470000000000000195e+00	7.502811867970527772e-03	3.846658947776589177e-02
3.475000000000000089e+00	7.502787325736532710e-03	3.813144935761333953e-02
3.479999999999999982e+00	7.502762960973430664e-03	3.779872203556258053e-02
3.485000000000000320e+00	7.502738772729870657e-03	3.746839475324466318e-02
3.490000000000000213e+00	7.502714760056645830e-03	3.714045477807718931e-02
3.495000000000000107e+00	7.502690922007784584e-03	3.681488941844220097e-02
3.500000000000000000e+00	7.502667257639486324e-03	3.649168600901519371e-02
3.504999999999999893e+00	7.502643766011206534e-03	3.617083192572878581e-02
3.509999999999999787e+00	7.502620446184601194e-03	3.585231457130830246e-02
3.514999999999999680e+00	7.502597297224599705e-03	3.553612139002211567e-02
3.520000000000000018e+00	7.502574318198360591e-03	3.522223985342307073e-02
3.524999999999999911e+00	7.502551508176330541e-03	3.491065747488589915e-02
3.529999999999999805e+00	7.502528866231219194e-03	3.460136179555371727e-02
3.535000000000000142e+00	7.502506391439037366e-03	3.429434039866339351e-02
3.540000000000000036e+00	7.502484082878087442e-03	3.398958089569653618e-02
3.544999999999999929e+00	7.502461939629989467e-03	3.368707094049328693e-02
3.549999999999999822e+00	7.502439960778684545e-03	3.338679821560702754e-02
3.554999999999999716e+00	7.502418145411444451e-03	3.308875044620749467e-02
3.560000000000000053e+00	7.502396492617891509e-03	3.279291538663815092e-02
3.564999999999999947e+00	7.502375001490989986e-03	3.249928083410977969e-02
3.569999999999999840e+00	7.502353671126087663e-03	3.220783461545952131e-02
3.575000000000000178e+00	7.502332500621882935e-03	3.191856460063546147e-02
3.580000000000000071e+00	7.502311489079488069e-03	3.163145868965708263e-02
3.584999999999999964e+00	7.502290635603380692e-03	3.134650482589110970e-02
3.589999999999999858e+00	7.502269939300473117e-03	3.106369098321265509e-02
3.594999999999999751e+00	7.502249399281061236e-03	3.078300517907373371e-02
3.600000000000000089e+00	7.502229014657900777e-03	3.050443546186351954e-02
3.604999999999999982e+00	7.502208784547141456e-03	3.022796992377059511e-02
3.609999999999999876e+00	7.502188708067421448e-03	2.995359668834150085e-02
3.615000000000000213e+00	7.502168784340784193e-03	2.968130392313748575e-02
3.620000000000000107e+00	7.502149012491783273e-03	2.941107982749070412e-02
3.625000000000000000e+00	7.502129391648393146e-03	2.914291264495625158e-02
3.629999999999999893e+00	7.502109920941124437e-03	2.887679065126494762e-02
3.634999999999999787e+00	7.502090599503912979e-03	2.861270216657173238e-02
3.640000000000000124e+00	7.502071426473262868e-03	2.835063554360388663e-02
3.645000000000000018e+00	7.502052400989107743e-03	2.809057917970717369e-02
3.649999999999999911e+00	7.502033522193975526e-03	2.783252150518819926e-02
3.655000000000000249e+00	7.502014789233835829e-03	2.757645099515906514e-02
3.660000000000000142e+00	7.501996201257274226e-03	2.732235615807356022e-02
3.665000000000000036e+00	7.501977757416326657e-03	2.707022554737079437e-02
3.669999999999999929e+00	7.501959456865667578e-03	2.682004775020397844e-02
3.674999999999999822e+00	7.501941298763431347e-03	2.657181139888486338e-02
3.680000000000000160e+00	7.501923282270415994e-03	2.632550515980375955e-02
3.685000000000000053e+00	7.501905406550885523e-03	2.608111774467541250e-02
3.689999999999999947e+00	7.501887670771787558e-03	2.583863789964937346e-02
3.695000000000000284e+00	7.501870074103547843e-03	2.559805441635883486e-02
3.700000000000000178e+00	7.501852615719293953e-03	2.535935612122008562e-02
3.705000000000000071e+00	7.501835294795641124e-03	2.512253188628511824e-02
3.709999999999999964e+00	7.501818110511926374e-03	2.488757061872921145e-02
3.714999999999999858e+00	7.501801062050982190e-03	2.465446127150856814e-02
3.720000000000000195e+00	7.501784148598381920e-03	2.442319283303476599e-02
3.725000000000000089e+00	7.501767369343201319e-03	2.419375433763879327e-02
3.729999999999999982e+00	7.501750723477279559e-03	2.396613485543102814e-02
3.735000000000000320e+00	7.501734210195960817e-03	2.374032350257270288e-02
3.740000000000000213e+00	7.501717828697375239e-03	2.351630943132072826e-02
3.745000000000000107e+00	7.501701578183161447e-03	2.329408184010732866e-02
3.750000000000000000e+00	7.501685457857763112e-03	2.307362996376863956e-02
3.754999999999999893e+00	7.501669466929138455e-03	2.285494308343415451e-02
3.759999999999999787e+00	7.501653604608068959e-03	2.263801051693722227e-02
3.764999999999999680e+00	7.501637870108856729e-03	2.242282162851594318e-02
3.770000000000000018e+00	7.501622262648641008e-03	2.220936581940446616e-02
3.774999999999999911e+00	7.501606781448090337e-03	2.199763253734610124e-02
3.779999999999999805e+00	7.501591425730728610e-03	2.178761126736463577e-02
3.785000000000000142e+00	7.501576194723607281e-03	2.157929154109087047e-02
3.790000000000000036e+00	7.501561087656654844e-03	2.137266292771260873e-02
3.794999999999999929e+00	7.501546103763330822e-03	2.116771504311593111e-02
3.799999999999999822e+00	7.501531242279985655e-03	2.096443754101265725e-02
3.804999999999999716e+00	7.501516502446505148e-03	2.076282012189763562e-02
3.810000000000000053e+00	7.501501883505680771e-03	2.056285252435224517e-02
3.814999999999999947e+00	7.501487384703846295e-03	2.036452453381929276e-02
3.819999999999999840e+00	7.501473005290252433e-03	2.016782597408127778e-02
3.825000000000000178e+00	7.501458744517693067e-03	1.997274671585392430e-02
3.830000000000000071e+00	7.501444601641899836e-03	1.977927666843821639e-02
3.834999999999999964e+00	7.501430575922144947e-03	1.958740578813379998e-02
3.839999999999999858e+00	7.501416666620653109e-03	1.939712407006338388e-02
3.844999999999999751e+00	7.501402873003193070e-03	1.920842155640763160e-02
3.850000000000000089e+00	7.501389194338498219e-03	1.902128832840041181e-02
3.854999999999999982e+00	7.501375629898845987e-03	1.883571451438656452e-02
3.859999999999999876e+00	7.501362178959494927e-03	1.865169028198688725e-02
3.865000000000000213e+00	7.501348840799249365e-03	1.846920584597988579e-02
3.870000000000000107e+00	7.501335614699900824e-03	1.828825146063516732e-02
3.875000000000000000e+00	7.501322499946792670e-03	1.810881742742085146e-02
3.879999999999999893e+00	7.501309495828267608e-03	1.793089408750392355e-02
3.884999999999999787e+00	7.501296601636216720e-03	1.775447182928444403e-02
3.890000000000000124e+00	7.501283816665546902e-03	1.757954108106181065e-02
3.895000000000000018e+00	7.501271140214709962e-03	1.740609231839721285e-02
3.899999999999999911e+00	7.501258571585185664e-03	1.723411605694431109e-02
3.905000000000000249e+00	7.501246110081996078e-03	1.706360285964112627e-02
3.910000000000000142e+00	7.501233755013205981e-03	1.689454332970423064e-02
3.915000000000000036e+00	7.501221505690420718e-03	1.672692811765146351e-02
3.919999999999999929e+00	7.501209361428292678e-03	1.656074791445779140e-02
3.924999999999999822e+00	7.501197321545020891e-03	1.639599345841079650e-02
3.930000000000000160e+00	7.501185385361859234e-03	1.623265552842676970e-02
3.935000000000000053e+00	7.501173552203603025e-03	1.607072495074002988e-02
3.939999999999999947e+00	7.501161821398116304e-03	1.591019259237825764e-02
3.945000000000000284e+00	7.501150192276800216e-03	1.575104936768696381e-02
3.950000000000000178e+00	7.501138664174134170e-03	1.559328623196268304e-02
3.955000000000000071e+00	7.501127236428131208e-03	1.543689418781409202e-02
3.959999999999999964e+00	7.501115908379891312e-03	1.528186427895172721e-02
3.964999999999999858e+00	7.501104679374046361e-03	1.512818759638707121e-02
3.970000000000000195e+00	7.501093548758323848e-03	1.497585527237738599e-02
3.975000000000000089e+00	7.501082515883978827e-03	1.482485848646440847e-02
3.979999999999999982e+00	7.501071580105366302e-03	1.467518845957294787e-02
3.985000000000000320e+00	7.501060740780369704e-03	1.452683645989029555e-02
3.990000000000000213e+00	7.501049997269981090e-03	1.437979379711757169e-02
3.995000000000000107e+00	7.501039348938712270e-03	1.423405182819129609e-02
4.000000000000000000e+00	7.501028795154193220e-03	1.408960195168579635e-02
4.004999999999999893e+00	7.501018335287568464e-03	1.394643561337863789e-02
4.009999999999999787e+00	7.501007968713105899e-03	1.380454430080278044e-02
4.014999999999999680e+00	7.500997694808587968e-03	1.366391954865711633e-02
4.019999999999999574e+00	7.500987512954921353e-03	1.352455293350709672e-02
4.025000000000000355e+00	7.500977422536523817e-03	1.338643607904184407e-02
4.030000000000000249e+00	7.500967422940945165e-03	1.324956065092196787e-02
4.035000000000000142e+00	7.500957513559236740e-03	1.311391836188460953e-02
4.040000000000000036e+00	7.500947693785592341e-03	1.297950096673701655e-02
4.044999999999999929e+00	7.500937963017699495e-03	1.284630026731103242e-02
4.049999999999999822e+00	7.500928320656389918e-03	1.271430810760111087e-02
4.054999999999999716e+00	7.500918766105987324e-03	1.258351637856962649e-02
4.059999999999999609e+00	7.500909298773961349e-03	1.245391701342799147e-02
4.064999999999999503e+00	7.500899918071269289e-03	1.232550199229431355e-02
4.070000000000000284e+00	7.500890623412018697e-03	1.219826333761613556e-02
4.075000000000000178e+00	7.500881414213796117e-03	1.207219311868199842e-02
4.080000000000000071e+00	7.500872289897342685e-03	1.194728344718441922e-02
4.084999999999999964e+00	7.500863249886871587e-03	1.182352648158653888e-02
4.089999999999999858e+00	7.500854293609757542e-03	1.170091442282445576e-02
4.094999999999999751e+00	7.500845420496835177e-03	1.157943951853013763e-02
4.099999999999999645e+00	7.500836629982104986e-03	1.145909405887170045e-02
4.105000000000000426e+00	7.500827921503022168e-03	1.133987038063421354e-02
4.110000000000000320e+00	7.500819294500206055e-03	1.122176086319644044e-02
4.115000000000000213e+00	7.500810748417727214e-03	1.110475793247093189e-02
4.120000000000000107e+00	7.500802282702821212e-03	1.098885405701598150e-02
4.125000000000000000e+00	7.500793896806167045e-03	1.087404175183648639e-02
4.129999999999999893e+00	7.500785590181609577e-03	1.076031357462967075e-02
4.134999999999999787e+00	7.500777362286429294e-03	1.064766212944815577e-02
4.139999999999999680e+00	7.500769212581075152e-03	1.053608006307829581e-02
4.144999999999999574e+00	7.500761140529422187e-03	1.042556006856658508e-02
4.150000000000000355e+00	7.500753145598515643e-03	1.031609488172933499e-02
4.155000000000000249e+00	7.500745227258816435e-03	1.020767728454411230e-02
4.160000000000000142e+00	7.500737384983959151e-03	1.010030010178929183e-02
4.165000000000000036e+00	7.500729618250984512e-03	9.993956204301702312e-03
4.169999999999999929e+00	7.500721926540105181e-03	9.888638505745001375e-03
4.174999999999999822e+00	7.500714309334933876e-03	9.784339965734901307e-03
4.179999999999999716e+00	7.500706766122254392e-03	9.681053586734924762e-03
4.185000000000000497e+00	7.500699296392239306e-03	9.578772417050714430e-03
4.190000000000000391e+00	7.500691899638234003e-03	9.477489547852097421e-03
4.195000000000000284e+00	7.500684575356962244e-03	9.377198116037497103e-03
4.200000000000000178e+00	7.500677323048321465e-03	9.277891301380935749e-03
4.205000000000000071e+00	7.500670142215577936e-03	9.179562329268279794e-03
4.209999999999999964e+00	7.500663032365167265e-03	9.082204467967853675e-03
4.214999999999999858e+00	7.500655993006886089e-03	8.985811031239770985e-03
4.219999999999999751e+00	7.500649023653702119e-03	8.890375375728874069e-03
4.224999999999999645e+00	7.500642123821931080e-03	8.795890903448502426e-03
4.230000000000000426e+00	7.500635293031055438e-03	8.702351059294592336e-03
4.235000000000000320e+00	7.500628530803900469e-03	8.609749333405209565e-03
4.240000000000000213e+00	7.500621836666455586e-03	8.518079258794501035e-03
4.245000000000000107e+00	7.500615210148038267e-03	8.427334413589296358e-03
4.250000000000000000e+00	7.500608650781133598e-03	8.337508418781931427e-03
4.254999999999999893e+00	7.500602158101542585e-03	8.248594940344888479e-03
4.259999999999999787e+00	7.500595731648227772e-03	8.160587687101285986e-03
4.264999999999999680e+00	7.500589370963460685e-03	8.073480412719297172e-03
4.269999999999999574e+00	7.500583075592671782e-03	7.987266913698819540e-03
4.275000000000000355e+00	7.500576845084587496e-03	7.901941031246802888e-03
4.280000000000000249e+00	7.500570678991090590e-03	7.817496649379062842e-03
4.285000000000000142e+00	7.500564576867350258e-03	7.733927696677848039e-03
4.290000000000000036e+00	7.500558538271688558e-03	7.651228144507537382e-03
4.294999999999999929e+00	7.500552562765700100e-03	7.569392008655669371e-03
4.299999999999999822e+00	7.500546649914132356e-03	7.488413347661549042e-03
4.304999999999999716e+00	7.500540799284992344e-03	7.408286264341889561e-03
4.309999999999999609e+00	7.500535010449435602e-03	7.329004904231026067e-03
4.314999999999999503e+00	7.500529282981867676e-03	7.250563456992583332e-03
4.320000000000000284e+00	7.500523616459837430e-03	7.172956154970070927e-03
4.325000000000000178e+00	7.500518010464130719e-03	7.096177274485926563e-03
4.330000000000000071e+00	7.500512464578674987e-03	7.020221134501314700e-03
4.334999999999999964e+00	7.500506978390621658e-03	6.945082097803559514e-03
4.339999999999999858e+00	7.500501551490259405e-03	6.870754569774205865e-03
4.344999999999999751e+00	7.500496183471088742e-03	6.797232999466109107e-03
4.349999999999999645e+00	7.500490873929743958e-03	6.724511878478596147e-03
4.355000000000000426e+00	7.500485622466058176e-03	6.652585741925303234e-03
4.360000000000000320e+00	7.500480428682993091e-03	6.581449167415391079e-03
4.365000000000000213e+00	7.500475292186697951e-03	6.511096775913385697e-03
4.370000000000000107e+00	7.500470212586444509e-03	6.441523230825268835e-03
4.375000000000000000e+00	7.500465189494682529e-03	6.372723238751620313e-03
4.379999999999999893e+00	7.500460222526974738e-03	6.304691548677325216e-03
4.384999999999999787e+00	7.500455311302050600e-03	6.237422952619286684e-03
4.389999999999999680e+00	7.500450455441751672e-03	6.170912284918745466e-03
4.394999999999999574e+00	7.500445654571067169e-03	6.105154422784486896e-03
4.400000000000000355e+00	7.500440908318098399e-03	6.040144285686835195e-03
4.405000000000000249e+00	7.500436216314078711e-03	5.975876835797653934e-03
4.410000000000000142e+00	7.500431578193346611e-03	5.912347077484848487e-03
4.415000000000000036e+00	7.500426993593362242e-03	5.849550057650179137e-03
4.419999999999999929e+00	7.500422462154685693e-03	5.787480865323288079e-03
4.424999999999999822e+00	7.500417983520984815e-03	5.726134631898526471e-03
4.429999999999999716e+00	7.500413557339018732e-03	5.665506530827433933e-03
4.435000000000000497e+00	7.500409183258645654e-03	5.605591777755708841e-03
4.440000000000000391e+00	7.500404860932806395e-03	5.546385630313068263e-03
4.445000000000000284e+00	7.500400590017528707e-03	5.487883388151387591e-03
4.450000000000000178e+00	7.500396370171915142e-03	5.430080392831062273e-03
4.455000000000000071e+00	7.500392201058143048e-03	5.372972027761433074e-03
4.459999999999999964e+00	7.500388082341461100e-03	5.316553718182515965e-03
4.464999999999999858e+00	7.500384013690174559e-03	5.260820931008867475e-03
4.469999999999999751e+00	7.500379994775655673e-03	5.205769174905689606e-03
4.474999999999999645e+00	7.500376025272320266e-03	5.151394000037139674e-03
4.480000000000000426e+00	7.500372104857643343e-03	5.097690998235886520e-03
4.485000000000000320e+00	7.500368233212132210e-03	5.044655802656989804e-03
4.490000000000000213e+00	7.500364410019344681e-03	4.992284088039792081e-03
4.495000000000000107e+00	7.500360634965856990e-03	4.940571570268359816e-03
4.500000000000000000e+00	7.500356907741290678e-03	4.889514006724993145e-03
4.504999999999999893e+00	7.500353228038272695e-03	4.839107195758088169e-03
4.509999999999999787e+00	7.500349595552464887e-03	4.789346977126296423e-03
4.514999999999999680e+00	7.500346009982523238e-03	4.740229231375008012e-03
4.519999999999999574e+00	7.500342471030133421e-03	4.691749880370019339e-03
4.525000000000000355e+00	7.500338978399957029e-03	4.643904886583636281e-03
4.530000000000000249e+00	7.500335531799681016e-03	4.596690253717125065e-03
4.535000000000000142e+00	7.500332130939956973e-03	4.550102025897315855e-03
4.540000000000000036e+00	7.500328775534448843e-03	4.504136288386812424e-03
4.544999999999999929e+00	7.500325465299773064e-03	4.458789166692201170e-03
4.549999999999999822e+00	7.500322199955556692e-03	4.414056827361116653e-03
4.554999999999999716e+00	7.500318979224359327e-03	4.369935477002982391e-03
4.559999999999999609e+00	7.500315802831743379e-03	4.326421363172081383e-03
4.564999999999999503e+00	7.500312670506194268e-03	4.283510773301747211e-03
4.570000000000000284e+00	7.500309581979190676e-03	4.241200035672470711e-03
4.575000000000000178e+00	7.500306536985119552e-03	4.199485518260624717e-03
4.580000000000000071e+00	7.500303535261355035e-03	4.158363629790772474e-03
4.584999999999999964e+00	7.500300576548165656e-03	4.117830818499700583e-03
4.589999999999999858e+00	7.500297660588795857e-03	4.077883573272143326e-03
4.594999999999999751e+00	7.500294787129374932e-03	4.038518422321064893e-03
4.599999999999999645e+00	7.500291955919002017e-03	3.999731934405880221e-03
4.605000000000000426e+00	7.500289166709639410e-03	3.961520717429932795e-03
4.610000000000000320e+00	7.500286419256217522e-03	3.923881419740420963e-03
4.615000000000000213e+00	7.500283713316516047e-03	3.886810728643890107e-03
4.620000000000000107e+00	7.500281048651270648e-03	3.850305371787024825e-03
4.625000000000000000e+00	7.500278425024057595e-03	3.814362115591109128e-03
4.629999999999999893e+00	7.500275842201397855e-03	3.778977766712808897e-03
4.634999999999999787e+00	7.500273299952640860e-03	3.744149170398525153e-03
4.639999999999999680e+00	7.500270798050070326e-03	3.709873212024377472e-03
4.644999999999999574e+00	7.500268336268785425e-03	3.676146815371207546e-03
4.650000000000000355e+00	7.500265914386815280e-03	3.642966944242959516e-03
4.655000000000000249e+00	7.500263532184983650e-03	3.610330600663238035e-03
4.660000000000000142e+00	7.500261189447042509e-03	3.578234826571369525e-03
4.665000000000000036e+00	7.500258885959522857e-03	3.546676701941258933e-03
4.669999999999999929e+00	7.500256621511871766e-03	3.515653346554363859e-03
4.674999999999999822e+00	7.500254395896306658e-03	3.485161918041688317e-03
4.679999999999999716e+00	7.500252208907950621e-03	3.455199613732830126e-03
4.685000000000000497e+00	7.500250060344683216e-03	3.425763668622021103e-03
4.690000000000000391e+00	7.500247950007281859e-03	3.396851357292522602e-03
4.695000000000000284e+00	7.500245877699267434e-03	3.368459991807429884e-03
4.700000000000000178e+00	7.500243843227046535e-03	3.340586923708619566e-03
4.705000000000000071e+00	7.500241846399758813e-03	3.313229541833131748e-03
4.709999999999999964e+00	7.500239887029423562e-03	3.286385274386016686e-03
4.714999999999999858e+00	7.500237964930775783e-03	3.260051586683089617e-03
4.719999999999999751e+00	7.500236079921421446e-03	3.234225983296850921e-03
4.724999999999999645e+00	7.500234231821668353e-03	3.208906005726396438e-03
4.730000000000000426e+00	7.500232420454690935e-03	3.184089234615707260e-03
4.735000000000000320e+00	7.500230645646348109e-03	3.159773287351452364e-03
4.740000000000000213e+00	7.500228907225355880e-03	3.135955820352951100e-03
4.745000000000000107e+00	7.500227205023107802e-03	3.112634526598644872e-03
4.750000000000000000e+00	7.500225538873838034e-03	3.089807137987019350e-03
4.754999999999999893e+00	7.500223908614447009e-03	3.067471422792432140e-03
4.759999999999999787e+00	7.500222314084671431e-03	3.045625188096397120e-03
4.764999999999999680e+00	7.500220755126895192e-03	3.024266277173373509e-03
4.769999999999999574e+00	7.500219231586334120e-03	3.003392571991680277e-03
4.775000000000000355e+00	7.500217743310835621e-03	2.983001990530140431e-03
4.780000000000000249e+00	7.500216290151070359e-03	2.963092489347965864e-03
4.785000000000000142e+00	7.500214871960328433e-03	2.943662060832875297e-03
4.790000000000000036e+00	7.500213488594713665e-03	2.924708735839158524e-03
4.794999999999999929e+00	7.500212139912936296e-03	2.906230580868073357e-03
4.799999999999999822e+00	7.500210825776511617e-03	2.888225700773499900e-03
4.804999999999999716e+00	7.500209546049548329e-03	2.870692235875239254e-03
4.809999999999999609e+00	7.500208300598950641e-03	2.853628364731552233e-03
4.814999999999999503e+00	7.500207089294204897e-03	2.837032301186050241e-03
4.820000000000000284e+00	7.500205912007582541e-03	2.820902297206578490e-03
4.825000000000000178e+00	7.500204768613923274e-03	2.805236639866289308e-03
4.830000000000000071e+00	7.500203658990845824e-03	2.790033654248216290e-03
4.834999999999999964e+00	7.500202583018522433e-03	2.775291700361214378e-03
4.839999999999999858e+00	7.500201540579897429e-03	2.761009176109532805e-03
4.844999999999999751e+00	7.500200531560451307e-03	2.747184514144407341e-03
4.849999999999999645e+00	7.500199555848432315e-03	2.733816184897980631e-03
4.855000000000000426e+00	7.500198613334610985e-03	2.720902693370992435e-03
4.860000000000000320e+00	7.500197703912516063e-03	2.708442582230553841e-03
4.865000000000000213e+00	7.500196827478186438e-03	2.696434428534664942e-03
4.870000000000000107e+00	7.500195983930408802e-03	2.684876846893168544e-03
4.875000000000000000e+00	7.500195173170469583e-03	2.673768486129698106e-03
4.879999999999999893e+00	7.500194395102393469e-03	2.663108032505146980e-03
4.884999999999999787e+00	7.500193649632691875e-03	2.652894206317731388e-03
4.889999999999999680e+00	7.500192936670604070e-03	2.643125765188438728e-03
4.894999999999999574e+00	7.500192256127847373e-03	2.633801500599753775e-03
4.900000000000000355e+00	7.500191607918854815e-03	2.624920241242393888e-03
4.905000000000000249e+00	7.500190991960524467e-03	2.616480849493423976e-03
4.910000000000000142e+00	7.500190408172465774e-03	2.608482224823697494e-03
4.915000000000000036e+00	7.500189856476736742e-03	2.600923300215867134e-03
4.919999999999999929e+00	7.500189336798098079e-03	2.593803045632035904e-03
4.924999999999999822e+00	7.500188849063747776e-03	2.587120464372184413e-03
4.929999999999999716e+00	7.500188393203579586e-03	2.580874596601440488e-03
4.935000000000000497e+00	7.500187969149907201e-03	2.575064515649611724e-03
4.940000000000000391e+00	7.500187576837736604e-03	2.569689331597510736e-03
4.945000000000000284e+00	7.500187216204479840e-03	2.564748187518010609e-03
4.950000000000000178e+00	7.500186887190228233e-03	2.560240263120850280e-03
4.955000000000000071e+00	7.500186589737473097e-03	2.556164770935949286e-03
4.959999999999999964e+00	7.500186323791373753e-03	2.552520960016056630e-03
4.964999999999999858e+00	7.500186089299475632e-03	2.549308112062882974e-03
4.969999999999999751e+00	7.500185886211985231e-03	2.546525545187062600e-03
4.974999999999999645e+00	7.500185714481484751e-03	2.544172609977583561e-03
4.980000000000000426e+00	7.500185574063206184e-03	2.542248693318513702e-03
4.985000000000000320e+00	7.500185464914742479e-03	2.540753214402395339e-03
4.990000000000000213e+00	7.500185386996334642e-03	2.539685628603109528e-03
4.995000000000000107e+00	7.500185340270569025e-03	2.539045423433711462e-03
5.000000000000000000e+00	7.500185324702667890e-03	2.538832122474957674e-03
