# coordinate_x	h	p	@time=671.29
0.000000000000000000e+00	2.700031146602229759e-01	5.715595500300856280e-01
5.000000000000000104e-03	2.699995470033410006e-01	5.715595499278217639e-01
1.000000000000000021e-02	2.699888440338638618e-01	5.715595496209788795e-01
1.499999999999999944e-02	2.699710057530503304e-01	5.715595491095014635e-01
2.000000000000000042e-02	2.699460321639581273e-01	5.715595483932551790e-01
2.500000000000000139e-02	2.699139232700933921e-01	5.715595474720854829e-01
2.999999999999999889e-02	2.698746790767204695e-01	5.715595463457608938e-01
3.500000000000000333e-02	2.698282995895461278e-01	5.715595450140299461e-01
4.000000000000000083e-02	2.697747848160390594e-01	5.715595434765635696e-01
4.499999999999999833e-02	2.697141347641137110e-01	5.715595417330133765e-01
5.000000000000000278e-02	2.696463494434529484e-01	5.715595397829523749e-01
5.500000000000000028e-02	2.695714288641898326e-01	5.715595376259335891e-01
5.999999999999999778e-02	2.694893730382346142e-01	5.715595352614312175e-01
6.500000000000000222e-02	2.694001819779536233e-01	5.715595326888993633e-01
7.000000000000000666e-02	2.693038556975012043e-01	5.715595299077124158e-01
7.500000000000001110e-02	2.692003942114947201e-01	5.715595269172240034e-01
8.000000000000000167e-02	2.690897975363522043e-01	5.715595237167073739e-01
8.499999999999999223e-02	2.689720656889632022e-01	5.715595203054143481e-01
8.999999999999999667e-02	2.688471986880325848e-01	5.715595166825157003e-01
9.500000000000000111e-02	2.687151965527464492e-01	5.715595128471595565e-01
1.000000000000000056e-01	2.685760593041229827e-01	5.715595087984123301e-01
1.050000000000000100e-01	2.684297869636725342e-01	5.715595045353168979e-01
1.100000000000000006e-01	2.682763795547565278e-01	5.715595000568335360e-01
1.149999999999999911e-01	2.681158371012406505e-01	5.715594953618974294e-01
1.199999999999999956e-01	2.679481596288632028e-01	5.715594904493603856e-01
1.250000000000000000e-01	2.677733471638800711e-01	5.715594853180480106e-01
1.300000000000000044e-01	2.675913997344430140e-01	5.715594799667007564e-01
1.350000000000000089e-01	2.674023173692367528e-01	5.715594743940320965e-01
1.400000000000000133e-01	2.672061000988673607e-01	5.715594685986685741e-01
1.450000000000000178e-01	2.670027479544903604e-01	5.715594625792086436e-01
1.499999999999999944e-01	2.667922609692107705e-01	5.715594563341620526e-01
1.549999999999999989e-01	2.665746391767010448e-01	5.715594498620089059e-01
1.600000000000000033e-01	2.663498826126135532e-01	5.715594431611388249e-01
1.650000000000000078e-01	2.661179913131876962e-01	5.715594362299101228e-01
1.700000000000000122e-01	2.658789653166759304e-01	5.715594290665890753e-01
1.749999999999999889e-01	2.656328046619389482e-01	5.715594216694083185e-01
1.799999999999999933e-01	2.653795093898859703e-01	5.715594140365065634e-01
1.849999999999999978e-01	2.651190795420576007e-01	5.715594061659874381e-01
1.900000000000000022e-01	2.648515151620812191e-01	5.715593980558575371e-01
1.950000000000000067e-01	2.645768162942402357e-01	5.715593897040865956e-01
2.000000000000000111e-01	2.642949829849462473e-01	5.715593811085450948e-01
2.050000000000000155e-01	2.640060152812933048e-01	5.715593722670642141e-01
2.099999999999999922e-01	2.637099132325478323e-01	5.715593631773734362e-01
2.149999999999999967e-01	2.634066768886871301e-01	5.715593538371600557e-01
2.200000000000000011e-01	2.630963063019082782e-01	5.715593442440073391e-01
2.250000000000000056e-01	2.627788015251497633e-01	5.715593343954535888e-01
2.300000000000000100e-01	2.624541626136201455e-01	5.715593242889295267e-01
2.349999999999999867e-01	2.621223896233023098e-01	5.715593139218188012e-01
2.399999999999999911e-01	2.617834826125030601e-01	5.715593032913938165e-01
2.449999999999999956e-01	2.614374416403383306e-01	5.715592923948769055e-01
2.500000000000000000e-01	2.610842667683054286e-01	5.715592812293759373e-01
2.550000000000000044e-01	2.607239580587482064e-01	5.715592697919448240e-01
2.600000000000000089e-01	2.603565155764529515e-01	5.715592580795197941e-01
2.650000000000000133e-01	2.599819393870922424e-01	5.715592460889793447e-01
2.700000000000000178e-01	2.596002295588463737e-01	5.715592338170802922e-01
2.750000000000000222e-01	2.592113861608242864e-01	5.715592212605181688e-01
2.800000000000000266e-01	2.588154092647116933e-01	5.715592084158621633e-01
2.850000000000000311e-01	2.584122989431683615e-01	5.715591952796162944e-01
2.899999999999999800e-01	2.580020552715043824e-01	5.715591818481535746e-01
2.949999999999999845e-01	2.575846783260520856e-01	5.715591681177774053e-01
2.999999999999999889e-01	2.571601681858720623e-01	5.715591540846556295e-01
3.049999999999999933e-01	2.567285249310988227e-01	5.715591397448812616e-01
3.099999999999999978e-01	2.562897486446779616e-01	5.715591250944069834e-01
3.150000000000000022e-01	2.558438394106836711e-01	5.715591101291052079e-01
3.200000000000000067e-01	2.553907973160892686e-01	5.715590948447024644e-01
3.250000000000000111e-01	2.549306224490550665e-01	5.715590792368399065e-01
3.300000000000000155e-01	2.544633149007338724e-01	5.715590633010062538e-01
3.350000000000000200e-01	2.539888747635276611e-01	5.715590470325994099e-01
3.400000000000000244e-01	2.535073021329300458e-01	5.715590304268585164e-01
3.449999999999999734e-01	2.530185971057498651e-01	5.715590134789251264e-01
3.499999999999999778e-01	2.525227597819927894e-01	5.715589961837757027e-01
3.549999999999999822e-01	2.520197902630503251e-01	5.715589785362821251e-01
3.599999999999999867e-01	2.515096886536224985e-01	5.715589605311437449e-01
3.649999999999999911e-01	2.509924550598701121e-01	5.715589421629483358e-01
3.699999999999999956e-01	2.504680895913810046e-01	5.715589234261029272e-01
3.750000000000000000e-01	2.499365923592838379e-01	5.715589043148954218e-01
3.800000000000000044e-01	2.493979634782600152e-01	5.715588848234247621e-01
3.850000000000000089e-01	2.488522030646170557e-01	5.715588649456617709e-01
3.900000000000000133e-01	2.482993112383487522e-01	5.715588446753798735e-01
3.950000000000000178e-01	2.477392881211658016e-01	5.715588240062150494e-01
4.000000000000000222e-01	2.471721338386070888e-01	5.715588029315962215e-01
4.050000000000000266e-01	2.465978485180252422e-01	5.715587814448054305e-01
4.099999999999999756e-01	2.460164322907516798e-01	5.715587595389070019e-01
4.149999999999999800e-01	2.454278852900348140e-01	5.715587372068077210e-01
4.199999999999999845e-01	2.448322076532620239e-01	5.715587144411862219e-01
4.249999999999999889e-01	2.442293995198478451e-01	5.715586912345516080e-01
4.299999999999999933e-01	2.436194610335159494e-01	5.715586675791732851e-01
4.349999999999999978e-01	2.430023923401347374e-01	5.715586434671390270e-01
4.400000000000000022e-01	2.423781935900627682e-01	5.715586188902839204e-01
4.450000000000000067e-01	2.417468649359287847e-01	5.715585938402480970e-01
4.500000000000000111e-01	2.411084065350443395e-01	5.715585683084057900e-01
4.550000000000000155e-01	2.404628185471252011e-01	5.715585422859215114e-01
4.600000000000000200e-01	2.398101011367748669e-01	5.715585157636794422e-01
4.649999999999999689e-01	2.391502544711444078e-01	5.715584887323386099e-01
4.699999999999999734e-01	2.384832787224909489e-01	5.715584611822617234e-01
4.749999999999999778e-01	2.378091740657722331e-01	5.715584331035700183e-01
4.799999999999999822e-01	2.371279406812846768e-01	5.715584044860712032e-01
4.849999999999999867e-01	2.364395787521892944e-01	5.715583753193129724e-01
4.899999999999999911e-01	2.357440884672336034e-01	5.715583455925122847e-01
4.949999999999999956e-01	2.350414700182052452e-01	5.715583152946051015e-01
5.000000000000000000e-01	2.343317236027427919e-01	5.715582844141782193e-01
5.050000000000000044e-01	2.336148494217127614e-01	5.715582529395155653e-01
5.100000000000000089e-01	2.328908476821150153e-01	5.715582208585304747e-01
5.150000000000000133e-01	2.321597185943787556e-01	5.715581881588107649e-01
5.200000000000000178e-01	2.314214623753678979e-01	5.715581548275507906e-01
5.250000000000000222e-01	2.306760792455916920e-01	5.715581208515935208e-01
5.300000000000000266e-01	2.299235694323164547e-01	5.715580862173648136e-01
5.350000000000000311e-01	2.291639331666855406e-01	5.715580509109111640e-01
5.400000000000000355e-01	2.283971706869438734e-01	5.715580149178355329e-01
5.450000000000000400e-01	2.276232822354624652e-01	5.715579782233310979e-01
5.500000000000000444e-01	2.268422680620828247e-01	5.715579408121199689e-01
5.550000000000000488e-01	2.260541284210398905e-01	5.715579026684809438e-01
5.600000000000000533e-01	2.252588635744341428e-01	5.715578637761908887e-01
5.649999999999999467e-01	2.244564737890474282e-01	5.715578241185478303e-01
5.699999999999999512e-01	2.236469593399504907e-01	5.715577836783146681e-01
5.749999999999999556e-01	2.228303205072051096e-01	5.715577424377360494e-01
5.799999999999999600e-01	2.220065575796164037e-01	5.715577003784850785e-01
5.849999999999999645e-01	2.211756708513140934e-01	5.715576574816744193e-01
5.899999999999999689e-01	2.203376606256590708e-01	5.715576137278060020e-01
5.949999999999999734e-01	2.194925272116965420e-01	5.715575690967739098e-01
5.999999999999999778e-01	2.186402709282271595e-01	5.715575235678193033e-01
6.049999999999999822e-01	2.177808921001241349e-01	5.715574771195244264e-01
6.099999999999999867e-01	2.169143910625797866e-01	5.715574297297717488e-01
6.149999999999999911e-01	2.160407681572784344e-01	5.715573813757288679e-01
6.199999999999999956e-01	2.151600237368306578e-01	5.715573320338134256e-01
6.250000000000000000e-01	2.142721581607921477e-01	5.715572816796662403e-01
6.300000000000000044e-01	2.133771718002991369e-01	5.715572302881229971e-01
6.350000000000000089e-01	2.124750650339234936e-01	5.715571778331749453e-01
6.400000000000000133e-01	2.115658382525233416e-01	5.715571242879484704e-01
6.450000000000000178e-01	2.106494918549237372e-01	5.715570696246505822e-01
6.500000000000000222e-01	2.097260262529979935e-01	5.715570138145579238e-01
6.550000000000000266e-01	2.087954418671625623e-01	5.715569568279458279e-01
6.600000000000000311e-01	2.078577391317057987e-01	5.715568986340870961e-01
6.650000000000000355e-01	2.069129184900846130e-01	5.715568392011629584e-01
6.700000000000000400e-01	2.059609804005191336e-01	5.715567784962735098e-01
6.750000000000000444e-01	2.050019253310775003e-01	5.715567164853270210e-01
6.800000000000000488e-01	2.040357537655569098e-01	5.715566531330643629e-01
6.850000000000000533e-01	2.030624661983415069e-01	5.715565884029243371e-01
6.899999999999999467e-01	2.020820631405920997e-01	5.715565222570834214e-01
6.949999999999999512e-01	2.010945451148613283e-01	5.715564546562935666e-01
6.999999999999999556e-01	2.000999126616158919e-01	5.715563855599399279e-01
7.049999999999999600e-01	1.990981663335919805e-01	5.715563149258477971e-01
7.099999999999999645e-01	1.980893067026765209e-01	5.715562427103605403e-01
7.149999999999999689e-01	1.970733343539840809e-01	5.715561688681112251e-01
7.199999999999999734e-01	1.960502498931262494e-01	5.715560933521237619e-01
7.249999999999999778e-01	1.950200539399895849e-01	5.715560161135448958e-01
7.299999999999999822e-01	1.939827471364250211e-01	5.715559371017714385e-01
7.349999999999999867e-01	1.929383301397048500e-01	5.715558562641369633e-01
7.399999999999999911e-01	1.918868036306676517e-01	5.715557735460696787e-01
7.449999999999999956e-01	1.908281683068294154e-01	5.715556888907270539e-01
7.500000000000000000e-01	1.897624248910234623e-01	5.715556022391884428e-01
7.550000000000000044e-01	1.886895741241393087e-01	5.715555135300308676e-01
7.600000000000000089e-01	1.876096167743003251e-01	5.715554226995612774e-01
7.650000000000000133e-01	1.865225536292012820e-01	5.715553296813251638e-01
7.700000000000000178e-01	1.854283855058720953e-01	5.715552344063846713e-01
7.750000000000000222e-01	1.843271132425819692e-01	5.715551368027497192e-01
7.800000000000000266e-01	1.832187377092421299e-01	5.715550367957086264e-01
7.850000000000000311e-01	1.821032597988417323e-01	5.715549343071723021e-01
7.900000000000000355e-01	1.809806804385490353e-01	5.715548292560630461e-01
7.950000000000000400e-01	1.798510005806402134e-01	5.715547215575594864e-01
8.000000000000000444e-01	1.787142212143652265e-01	5.715546111235536575e-01
8.050000000000000488e-01	1.775703433563270706e-01	5.715544978617811411e-01
8.100000000000000533e-01	1.764193680631859495e-01	5.715543816763563045e-01
8.149999999999999467e-01	1.752612964214425306e-01	5.715542624667708793e-01
8.199999999999999512e-01	1.740961295610629900e-01	5.715541401285199052e-01
8.249999999999999556e-01	1.729238686446141759e-01	5.715540145519476534e-01
8.299999999999999600e-01	1.717445148819029266e-01	5.715538856229791520e-01
8.349999999999999645e-01	1.705580695184055473e-01	5.715537532217901395e-01
8.399999999999999689e-01	1.693645338510258724e-01	5.715536172236589385e-01
8.449999999999999734e-01	1.681639092157555526e-01	5.715534774974353471e-01
8.499999999999999778e-01	1.669561970046688215e-01	5.715533339065310692e-01
8.549999999999999822e-01	1.657413986527431216e-01	5.715531863071549035e-01
8.599999999999999867e-01	1.645195156562236083e-01	5.715530345494643782e-01
8.649999999999999911e-01	1.632905495585254274e-01	5.715528784755301572e-01
8.699999999999999956e-01	1.620545019701196965e-01	5.715527179206746355e-01
8.750000000000000000e-01	1.608113745534295591e-01	5.715525527111212645e-01
8.800000000000000044e-01	1.595611690444091735e-01	5.715523826655510842e-01
8.850000000000000089e-01	1.583038872363360938e-01	5.715522075923846756e-01
8.900000000000000133e-01	1.570395310032790814e-01	5.715520272915920463e-01
8.950000000000000178e-01	1.557681022826772343e-01	5.715518415515474793e-01
9.000000000000000222e-01	1.544896031009206361e-01	5.715516501511330727e-01
9.050000000000000266e-01	1.532040355545936094e-01	5.715514528560940999e-01
9.100000000000000311e-01	1.519114018384251086e-01	5.715512494214874950e-01
9.150000000000000355e-01	1.506117042250576799e-01	5.715510395874495719e-01
9.200000000000000400e-01	1.493049450956634716e-01	5.715508230820490754e-01
9.250000000000000444e-01	1.479911269180838318e-01	5.715505996163642299e-01
9.300000000000000488e-01	1.466702522804516629e-01	5.715503688878104116e-01
9.350000000000000533e-01	1.453423238675264906e-01	5.715501305744029592e-01
9.399999999999999467e-01	1.440073444977182648e-01	5.715498843386423999e-01
9.449999999999999512e-01	1.426653170974199469e-01	5.715496298208148085e-01
9.499999999999999556e-01	1.413162447418918055e-01	5.715493666435362830e-01
9.549999999999999600e-01	1.399601306273669243e-01	5.715490944039092192e-01
9.599999999999999645e-01	1.385969781163319814e-01	5.715488126788471623e-01
9.649999999999999689e-01	1.372267907071505200e-01	5.715485210158691709e-01
9.699999999999999734e-01	1.358495720843683197e-01	5.715482189393518153e-01
9.749999999999999778e-01	1.344653260855635801e-01	5.715479059396944006e-01
9.799999999999999822e-01	1.330740567574151545e-01	5.715475814806764143e-01
9.849999999999999867e-01	1.316757683194491879e-01	5.715472449866672022e-01
9.899999999999999911e-01	1.302704652267417940e-01	5.715468958513051367e-01
9.949999999999999956e-01	1.288581521301833122e-01	5.715465334223518434e-01
1.000000000000000000e+00	1.274388339468506826e-01	5.715461570119569901e-01
1.004999999999999893e+00	1.260125158163554748e-01	5.715457658786614603e-01
1.010000000000000009e+00	1.245792031801195299e-01	5.715453592395736138e-01
1.015000000000000124e+00	1.231389017333084784e-01	5.715449362489062324e-01
1.020000000000000018e+00	1.216916175144896611e-01	5.715444960124644869e-01
1.024999999999999911e+00	1.202373568525766517e-01	5.715440375619507130e-01
1.030000000000000027e+00	1.187761264686510998e-01	5.715435598722601318e-01
1.035000000000000142e+00	1.173079334172571347e-01	5.715430618305894495e-01
1.040000000000000036e+00	1.158327852025441140e-01	5.715425422571603908e-01
1.044999999999999929e+00	1.143506897131459227e-01	5.715419998679156510e-01
1.050000000000000044e+00	1.128616553552745649e-01	5.715414332994455116e-01
1.055000000000000160e+00	1.113656909802989980e-01	5.715408410637249359e-01
1.060000000000000053e+00	1.098628060380133081e-01	5.715402215782214856e-01
1.064999999999999947e+00	1.083530104958882329e-01	5.715395731106936994e-01
1.070000000000000062e+00	1.068363150164930164e-01	5.715388938157206500e-01
1.075000000000000178e+00	1.053127308672297813e-01	5.715381816670123127e-01
1.080000000000000071e+00	1.037822701268531489e-01	5.715374345019414992e-01
1.084999999999999964e+00	1.022449455843048860e-01	5.715366499380533094e-01
1.090000000000000080e+00	1.007007709805238377e-01	5.715358254276357020e-01
1.095000000000000195e+00	9.914976089477801902e-02	5.715349581540885016e-01
1.100000000000000089e+00	9.759193102957797183e-02	5.715340450991657217e-01
1.104999999999999982e+00	9.602729808265003664e-02	5.715330829134763757e-01
1.110000000000000098e+00	9.445588008489753939e-02	5.715320679998331377e-01
1.115000000000000213e+00	9.287769625587549704e-02	5.715309963502480661e-01
1.120000000000000107e+00	9.129276740756799013e-02	5.715298636499078766e-01
1.125000000000000000e+00	8.970111578091122251e-02	5.715286650703804705e-01
1.129999999999999893e+00	8.810276553194282267e-02	5.715273954002191292e-01
1.134999999999999787e+00	8.649774254659389761e-02	5.715260487803851541e-01
1.139999999999999902e+00	8.488607503089551365e-02	5.715246188695202179e-01
1.145000000000000018e+00	8.326779330094410958e-02	5.715230985023255217e-01
1.149999999999999911e+00	8.164293050588979084e-02	5.715214799003850432e-01
1.154999999999999805e+00	8.001152238972836228e-02	5.715197542266574615e-01
1.159999999999999920e+00	7.837360818557422004e-02	5.715179118567466077e-01
1.165000000000000036e+00	7.672923034585170388e-02	5.715159417915939288e-01
1.169999999999999929e+00	7.507843566012938064e-02	5.715138320098198665e-01
1.174999999999999822e+00	7.342127495055705833e-02	5.715115686842932030e-01
1.179999999999999938e+00	7.175780448523995381e-02	5.715091366444660093e-01
1.185000000000000053e+00	7.008808563674163994e-02	5.715065183177427954e-01
1.189999999999999947e+00	6.841218669161279464e-02	5.715036943429262495e-01
1.194999999999999840e+00	6.673018247207761211e-02	5.715006421192900810e-01
1.199999999999999956e+00	6.504215668469594258e-02	5.714973366304637592e-01
1.205000000000000071e+00	6.334820151012128531e-02	5.714937484245320443e-01
1.209999999999999964e+00	6.164842069775662570e-02	5.714898447353614630e-01
1.214999999999999858e+00	5.994292913782271748e-02	5.714855866216114189e-01
1.219999999999999973e+00	5.823185700723160912e-02	5.714809305153646379e-01
1.225000000000000089e+00	5.651534935609097560e-02	5.714758240913463405e-01
1.229999999999999982e+00	5.479357176495715243e-02	5.714702084404924554e-01
1.234999999999999876e+00	5.306671001183067143e-02	5.714640119768722437e-01
1.239999999999999991e+00	5.133497795114597834e-02	5.714571535434830318e-01
1.245000000000000107e+00	4.959861739185698198e-02	5.714495332068147970e-01
1.250000000000000000e+00	4.785790932363544886e-02	5.714410367841703531e-01
1.254999999999999893e+00	4.611317426067399611e-02	5.714315215561958095e-01
1.260000000000000009e+00	4.436478864995768712e-02	5.714208230159871782e-01
1.265000000000000124e+00	4.261318617759452670e-02	5.714087320084610955e-01
1.270000000000000018e+00	4.085888244563742194e-02	5.713950050506166889e-01
1.274999999999999911e+00	3.910247822032563575e-02	5.713793264688490359e-01
1.280000000000000027e+00	3.734469774867860831e-02	5.713613246478680407e-01
1.285000000000000142e+00	3.558639591196627316e-02	5.713405068131339748e-01
1.290000000000000036e+00	3.382861987313069002e-02	5.713162855071473034e-01
1.294999999999999929e+00	3.207262415144247064e-02	5.712878611428259257e-01
1.300000000000000044e+00	3.031997373913765045e-02	5.712542669804810958e-01
1.305000000000000160e+00	2.857257546852645311e-02	5.712141467650635462e-01
1.310000000000000053e+00	2.683285768492181533e-02	5.711658353261623855e-01
1.314999999999999947e+00	2.510383548516650215e-02	5.711069137616432423e-01
1.320000000000000062e+00	2.338943605262553890e-02	5.710343649637957819e-01
1.325000000000000178e+00	2.169463351754953931e-02	5.709436318373457553e-01
1.330000000000000071e+00	2.002605202616477426e-02	5.708289524870150400e-01
1.334999999999999964e+00	1.839223117616432118e-02	5.706812678035614317e-01
1.340000000000000080e+00	1.680471143728350103e-02	5.704890749181806830e-01
1.345000000000000195e+00	1.527844927031509099e-02	5.702337335094052051e-01
1.350000000000000089e+00	1.383337404828789870e-02	5.698921464000969994e-01
1.354999999999999982e+00	1.249435871247137758e-02	5.694273855679921059e-01
1.360000000000000098e+00	1.129124302679823492e-02	5.687982848154572446e-01
1.365000000000000213e+00	1.025517507849667796e-02	5.679483589232825480e-01
1.370000000000000107e+00	9.410753862578034173e-03	5.668332872203095674e-01
1.375000000000000000e+00	8.767305884760795420e-03	5.654226691200409105e-01
1.379999999999999893e+00	8.310212865778007427e-03	5.637255452503682207e-01
1.384999999999999787e+00	8.006799244602957888e-03	5.617896367732472251e-01
1.389999999999999902e+00	7.816036375979090040e-03	5.596727082586542279e-01
1.395000000000000018e+00	7.700633654533053755e-03	5.574399735996773408e-01
1.399999999999999911e+00	7.632810893476399926e-03	5.551338993212449058e-01
1.404999999999999805e+00	7.593384732861861372e-03	5.527892623438744879e-01
1.409999999999999920e+00	7.570794992752229863e-03	5.504240712406431868e-01
1.415000000000000036e+00	7.557801788077145484e-03	5.480515001278568610e-01
1.419999999999999929e+00	7.550375864545638867e-03	5.456778112185962648e-01
1.424999999999999822e+00	7.546072755713301855e-03	5.433074122198576772e-01
1.429999999999999938e+00	7.543568535809594237e-03	5.409423261736429067e-01
1.435000000000000053e+00	7.542068138913961793e-03	5.385839527385478664e-01
1.439999999999999947e+00	7.541144811794271187e-03	5.362329147986013567e-01
1.444999999999999840e+00	7.540543117493248883e-03	5.338896341989141092e-01
1.449999999999999956e+00	7.540126360206244466e-03	5.315542845834299035e-01
1.455000000000000071e+00	7.539812809646172925e-03	5.292269758034434668e-01
1.459999999999999964e+00	7.539558774180933794e-03	5.269077390587575405e-01
1.464999999999999858e+00	7.539338140637568027e-03	5.245965855969351166e-01
1.469999999999999973e+00	7.539136954710190346e-03	5.222935019621351982e-01
1.475000000000000089e+00	7.538946877113041414e-03	5.199984686655180210e-01
1.479999999999999982e+00	7.538763451700448287e-03	5.177114586279707442e-01
1.484999999999999876e+00	7.538584014936779328e-03	5.154324431417386387e-01
1.489999999999999991e+00	7.538407142890171490e-03	5.131613913263716187e-01
1.495000000000000107e+00	7.538231983743058640e-03	5.108982720592931681e-01
1.500000000000000000e+00	7.538058081282874787e-03	5.086430537543821240e-01
1.504999999999999893e+00	7.537885161853255002e-03	5.063957050139143989e-01
1.510000000000000009e+00	7.537713078029614593e-03	5.041561945107837506e-01
1.515000000000000124e+00	7.537541740639681562e-03	5.019244912343209242e-01
1.520000000000000018e+00	7.537371100792170792e-03	4.997005644066495056e-01
1.524999999999999911e+00	7.537201128193844746e-03	4.974843835988771445e-01
1.530000000000000027e+00	7.537031805414125610e-03	4.952759186594957175e-01
1.535000000000000142e+00	7.536863120973046233e-03	4.930751397885706488e-01
1.540000000000000036e+00	7.536695067508626666e-03	4.908820174711252537e-01
1.544999999999999929e+00	7.536527639576241257e-03	4.886965225371173172e-01
1.550000000000000044e+00	7.536360833060577746e-03	4.865186260975227772e-01
1.555000000000000160e+00	7.536194644477372910e-03	4.843482995989350504e-01
1.560000000000000053e+00	7.536029070782229548e-03	4.821855147615787263e-01
1.564999999999999947e+00	7.535864109151252897e-03	4.800302436313623744e-01
1.570000000000000062e+00	7.535699756916451261e-03	4.778824585195352026e-01
1.575000000000000178e+00	7.535536011498946557e-03	4.757421320531273201e-01
1.580000000000000071e+00	7.535372870384791401e-03	4.736092371161135794e-01
1.584999999999999964e+00	7.535210331106732828e-03	4.714837468985705327e-01
1.590000000000000080e+00	7.535048391232992970e-03	4.693656348392648003e-01
1.595000000000000195e+00	7.534887048364429310e-03	4.672548746736640557e-01
1.600000000000000089e+00	7.534726300127529870e-03	4.651514403778845841e-01
1.604999999999999982e+00	7.534566144176409880e-03	4.630553062156301802e-01
1.610000000000000098e+00	7.534406578187232036e-03	4.609664466834418883e-01
1.615000000000000213e+00	7.534247599861675949e-03	4.588848365566186027e-01
1.620000000000000107e+00	7.534089206921890970e-03	4.568104508357144211e-01
1.625000000000000000e+00	7.533931397114375893e-03	4.547432647914869674e-01
1.629999999999999893e+00	7.533774168205173774e-03	4.526832539125911214e-01
1.634999999999999787e+00	7.533617517983821898e-03	4.506303939495973077e-01
1.639999999999999902e+00	7.533461444258694913e-03	4.485846608638325850e-01
1.645000000000000018e+00	7.533305944860927902e-03	4.465460308705087589e-01
1.649999999999999911e+00	7.533151017639867081e-03	4.445144803886638130e-01
1.654999999999999805e+00	7.532996660466932150e-03	4.424899860834379806e-01
1.659999999999999920e+00	7.532842871231169336e-03	4.404725248170694440e-01
1.665000000000000036e+00	7.532689647843043498e-03	4.384620736903567795e-01
1.669999999999999929e+00	7.532536988230083101e-03	4.364586099946652920e-01
1.674999999999999822e+00	7.532384890340601200e-03	4.344621112526088624e-01
1.679999999999999938e+00	7.532233352139434956e-03	4.324725551710270621e-01
1.685000000000000053e+00	7.532082371611593767e-03	4.304899196809207074e-01
1.689999999999999947e+00	7.531931946758082044e-03	4.285141828913589523e-01
1.694999999999999840e+00	7.531782075599484892e-03	4.265453231286996938e-01
1.699999999999999956e+00	7.531632756171874159e-03	4.245833188913901712e-01
1.705000000000000071e+00	7.531483986530326455e-03	4.226281488885034188e-01
1.709999999999999964e+00	7.531335764744909005e-03	4.206797919953941256e-01
1.714999999999999858e+00	7.531188088904136949e-03	4.187382272915817771e-01
1.719999999999999973e+00	7.531040957111040726e-03	4.168034340172261376e-01
1.725000000000000089e+00	7.530894367486551388e-03	4.148753916103858352e-01
1.729999999999999982e+00	7.530748318165654716e-03	4.129540796642807710e-01
1.734999999999999876e+00	7.530602807300710612e-03	4.110394779639516827e-01
1.739999999999999991e+00	7.530457833057681814e-03	4.091315664442770617e-01
1.745000000000000107e+00	7.530313393619400379e-03	4.072303252260618400e-01
1.750000000000000000e+00	7.530169487181857108e-03	4.053357345747766738e-01
1.754999999999999893e+00	7.530026111957423794e-03	4.034477749361002341e-01
1.760000000000000009e+00	7.529883266171203370e-03	4.015664268953517135e-01
1.765000000000000124e+00	7.529740948064202709e-03	3.996916712125112014e-01
1.770000000000000018e+00	7.529599155889745224e-03	3.978234887823164367e-01
1.774999999999999911e+00	7.529457887916596835e-03	3.959618606687835829e-01
1.780000000000000027e+00	7.529317142425435809e-03	3.941067680659417483e-01
1.785000000000000142e+00	7.529176917711934494e-03	3.922581923318770869e-01
1.790000000000000036e+00	7.529037212083289875e-03	3.904161149500776085e-01
1.794999999999999929e+00	7.528898023861254132e-03	3.885805175630209218e-01
1.800000000000000044e+00	7.528759351378725047e-03	3.867513819341061310e-01
1.805000000000000160e+00	7.528621192982736660e-03	3.849286899808049278e-01
1.810000000000000053e+00	7.528483547031099114e-03	3.831124237371557051e-01
1.814999999999999947e+00	7.528346411895345085e-03	3.813025653864984266e-01
1.820000000000000062e+00	7.528209785957429463e-03	3.794990972245066985e-01
1.825000000000000178e+00	7.528073667612633288e-03	3.777020016915264011e-01
1.830000000000000071e+00	7.527938055266308534e-03	3.759112613361226818e-01
1.834999999999999964e+00	7.527802947336750816e-03	3.741268588470396117e-01
1.840000000000000080e+00	7.527668342251987547e-03	3.723487770172423938e-01
1.845000000000000195e+00	7.527534238452615080e-03	3.705769987755143102e-01
1.850000000000000089e+00	7.527400634388637171e-03	3.688115071509734944e-01
1.854999999999999982e+00	7.527267528522257889e-03	3.670522853043236000e-01
1.860000000000000098e+00	7.527134919324773854e-03	3.652993164928259873e-01
1.865000000000000213e+00	7.527002805279331583e-03	3.635525841012199333e-01
1.870000000000000107e+00	7.526871184877855295e-03	3.618120716071310805e-01
1.875000000000000000e+00	7.526740056623781698e-03	3.600777626116757335e-01
1.879999999999999893e+00	7.526609419029025097e-03	3.583496408052883608e-01
1.884999999999999787e+00	7.526479270616674017e-03	3.566276899980248549e-01
1.889999999999999902e+00	7.526349609918009213e-03	3.549118940857902138e-01
1.895000000000000018e+00	7.526220435475164741e-03	3.532022370803560296e-01
1.899999999999999911e+00	7.526091745838175452e-03	3.514987030759716413e-01
1.904999999999999805e+00	7.525963539567621582e-03	3.498012762791078423e-01
1.909999999999999920e+00	7.525835815231711814e-03	3.481099409754364049e-01
1.915000000000000036e+00	7.525708571408893169e-03	3.464246815593134410e-01
1.919999999999999929e+00	7.525581806684972230e-03	3.447454825011118662e-01
1.924999999999999822e+00	7.525455519655701621e-03	3.430723283764547382e-01
1.929999999999999938e+00	7.525329708923935053e-03	3.414052038338875050e-01
1.935000000000000053e+00	7.525204373102184312e-03	3.397440936238737552e-01
1.939999999999999947e+00	7.525079510809809004e-03	3.380889825667921511e-01
1.944999999999999840e+00	7.524955120675549253e-03	3.364398555817054159e-01
1.949999999999999956e+00	7.524831201334751876e-03	3.347966976546686291e-01
1.955000000000000071e+00	7.524707751431870123e-03	3.331594938672827744e-01
1.959999999999999964e+00	7.524584769617728881e-03	3.315282293653019074e-01
1.964999999999999858e+00	7.524462254551996659e-03	3.299028893869801471e-01
1.969999999999999973e+00	7.524340204900482887e-03	3.282834592319652800e-01
1.975000000000000089e+00	7.524218619337587344e-03	3.266699242894504640e-01
1.979999999999999982e+00	7.524097496543621748e-03	3.250622700073416693e-01
1.984999999999999876e+00	7.523976835207247908e-03	3.234604819202227532e-01
1.989999999999999991e+00	7.523856634022819262e-03	3.218645456187861353e-01
1.995000000000000107e+00	7.523736891692799945e-03	3.202744467776201254e-01
2.000000000000000000e+00	7.523617606925132352e-03	3.186901711248924518e-01
2.004999999999999893e+00	7.523498778435638856e-03	3.171117044699669485e-01
2.009999999999999787e+00	7.523380404945417127e-03	3.155390326733299444e-01
2.014999999999999680e+00	7.523262485183214963e-03	3.139721416740454685e-01
2.020000000000000018e+00	7.523145017882858568e-03	3.124110174599143419e-01
2.024999999999999911e+00	7.523028001785605698e-03	3.108556460947750066e-01
2.029999999999999805e+00	7.522911435637594756e-03	3.093060136888856615e-01
2.035000000000000142e+00	7.522795318192188399e-03	3.077621064260779304e-01
2.040000000000000036e+00	7.522679648207442581e-03	3.062239105343546597e-01
2.044999999999999929e+00	7.522564424448425872e-03	3.046914123129020879e-01
2.049999999999999822e+00	7.522449645684720597e-03	3.031645981028942005e-01
2.054999999999999716e+00	7.522335310692722203e-03	3.016434543143710068e-01
2.060000000000000053e+00	7.522221418253163816e-03	3.001279673972408468e-01
2.064999999999999947e+00	7.522107967153395663e-03	2.986181238680316596e-01
2.069999999999999840e+00	7.521994956184933044e-03	2.971139102810826937e-01
2.075000000000000178e+00	7.521882384145722744e-03	2.956153132551737062e-01
2.080000000000000071e+00	7.521770249837706618e-03	2.941223194449010814e-01
2.084999999999999964e+00	7.521658552069077595e-03	2.926349155671894575e-01
2.089999999999999858e+00	7.521547289651862346e-03	2.911530883728442043e-01
2.094999999999999751e+00	7.521436461404159071e-03	2.896768246729520269e-01
2.100000000000000089e+00	7.521326066147745321e-03	2.882061113106028083e-01
2.104999999999999982e+00	7.521216102710296704e-03	2.867409351871843537e-01
2.109999999999999876e+00	7.521106569923013789e-03	2.852812832342666027e-01
2.115000000000000213e+00	7.520997466622833007e-03	2.838271424397947884e-01
2.120000000000000107e+00	7.520888791650066560e-03	2.823784998201320229e-01
2.125000000000000000e+00	7.520780543850598583e-03	2.809353424461541460e-01
2.129999999999999893e+00	7.520672722073545868e-03	2.794976574154437454e-01
2.134999999999999787e+00	7.520565325173445351e-03	2.780654318782928014e-01
2.140000000000000124e+00	7.520458352007921773e-03	2.766386530100418129e-01
2.145000000000000018e+00	7.520351801439869102e-03	2.752173080369940683e-01
2.149999999999999911e+00	7.520245672335137271e-03	2.738013842088955485e-01
2.155000000000000249e+00	7.520139963564697987e-03	2.723908688247624887e-01
2.160000000000000142e+00	7.520034674002345348e-03	2.709857492054996153e-01
2.165000000000000036e+00	7.519929802526851247e-03	2.695860127196443301e-01
2.169999999999999929e+00	7.519825348019691137e-03	2.681916467561160089e-01
2.174999999999999822e+00	7.519721309367173416e-03	2.668026387498823038e-01
2.180000000000000160e+00	7.519617685458186880e-03	2.654189761548352289e-01
2.185000000000000053e+00	7.519514475186323162e-03	2.640406464693818567e-01
2.189999999999999947e+00	7.519411677447633731e-03	2.626676372094431389e-01
2.195000000000000284e+00	7.519309291142742789e-03	2.612999359339713834e-01
2.200000000000000178e+00	7.519207315174619016e-03	2.599375302180690350e-01
2.205000000000000071e+00	7.519105748450679791e-03	2.585804076784352090e-01
2.209999999999999964e+00	7.519004589880572478e-03	2.572285559466001570e-01
2.214999999999999858e+00	7.518903838378275181e-03	2.558819626943037995e-01
2.220000000000000195e+00	7.518803492859884967e-03	2.545406156068419912e-01
2.225000000000000089e+00	7.518703552245713413e-03	2.532045024083803830e-01
2.229999999999999982e+00	7.518604015458087847e-03	2.518736108354084346e-01
2.235000000000000320e+00	7.518504881423433012e-03	2.505479286619895496e-01
2.240000000000000213e+00	7.518406149070088786e-03	2.492274436733221410e-01
2.245000000000000107e+00	7.518307817330384044e-03	2.479121436909270393e-01
2.250000000000000000e+00	7.518209885138465651e-03	2.466020165463117808e-01
2.254999999999999893e+00	7.518112351432359314e-03	2.452970501060981467e-01
2.259999999999999787e+00	7.518015215151816789e-03	2.439972322457868159e-01
2.264999999999999680e+00	7.517918475240364592e-03	2.427025508748262561e-01
2.270000000000000018e+00	7.517822130643164215e-03	2.414129939104753819e-01
2.274999999999999911e+00	7.517726180309053027e-03	2.401285493028159634e-01
2.279999999999999805e+00	7.517630623188411437e-03	2.388492050087102081e-01
2.285000000000000142e+00	7.517535458235202923e-03	2.375749490167573252e-01
2.290000000000000036e+00	7.517440684404849867e-03	2.363057693213456989e-01
2.294999999999999929e+00	7.517346300656257106e-03	2.350416539475537747e-01
2.299999999999999822e+00	7.517252305949713789e-03	2.337825909252940482e-01
2.304999999999999716e+00	7.517158699248899581e-03	2.325285683141608273e-01
2.310000000000000053e+00	7.517065479518796924e-03	2.312795741776635106e-01
2.314999999999999947e+00	7.516972645727692040e-03	2.300355966080220027e-01
2.319999999999999840e+00	7.516880196845097603e-03	2.287966237004875891e-01
2.325000000000000178e+00	7.516788131843747667e-03	2.275626435780864210e-01
2.330000000000000071e+00	7.516696449697527274e-03	2.263336443660279584e-01
2.334999999999999964e+00	7.516605149383462185e-03	2.251096142163959701e-01
2.339999999999999858e+00	7.516514229879658025e-03	2.238905412826423524e-01
2.344999999999999751e+00	7.516423690167279605e-03	2.226764137442281133e-01
2.350000000000000089e+00	7.516333529228506546e-03	2.214672197812002086e-01
2.354999999999999982e+00	7.516243746048503933e-03	2.202629475987827878e-01
2.359999999999999876e+00	7.516154339613380538e-03	2.190635854020364925e-01
2.365000000000000213e+00	7.516065308912161201e-03	2.178691214203996029e-01
2.370000000000000107e+00	7.515976652934750271e-03	2.166795438824296594e-01
2.375000000000000000e+00	7.515888370673895306e-03	2.154948410402939551e-01
2.379999999999999893e+00	7.515800461123166125e-03	2.143150011445925374e-01
2.384999999999999787e+00	7.515712923278906367e-03	2.131400124687991005e-01
2.390000000000000124e+00	7.515625756138222952e-03	2.119698632841637009e-01
2.395000000000000018e+00	7.515538958700929834e-03	2.108045418841044683e-01
2.399999999999999911e+00	7.515452529967553072e-03	2.096440365591891453e-01
2.405000000000000249e+00	7.515366468941258107e-03	2.084883356214771166e-01
2.410000000000000142e+00	7.515280774625867841e-03	2.073374273795806910e-01
2.415000000000000036e+00	7.515195446027789911e-03	2.061913001629560593e-01
2.419999999999999929e+00	7.515110482154033038e-03	2.050499422970432639e-01
2.424999999999999822e+00	7.515025882014130833e-03	2.039133421275075853e-01
2.430000000000000160e+00	7.514941644618173752e-03	2.027814879954569771e-01
2.435000000000000053e+00	7.514857768978717295e-03	2.016543682616332989e-01
2.439999999999999947e+00	7.514774254108826969e-03	2.005319712817070499e-01
2.445000000000000284e+00	7.514691099023979547e-03	1.994142854304179480e-01
2.450000000000000178e+00	7.514608302740119310e-03	1.983012990769476014e-01
2.455000000000000071e+00	7.514525864275548028e-03	1.971930006090083232e-01
2.459999999999999964e+00	7.514443782648988143e-03	1.960893784082928248e-01
2.464999999999999858e+00	7.514362056881476216e-03	1.949904208745122658e-01
2.470000000000000195e+00	7.514280685994425245e-03	1.938961164009223581e-01
2.475000000000000089e+00	7.514199669011512907e-03	1.928064533983096795e-01
2.479999999999999982e+00	7.514119004956758621e-03	1.917214202705946058e-01
2.485000000000000320e+00	7.514038692856397049e-03	1.906410054387645825e-01
2.490000000000000213e+00	7.513958731736968162e-03	1.895651973165553561e-01
2.495000000000000107e+00	7.513879120627183807e-03	1.884939843343295396e-01
2.500000000000000000e+00	7.513799858556026445e-03	1.874273549148355866e-01
2.504999999999999893e+00	7.513720944554607914e-03	1.863652974970325948e-01
2.509999999999999787e+00	7.513642377654275971e-03	1.853078005119263016e-01
2.514999999999999680e+00	7.513564156888467849e-03	1.842548524063392923e-01
2.520000000000000018e+00	7.513486281290827212e-03	1.832064416188243228e-01
2.524999999999999911e+00	7.513408749897046435e-03	1.821625566033794330e-01
2.529999999999999805e+00	7.513331561742995698e-03	1.811231858054389299e-01
2.535000000000000142e+00	7.513254715866556598e-03	1.800883176855314349e-01
2.540000000000000036e+00	7.513178211305759045e-03	1.790579406953505259e-01
2.544999999999999929e+00	7.513102047100611407e-03	1.780320433013542480e-01
2.549999999999999822e+00	7.513026222291242610e-03	1.770106139609146922e-01
2.554999999999999716e+00	7.512950735919727945e-03	1.759936411458595806e-01
2.560000000000000053e+00	7.512875587028237240e-03	1.749811133187008649e-01
2.564999999999999947e+00	7.512800774660855462e-03	1.739730189561169704e-01
2.569999999999999840e+00	7.512726297861736964e-03	1.729693465252610807e-01
2.575000000000000178e+00	7.512652155676922613e-03	1.719700845071826245e-01
2.580000000000000071e+00	7.512578347152501848e-03	1.709752213732169124e-01
2.584999999999999964e+00	7.512504871336419393e-03	1.699847456083442843e-01
2.589999999999999858e+00	7.512431727276649464e-03	1.689986456876609311e-01
2.594999999999999751e+00	7.512358914022995542e-03	1.680169100996755649e-01
2.600000000000000089e+00	7.512286430625270649e-03	1.670395273228618693e-01
2.604999999999999982e+00	7.512214276135089318e-03	1.660664858488913875e-01
2.609999999999999876e+00	7.512142449604061745e-03	1.650977741592683512e-01
2.615000000000000213e+00	7.512070950085574482e-03	1.641333807484973428e-01
2.620000000000000107e+00	7.511999776632991531e-03	1.631732941008020854e-01
2.625000000000000000e+00	7.511928928301432433e-03	1.622175027132260194e-01
2.629999999999999893e+00	7.511858404145976831e-03	1.612659950724354418e-01
2.634999999999999787e+00	7.511788203223441693e-03	1.603187596777526647e-01
2.640000000000000124e+00	7.511718324590590211e-03	1.593757850180439195e-01
2.645000000000000018e+00	7.511648767305900351e-03	1.584370595946840710e-01
2.649999999999999911e+00	7.511579530427786762e-03	1.575025718985295087e-01
2.655000000000000249e+00	7.511510613016357182e-03	1.565723104328133053e-01
2.660000000000000142e+00	7.511442014131647360e-03	1.556462636902052332e-01
2.665000000000000036e+00	7.511373732835367051e-03	1.547244201756342308e-01
2.669999999999999929e+00	7.511305768189145346e-03	1.538067683834367649e-01
2.674999999999999822e+00	7.511238119256267998e-03	1.528932968201069664e-01
2.680000000000000160e+00	7.511170785099933155e-03	1.519839939815326446e-01
2.685000000000000053e+00	7.511103764784979146e-03	1.510788483756720368e-01
2.689999999999999947e+00	7.511037057376149760e-03	1.501778484998786689e-01
2.695000000000000284e+00	7.510970661939813352e-03	1.492809828635029146e-01
2.700000000000000178e+00	7.510904577542239398e-03	1.483882399653075612e-01
2.705000000000000071e+00	7.510838803251308933e-03	1.474996083159922922e-01
2.709999999999999964e+00	7.510773338134796306e-03	1.466150764157006237e-01
2.714999999999999858e+00	7.510708181262080486e-03	1.457346327764664773e-01
2.720000000000000195e+00	7.510643331702425950e-03	1.448582658998131267e-01
2.725000000000000089e+00	7.510578788526689649e-03	1.439859642991209721e-01
2.729999999999999982e+00	7.510514550805616647e-03	1.431177164773188848e-01
2.735000000000000320e+00	7.510450617611528872e-03	1.422535109491718519e-01
2.740000000000000213e+00	7.510386988016637226e-03	1.413933362190668286e-01
2.745000000000000107e+00	7.510323661094720805e-03	1.405371808032173653e-01
2.750000000000000000e+00	7.510260635919445080e-03	1.396850332075453005e-01
2.754999999999999893e+00	7.510197911566038505e-03	1.388368819498022599e-01
2.759999999999999787e+00	7.510135487109612443e-03	1.379927155375467451e-01
2.764999999999999680e+00	7.510073361626836037e-03	1.371525224901817552e-01
2.770000000000000018e+00	7.510011534194264808e-03	1.363162913170287149e-01
2.774999999999999911e+00	7.509950003890002515e-03	1.354840105392788319e-01
2.779999999999999805e+00	7.509888769792041896e-03	1.346556686681654458e-01
2.785000000000000142e+00	7.509827830979918725e-03	1.338312542268278171e-01
2.790000000000000036e+00	7.509767186533062092e-03	1.330107557285830910e-01
2.794999999999999929e+00	7.509706835532438049e-03	1.321941616987010459e-01
2.799999999999999822e+00	7.509646777058911170e-03	1.313814606527760886e-01
2.804999999999999716e+00	7.509587010194877787e-03	1.305726411184122415e-01
2.810000000000000053e+00	7.509527534022638826e-03	1.297676916136962511e-01
2.814999999999999947e+00	7.509468347626023499e-03	1.289666006687912869e-01
2.819999999999999840e+00	7.509409450088770817e-03	1.281693568045125242e-01
2.825000000000000178e+00	7.509350840496148080e-03	1.273759485538269731e-01
2.830000000000000071e+00	7.509292517933334986e-03	1.265863644405338106e-01
2.834999999999999964e+00	7.509234481487040390e-03	1.258005930006694251e-01
2.839999999999999858e+00	7.509176730243894218e-03	1.250186227612918033e-01
2.844999999999999751e+00	7.509119263292052954e-03	1.242404422617907345e-01
2.850000000000000089e+00	7.509062079719601955e-03	1.234660400327774743e-01
2.854999999999999982e+00	7.509005178616153138e-03	1.226954046172977209e-01
2.859999999999999876e+00	7.508948559071258570e-03	1.219285245498281239e-01
2.865000000000000213e+00	7.508892220175993407e-03	1.211653883773907980e-01
2.870000000000000107e+00	7.508836161021385097e-03	1.204059846386579813e-01
2.875000000000000000e+00	7.508780380699986781e-03	1.196503018849663091e-01
2.879999999999999893e+00	7.508724878304309965e-03	1.188983286595304972e-01
2.884999999999999787e+00	7.508669652928397914e-03	1.181500535183565709e-01
2.890000000000000124e+00	7.508614703666260937e-03	1.174054650095650715e-01
2.895000000000000018e+00	7.508560029613442835e-03	1.166645516942026034e-01
2.899999999999999911e+00	7.508505629865468330e-03	1.159273021256755354e-01
2.905000000000000249e+00	7.508451503519397371e-03	1.151937048704572836e-01
2.910000000000000142e+00	7.508397649672286442e-03	1.144637484876350614e-01
2.915000000000000036e+00	7.508344067422725518e-03	1.137374215495115803e-01
2.919999999999999929e+00	7.508290755869312383e-03	1.130147126212643072e-01
2.924999999999999822e+00	7.508237714112191326e-03	1.122956102814416796e-01
2.930000000000000160e+00	7.508184941251523983e-03	1.115801031017360639e-01
2.935000000000000053e+00	7.508132436389018498e-03	1.108681796673723491e-01
2.939999999999999947e+00	7.508080198626420308e-03	1.101598285569958813e-01
2.945000000000000284e+00	7.508028227067025696e-03	1.094550383629520895e-01
2.950000000000000178e+00	7.507976520814179516e-03	1.087537976712908278e-01
2.955000000000000071e+00	7.507925078972785271e-03	1.080560950819356852e-01
2.959999999999999964e+00	7.507873900647812383e-03	1.073619191888051522e-01
2.964999999999999858e+00	7.507822984945792394e-03	1.066712585998708940e-01
2.970000000000000195e+00	7.507772330973337509e-03	1.059841019173966142e-01
2.975000000000000089e+00	7.507721937838631593e-03	1.053004377578842382e-01
2.979999999999999982e+00	7.507671804649955656e-03	1.046202547324315557e-01
2.985000000000000320e+00	7.507621930517164970e-03	1.039435414665641072e-01
2.990000000000000213e+00	7.507572314550234500e-03	1.032702865807135495e-01
2.995000000000000107e+00	7.507522955860717814e-03	1.026004787099343007e-01
3.000000000000000000e+00	7.507473853560302050e-03	1.019341064845023098e-01
3.004999999999999893e+00	7.507425006762267691e-03	1.012711585495163907e-01
3.009999999999999787e+00	7.507376414580043539e-03	1.006116235456184366e-01
3.014999999999999680e+00	7.507328076128657809e-03	9.995549012847720904e-02
3.020000000000000018e+00	7.507279990523308723e-03	9.930274694963167614e-02
3.024999999999999911e+00	7.507232156880799118e-03	9.865338267585642418e-02
3.029999999999999805e+00	7.507184574318123520e-03	9.800738597012811915e-02
3.035000000000000142e+00	7.507137241953888013e-03	9.736474551087183349e-02
3.040000000000000036e+00	7.507090158906909449e-03	9.672544997305224102e-02
3.044999999999999929e+00	7.507043324297627516e-03	9.608948804729866566e-02
3.049999999999999822e+00	7.506996737246709149e-03	9.545684842112199531e-02
3.054999999999999716e+00	7.506950396876456259e-03	9.482751979791835539e-02
3.060000000000000053e+00	7.506904302309415355e-03	9.420149087831179713e-02
3.064999999999999947e+00	7.506858452669778331e-03	9.357875037903547188e-02
3.069999999999999840e+00	7.506812847082005094e-03	9.295928701440130115e-02
3.075000000000000178e+00	7.506767484672207877e-03	9.234308951505720842e-02
3.080000000000000071e+00	7.506722364566785141e-03	9.173014660958522803e-02
3.084999999999999964e+00	7.506677485893803285e-03	9.112044704313353172e-02
3.089999999999999858e+00	7.506632847781634019e-03	9.051397955914317062e-02
3.094999999999999751e+00	7.506588449360325661e-03	8.991073291785448007e-02
3.100000000000000089e+00	7.506544289760256131e-03	8.931069587816328759e-02
3.104999999999999982e+00	7.506500368113486893e-03	8.871385721600089092e-02
3.109999999999999876e+00	7.506456683552434166e-03	8.812020570631985683e-02
3.115000000000000213e+00	7.506413235211208124e-03	8.752973014134661500e-02
3.120000000000000107e+00	7.506370022224293642e-03	8.694241931269872103e-02
3.125000000000000000e+00	7.506327043727882564e-03	8.635826202950792896e-02
3.129999999999999893e+00	7.506284298858560515e-03	8.577724710066973735e-02
3.134999999999999787e+00	7.506241786754637435e-03	8.519936335283703754e-02
3.140000000000000124e+00	7.506199506554834394e-03	8.462459961280184573e-02
3.145000000000000018e+00	7.506157457399608920e-03	8.405294472535858319e-02
3.149999999999999911e+00	7.506115638429855692e-03	8.348438753581896576e-02
3.155000000000000249e+00	7.506074048788213653e-03	8.291891690774393087e-02
3.160000000000000142e+00	7.506032687617784048e-03	8.235652170559261409e-02
3.165000000000000036e+00	7.505991554063422798e-03	8.179719081232170175e-02
3.169999999999999929e+00	7.505950647270474146e-03	8.124091311216945221e-02
3.174999999999999822e+00	7.505909966386045684e-03	8.068767750812164130e-02
3.180000000000000160e+00	7.505869510557755878e-03	8.013747290483065611e-02
3.185000000000000053e+00	7.505829278935005622e-03	7.959028822594839403e-02
3.189999999999999947e+00	7.505789270667723168e-03	7.904611239718017934e-02
3.195000000000000284e+00	7.505749484907633939e-03	7.850493436348350562e-02
3.200000000000000178e+00	7.505709920807014136e-03	7.796674307225885669e-02
3.205000000000000071e+00	7.505670577519950142e-03	7.743152749041233573e-02
3.209999999999999964e+00	7.505631454201105134e-03	7.689927658768357099e-02
3.214999999999999858e+00	7.505592550006959414e-03	7.636997935357271727e-02
3.220000000000000195e+00	7.505553864094597835e-03	7.584362478080586278e-02
3.225000000000000089e+00	7.505515395622936251e-03	7.532020188212486256e-02
3.229999999999999982e+00	7.505477143751516748e-03	7.479969967389095420e-02
3.235000000000000320e+00	7.505439107641726296e-03	7.428210719273738161e-02
3.240000000000000213e+00	7.505401286455600646e-03	7.376741347931145554e-02
3.245000000000000107e+00	7.505363679357036910e-03	7.325560759478898232e-02
3.250000000000000000e+00	7.505326285510603539e-03	7.274667860475561576e-02
3.254999999999999893e+00	7.505289104082740748e-03	7.224061559558241086e-02
3.259999999999999787e+00	7.505252134240588714e-03	7.173740765844682787e-02
3.264999999999999680e+00	7.505215375153169791e-03	7.123704390556889754e-02
3.270000000000000018e+00	7.505178825990230576e-03	7.073951345437214100e-02
3.274999999999999911e+00	7.505142485923415457e-03	7.024480544358006895e-02
3.279999999999999805e+00	7.505106354125116487e-03	6.975290901751746153e-02
3.285000000000000142e+00	7.505070429769637383e-03	6.926381334206588303e-02
3.290000000000000036e+00	7.505034712032049478e-03	6.877750758910684825e-02
3.294999999999999929e+00	7.504999200089355720e-03	6.829398095233561727e-02
3.299999999999999822e+00	7.504963893119348355e-03	6.781322263184534627e-02
3.304999999999999716e+00	7.504928790301763387e-03	6.733522184980025860e-02
3.310000000000000053e+00	7.504893890817152143e-03	6.685996783516071074e-02
3.314999999999999947e+00	7.504859193848023580e-03	6.638744983921446297e-02
3.319999999999999840e+00	7.504824698577727132e-03	6.591765712044403425e-02
3.325000000000000178e+00	7.504790404191578543e-03	6.545057895991489294e-02
3.330000000000000071e+00	7.504756309875766120e-03	6.498620464628591942e-02
3.334999999999999964e+00	7.504722414818454021e-03	6.452452349105390617e-02
3.339999999999999858e+00	7.504688718208700655e-03	6.406552481370710039e-02
3.344999999999999751e+00	7.504655219237560231e-03	6.360919795682616618e-02
3.350000000000000089e+00	7.504621917097000286e-03	6.315553227138070991e-02
3.354999999999999982e+00	7.504588810981000641e-03	6.270451713168649632e-02
3.359999999999999876e+00	7.504555900084479599e-03	6.225614192084523435e-02
3.365000000000000213e+00	7.504523183604378152e-03	6.181039604555722128e-02
3.370000000000000107e+00	7.504490660738603533e-03	6.136726892170529801e-02
3.375000000000000000e+00	7.504458330687096071e-03	6.092674998902226219e-02
3.379999999999999893e+00	7.504426192650789224e-03	6.048882869681896507e-02
3.384999999999999787e+00	7.504394245832664290e-03	6.005349451850681280e-02
3.390000000000000124e+00	7.504362489436715647e-03	5.962073693746979680e-02
3.395000000000000018e+00	7.504330922669003728e-03	5.919054546144158352e-02
3.399999999999999911e+00	7.504299544736624597e-03	5.876290960852198486e-02
3.405000000000000249e+00	7.504268354848750780e-03	5.833781892140825487e-02
3.410000000000000142e+00	7.504237352215619924e-03	5.791526295355615972e-02
3.415000000000000036e+00	7.504206536049557418e-03	5.749523128326549520e-02
3.419999999999999929e+00	7.504175905563975450e-03	5.707771349998547877e-02
3.424999999999999822e+00	7.504145459974392168e-03	5.666269921825416167e-02
3.430000000000000160e+00	7.504115198497435073e-03	5.625017806414882998e-02
3.435000000000000053e+00	7.504085120351847160e-03	5.584013968907890202e-02
3.439999999999999947e+00	7.504055224757509406e-03	5.543257375638127593e-02
3.445000000000000284e+00	7.504025510936430422e-03	5.502746995496614335e-02
3.450000000000000178e+00	7.503995978111779354e-03	5.462481798605824806e-02
3.455000000000000071e+00	7.503966625508870329e-03	5.422460757669530368e-02
3.459999999999999964e+00	7.503937452354195355e-03	5.382682846661415027e-02
3.464999999999999858e+00	7.503908457876407034e-03	5.343147042160292792e-02
3.470000000000000195e+00	7.503879641305365340e-03	5.303852322053195095e-02
3.475000000000000089e+00	7.503851001873096047e-03	5.264797666855855485e-02
3.479999999999999982e+00	7.503822538812859183e-03	5.225982058430364563e-02
3.485000000000000320e+00	7.503794251360095327e-03	5.187404481290903285e-02
3.490000000000000213e+00	7.503766138751500128e-03	5.149063921335945981e-02
3.495000000000000107e+00	7.503738200225962794e-03	5.110959367139236015e-02
3.500000000000000000e+00	7.503710435023651891e-03	5.073089808696527175e-02
3.504999999999999893e+00	7.503682842386945155e-03	5.035454238701805862e-02
3.509999999999999787e+00	7.503655421559517029e-03	4.998051651308573623e-02
3.514999999999999680e+00	7.503628171787268472e-03	4.960881043391311002e-02
3.520000000000000018e+00	7.503601092317418834e-03	4.923941413321293592e-02
3.524999999999999911e+00	7.503574182399423524e-03	4.887231762213296860e-02
3.529999999999999805e+00	7.503547441284086697e-03	4.850751092715926971e-02
3.535000000000000142e+00	7.503520868224455506e-03	4.814498410243561038e-02
3.540000000000000036e+00	7.503494462474949271e-03	4.778472721781220484e-02
3.544999999999999929e+00	7.503468223292243319e-03	4.742673037101733519e-02
3.549999999999999822e+00	7.503442149934408563e-03	4.707098367585124676e-02
3.554999999999999716e+00	7.503416241661783198e-03	4.671747727421014795e-02
3.560000000000000053e+00	7.503390497736122690e-03	4.636620132442505898e-02
3.564999999999999947e+00	7.503364917421464532e-03	4.601714601313851988e-02
3.569999999999999840e+00	7.503339499983285171e-03	4.567030154378809437e-02
3.575000000000000178e+00	7.503314244689352625e-03	4.532565814833548756e-02
3.580000000000000071e+00	7.503289150808898147e-03	4.498320607589535031e-02
3.584999999999999964e+00	7.503264217613457576e-03	4.464293560431623065e-02
3.589999999999999858e+00	7.503239444376048201e-03	4.430483702895452597e-02
3.594999999999999751e+00	7.503214830372006636e-03	4.396890067410810093e-02
3.600000000000000089e+00	7.503190374878174369e-03	4.363511688193443677e-02
3.604999999999999982e+00	7.503166077173719153e-03	4.330347602373722099e-02
3.609999999999999876e+00	7.503141936539337899e-03	4.297396848902882566e-02
3.615000000000000213e+00	7.503117952258065056e-03	4.264658469666961216e-02
3.620000000000000107e+00	7.503094123614486785e-03	4.232131508407468296e-02
3.625000000000000000e+00	7.503070449895536329e-03	4.199815011820617894e-02
3.629999999999999893e+00	7.503046930389720322e-03	4.167708028492402017e-02
3.634999999999999787e+00	7.503023564387902890e-03	4.135809609983127216e-02
3.640000000000000124e+00	7.503000351182545838e-03	4.104118809776854948e-02
3.645000000000000018e+00	7.502977290068477134e-03	4.072634684351306850e-02
3.649999999999999911e+00	7.502954380342140642e-03	4.041356292141612405e-02
3.655000000000000249e+00	7.502931621302361131e-03	4.010282694595585645e-02
3.660000000000000142e+00	7.502909012249600086e-03	3.979412955151825915e-02
3.665000000000000036e+00	7.502886552486709437e-03	3.948746140280324363e-02
3.669999999999999929e+00	7.502864241318196910e-03	3.918281318474862995e-02
3.674999999999999822e+00	7.502842078050970219e-03	3.888017561279057815e-02
3.680000000000000160e+00	7.502820061993619762e-03	3.857953942293016608e-02
3.685000000000000053e+00	7.502798192457141128e-03	3.828089538184786811e-02
3.689999999999999947e+00	7.502776468754229940e-03	3.798423427711250522e-02
3.695000000000000284e+00	7.502754890200001754e-03	3.768954692715045796e-02
3.700000000000000178e+00	7.502733456111292110e-03	3.739682417159655159e-02
3.705000000000000071e+00	7.502712165807365156e-03	3.710605688111809353e-02
3.709999999999999964e+00	7.502691018609222370e-03	3.681723594790747844e-02
3.714999999999999858e+00	7.502670013840309453e-03	3.653035229536141792e-02
3.720000000000000195e+00	7.502649150825822441e-03	3.624539686871473820e-02
3.725000000000000089e+00	7.502628428893412874e-03	3.596236064457532938e-02
3.729999999999999982e+00	7.502607847372506043e-03	3.568123462169860843e-02
3.735000000000000320e+00	7.502587405594986214e-03	3.540200983037851412e-02
3.740000000000000213e+00	7.502567102894535690e-03	3.512467732336271159e-02
3.745000000000000107e+00	7.502546938607300951e-03	3.484922818509918890e-02
3.750000000000000000e+00	7.502526912071245599e-03	3.457565352279214771e-02
3.754999999999999893e+00	7.502507022626810421e-03	3.430394447550519366e-02
3.759999999999999787e+00	7.502487269616267204e-03	3.403409220535662943e-02
3.764999999999999680e+00	7.502467652384374464e-03	3.376608790647994685e-02
3.770000000000000018e+00	7.502448170277742530e-03	3.349992279635823078e-02
3.774999999999999911e+00	7.502428822645474532e-03	3.323558812464217499e-02
3.779999999999999805e+00	7.502409608838546233e-03	3.297307516462336802e-02
3.785000000000000142e+00	7.502390528210432265e-03	3.271237522190990205e-02
3.790000000000000036e+00	7.502371580116496373e-03	3.245347962603840897e-02
3.794999999999999929e+00	7.502352763914612449e-03	3.219637973900769945e-02
3.799999999999999822e+00	7.502334078964560844e-03	3.194106694702890381e-02
3.804999999999999716e+00	7.502315524628638127e-03	3.168753266891764092e-02
3.810000000000000053e+00	7.502297100271066409e-03	3.143576834798168795e-02
3.814999999999999947e+00	7.502278805258590956e-03	3.118576546027256036e-02
3.819999999999999840e+00	7.502260638959899058e-03	3.093751550661000618e-02
3.825000000000000178e+00	7.502242600746208967e-03	3.069101002069292428e-02
3.830000000000000071e+00	7.502224689990701773e-03	3.044624056126091563e-02
3.834999999999999964e+00	7.502206906069091262e-03	3.020319872006488673e-02
3.839999999999999858e+00	7.502189248359070542e-03	2.996187611416475938e-02
3.844999999999999751e+00	7.502171716240878425e-03	2.972226439376080692e-02
3.850000000000000089e+00	7.502154309096745188e-03	2.948435523462667254e-02
3.854999999999999982e+00	7.502137026311452885e-03	2.924814034580191027e-02
3.859999999999999876e+00	7.502119867271794980e-03	2.901361146216001677e-02
3.865000000000000213e+00	7.502102831367121923e-03	2.878076035196242347e-02
3.870000000000000107e+00	7.502085917988808583e-03	2.854957880956112554e-02
3.875000000000000000e+00	7.502069126530795488e-03	2.832005866281485026e-02
3.879999999999999893e+00	7.502052456389064934e-03	2.809219176592547135e-02
3.884999999999999787e+00	7.502035906962170077e-03	2.786597000671689126e-02
3.890000000000000124e+00	7.502019477650718852e-03	2.764138529960493904e-02
3.895000000000000018e+00	7.502003167857898731e-03	2.741842959273937258e-02
3.899999999999999911e+00	7.501986976988967576e-03	2.719709486110654523e-02
3.905000000000000249e+00	7.501970904451766252e-03	2.697737311353514897e-02
3.910000000000000142e+00	7.501954949656223365e-03	2.675925638593148331e-02
3.915000000000000036e+00	7.501939112014854860e-03	2.654273674814911638e-02
3.919999999999999929e+00	7.501923390942279168e-03	2.632780629735579150e-02
3.924999999999999822e+00	7.501907785855706397e-03	2.611445716476851892e-02
3.930000000000000160e+00	7.501892296174465617e-03	2.590268150915112089e-02
3.935000000000000053e+00	7.501876921320482783e-03	2.569247152341489968e-02
3.939999999999999947e+00	7.501861660717814954e-03	2.548381942824681085e-02
3.945000000000000284e+00	7.501846513793123880e-03	2.527671747857609952e-02
3.950000000000000178e+00	7.501831479975213691e-03	2.507115795733244612e-02
3.955000000000000071e+00	7.501816558695496677e-03	2.486713318177928567e-02
3.959999999999999964e+00	7.501801749387548325e-03	2.466463549740125286e-02
3.964999999999999858e+00	7.501787051487549679e-03	2.446365728410478113e-02
3.970000000000000195e+00	7.501772464433859727e-03	2.426419095023413935e-02
3.975000000000000089e+00	7.501757987667450819e-03	2.406622893864023699e-02
3.979999999999999982e+00	7.501743620631481056e-03	2.386976372082453765e-02
3.985000000000000320e+00	7.501729362771729706e-03	2.367478780287634102e-02
3.990000000000000213e+00	7.501715213536175667e-03	2.348129371974429572e-02
3.995000000000000107e+00	7.501701172375420737e-03	2.328927404104280674e-02
4.000000000000000000e+00	7.501687238742279357e-03	2.309872136545023172e-02
4.004999999999999893e+00	7.501673412092191469e-03	2.290962832638538185e-02
4.009999999999999787e+00	7.501659691882824402e-03	2.272198758653165562e-02
4.014999999999999680e+00	7.501646077574473589e-03	2.253579184338413977e-02
4.019999999999999574e+00	7.501632568629673127e-03	2.235103382389911839e-02
4.025000000000000355e+00	7.501619164513587817e-03	2.216770628991253725e-02
4.030000000000000249e+00	7.501605864693635869e-03	2.198580203291424298e-02
4.035000000000000142e+00	7.501592668639868802e-03	2.180531387933825130e-02
4.040000000000000036e+00	7.501579575824601949e-03	2.162623468546112648e-02
4.044999999999999929e+00	7.501566585722783953e-03	2.144855734256487581e-02
4.049999999999999822e+00	7.501553697811643752e-03	2.127227477195867827e-02
4.054999999999999716e+00	7.501540911571044461e-03	2.109737993001527256e-02
4.059999999999999609e+00	7.501528226483138162e-03	2.092386580331516074e-02
4.064999999999999503e+00	7.501515642032718922e-03	2.075172541355715938e-02
4.070000000000000284e+00	7.501503157706875848e-03	2.058095181282443287e-02
4.075000000000000178e+00	7.501490772995341762e-03	2.041153808837011321e-02
4.080000000000000071e+00	7.501478487390159273e-03	2.024347735800424361e-02
4.084999999999999964e+00	7.501466300386012975e-03	2.007676277475492141e-02
4.089999999999999858e+00	7.501454211479911989e-03	1.991138752237614495e-02
4.094999999999999751e+00	7.501442220171506553e-03	1.974734481988483364e-02
4.099999999999999645e+00	7.501430325962777507e-03	1.958462791718863436e-02
4.105000000000000426e+00	7.501418528358353745e-03	1.942323009949990797e-02
4.110000000000000320e+00	7.501406826865205171e-03	1.926314468308262112e-02
4.115000000000000213e+00	7.501395220992948878e-03	1.910436501954401733e-02
4.120000000000000107e+00	7.501383710253550774e-03	1.894688449169987243e-02
4.125000000000000000e+00	7.501372294161629158e-03	1.879069651774471078e-02
4.129999999999999893e+00	7.501360972234158084e-03	1.863579454723455694e-02
4.134999999999999787e+00	7.501349743990763132e-03	1.848217206513648111e-02
4.139999999999999680e+00	7.501338608953441248e-03	1.832982258792828847e-02
4.144999999999999574e+00	7.501327566646834831e-03	1.817873966752780665e-02
4.150000000000000355e+00	7.501316616597969791e-03	1.802891688750889870e-02
4.155000000000000249e+00	7.501305758336517492e-03	1.788034786691155772e-02
4.160000000000000142e+00	7.501294991394540611e-03	1.773302625657313322e-02
4.165000000000000036e+00	7.501284315306750751e-03	1.758694574282002043e-02
4.169999999999999929e+00	7.501273729610253432e-03	1.744210004391361091e-02
4.174999999999999822e+00	7.501263233844809170e-03	1.729848291362413165e-02
4.179999999999999716e+00	7.501252827552577600e-03	1.715608813779051500e-02
4.185000000000000497e+00	7.501242510278370752e-03	1.701490953777741455e-02
4.190000000000000391e+00	7.501232281569416259e-03	1.687494096714822409e-02
4.195000000000000284e+00	7.501222140975585470e-03	1.673617631500559644e-02
4.200000000000000178e+00	7.501212088049173145e-03	1.659860950277720210e-02
4.205000000000000071e+00	7.501202122345124700e-03	1.646223448744079179e-02
4.209999999999999964e+00	7.501192243420808960e-03	1.632704525842141111e-02
4.214999999999999858e+00	7.501182450836246275e-03	1.619303584070201987e-02
4.219999999999999751e+00	7.501172744153892548e-03	1.606020029183153133e-02
4.224999999999999645e+00	7.501163122938848266e-03	1.592853270492163367e-02
4.230000000000000426e+00	7.501153586758657274e-03	1.579802720576483840e-02
4.235000000000000320e+00	7.501144135183510607e-03	1.566867795571835059e-02
4.240000000000000213e+00	7.501134767786046993e-03	1.554047914893138746e-02
4.245000000000000107e+00	7.501125484141550614e-03	1.541342501511683977e-02
4.250000000000000000e+00	7.501116283827761154e-03	1.528750981688732635e-02
4.254999999999999893e+00	7.501107166425060278e-03	1.516272785241502136e-02
4.259999999999999787e+00	7.501098131516292962e-03	1.503907345287572826e-02
4.264999999999999680e+00	7.501089178686946163e-03	1.491654098499817054e-02
4.269999999999999574e+00	7.501080307524972748e-03	1.479512484861489167e-02
4.275000000000000355e+00	7.501071517620968437e-03	1.467481947910177775e-02
4.280000000000000249e+00	7.501062808567998327e-03	1.455561934503516591e-02
4.285000000000000142e+00	7.501054179961769500e-03	1.443751895052232219e-02
4.290000000000000036e+00	7.501045631400465354e-03	1.432051283296403334e-02
4.294999999999999929e+00	7.501037162484906068e-03	1.420459556527677719e-02
4.299999999999999822e+00	7.501028772818395078e-03	1.408976175376012475e-02
4.304999999999999716e+00	7.501020462006873467e-03	1.397600604021138199e-02
4.309999999999999609e+00	7.501012229658765573e-03	1.386332309989684805e-02
4.314999999999999503e+00	7.501004075385130782e-03	1.375170764355990519e-02
4.320000000000000284e+00	7.500995998799522141e-03	1.364115441549535769e-02
4.325000000000000178e+00	7.500987999518119072e-03	1.353165819545181815e-02
4.330000000000000071e+00	7.500980077159600731e-03	1.342321379680813838e-02
4.334999999999999964e+00	7.500972231345272648e-03	1.331581606837088996e-02
4.339999999999999858e+00	7.500964461698941821e-03	1.320945989265247603e-02
4.344999999999999751e+00	7.500956767847041622e-03	1.310414018756427164e-02
4.349999999999999645e+00	7.500949149418506025e-03	1.299985190479556636e-02
4.355000000000000426e+00	7.500941606044893642e-03	1.289659003140324403e-02
4.360000000000000320e+00	7.500934137360272362e-03	1.279434958829078241e-02
4.365000000000000213e+00	7.500926743001326037e-03	1.269312563169528937e-02
4.370000000000000107e+00	7.500919422607253001e-03	1.259291325176567326e-02
4.375000000000000000e+00	7.500912175819864081e-03	1.249370757394803987e-02
4.379999999999999893e+00	7.500905002283488054e-03	1.239550375766210535e-02
4.384999999999999787e+00	7.500897901645064460e-03	1.229829699758581973e-02
4.389999999999999680e+00	7.500890873554050785e-03	1.220208252242925215e-02
4.394999999999999574e+00	7.500883917662512675e-03	1.210685559611907568e-02
4.400000000000000355e+00	7.500877033625037195e-03	1.201261151666941328e-02
4.405000000000000249e+00	7.500870221098816099e-03	1.191934561726696283e-02
4.410000000000000142e+00	7.500863479743563426e-03	1.182705326523775941e-02
4.415000000000000036e+00	7.500856809221594437e-03	1.173572986303389812e-02
4.419999999999999929e+00	7.500850209197751882e-03	1.164537084729552925e-02
4.424999999999999822e+00	7.500843679339472790e-03	1.155597168973994220e-02
4.429999999999999716e+00	7.500837219316721684e-03	1.146752789631785667e-02
4.435000000000000497e+00	7.500830828802057364e-03	1.138003500800583052e-02
4.440000000000000391e+00	7.500824507470567858e-03	1.129348860005615837e-02
4.445000000000000284e+00	7.500818254999927666e-03	1.120788428269320867e-02
4.450000000000000178e+00	7.500812071070344852e-03	1.112321770045611967e-02
4.455000000000000071e+00	7.500805955364608750e-03	1.103948453280002677e-02
4.459999999999999964e+00	7.500799907568044857e-03	1.095668049353075608e-02
4.464999999999999858e+00	7.500793927368551266e-03	1.087480133131173490e-02
4.469999999999999751e+00	7.500788014456568308e-03	1.079384282918991085e-02
4.474999999999999645e+00	7.500782168525102836e-03	1.071380080500905496e-02
4.480000000000000426e+00	7.500776389269703942e-03	1.063467111102611891e-02
4.485000000000000320e+00	7.500770676388482036e-03	1.055644963423201139e-02
4.490000000000000213e+00	7.500765029582089766e-03	1.047913229605734568e-02
4.495000000000000107e+00	7.500759448553739363e-03	1.040271505260145606e-02
4.500000000000000000e+00	7.500753933009183562e-03	1.032719389442703431e-02
4.504999999999999893e+00	7.500748482656729478e-03	1.025256484669792925e-02
4.509999999999999787e+00	7.500743097207226463e-03	1.017882396906196266e-02
4.514999999999999680e+00	7.500737776374070444e-03	1.010596735569845202e-02
4.519999999999999574e+00	7.500732519873201318e-03	1.003399113528818075e-02
4.525000000000000355e+00	7.500727327423101221e-03	9.962891470971643390e-03
4.530000000000000249e+00	7.500722198744794525e-03	9.892664560405418916e-03
4.535000000000000142e+00	7.500717133561842637e-03	9.823306635631781983e-03
4.540000000000000036e+00	7.500712131600349199e-03	9.754813963220691775e-03
4.544999999999999929e+00	7.500707192588946214e-03	9.687182844051751146e-03
4.549999999999999822e+00	7.500702316258814860e-03	9.620409613540960997e-03
4.554999999999999716e+00	7.500697502343652533e-03	9.554490641335768031e-03
4.559999999999999609e+00	7.500692750579704068e-03	9.489422331625850873e-03
4.564999999999999503e+00	7.500688060705729653e-03	9.425201122752097788e-03
4.570000000000000284e+00	7.500683432463034310e-03	9.361823487600538091e-03
4.575000000000000178e+00	7.500678865595429741e-03	9.299285933126115455e-03
4.580000000000000071e+00	7.500674359849274220e-03	9.237585000829042978e-03
4.584999999999999964e+00	7.500669914973427492e-03	9.176717266194076364e-03
4.589999999999999858e+00	7.500665530719289806e-03	9.116679339248557126e-03
4.594999999999999751e+00	7.500661206840758544e-03	9.057467863918006179e-03
4.599999999999999645e+00	7.500656943094275060e-03	8.999079518665055455e-03
4.605000000000000426e+00	7.500652739238765701e-03	8.941511015762184170e-03
4.610000000000000320e+00	7.500648595035699050e-03	8.884759102010744355e-03
4.615000000000000213e+00	7.500644510249024344e-03	8.828820557931644705e-03
4.620000000000000107e+00	7.500640484645230456e-03	8.773692198563588784e-03
4.625000000000000000e+00	7.500636517993281710e-03	8.719370872572714329e-03
4.629999999999999893e+00	7.500632610064679462e-03	8.665853463129214937e-03
4.634999999999999787e+00	7.500628760633392712e-03	8.613136886936599221e-03
4.639999999999999680e+00	7.500624969475923158e-03	8.561218095185984742e-03
4.644999999999999574e+00	7.500621236371235803e-03	8.510094072505809681e-03
4.650000000000000355e+00	7.500617561100828348e-03	8.459761837992973293e-03
4.655000000000000249e+00	7.500613943448649658e-03	8.410218444083825823e-03
4.660000000000000142e+00	7.500610383201181293e-03	8.361460977661458113e-03
4.665000000000000036e+00	7.500606880147349907e-03	8.313486558848661931e-03
4.669999999999999929e+00	7.500603434078610514e-03	8.266292342190513509e-03
4.674999999999999822e+00	7.500600044788856280e-03	8.219875515370352048e-03
4.679999999999999716e+00	7.500596712074504395e-03	8.174233300466810653e-03
4.685000000000000497e+00	7.500593435734404131e-03	8.129362952593392408e-03
4.690000000000000391e+00	7.500590215569927915e-03	8.085261761229258284e-03
4.695000000000000284e+00	7.500587051384868982e-03	8.041927048783309787e-03
4.700000000000000178e+00	7.500583942985541985e-03	7.999356171997920248e-03
4.705000000000000071e+00	7.500580890180672845e-03	7.957546520438353241e-03
4.709999999999999964e+00	7.500577892781509770e-03	7.916495517968613269e-03
4.714999999999999858e+00	7.500574950601701825e-03	7.876200621166985771e-03
4.719999999999999751e+00	7.500572063457414292e-03	7.836659320873290771e-03
4.724999999999999645e+00	7.500569231167209840e-03	7.797869140531233159e-03
4.730000000000000426e+00	7.500566453552162151e-03	7.759827637806198004e-03
4.735000000000000320e+00	7.500563730435732754e-03	7.722532402855451089e-03
4.740000000000000213e+00	7.500561061643891587e-03	7.685981060015698724e-03
4.745000000000000107e+00	7.500558447004987764e-03	7.650171266001765634e-03
4.750000000000000000e+00	7.500555886349874468e-03	7.615100711663201974e-03
4.754999999999999893e+00	7.500553379511777988e-03	7.580767120112258221e-03
4.759999999999999787e+00	7.500550926326420877e-03	7.547168248548667691e-03
4.764999999999999680e+00	7.500548526631891852e-03	7.514301886317826563e-03
4.769999999999999574e+00	7.500546180268774163e-03	7.482165856802985154e-03
4.775000000000000355e+00	7.500543887080004211e-03	7.450758015414330436e-03
4.780000000000000249e+00	7.500541646911012064e-03	7.420076251547883493e-03
4.785000000000000142e+00	7.500539459609570532e-03	7.390118486506302466e-03
4.790000000000000036e+00	7.500537325025940887e-03	7.360882675523601482e-03
4.794999999999999929e+00	7.500535243012718470e-03	7.332366805618453776e-03
4.799999999999999822e+00	7.500533213424985350e-03	7.304568897684089387e-03
4.804999999999999716e+00	7.500531236120144656e-03	7.277487004274859998e-03
4.809999999999999609e+00	7.500529310958083638e-03	7.251119211760428951e-03
4.814999999999999503e+00	7.500527437801001070e-03	7.225463638046537157e-03
4.820000000000000284e+00	7.500525616513572906e-03	7.200518434792644966e-03
4.825000000000000178e+00	7.500523846962781419e-03	7.176281785067621655e-03
4.830000000000000071e+00	7.500522129018077390e-03	7.152751905630179083e-03
4.834999999999999964e+00	7.500520462551209244e-03	7.129927044520182125e-03
4.839999999999999858e+00	7.500518847436391315e-03	7.107805483401111700e-03
4.844999999999999751e+00	7.500517283550121699e-03	7.086385535087846160e-03
4.849999999999999645e+00	7.500515770771361800e-03	7.065665545950336641e-03
4.855000000000000426e+00	7.500514308981347245e-03	7.045643893378655646e-03
4.860000000000000320e+00	7.500512898063770029e-03	7.026318988247136181e-03
4.865000000000000213e+00	7.500511537904587696e-03	7.007689272317439537e-03
4.870000000000000107e+00	7.500510228392208087e-03	6.989753220762306464e-03
4.875000000000000000e+00	7.500508969417295051e-03	6.972509339507535799e-03
4.879999999999999893e+00	7.500507760872955794e-03	6.955956167814598273e-03
4.884999999999999787e+00	7.500506602654545725e-03	6.940092275562284065e-03
4.889999999999999680e+00	7.500505494659854937e-03	6.924916265887392543e-03
4.894999999999999574e+00	7.500504436788913050e-03	6.910426772406763445e-03
4.900000000000000355e+00	7.500503428944180033e-03	6.896622461915297500e-03
4.905000000000000249e+00	7.500502471030341504e-03	6.883502031549232521e-03
4.910000000000000142e+00	7.500501562954509094e-03	6.871064211540726420e-03
4.915000000000000036e+00	7.500500704626009672e-03	6.859307762323044351e-03
4.919999999999999929e+00	7.500499895956591785e-03	6.848231477340963394e-03
4.924999999999999822e+00	7.500499136860205342e-03	6.837834180098789280e-03
4.929999999999999716e+00	7.500498427253216721e-03	6.828114727025713648e-03
4.935000000000000497e+00	7.500497767054183258e-03	6.819072004467418430e-03
4.940000000000000391e+00	7.500497156184072686e-03	6.810704931605621529e-03
4.945000000000000284e+00	7.500496594566033286e-03	6.803012457394006125e-03
4.950000000000000178e+00	7.500496082125614195e-03	6.795993563531228798e-03
4.955000000000000071e+00	7.500495618790536424e-03	6.789647261342022025e-03
4.959999999999999964e+00	7.500495204490915772e-03	6.783972594802882387e-03
4.964999999999999858e+00	7.500494839159028634e-03	6.778968637369004596e-03
4.969999999999999751e+00	7.500494522729537518e-03	6.774634495051944615e-03
4.974999999999999645e+00	7.500494255139256855e-03	6.770969303193179710e-03
4.980000000000000426e+00	7.500494036327376782e-03	6.767972229592926839e-03
4.985000000000000320e+00	7.500493866235231552e-03	6.765642471231190884e-03
4.990000000000000213e+00	7.500493744806523318e-03	6.763979257446916908e-03
4.995000000000000107e+00	7.500493671987084471e-03	6.762981846607316744e-03
5.000000000000000000e+00	7.500493647725110964e-03	6.762649529336576225e-03
