# coordinate_x	h	p	@time=801.29
0.000000000000000000e+00	2.699902378532329505e-01	5.715606445607855912e-01
5.000000000000000104e-03	2.699866701901670329e-01	5.715606444731587965e-01
1.000000000000000021e-02	2.699759672021377344e-01	5.715606442102332263e-01
1.499999999999999944e-02	2.699581288904033261e-01	5.715606437719598087e-01
2.000000000000000042e-02	2.699331552580206961e-01	5.715606431582200830e-01
2.500000000000000139e-02	2.699010463084948741e-01	5.715606423688774917e-01
2.999999999999999889e-02	2.698618020470884837e-01	5.715606414037277538e-01
3.500000000000000333e-02	2.698154224795066281e-01	5.715606402625490468e-01
4.000000000000000083e-02	2.697619076132157234e-01	5.715606389450508251e-01
4.499999999999999833e-02	2.697012574561276632e-01	5.715606374509254461e-01
5.000000000000000278e-02	2.696334720179224265e-01	5.715606357797959891e-01
5.500000000000000028e-02	2.695585513087299101e-01	5.715606339312679918e-01
5.999999999999999778e-02	2.694764953404567565e-01	5.715606319048773809e-01
6.500000000000000222e-02	2.693873041254654654e-01	5.715606297001418756e-01
7.000000000000000666e-02	2.692909776779059960e-01	5.715606273165096951e-01
7.500000000000001110e-02	2.691875160123912702e-01	5.715606247534096296e-01
8.000000000000000167e-02	2.690769191453342701e-01	5.715606220102005253e-01
8.499999999999999223e-02	2.689591870936193785e-01	5.715606190862214664e-01
8.999999999999999667e-02	2.688343198759458041e-01	5.715606159807403719e-01
9.500000000000000111e-02	2.687023175114937046e-01	5.715606126930050657e-01
1.000000000000000056e-01	2.685631800212749942e-01	5.715606092221912071e-01
1.050000000000000100e-01	2.684169074267933608e-01	5.715606055674536945e-01
1.100000000000000006e-01	2.682634997514032893e-01	5.715606017278738182e-01
1.149999999999999911e-01	2.681029570189631395e-01	5.715605977025117745e-01
1.199999999999999956e-01	2.679352792552034956e-01	5.715605934903529306e-01
1.250000000000000000e-01	2.677604664863722506e-01	5.715605890903604491e-01
1.300000000000000044e-01	2.675785187406128363e-01	5.715605845014213315e-01
1.350000000000000089e-01	2.673894360466012587e-01	5.715605797223992646e-01
1.400000000000000133e-01	2.671932184349344874e-01	5.715605747520809965e-01
1.450000000000000178e-01	2.669898659367587190e-01	5.715605695892280735e-01
1.499999999999999944e-01	2.667793785851690913e-01	5.715605642325239932e-01
1.549999999999999989e-01	2.665617564138281215e-01	5.715605586806253857e-01
1.600000000000000033e-01	2.663369994583776879e-01	5.715605529321093892e-01
1.650000000000000078e-01	2.661051077550464217e-01	5.715605469855252752e-01
1.700000000000000122e-01	2.658660813420755664e-01	5.715605408393403808e-01
1.749999999999999889e-01	2.656199202583143792e-01	5.715605344919929554e-01
1.799999999999999933e-01	2.653666245446602012e-01	5.715605279418372042e-01
1.849999999999999978e-01	2.651061942426414242e-01	5.715605211871968017e-01
1.900000000000000022e-01	2.648386293958729376e-01	5.715605142263094907e-01
1.950000000000000067e-01	2.645639300486252732e-01	5.715605070573798185e-01
2.000000000000000111e-01	2.642820962472965940e-01	5.715604996785248471e-01
2.050000000000000155e-01	2.639931280389674617e-01	5.715604920878265549e-01
2.099999999999999922e-01	2.636970254728902563e-01	5.715604842832764376e-01
2.149999999999999967e-01	2.633937885990280670e-01	5.715604762628292423e-01
2.200000000000000011e-01	2.630834174695632077e-01	5.715604680243464575e-01
2.250000000000000056e-01	2.627659121374191220e-01	5.715604595656504916e-01
2.300000000000000100e-01	2.624412726577889932e-01	5.715604508844678300e-01
2.349999999999999867e-01	2.621094990866399410e-01	5.715604419784832135e-01
2.399999999999999911e-01	2.617705914822625601e-01	5.715604328452826843e-01
2.449999999999999956e-01	2.614245499037563536e-01	5.715604234824076535e-01
2.500000000000000000e-01	2.610713744126018088e-01	5.715604138872976137e-01
2.550000000000000044e-01	2.607110650711255695e-01	5.715604040573447620e-01
2.600000000000000089e-01	2.603436219440962707e-01	5.715603939898358243e-01
2.650000000000000133e-01	2.599690450971687272e-01	5.715603836820069006e-01
2.700000000000000178e-01	2.595873345985046932e-01	5.715603731309855107e-01
2.750000000000000222e-01	2.591984905171946796e-01	5.715603623338445516e-01
2.800000000000000266e-01	2.588025129249051925e-01	5.715603512875448988e-01
2.850000000000000311e-01	2.583994018942767368e-01	5.715603399889890301e-01
2.899999999999999800e-01	2.579891575005994753e-01	5.715603284349628499e-01
2.949999999999999845e-01	2.575717798201856978e-01	5.715603166221906450e-01
2.999999999999999889e-01	2.571472689320755123e-01	5.715603045472754662e-01
3.049999999999999933e-01	2.567156249163825565e-01	5.715602922067539726e-01
3.099999999999999978e-01	2.562768478560311647e-01	5.715602795970377015e-01
3.150000000000000022e-01	2.558309378350739349e-01	5.715602667144668025e-01
3.200000000000000067e-01	2.553778949404621468e-01	5.715602535552511965e-01
3.250000000000000111e-01	2.549177192603339082e-01	5.715602401155245316e-01
3.300000000000000155e-01	2.544504108858192115e-01	5.715602263912848979e-01
3.350000000000000200e-01	2.539759699092970502e-01	5.715602123784494504e-01
3.400000000000000244e-01	2.534943964262373339e-01	5.715601980727929021e-01
3.449999999999999734e-01	2.530056905334253092e-01	5.715601834700037021e-01
3.499999999999999778e-01	2.525098523308424436e-01	5.715601685656225284e-01
3.549999999999999822e-01	2.520068819198556520e-01	5.715601533550968005e-01
3.599999999999999867e-01	2.514967794051399252e-01	5.715601378337197280e-01
3.649999999999999911e-01	2.509795448928309747e-01	5.715601219966850444e-01
3.699999999999999956e-01	2.504551784924908264e-01	5.715601058390249456e-01
3.750000000000000000e-01	2.499236803152221353e-01	5.715600893556651574e-01
3.800000000000000044e-01	2.493850504756799091e-01	5.715600725413622074e-01
3.850000000000000089e-01	2.488392890901449384e-01	5.715600553907587145e-01
3.900000000000000133e-01	2.482863962785838430e-01	5.715600378983201058e-01
3.950000000000000178e-01	2.477263721626798698e-01	5.715600200583892398e-01
4.000000000000000222e-01	2.471592168679440094e-01	5.715600018651237901e-01
4.050000000000000266e-01	2.465849305217008014e-01	5.715599833125495355e-01
4.099999999999999756e-01	2.460035132552529091e-01	5.715599643944979658e-01
4.149999999999999800e-01	2.454149652018199901e-01	5.715599451046593504e-01
4.199999999999999845e-01	2.448192864987600303e-01	5.715599254365193449e-01
4.249999999999999889e-01	2.442164772854580057e-01	5.715599053834122811e-01
4.299999999999999933e-01	2.436065377056075842e-01	5.715598849384573299e-01
4.349999999999999978e-01	2.429894679050468576e-01	5.715598640946111253e-01
4.400000000000000022e-01	2.423652680341036869e-01	5.715598428446038159e-01
4.450000000000000067e-01	2.417339382453758956e-01	5.715598211809906903e-01
4.500000000000000111e-01	2.410954786961435892e-01	5.715597990960886721e-01
4.550000000000000155e-01	2.404498895460909502e-01	5.715597765820268350e-01
4.600000000000000200e-01	2.397971709597894185e-01	5.715597536306825655e-01
4.649999999999999689e-01	2.391373231043578407e-01	5.715597302337310781e-01
4.699999999999999734e-01	2.384703461520205348e-01	5.715597063825822444e-01
4.749999999999999778e-01	2.377962402777024919e-01	5.715596820684284429e-01
4.799999999999999822e-01	2.371150056616667390e-01	5.715596572821812771e-01
4.849999999999999867e-01	2.364266424870408445e-01	5.715596320145183151e-01
4.899999999999999911e-01	2.357311509425384088e-01	5.715596062558203627e-01
4.949999999999999956e-01	2.350285312199130172e-01	5.715595799962160939e-01
5.000000000000000000e-01	2.343187835167687694e-01	5.715595532255196565e-01
5.050000000000000044e-01	2.336019080339375997e-01	5.715595259332736378e-01
5.100000000000000089e-01	2.328779049783843424e-01	5.715594981086873361e-01
5.150000000000000133e-01	2.321467745605030886e-01	5.715594697406771729e-01
5.200000000000000178e-01	2.314085169971223099e-01	5.715594408178060748e-01
5.250000000000000222e-01	2.306631325087156736e-01	5.715594113283206656e-01
5.300000000000000266e-01	2.299106213225135531e-01	5.715593812600922030e-01
5.350000000000000311e-01	2.291509836696233038e-01	5.715593506006509950e-01
5.400000000000000355e-01	2.283842197882535729e-01	5.715593193371274472e-01
5.450000000000000400e-01	2.276103299207390407e-01	5.715592874562840375e-01
5.500000000000000444e-01	2.268293143168844672e-01	5.715592549444579173e-01
5.550000000000000488e-01	2.260411732308882371e-01	5.715592217875880010e-01
5.600000000000000533e-01	2.252459069248138601e-01	5.715591879711602319e-01
5.649999999999999467e-01	2.244435156654063235e-01	5.715591534802300089e-01
5.699999999999999512e-01	2.236339997276992619e-01	5.715591182993694508e-01
5.749999999999999556e-01	2.228173593917174289e-01	5.715590824126841607e-01
5.799999999999999600e-01	2.219935949462286673e-01	5.715590458037645982e-01
5.849999999999999645e-01	2.211627066853256718e-01	5.715590084556955164e-01
5.899999999999999689e-01	2.203246949123320586e-01	5.715589703510104425e-01
5.949999999999999734e-01	2.194795599362560079e-01	5.715589314716953417e-01
5.999999999999999778e-01	2.186273020758610353e-01	5.715588917991465401e-01
6.049999999999999822e-01	2.177679216559833819e-01	5.715588513141656168e-01
6.099999999999999867e-01	2.169014190117785901e-01	5.715588099969228786e-01
6.149999999999999911e-01	2.160277944848942311e-01	5.715587678269427041e-01
6.199999999999999956e-01	2.151470484279043582e-01	5.715587247830722362e-01
6.250000000000000000e-01	2.142591812003284968e-01	5.715586808434574007e-01
6.300000000000000044e-01	2.133641931732668251e-01	5.715586359855161502e-01
6.350000000000000089e-01	2.124620847252555733e-01	5.715585901859038254e-01
6.400000000000000133e-01	2.115528562471175600e-01	5.715585434204935034e-01
6.450000000000000178e-01	2.106365081376429527e-01	5.715584956643277037e-01
6.500000000000000222e-01	2.097130408086707032e-01	5.715584468916072858e-01
6.550000000000000266e-01	2.087824546805833181e-01	5.715583970756276111e-01
6.600000000000000311e-01	2.078447501876358461e-01	5.715583461887772110e-01
6.650000000000000355e-01	2.068999277732525288e-01	5.715582942024569624e-01
6.700000000000000400e-01	2.059479878956215759e-01	5.715582410870889696e-01
6.750000000000000444e-01	2.049889310227799577e-01	5.715581868120174214e-01
6.800000000000000488e-01	2.040227576384944785e-01	5.715581313455284640e-01
6.850000000000000533e-01	2.030494682371200288e-01	5.715580746547301860e-01
6.899999999999999467e-01	2.020690633297889949e-01	5.715580167055863692e-01
6.949999999999999512e-01	2.010815434390267886e-01	5.715579574627712711e-01
6.999999999999999556e-01	2.000869091052740467e-01	5.715578968897195855e-01
7.049999999999999600e-01	1.990851608812422568e-01	5.715578349484534693e-01
7.099999999999999645e-01	1.980762993387950310e-01	5.715577715996503771e-01
7.149999999999999689e-01	1.970603250630252323e-01	5.715577068024385587e-01
7.199999999999999734e-01	1.960372386595242988e-01	5.715576405144855432e-01
7.249999999999999778e-01	1.950070407481604151e-01	5.715575726917572208e-01
7.299999999999999822e-01	1.939697319707681666e-01	5.715575032886306417e-01
7.349999999999999867e-01	1.929253129846054959e-01	5.715574322576123523e-01
7.399999999999999911e-01	1.918737844704988815e-01	5.715573595494773951e-01
7.449999999999999956e-01	1.908151471259546261e-01	5.715572851129414600e-01
7.500000000000000000e-01	1.897494016737988898e-01	5.715572088948309704e-01
7.550000000000000044e-01	1.886765488549167757e-01	5.715571308397021655e-01
7.600000000000000089e-01	1.875965894374303500e-01	5.715570508900466029e-01
7.650000000000000133e-01	1.865095242090360761e-01	5.715569689858496227e-01
7.700000000000000178e-01	1.854153539867691158e-01	5.715568850648363730e-01
7.750000000000000222e-01	1.843140796089074163e-01	5.715567990619612182e-01
7.800000000000000266e-01	1.832057019453750824e-01	5.715567109097006160e-01
7.850000000000000311e-01	1.820902218891780056e-01	5.715566205374625897e-01
7.900000000000000355e-01	1.809676403675060941e-01	5.715565278719343389e-01
7.950000000000000400e-01	1.798379583326615017e-01	5.715564328364000080e-01
8.000000000000000444e-01	1.787011767739258017e-01	5.715563353511501354e-01
8.050000000000000488e-01	1.775572967079385445e-01	5.715562353326952838e-01
8.100000000000000533e-01	1.764063191914030382e-01	5.715561326942465437e-01
8.149999999999999467e-01	1.752482453108686056e-01	5.715560273448090367e-01
8.199999999999999512e-01	1.740830761963575724e-01	5.715559191897444657e-01
8.249999999999999556e-01	1.729108130104993757e-01	5.715558081297269499e-01
8.299999999999999600e-01	1.717314569631719912e-01	5.715556940613992776e-01
8.349999999999999645e-01	1.705450092999301892e-01	5.715555768761699795e-01
8.399999999999999689e-01	1.693514713177660391e-01	5.715554564609786059e-01
8.449999999999999734e-01	1.681508443527679475e-01	5.715553326969087244e-01
8.499999999999999778e-01	1.669431297971180339e-01	5.715552054600803178e-01
8.549999999999999822e-01	1.657283290859112579e-01	5.715550746200483978e-01
8.599999999999999867e-01	1.645064437155231707e-01	5.715549400408422853e-01
8.649999999999999911e-01	1.632774752295104159e-01	5.715548015791183101e-01
8.699999999999999956e-01	1.620414252385002085e-01	5.715546590853670672e-01
8.750000000000000000e-01	1.607982954050847235e-01	5.715545124017803458e-01
8.800000000000000044e-01	1.595480874654038039e-01	5.715543613636554499e-01
8.850000000000000089e-01	1.582908032129353715e-01	5.715542057969273948e-01
8.900000000000000133e-01	1.570264445219680116e-01	5.715540455198034886e-01
8.950000000000000178e-01	1.557550133301773831e-01	5.715538803399053958e-01
9.000000000000000222e-01	1.544765116642125014e-01	5.715537100561707273e-01
9.050000000000000266e-01	1.531909416209359109e-01	5.715535344555395803e-01
9.100000000000000311e-01	1.518983053953804618e-01	5.715533533151693213e-01
9.150000000000000355e-01	1.505986052605151060e-01	5.715531663985849997e-01
9.200000000000000400e-01	1.492918435978677627e-01	5.715529734582615040e-01
9.250000000000000444e-01	1.479780228756616411e-01	5.715527742311434789e-01
9.300000000000000488e-01	1.466571456824455333e-01	5.715525684416585817e-01
9.350000000000000533e-01	1.453292147034248860e-01	5.715523557964944379e-01
9.399999999999999467e-01	1.439942327574952052e-01	5.715521359881194918e-01
9.449999999999999512e-01	1.426522027715695640e-01	5.715519086886785560e-01
9.499999999999999556e-01	1.413031278214745556e-01	5.715516735541150695e-01
9.549999999999999600e-01	1.399470111040496401e-01	5.715514302170203731e-01
9.599999999999999645e-01	1.385838559824416616e-01	5.715511782914667327e-01
9.649999999999999689e-01	1.372136659557211258e-01	5.715509173646103891e-01
9.699999999999999734e-01	1.358364447092031413e-01	5.715506470023693497e-01
9.749999999999999778e-01	1.344521960812902761e-01	5.715503667395357423e-01
9.799999999999999822e-01	1.330609241195585546e-01	5.715500760864613561e-01
9.849999999999999867e-01	1.316626330444956305e-01	5.715497745173787614e-01
9.899999999999999911e-01	1.302573273122245578e-01	5.715494614782936633e-01
9.949999999999999956e-01	1.288450115747582780e-01	5.715491363731463048e-01
1.000000000000000000e+00	1.274256907503967529e-01	5.715487985731527720e-01
1.004999999999999893e+00	1.259993699800636968e-01	5.715484474003516002e-01
1.010000000000000009e+00	1.245660547066115981e-01	5.715480821386916821e-01
1.015000000000000124e+00	1.231257506267421503e-01	5.715477020143987508e-01
1.020000000000000018e+00	1.216784637806990893e-01	5.715473062091774858e-01
1.024999999999999911e+00	1.202242004991974644e-01	5.715468938366921048e-01
1.030000000000000027e+00	1.187629675052871425e-01	5.715464639583376361e-01
1.035000000000000142e+00	1.172947718556295871e-01	5.715460155549481058e-01
1.040000000000000036e+00	1.158196210566903445e-01	5.715455475457053014e-01
1.044999999999999929e+00	1.143375229995980541e-01	5.715450587539552263e-01
1.050000000000000044e+00	1.128484860932976036e-01	5.715445479299651188e-01
1.055000000000000160e+00	1.113525191921056062e-01	5.715440137094229822e-01
1.060000000000000053e+00	1.098496317490503388e-01	5.715434546409426941e-01
1.064999999999999947e+00	1.083398337350962026e-01	5.715428691354220714e-01
1.070000000000000062e+00	1.068231358166526757e-01	5.715422554994356030e-01
1.075000000000000178e+00	1.052995492652772092e-01	5.715416118730978212e-01
1.080000000000000071e+00	1.037690861643010415e-01	5.715409362707993823e-01
1.084999999999999964e+00	1.022317593076274012e-01	5.715402265045206320e-01
1.090000000000000080e+00	1.006875824416716275e-01	5.715394802337802060e-01
1.095000000000000195e+00	9.913657015165096287e-02	5.715386948703958803e-01
1.100000000000000089e+00	9.757873814665878054e-02	5.715378676400697522e-01
1.104999999999999982e+00	9.601410313158859067e-02	5.715369954633044980e-01
1.110000000000000098e+00	9.444268314529538633e-02	5.715360750317889371e-01
1.115000000000000213e+00	9.286449741601321417e-02	5.715351026584151173e-01
1.120000000000000107e+00	9.127956676538334646e-02	5.715340743726265993e-01
1.125000000000000000e+00	8.968791344491131023e-02	5.715329857300325278e-01
1.129999999999999893e+00	8.808956162243300470e-02	5.715318319322489904e-01
1.134999999999999787e+00	8.648453719683067697e-02	5.715306075831686483e-01
1.139999999999999902e+00	8.487286838864345484e-02	5.715293068407101273e-01
1.145000000000000018e+00	8.325458552994539907e-02	5.715279231019235739e-01
1.149999999999999911e+00	8.162972178785452004e-02	5.715264491966864924e-01
1.154999999999999805e+00	7.999831292622536227e-02	5.715248769768013215e-01
1.159999999999999920e+00	7.836039820059990946e-02	5.715231975653846108e-01
1.165000000000000036e+00	7.671602008828772024e-02	5.715214008148490343e-01
1.169999999999999929e+00	7.506522540709349711e-02	5.715194756310290058e-01
1.174999999999999822e+00	7.340806501063293354e-02	5.715174092497214975e-01
1.179999999999999938e+00	7.174459520289870607e-02	5.715151876622621696e-01
1.185000000000000053e+00	7.007487739663774418e-02	5.715127946373326218e-01
1.189999999999999947e+00	6.839897992449248121e-02	5.715102122859861966e-01
1.194999999999999840e+00	6.671697766056851331e-02	5.715074197201356343e-01
1.199999999999999956e+00	6.502895437131248069e-02	5.715043938118845590e-01
1.205000000000000071e+00	6.333500230518114560e-02	5.715011073247806550e-01
1.209999999999999964e+00	6.163522529039378028e-02	5.714975299479303494e-01
1.214999999999999858e+00	5.992973830698624521e-02	5.714936256474373311e-01
1.219999999999999973e+00	5.821867163709335685e-02	5.714893540954799622e-01
1.225000000000000089e+00	5.650217045159862395e-02	5.714846668438057220e-01
1.229999999999999982e+00	5.478040047379556521e-02	5.714795093307547535e-01
1.234999999999999876e+00	5.305354764684955260e-02	5.714738152333698196e-01
1.239999999999999991e+00	5.132182602231712826e-02	5.714675093370050751e-01
1.245000000000000107e+00	4.958547763932665692e-02	5.714604989969184201e-01
1.250000000000000000e+00	4.784478376531169086e-02	5.714526783239121110e-01
1.254999999999999893e+00	4.610006524213314943e-02	5.714439149233705439e-01
1.260000000000000009e+00	4.435169891715263352e-02	5.714340561388941975e-01
1.265000000000000124e+00	4.260011895427732315e-02	5.714229078198685974e-01
1.270000000000000018e+00	4.084584154768353126e-02	5.714102438747429291e-01
1.274999999999999911e+00	3.908946817952178854e-02	5.713957710809571822e-01
1.280000000000000027e+00	3.733172399830918947e-02	5.713791441356949052e-01
1.285000000000000142e+00	3.557346499145396662e-02	5.713599049995086165e-01
1.290000000000000036e+00	3.381573974006114869e-02	5.713375074359106076e-01
1.294999999999999929e+00	3.205980453240072497e-02	5.713112077009163681e-01
1.300000000000000044e+00	3.030722667440062176e-02	5.712801062577191891e-01
1.305000000000000160e+00	2.855991593689460178e-02	5.712429406681649446e-01
1.310000000000000053e+00	2.682030459111443832e-02	5.711981604014602087e-01
1.314999999999999947e+00	2.509141281339682950e-02	5.711435122300617673e-01
1.320000000000000062e+00	2.337717471302608319e-02	5.710761847102334698e-01
1.325000000000000178e+00	2.168257352563981999e-02	5.709919297418232231e-01
1.330000000000000071e+00	2.001424597367394004e-02	5.708853743334257880e-01
1.334999999999999964e+00	1.838074825942297846e-02	5.707480676917794371e-01
1.340000000000000080e+00	1.679364346072917402e-02	5.705692764151659713e-01
1.345000000000000195e+00	1.526791681616315732e-02	5.703316021307648365e-01
1.350000000000000089e+00	1.382353282235617570e-02	5.700134841225927840e-01
1.354999999999999982e+00	1.248540090179429442e-02	5.695804507407689066e-01
1.360000000000000098e+00	1.128338376623818501e-02	5.689940865646727630e-01
1.365000000000000213e+00	1.024861703995997783e-02	5.682017225900322099e-01
1.370000000000000107e+00	9.405617842493895625e-03	5.671621037578810087e-01
1.375000000000000000e+00	8.763567967296249928e-03	5.658470737471925638e-01
1.379999999999999893e+00	8.307690781772415420e-03	5.642652538224621761e-01
1.384999999999999787e+00	8.005212598268056021e-03	5.624612791349207219e-01
1.389999999999999902e+00	7.815101946657836834e-03	5.604890017817030223e-01
1.395000000000000018e+00	7.700120923382118565e-03	5.584091160235272744e-01
1.399999999999999911e+00	7.632559111176042896e-03	5.562611052076177343e-01
1.404999999999999805e+00	7.593291603651566510e-03	5.540772809303919910e-01
1.409999999999999920e+00	7.570798227770843096e-03	5.518743690912116806e-01
1.415000000000000036e+00	7.557865327308638942e-03	5.496646009754466711e-01
1.419999999999999929e+00	7.550478730819607312e-03	5.474537889467405716e-01
1.424999999999999822e+00	7.546203201469828259e-03	5.452460223294747221e-01
1.429999999999999938e+00	7.543719824073730207e-03	5.430431762981207111e-01
1.435000000000000053e+00	7.542236530997571339e-03	5.408465468958363331e-01
1.439999999999999947e+00	7.541328163342318758e-03	5.386567089181901746e-01
1.444999999999999840e+00	7.540740229976025839e-03	5.364740503932152738e-01
1.449999999999999956e+00	7.540336533481846286e-03	5.342987288744468488e-01
1.455000000000000071e+00	7.540035637899601684e-03	5.321308426625336319e-01
1.459999999999999964e+00	7.539794005817523383e-03	5.299704170269310399e-01
1.464999999999999858e+00	7.539585614823753230e-03	5.278174587235533455e-01
1.469999999999999973e+00	7.539396557935381347e-03	5.256719515821587363e-01
1.475000000000000089e+00	7.539218523618690382e-03	5.235338738566382988e-01
1.479999999999999982e+00	7.539047070118585527e-03	5.214031967723097294e-01
1.484999999999999876e+00	7.538879542300712215e-03	5.192798900733940348e-01
1.489999999999999991e+00	7.538714520556292695e-03	5.171639215095874542e-01
1.495000000000000107e+00	7.538551155572816020e-03	5.150552586387719955e-01
1.500000000000000000e+00	7.538388992408402017e-03	5.129538686128980451e-01
1.504999999999999893e+00	7.538227758130534688e-03	5.108597187923782368e-01
1.510000000000000009e+00	7.538067305668382824e-03	5.087727766283132169e-01
1.515000000000000124e+00	7.537907546040709117e-03	5.066930098991556664e-01
1.520000000000000018e+00	7.537748430437523663e-03	5.046203866248523129e-01
1.524999999999999911e+00	7.537589928599136742e-03	5.025548751827285665e-01
1.530000000000000027e+00	7.537432023096436381e-03	5.004964442330643859e-01
1.535000000000000142e+00	7.537274702437215222e-03	4.984450627956587554e-01
1.540000000000000036e+00	7.537117959238080755e-03	4.964007001802914765e-01
1.544999999999999929e+00	7.536961788029258175e-03	4.943633260498130899e-01
1.550000000000000044e+00	7.536806184667799342e-03	4.923329103533685691e-01
1.555000000000000160e+00	7.536651145640955139e-03	4.903094233842368310e-01
1.560000000000000053e+00	7.536496667875297768e-03	4.882928357150980170e-01
1.564999999999999947e+00	7.536342748517895797e-03	4.862831182532612595e-01
1.570000000000000062e+00	7.536189384871752085e-03	4.842802421777057109e-01
1.575000000000000178e+00	7.536036574329228570e-03	4.822841789925680356e-01
1.580000000000000071e+00	7.535884314347844268e-03	4.802949004658282339e-01
1.584999999999999964e+00	7.535732602432154356e-03	4.783123786813674450e-01
1.590000000000000080e+00	7.535581436122497888e-03	4.763365859792167978e-01
1.595000000000000195e+00	7.535430812992239581e-03	4.743674950063176965e-01
1.600000000000000089e+00	7.535280730640738119e-03	4.724050786582690842e-01
1.604999999999999982e+00	7.535131186695410467e-03	4.704493101288614865e-01
1.610000000000000098e+00	7.534982178806128722e-03	4.685001628532670104e-01
1.615000000000000213e+00	7.534833704648749401e-03	4.665576105564007148e-01
1.620000000000000107e+00	7.534685761920048054e-03	4.646216271974979439e-01
1.625000000000000000e+00	7.534538348341651010e-03	4.626921870173492657e-01
1.629999999999999893e+00	7.534391461655217184e-03	4.607692644842147356e-01
1.634999999999999787e+00	7.534245099626434017e-03	4.588528343399745357e-01
1.639999999999999902e+00	7.534099260040358868e-03	4.569428715473307090e-01
1.645000000000000018e+00	7.533953940705366385e-03	4.550393513349140218e-01
1.649999999999999911e+00	7.533809139448618269e-03	4.531422491457263169e-01
1.654999999999999805e+00	7.533664854119936916e-03	4.512515406812413477e-01
1.659999999999999920e+00	7.533521082587382733e-03	4.493672018510423971e-01
1.665000000000000036e+00	7.533377822741050590e-03	4.474892088159561077e-01
1.669999999999999929e+00	7.533235072488745146e-03	4.456175379388396807e-01
1.674999999999999822e+00	7.533092829759701833e-03	4.437521658267832292e-01
1.679999999999999938e+00	7.532951092500358471e-03	4.418930692830063678e-01
1.685000000000000053e+00	7.532809858677997315e-03	4.400402253481623949e-01
1.689999999999999947e+00	7.532669126276610345e-03	4.381936112533044714e-01
1.694999999999999840e+00	7.532528893300465857e-03	4.363532044603231075e-01
1.699999999999999956e+00	7.532389157770065687e-03	4.345189826159441271e-01
1.705000000000000071e+00	7.532249917725635478e-03	4.326909235913328766e-01
1.709999999999999964e+00	7.532111171223172981e-03	4.308690054370847289e-01
1.714999999999999858e+00	7.531972916337863720e-03	4.290532064220262676e-01
1.719999999999999973e+00	7.531835151160216901e-03	4.272435049891635805e-01
1.725000000000000089e+00	7.531697873799411691e-03	4.254398797937096188e-01
1.729999999999999982e+00	7.531561082379514653e-03	4.236423096599560290e-01
1.734999999999999876e+00	7.531424775042758375e-03	4.218507736185544421e-01
1.739999999999999991e+00	7.531288949945837835e-03	4.200652508642780947e-01
1.745000000000000107e+00	7.531153605263128312e-03	4.182857207925855803e-01
1.750000000000000000e+00	7.531018739183056344e-03	4.165121629582404505e-01
1.754999999999999893e+00	7.530884349911254327e-03	4.147445571111824103e-01
1.760000000000000009e+00	7.530750435667006061e-03	4.129828831559744229e-01
1.765000000000000124e+00	7.530616994686342366e-03	4.112271211870076604e-01
1.770000000000000018e+00	7.530484025218556893e-03	4.094772514487457493e-01
1.774999999999999911e+00	7.530351525529243618e-03	4.077332543702870127e-01
1.780000000000000027e+00	7.530219493896882048e-03	4.059951105263788773e-01
1.785000000000000142e+00	7.530087928615821803e-03	4.042628006713607225e-01
1.790000000000000036e+00	7.529956827992930271e-03	4.025363057009201384e-01
1.794999999999999929e+00	7.529826190350520816e-03	4.008156066854385857e-01
1.800000000000000044e+00	7.529696014023075021e-03	3.991006848324643030e-01
1.805000000000000160e+00	7.529566297360106714e-03	3.973915215194822603e-01
1.810000000000000053e+00	7.529437038722954466e-03	3.956880982570781247e-01
1.814999999999999947e+00	7.529308236487593578e-03	3.939903967211529356e-01
1.820000000000000062e+00	7.529179889041485822e-03	3.922983987167540376e-01
1.825000000000000178e+00	7.529051994786346326e-03	3.906120862097552937e-01
1.830000000000000071e+00	7.528924552135047958e-03	3.889314412913306707e-01
1.834999999999999964e+00	7.528797559514344845e-03	3.872564462091186988e-01
1.840000000000000080e+00	7.528671015361829665e-03	3.855870833323175040e-01
1.845000000000000195e+00	7.528544918128614663e-03	3.839233351823520546e-01
1.850000000000000089e+00	7.528419266276341858e-03	3.822651843985675479e-01
1.854999999999999982e+00	7.528294058279818082e-03	3.806126137684179844e-01
1.860000000000000098e+00	7.528169292624078968e-03	3.789656061937373144e-01
1.865000000000000213e+00	7.528044967806986690e-03	3.773241447204667698e-01
1.870000000000000107e+00	7.527921082336335584e-03	3.756882125054834543e-01
1.875000000000000000e+00	7.527797634732415200e-03	3.740577928458815316e-01
1.879999999999999893e+00	7.527674623525165351e-03	3.724328691463404950e-01
1.884999999999999787e+00	7.527552047256691470e-03	3.708134249479766442e-01
1.889999999999999902e+00	7.527429904478479504e-03	3.691994438962306613e-01
1.895000000000000018e+00	7.527308193753864431e-03	3.675909097693058070e-01
1.899999999999999911e+00	7.527186913655289392e-03	3.659878064465565406e-01
1.904999999999999805e+00	7.527066062766746453e-03	3.643901179365279241e-01
1.909999999999999920e+00	7.526945639681072164e-03	3.627978283458285214e-01
1.915000000000000036e+00	7.526825643002352760e-03	3.612109219067851096e-01
1.919999999999999929e+00	7.526706071343267426e-03	3.596293829467835379e-01
1.924999999999999822e+00	7.526586923327457067e-03	3.580531959155509591e-01
1.929999999999999938e+00	7.526468197586906606e-03	3.564823453549497145e-01
1.935000000000000053e+00	7.526349892764280791e-03	3.549168159259012967e-01
1.939999999999999947e+00	7.526232007510349868e-03	3.533565923786159968e-01
1.944999999999999840e+00	7.526114540486289819e-03	3.518016595791715884e-01
1.949999999999999956e+00	7.525997490361148803e-03	3.502520024801648035e-01
1.955000000000000071e+00	7.525880855814115304e-03	3.487076061469562283e-01
1.959999999999999964e+00	7.525764635532023600e-03	3.471684557287297301e-01
1.964999999999999858e+00	7.525648828211587218e-03	3.456345364844150003e-01
1.969999999999999973e+00	7.525533432556944305e-03	3.441058337541402778e-01
1.975000000000000089e+00	7.525418447281865923e-03	3.425823329848455279e-01
1.979999999999999982e+00	7.525303871107327444e-03	3.410640197021149178e-01
1.984999999999999876e+00	7.525189702763693429e-03	3.395508795354904019e-01
1.989999999999999991e+00	7.525075940988324580e-03	3.380428981906714037e-01
1.995000000000000107e+00	7.524962584527734866e-03	3.365400614745401309e-01
2.000000000000000000e+00	7.524849632135227964e-03	3.350423552677159744e-01
2.004999999999999893e+00	7.524737082573030103e-03	3.335497655493018243e-01
2.009999999999999787e+00	7.524624934609960326e-03	3.320622783697816938e-01
2.014999999999999680e+00	7.524513187023534715e-03	3.305798798754981394e-01
2.020000000000000018e+00	7.524401838597667876e-03	3.291025562818815087e-01
2.024999999999999911e+00	7.524290888124755480e-03	3.276302938976679013e-01
2.029999999999999805e+00	7.524180334403403510e-03	3.261630790984487160e-01
2.035000000000000142e+00	7.524070176240482168e-03	3.247008983506374236e-01
2.040000000000000036e+00	7.523960412448896760e-03	3.232437381853306424e-01
2.044999999999999929e+00	7.523851041849605181e-03	3.217915852220316619e-01
2.049999999999999822e+00	7.523742063269421750e-03	3.203444261428117223e-01
2.054999999999999716e+00	7.523633475543014745e-03	3.189022477157997804e-01
2.060000000000000053e+00	7.523525277510735403e-03	3.174650367696340014e-01
2.064999999999999947e+00	7.523417468020592892e-03	3.160327802167259836e-01
2.069999999999999840e+00	7.523310045926111071e-03	3.146054650279921372e-01
2.075000000000000178e+00	7.523203010088281781e-03	3.131830782558999715e-01
2.080000000000000071e+00	7.523096359373445015e-03	3.117656070094722565e-01
2.084999999999999964e+00	7.522990092655228341e-03	3.103530384771210349e-01
2.089999999999999858e+00	7.522884208812444413e-03	3.089453599019152397e-01
2.094999999999999751e+00	7.522778706731014786e-03	3.075425586042110915e-01
2.100000000000000089e+00	7.522673585301889974e-03	3.061446219571744010e-01
2.104999999999999982e+00	7.522568843422955918e-03	3.047515374092139018e-01
2.109999999999999876e+00	7.522464479996974866e-03	3.033632924597496339e-01
2.115000000000000213e+00	7.522360493933473620e-03	3.019798746814558732e-01
2.120000000000000107e+00	7.522256884146710440e-03	3.006012716962694342e-01
2.125000000000000000e+00	7.522153649557540740e-03	2.992274711974468593e-01
2.129999999999999893e+00	7.522050789091409145e-03	2.978584609258045357e-01
2.134999999999999787e+00	7.521948301680196104e-03	2.964942286915984715e-01
2.140000000000000124e+00	7.521846186260231631e-03	2.951347623509872897e-01
2.145000000000000018e+00	7.521744441774123706e-03	2.937800498277405303e-01
2.149999999999999911e+00	7.521643067168796298e-03	2.924300790899186930e-01
2.155000000000000249e+00	7.521542061397299556e-03	2.910848381714138400e-01
2.160000000000000142e+00	7.521441423416864308e-03	2.897443151488416357e-01
2.165000000000000036e+00	7.521341152190700978e-03	2.884084981629194133e-01
2.169999999999999929e+00	7.521241246686074036e-03	2.870773753955626617e-01
2.174999999999999822e+00	7.521141705876081829e-03	2.857509350911065504e-01
2.180000000000000160e+00	7.521042528737751851e-03	2.844291655336007030e-01
2.185000000000000053e+00	7.520943714253803224e-03	2.831120550678793424e-01
2.189999999999999947e+00	7.520845261410766258e-03	2.817995920770479668e-01
2.195000000000000284e+00	7.520747169200724981e-03	2.804917650034061682e-01
2.200000000000000178e+00	7.520649436619454911e-03	2.791885623261219918e-01
2.205000000000000071e+00	7.520552062668154313e-03	2.778899725820114242e-01
2.209999999999999964e+00	7.520455046351596715e-03	2.765959843433941634e-01
2.214999999999999858e+00	7.520358386679850890e-03	2.753065862387351070e-01
2.220000000000000195e+00	7.520262082666448120e-03	2.740217669306759807e-01
2.225000000000000089e+00	7.520166133330089160e-03	2.727415151365431556e-01
2.229999999999999982e+00	7.520070537692827989e-03	2.714658196065497520e-01
2.235000000000000320e+00	7.519975294781766628e-03	2.701946691441731163e-01
2.240000000000000213e+00	7.519880403627255371e-03	2.689280525845241798e-01
2.245000000000000107e+00	7.519785863264571123e-03	2.676659588145978153e-01
2.250000000000000000e+00	7.519691672732139315e-03	2.664083767518036217e-01
2.254999999999999893e+00	7.519597831073194898e-03	2.651552953640942123e-01
2.259999999999999787e+00	7.519504337334020731e-03	2.639067036486528739e-01
2.264999999999999680e+00	7.519411190565597307e-03	2.626625906519023390e-01
2.270000000000000018e+00	7.519318389821856748e-03	2.614229454483457116e-01
2.274999999999999911e+00	7.519225934161318653e-03	2.601877571604590544e-01
2.279999999999999805e+00	7.519133822645358844e-03	2.589570149376815289e-01
2.285000000000000142e+00	7.519042054339836537e-03	2.577307079761942954e-01
2.290000000000000036e+00	7.518950628313374358e-03	2.565088254980568139e-01
2.294999999999999929e+00	7.518859543638973381e-03	2.552913567708752218e-01
2.299999999999999822e+00	7.518768799392310485e-03	2.540782910870796885e-01
2.304999999999999716e+00	7.518678394653341250e-03	2.528696177834863779e-01
2.310000000000000053e+00	7.518588328504607725e-03	2.516653262207121933e-01
2.314999999999999947e+00	7.518498600032836113e-03	2.504654058026326569e-01
2.319999999999999840e+00	7.518409208327254088e-03	2.492698459559308244e-01
2.325000000000000178e+00	7.518320152481175467e-03	2.480786361494529968e-01
2.330000000000000071e+00	7.518231431590335738e-03	2.468917658738901399e-01
2.334999999999999964e+00	7.518143044754466327e-03	2.457092246610327047e-01
2.339999999999999858e+00	7.518054991075637933e-03	2.445310020635806936e-01
2.344999999999999751e+00	7.517967269659827853e-03	2.433570876743020583e-01
2.350000000000000089e+00	7.517879879615276331e-03	2.421874711059670282e-01
2.354999999999999982e+00	7.517792820054044339e-03	2.410221420104122492e-01
2.359999999999999876e+00	7.517706090090377734e-03	2.398610900585970707e-01
2.365000000000000213e+00	7.517619688842258965e-03	2.387043049595749811e-01
2.370000000000000107e+00	7.517533615429785980e-03	2.375517764406700205e-01
2.375000000000000000e+00	7.517447868976705715e-03	2.364034942663566785e-01
2.379999999999999893e+00	7.517362448608814682e-03	2.352594482185538238e-01
2.384999999999999787e+00	7.517277353455476853e-03	2.341196281154156733e-01
2.390000000000000124e+00	7.517192582648034652e-03	2.329840237917402967e-01
2.395000000000000018e+00	7.517108135321324235e-03	2.318526251176738218e-01
2.399999999999999911e+00	7.517024010612091689e-03	2.307254219792304606e-01
2.405000000000000249e+00	7.516940207660501375e-03	2.296024042969114776e-01
2.410000000000000142e+00	7.516856725608563397e-03	2.284835620063363493e-01
2.415000000000000036e+00	7.516773563601632409e-03	2.273688850767764114e-01
2.419999999999999929e+00	7.516690720786848093e-03	2.262583634918944597e-01
2.424999999999999822e+00	7.516608196314620086e-03	2.251519872681966850e-01
2.430000000000000160e+00	7.516525989337085809e-03	2.240497464358773838e-01
2.435000000000000053e+00	7.516444099009582380e-03	2.229516310571903748e-01
2.439999999999999947e+00	7.516362524489113989e-03	2.218576312073976542e-01
2.445000000000000284e+00	7.516281264935820335e-03	2.207677369930609867e-01
2.450000000000000178e+00	7.516200319511450074e-03	2.196819385330932572e-01
2.455000000000000071e+00	7.516119687380822326e-03	2.186002259769713185e-01
2.459999999999999964e+00	7.516039367710310518e-03	2.175225894858874853e-01
2.464999999999999858e+00	7.515959359669293488e-03	2.164490192508858879e-01
2.470000000000000195e+00	7.515879662428651478e-03	2.153795054741124704e-01
2.475000000000000089e+00	7.515800275162211157e-03	2.143140383868753496e-01
2.479999999999999982e+00	7.515721197045248554e-03	2.132526082309918469e-01
2.485000000000000320e+00	7.515642427255923678e-03	2.121952052767737962e-01
2.490000000000000213e+00	7.515563964973797327e-03	2.111418198044710259e-01
2.495000000000000107e+00	7.515485809381257029e-03	2.100924421221815330e-01
2.500000000000000000e+00	7.515407959662044265e-03	2.090470625473899446e-01
2.504999999999999893e+00	7.515330415002668268e-03	2.080056714248045280e-01
2.509999999999999787e+00	7.515253174590946252e-03	2.069682591079884948e-01
2.514999999999999680e+00	7.515176237617409404e-03	2.059348159771249576e-01
2.520000000000000018e+00	7.515099603273853526e-03	2.049053324207393834e-01
2.524999999999999911e+00	7.515023270754732018e-03	2.038797988533939398e-01
2.529999999999999805e+00	7.514947239255721258e-03	2.028582056974999048e-01
2.535000000000000142e+00	7.514871507975106647e-03	2.018405434009406252e-01
2.540000000000000036e+00	7.514796076112347997e-03	2.008268024189748258e-01
2.544999999999999929e+00	7.514720942869470774e-03	1.998169732317883751e-01
2.549999999999999822e+00	7.514646107449631483e-03	1.988110463264860239e-01
2.554999999999999716e+00	7.514571569058503715e-03	1.978090122145739482e-01
2.560000000000000053e+00	7.514497326902855670e-03	1.968108614140389734e-01
2.564999999999999947e+00	7.514423380191924927e-03	1.958165844667618949e-01
2.569999999999999840e+00	7.514349728136004644e-03	1.948261719206831333e-01
2.575000000000000178e+00	7.514276369947810522e-03	1.938396143471473043e-01
2.580000000000000071e+00	7.514203304841082613e-03	1.928569023231554158e-01
2.584999999999999964e+00	7.514130532031938411e-03	1.918780264486404652e-01
2.589999999999999858e+00	7.514058050737480732e-03	1.909029773288047072e-01
2.594999999999999751e+00	7.513985860177153399e-03	1.899317455913278330e-01
2.600000000000000089e+00	7.513913959571346529e-03	1.889643218687882542e-01
2.604999999999999982e+00	7.513842348142753085e-03	1.880006968158035308e-01
2.609999999999999876e+00	7.513771025114982828e-03	1.870408610915355596e-01
2.615000000000000213e+00	7.513699989713901531e-03	1.860848053767635013e-01
2.620000000000000107e+00	7.513629241166265745e-03	1.851325203564725963e-01
2.625000000000000000e+00	7.513558778701051599e-03	1.841839967368592290e-01
2.629999999999999893e+00	7.513488601548089577e-03	1.832392252280027334e-01
2.634999999999999787e+00	7.513418708939396777e-03	1.822981965608031496e-01
2.640000000000000124e+00	7.513349100107818632e-03	1.813609014697355470e-01
2.645000000000000018e+00	7.513279774288345557e-03	1.804273307097210566e-01
2.649999999999999911e+00	7.513210730716772014e-03	1.794974750389618512e-01
2.655000000000000249e+00	7.513141968631004489e-03	1.785713252357462033e-01
2.660000000000000142e+00	7.513073487269724023e-03	1.776488720813652888e-01
2.665000000000000036e+00	7.513005285873689855e-03	1.767301063768498548e-01
2.669999999999999929e+00	7.512937363684413228e-03	1.758150189259690965e-01
2.674999999999999822e+00	7.512869719945450622e-03	1.749036005519009340e-01
2.680000000000000160e+00	7.512802353901085368e-03	1.739958420803104366e-01
2.685000000000000053e+00	7.512735264797617413e-03	1.730917343559541521e-01
2.689999999999999947e+00	7.512668451882046662e-03	1.721912682258384120e-01
2.695000000000000284e+00	7.512601914403362752e-03	1.712944345557568249e-01
2.700000000000000178e+00	7.512535651611231859e-03	1.704012242135292676e-01
2.705000000000000071e+00	7.512469662757280398e-03	1.695116280854719881e-01
2.709999999999999964e+00	7.512403947093793111e-03	1.686256370597165044e-01
2.714999999999999858e+00	7.512338503874983753e-03	1.677432420426129001e-01
2.720000000000000195e+00	7.512273332355707059e-03	1.668644339421281597e-01
2.725000000000000089e+00	7.512208431792718154e-03	1.659892036841831564e-01
2.729999999999999982e+00	7.512143801443394060e-03	1.651175421961294243e-01
2.735000000000000320e+00	7.512079440566989640e-03	1.642494404230194494e-01
2.740000000000000213e+00	7.512015348423358232e-03	1.633848893111634892e-01
2.745000000000000107e+00	7.511951524274211069e-03	1.625238798243311411e-01
2.750000000000000000e+00	7.511887967381837908e-03	1.616664029273882086e-01
2.754999999999999893e+00	7.511824677010363847e-03	1.608124496024311845e-01
2.759999999999999787e+00	7.511761652424475168e-03	1.599620108325023604e-01
2.764999999999999680e+00	7.511698892890670068e-03	1.591150776176572246e-01
2.770000000000000018e+00	7.511636397675995787e-03	1.582716409587586748e-01
2.774999999999999911e+00	7.511574166049286329e-03	1.574316918734761372e-01
2.779999999999999805e+00	7.511512197279913462e-03	1.565952213801590776e-01
2.785000000000000142e+00	7.511450490639009700e-03	1.557622205137678129e-01
2.790000000000000036e+00	7.511389045398234911e-03	1.549326803098265981e-01
2.794999999999999929e+00	7.511327860830991493e-03	1.541065918202854657e-01
2.799999999999999822e+00	7.511266936211191854e-03	1.532839460975525814e-01
2.804999999999999716e+00	7.511206270814474451e-03	1.524647342102873615e-01
2.810000000000000053e+00	7.511145863916974738e-03	1.516489472275119876e-01
2.814999999999999947e+00	7.511085714796536007e-03	1.508365762343358008e-01
2.819999999999999840e+00	7.511025822731487271e-03	1.500276123161459474e-01
2.825000000000000178e+00	7.510966187001848898e-03	1.492220465742615521e-01
2.830000000000000071e+00	7.510906806888115704e-03	1.484198701102050211e-01
2.834999999999999964e+00	7.510847681672454777e-03	1.476210740412860489e-01
2.839999999999999858e+00	7.510788810637500715e-03	1.468256494849517202e-01
2.844999999999999751e+00	7.510730193067543907e-03	1.460335875743015155e-01
2.850000000000000089e+00	7.510671828247332711e-03	1.452448794425165723e-01
2.854999999999999982e+00	7.510613715463255666e-03	1.444595162383039144e-01
2.859999999999999876e+00	7.510555854002152337e-03	1.436774891104059260e-01
2.865000000000000213e+00	7.510498243152485993e-03	1.428987892229734158e-01
2.870000000000000107e+00	7.510440882203164858e-03	1.421234077401557494e-01
2.875000000000000000e+00	7.510383770444706113e-03	1.413513358414018317e-01
2.879999999999999893e+00	7.510326907168066689e-03	1.405825647061307859e-01
2.884999999999999787e+00	7.510270291665797730e-03	1.398170855289613268e-01
2.890000000000000124e+00	7.510213923230884062e-03	1.390548895044625421e-01
2.895000000000000018e+00	7.510157801157891708e-03	1.382959678423116012e-01
2.899999999999999911e+00	7.510101924741815170e-03	1.375403117521251106e-01
2.905000000000000249e+00	7.510046293279219742e-03	1.367879124585434092e-01
2.910000000000000142e+00	7.509990906067094858e-03	1.360387611861439416e-01
2.915000000000000036e+00	7.509935762403987733e-03	1.352928491744521677e-01
2.919999999999999929e+00	7.509880861588862783e-03	1.345501676629355658e-01
2.924999999999999822e+00	7.509826202922237869e-03	1.338107079059417115e-01
2.930000000000000160e+00	7.509771785705040247e-03	1.330744611577735770e-01
2.935000000000000053e+00	7.509717609239740209e-03	1.323414186875533916e-01
2.939999999999999947e+00	7.509663672829218310e-03	1.316115717643797645e-01
2.945000000000000284e+00	7.509609975777885998e-03	1.308849116721169659e-01
2.950000000000000178e+00	7.509556517390562382e-03	1.301614296946345395e-01
2.955000000000000071e+00	7.509503296973589655e-03	1.294411171305210884e-01
2.959999999999999964e+00	7.509450313833715071e-03	1.287239652784064881e-01
2.964999999999999858e+00	7.509397567279200297e-03	1.280099654516002328e-01
2.970000000000000195e+00	7.509345056618712926e-03	1.272991089634959994e-01
2.975000000000000089e+00	7.509292781162427155e-03	1.265913871421344983e-01
2.979999999999999982e+00	7.509240740220919641e-03	1.258867913156908325e-01
2.985000000000000320e+00	7.509188933106266707e-03	1.251853128269604376e-01
2.990000000000000213e+00	7.509137359130951470e-03	1.244869430189305681e-01
2.995000000000000107e+00	7.509086017608947172e-03	1.237916732491888411e-01
3.000000000000000000e+00	7.509034907854632117e-03	1.230994948755778223e-01
3.004999999999999893e+00	7.508984029183869528e-03	1.224103992705271315e-01
3.009999999999999787e+00	7.508933380912930292e-03	1.217243778067915311e-01
3.014999999999999680e+00	7.508882962359566746e-03	1.210414218717045798e-01
3.020000000000000018e+00	7.508832772841935420e-03	1.203615228530016817e-01
3.024999999999999911e+00	7.508782811679669961e-03	1.196846721529953028e-01
3.029999999999999805e+00	7.508733078192813409e-03	1.190108611744819939e-01
3.035000000000000142e+00	7.508683571702877250e-03	1.183400813348390868e-01
3.040000000000000036e+00	7.508634291531786700e-03	1.176723240520169272e-01
3.044999999999999929e+00	7.508585237002931949e-03	1.170075807585554267e-01
3.049999999999999822e+00	7.508536407440118653e-03	1.163458428876619627e-01
3.054999999999999716e+00	7.508487802168613973e-03	1.156871018871482582e-01
3.060000000000000053e+00	7.508439420514101403e-03	1.150313492055935194e-01
3.064999999999999947e+00	7.508391261803724209e-03	1.143785763062008937e-01
3.069999999999999840e+00	7.508343325365049795e-03	1.137287746530466215e-01
3.075000000000000178e+00	7.508295610527099262e-03	1.130819357248555174e-01
3.080000000000000071e+00	7.508248116619316986e-03	1.124380510013367612e-01
3.084999999999999964e+00	7.508200842972603643e-03	1.117971119768775001e-01
3.089999999999999858e+00	7.508153788918288385e-03	1.111591101469654730e-01
3.094999999999999751e+00	7.508106953789154062e-03	1.105240370218005808e-01
3.100000000000000089e+00	7.508060336918414603e-03	1.098918841128046081e-01
3.104999999999999982e+00	7.508013937640735901e-03	1.092626429461506371e-01
3.109999999999999876e+00	7.507967755291225335e-03	1.086363050493595606e-01
3.115000000000000213e+00	7.507921789206432710e-03	1.080128619647467703e-01
3.120000000000000107e+00	7.507876038723360589e-03	1.073923052361068636e-01
3.125000000000000000e+00	7.507830503180453960e-03	1.067746264220761493e-01
3.129999999999999893e+00	7.507785181916611442e-03	1.061598170829057136e-01
3.134999999999999787e+00	7.507740074272176677e-03	1.055478687937402571e-01
3.140000000000000124e+00	7.507695179587953876e-03	1.049387731314793681e-01
3.145000000000000018e+00	7.507650497206190543e-03	1.043325216879719131e-01
3.149999999999999911e+00	7.507606026469600818e-03	1.037291060569661832e-01
3.155000000000000249e+00	7.507561766722343870e-03	1.031285178472191588e-01
3.160000000000000142e+00	7.507517717309052444e-03	1.025307486695362230e-01
3.165000000000000036e+00	7.507473877575802576e-03	1.019357901497944530e-01
3.169999999999999929e+00	7.507430246869154292e-03	1.013436339160723593e-01
3.174999999999999822e+00	7.507386824537109170e-03	1.007542716115870512e-01
3.180000000000000160e+00	7.507343609928160584e-03	1.001676948819135854e-01
3.185000000000000053e+00	7.507300602392246065e-03	9.958389538783653239e-02
3.189999999999999947e+00	7.507257801279801877e-03	9.900286479265850426e-02
3.195000000000000284e+00	7.507215205942708441e-03	9.842459477496542930e-02
3.200000000000000178e+00	7.507172815733354453e-03	9.784907701602614527e-02
3.205000000000000071e+00	7.507130630005576233e-03	9.727630321246928669e-02
3.209999999999999964e+00	7.507088648113724449e-03	9.670626506377412446e-02
3.214999999999999858e+00	7.507046869413597397e-03	9.613895428486013417e-02
3.220000000000000195e+00	7.507005293261520724e-03	9.557436259366880460e-02
3.225000000000000089e+00	7.506963919015268577e-03	9.501248172366483224e-02
3.229999999999999982e+00	7.506922746033148526e-03	9.445330341150946774e-02
3.235000000000000320e+00	7.506881773674923576e-03	9.389681940947319783e-02
3.240000000000000213e+00	7.506841001300894496e-03	9.334302147320104603e-02
3.245000000000000107e+00	7.506800428272824427e-03	9.279190137403597882e-02
3.250000000000000000e+00	7.506760053953023815e-03	9.224345088687634087e-02
3.254999999999999893e+00	7.506719877705262008e-03	9.169766180240986053e-02
3.259999999999999787e+00	7.506679898893873874e-03	9.115452591506351121e-02
3.264999999999999680e+00	7.506640116884652318e-03	9.061403503514767199e-02
3.270000000000000018e+00	7.506600531043964436e-03	9.007618097689860936e-02
3.274999999999999911e+00	7.506561140739640564e-03	8.954095557053258492e-02
3.279999999999999805e+00	7.506521945340095640e-03	8.900835065038116556e-02
3.285000000000000142e+00	7.506482944215209577e-03	8.847835806685422355e-02
3.290000000000000036e+00	7.506444136735457295e-03	8.795096967466962956e-02
3.294999999999999929e+00	7.506405522272787366e-03	8.742617734472435398e-02
3.299999999999999822e+00	7.506367100199748572e-03	8.690397295241755748e-02
3.304999999999999716e+00	7.506328869890367683e-03	8.638434838943104266e-02
3.310000000000000053e+00	7.506290830719284692e-03	8.586729555214558940e-02
3.314999999999999947e+00	7.506252982062620177e-03	8.535280635332979926e-02
3.319999999999999840e+00	7.506215323297120087e-03	8.484087271065064717e-02
3.325000000000000178e+00	7.506177853801013558e-03	8.433148655826958051e-02
3.330000000000000071e+00	7.506140572953168971e-03	8.382463983544818920e-02
3.334999999999999964e+00	7.506103480133940499e-03	8.332032449805135133e-02
3.339999999999999858e+00	7.506066574724332835e-03	8.281853250724771631e-02
3.344999999999999751e+00	7.506029856106841668e-03	8.231925584091966119e-02
3.350000000000000089e+00	7.505993323664622748e-03	8.182248648245882272e-02
3.354999999999999982e+00	7.505956976782332361e-03	8.132821643208300311e-02
3.359999999999999876e+00	7.505920814845293797e-03	8.083643769572669557e-02
3.365000000000000213e+00	7.505884837240337816e-03	8.034714229626391258e-02
3.370000000000000107e+00	7.505849043354975193e-03	7.986032226249506483e-02
3.375000000000000000e+00	7.505813432578225045e-03	7.937596964027492097e-02
3.379999999999999893e+00	7.505778004299803845e-03	7.889407648159561803e-02
3.384999999999999787e+00	7.505742757910938145e-03	7.841463485562036317e-02
3.390000000000000124e+00	7.505707692803564868e-03	7.793763683786210372e-02
3.395000000000000018e+00	7.505672808371137081e-03	7.746307452112265179e-02
3.399999999999999911e+00	7.505638104007830366e-03	7.699094000476758293e-02
3.405000000000000249e+00	7.505603579109339923e-03	7.652122540557028396e-02
3.410000000000000142e+00	7.505569233072097342e-03	7.605392284708337169e-02
3.415000000000000036e+00	7.505535065294059033e-03	7.558902447038746975e-02
3.419999999999999929e+00	7.505501075173932543e-03	7.512652242355899457e-02
3.424999999999999822e+00	7.505467262111953711e-03	7.466640887232331436e-02
3.430000000000000160e+00	7.505433625509121652e-03	7.420867598961974898e-02
3.435000000000000053e+00	7.505400164767971581e-03	7.375331596615861129e-02
3.439999999999999947e+00	7.505366879291812399e-03	7.330032100008322671e-02
3.445000000000000284e+00	7.505333768485495174e-03	7.284968330743044063e-02
3.450000000000000178e+00	7.505300831754659410e-03	7.240139511189075394e-02
3.455000000000000071e+00	7.505268068506494583e-03	7.195544865517174149e-02
3.459999999999999964e+00	7.505235478148985541e-03	7.151183618685519328e-02
3.464999999999999858e+00	7.505203060091674046e-03	7.107054997466483170e-02
3.470000000000000195e+00	7.505170813744918915e-03	7.063158229442048630e-02
3.475000000000000089e+00	7.505138738520632409e-03	7.019492544020866642e-02
3.479999999999999982e+00	7.505106833831557724e-03	6.976057171443493521e-02
3.485000000000000320e+00	7.505075099092004508e-03	6.932851343789692145e-02
3.490000000000000213e+00	7.505043533717120283e-03	6.889874293993475396e-02
3.495000000000000107e+00	7.505012137123625963e-03	6.847125256840663754e-02
3.500000000000000000e+00	7.504980908729096817e-03	6.804603467993734778e-02
3.504999999999999893e+00	7.504949847952685840e-03	6.762308164979616287e-02
3.509999999999999787e+00	7.504918954214412526e-03	6.720238586224340505e-02
3.514999999999999680e+00	7.504888226935881902e-03	6.678393972031061721e-02
3.520000000000000018e+00	7.504857665539579371e-03	6.636773563624565053e-02
3.524999999999999911e+00	7.504827269449580208e-03	6.595376604119457253e-02
3.529999999999999805e+00	7.504797038090855674e-03	6.554202337574503712e-02
3.535000000000000142e+00	7.504766970889972973e-03	6.513250009951002117e-02
3.540000000000000036e+00	7.504737067274407439e-03	6.472518868177004614e-02
3.544999999999999929e+00	7.504707326673238157e-03	6.432008161095825738e-02
3.549999999999999822e+00	7.504677748516465352e-03	6.391717138540128906e-02
3.554999999999999716e+00	7.504648332235700804e-03	6.351645052270582514e-02
3.560000000000000053e+00	7.504619077263489577e-03	6.311791155059807978e-02
3.564999999999999947e+00	7.504589983033990892e-03	6.272154701621189543e-02
3.569999999999999840e+00	7.504561048982319807e-03	6.232734947702676942e-02
3.575000000000000178e+00	7.504532274545209006e-03	6.193531151005712138e-02
3.580000000000000071e+00	7.504503659160354813e-03	6.154542570288960845e-02
3.584999999999999964e+00	7.504475202267082458e-03	6.115768466277259063e-02
3.589999999999999858e+00	7.504446903305694687e-03	6.077208100775303296e-02
3.594999999999999751e+00	7.504418761718130090e-03	6.038860737566680709e-02
3.600000000000000089e+00	7.504390776947317786e-03	6.000725641537427851e-02
3.604999999999999982e+00	7.504362948437828806e-03	5.962802079565157620e-02
3.609999999999999876e+00	7.504335275635236856e-03	5.925089319652533659e-02
3.615000000000000213e+00	7.504307757986766227e-03	5.887586631806438625e-02
3.620000000000000107e+00	7.504280394940659495e-03	5.850293287181370511e-02
3.625000000000000000e+00	7.504253185946812427e-03	5.813208558948661925e-02
3.629999999999999893e+00	7.504226130456155552e-03	5.776331721449792095e-02
3.634999999999999787e+00	7.504199227921277797e-03	5.739662051055655773e-02
3.640000000000000124e+00	7.504172477795817593e-03	5.703198825329777732e-02
3.645000000000000018e+00	7.504145879535078709e-03	5.666941323877650732e-02
3.649999999999999911e+00	7.504119432595425694e-03	5.630888827519823364e-02
3.655000000000000249e+00	7.504093136434895374e-03	5.595040619131289722e-02
3.660000000000000142e+00	7.504066990512602703e-03	5.559395982824533872e-02
3.665000000000000036e+00	7.504040994289340981e-03	5.523954204778879634e-02
3.669999999999999929e+00	7.504015147226990312e-03	5.488714572433469469e-02
3.674999999999999822e+00	7.503989448789117819e-03	5.453676375306670127e-02
3.680000000000000160e+00	7.503963898440393909e-03	5.418838904198951256e-02
3.685000000000000053e+00	7.503938495647182079e-03	5.384201452002287946e-02
3.689999999999999947e+00	7.503913239876960385e-03	5.349763312912961255e-02
3.695000000000000284e+00	7.503888130598906046e-03	5.315523783230994420e-02
3.700000000000000178e+00	7.503863167283327321e-03	5.281482160582851026e-02
3.705000000000000071e+00	7.503838349402236832e-03	5.247637744710884761e-02
3.709999999999999964e+00	7.503813676428792122e-03	5.213989836705938685e-02
3.714999999999999858e+00	7.503789147837860302e-03	5.180537739786821028e-02
3.720000000000000195e+00	7.503764763105468145e-03	5.147280758542789603e-02
3.725000000000000089e+00	7.503740521709358069e-03	5.114218199703077228e-02
3.729999999999999982e+00	7.503716423128445161e-03	5.081349371389222436e-02
3.735000000000000320e+00	7.503692466843368825e-03	5.048673583874624393e-02
3.740000000000000213e+00	7.503668652335951546e-03	5.016190148846800395e-02
3.745000000000000107e+00	7.503644979089747064e-03	4.983898380156896735e-02
3.750000000000000000e+00	7.503621446589506944e-03	4.951797593091868815e-02
3.754999999999999893e+00	7.503598054321720077e-03	4.919887105114023607e-02
3.759999999999999787e+00	7.503574801774086193e-03	4.888166235143019678e-02
3.764999999999999680e+00	7.503551688436048417e-03	4.856634304285493281e-02
3.770000000000000018e+00	7.503528713798273721e-03	4.825290635126881778e-02
3.774999999999999911e+00	7.503505877353179414e-03	4.794134552451098652e-02
3.779999999999999805e+00	7.503483178594418795e-03	4.763165382542203924e-02
3.785000000000000142e+00	7.503460617017403307e-03	4.732382453894114216e-02
3.790000000000000036e+00	7.503438192118792524e-03	4.701785096522127783e-02
3.794999999999999929e+00	7.503415903397010235e-03	4.671372642662659225e-02
3.799999999999999822e+00	7.503393750351741373e-03	4.641144426094608033e-02
3.804999999999999716e+00	7.503371732484441156e-03	4.611099782829153337e-02
3.810000000000000053e+00	7.503349849297840692e-03	4.581238050440906290e-02
3.814999999999999947e+00	7.503328100296443974e-03	4.551558568747808564e-02
3.819999999999999840e+00	7.503306484986046500e-03	4.522060679152061641e-02
3.825000000000000178e+00	7.503285002874220989e-03	4.492743725310090197e-02
3.830000000000000071e+00	7.503263653469846410e-03	4.463607052483294785e-02
3.834999999999999964e+00	7.503242436283584157e-03	4.434650008198071786e-02
3.839999999999999858e+00	7.503221350827413150e-03	4.405871941606336051e-02
3.844999999999999751e+00	7.503200396615100805e-03	4.377272204135656403e-02
3.850000000000000089e+00	7.503179573161746808e-03	4.348850148859504522e-02
3.854999999999999982e+00	7.503158879984243683e-03	4.320605131137540689e-02
3.859999999999999876e+00	7.503138316600828361e-03	4.292536507995568795e-02
3.865000000000000213e+00	7.503117882531537552e-03	4.264643638755952204e-02
3.870000000000000107e+00	7.503097577297763651e-03	4.236925884427283212e-02
3.875000000000000000e+00	7.503077400422704900e-03	4.209382608324972047e-02
3.879999999999999893e+00	7.503057351430927370e-03	4.182013175470575272e-02
3.884999999999999787e+00	7.503037429848809052e-03	4.154816953202553065e-02
3.890000000000000124e+00	7.503017635204107909e-03	4.127793310585279457e-02
3.895000000000000018e+00	7.502997967026399026e-03	4.100941619009995653e-02
3.899999999999999911e+00	7.502978424846649605e-03	4.074261251613448681e-02
3.905000000000000249e+00	7.502959008197648307e-03	4.047751583869024089e-02
3.910000000000000142e+00	7.502939716613591520e-03	4.021411993015062275e-02
3.915000000000000036e+00	7.502920549630499696e-03	3.995241858636192772e-02
3.919999999999999929e+00	7.502901506785811421e-03	3.969240562101218617e-02
3.924999999999999822e+00	7.502882587618798019e-03	3.943407487134752837e-02
3.930000000000000160e+00	7.502863791670157621e-03	3.917742019264639636e-02
3.935000000000000053e+00	7.502845118482427168e-03	3.892243546383863245e-02
3.939999999999999947e+00	7.502826567599586022e-03	3.866911458207526742e-02
3.945000000000000284e+00	7.502808138567453218e-03	3.841745146825048529e-02
3.950000000000000178e+00	7.502789830933300624e-03	3.816744006166668257e-02
3.955000000000000071e+00	7.502771644246247588e-03	3.791907432545942730e-02
3.959999999999999964e+00	7.502753578056877565e-03	3.767234824135765048e-02
3.964999999999999858e+00	7.502735631917625825e-03	3.742725581501195331e-02
3.970000000000000195e+00	7.502717805382403023e-03	3.718379107084940349e-02
3.975000000000000089e+00	7.502700098006976834e-03	3.694194805730561387e-02
3.979999999999999982e+00	7.502682509348599857e-03	3.670172084177386607e-02
3.985000000000000320e+00	7.502665038966386916e-03	3.646310351574098135e-02
3.990000000000000213e+00	7.502647686420952505e-03	3.622609018983082019e-02
3.995000000000000107e+00	7.502630451274775077e-03	3.599067499884411186e-02
4.000000000000000000e+00	7.502613333091841426e-03	3.575685209689576788e-02
4.004999999999999893e+00	7.502596331438008380e-03	3.552461566235926016e-02
4.009999999999999787e+00	7.502579445880655853e-03	3.529395989309739440e-02
4.014999999999999680e+00	7.502562675989034660e-03	3.506487901131142421e-02
4.019999999999999574e+00	7.502546021333927374e-03	3.483736725886502766e-02
4.025000000000000355e+00	7.502529481487994409e-03	3.461141890203840721e-02
4.030000000000000249e+00	7.502513056025438345e-03	3.438702822694532368e-02
4.035000000000000142e+00	7.502496744522344808e-03	3.416418954419225829e-02
4.040000000000000036e+00	7.502480546556351999e-03	3.394289718438807391e-02
4.044999999999999929e+00	7.502464461706981162e-03	3.372314550270881506e-02
4.049999999999999822e+00	7.502448489555319996e-03	3.350492887449969120e-02
4.054999999999999716e+00	7.502432629684344448e-03	3.328824169974579222e-02
4.059999999999999609e+00	7.502416881678602989e-03	3.307307839876583166e-02
4.064999999999999503e+00	7.502401245124538411e-03	3.285943341658920797e-02
4.070000000000000284e+00	7.502385719610178173e-03	3.264730121874118152e-02
4.075000000000000178e+00	7.502370304725444923e-03	3.243667629552686449e-02
4.080000000000000071e+00	7.502355000061854649e-03	3.222755315790718639e-02
4.084999999999999964e+00	7.502339805212824599e-03	3.201992634168983332e-02
4.089999999999999858e+00	7.502324719773376636e-03	3.181379040349641835e-02
4.094999999999999751e+00	7.502309743340433885e-03	3.160913992486039104e-02
4.099999999999999645e+00	7.502294875512535363e-03	3.140596950828467709e-02
4.105000000000000426e+00	7.502280115890123946e-03	3.120427378124721041e-02
4.110000000000000320e+00	7.502265464075268814e-03	3.100404739234873669e-02
4.115000000000000213e+00	7.502250919671945607e-03	3.080528501522629067e-02
4.120000000000000107e+00	7.502236482285766679e-03	3.060798134479070579e-02
4.125000000000000000e+00	7.502222151524253445e-03	3.041213110104848752e-02
4.129999999999999893e+00	7.502207926996570971e-03	3.021772902542855035e-02
4.134999999999999787e+00	7.502193808313796855e-03	3.002476988451286202e-02
4.139999999999999680e+00	7.502179795088667093e-03	2.983324846645217521e-02
4.144999999999999574e+00	7.502165886935828476e-03	2.964315958460561964e-02
4.150000000000000355e+00	7.502152083471591397e-03	2.945449807404501227e-02
4.155000000000000249e+00	7.502138384314187454e-03	2.926725879510411535e-02
4.160000000000000142e+00	7.502124789083515315e-03	2.908143662997076870e-02
4.165000000000000036e+00	7.502111297401399190e-03	2.889702648614621630e-02
4.169999999999999929e+00	7.502097908891339033e-03	2.871402329312502597e-02
4.174999999999999822e+00	7.502084623178762075e-03	2.853242200576451906e-02
4.179999999999999716e+00	7.502071439890781700e-03	2.835221760105199537e-02
4.185000000000000497e+00	7.502058358656437699e-03	2.817340508138497027e-02
4.190000000000000391e+00	7.502045379106467293e-03	2.799597947142529533e-02
4.195000000000000284e+00	7.502032500873534113e-03	2.781993582129026893e-02
4.200000000000000178e+00	7.502019723592008756e-03	2.764526920349337155e-02
4.205000000000000071e+00	7.502007046898190833e-03	2.747197471604699223e-02
4.209999999999999964e+00	7.501994470430092127e-03	2.730004747948890087e-02
4.214999999999999858e+00	7.501981993827658637e-03	2.712948263989712477e-02
4.219999999999999751e+00	7.501969616732554608e-03	2.696027536600189081e-02
4.224999999999999645e+00	7.501957338788380232e-03	2.679242085211301291e-02
4.230000000000000426e+00	7.501945159640462622e-03	2.662591431531674199e-02
4.235000000000000320e+00	7.501933078936065709e-03	2.646075099831621952e-02
4.240000000000000213e+00	7.501921096324186411e-03	2.629692616671276337e-02
4.245000000000000107e+00	7.501909211455762803e-03	2.613443511175969625e-02
4.250000000000000000e+00	7.501897423983473756e-03	2.597327314772796339e-02
4.254999999999999893e+00	7.501885733561936692e-03	2.581343561457336358e-02
4.259999999999999787e+00	7.501874139847519371e-03	2.565491787538611707e-02
4.264999999999999680e+00	7.501862642498531575e-03	2.549771531897235960e-02
4.269999999999999574e+00	7.501851241175037759e-03	2.534182335738669259e-02
4.275000000000000355e+00	7.501839935539043533e-03	2.518723742842863753e-02
4.280000000000000249e+00	7.501828725254319589e-03	2.503395299325776938e-02
4.285000000000000142e+00	7.501817609986576908e-03	2.488196553880539508e-02
4.290000000000000036e+00	7.501806589403302826e-03	2.473127057547185384e-02
4.294999999999999929e+00	7.501795663173918896e-03	2.458186363945385339e-02
4.299999999999999822e+00	7.501784830969631702e-03	2.443374029052371513e-02
4.304999999999999716e+00	7.501774092463585515e-03	2.428689611427272202e-02
4.309999999999999609e+00	7.501763447330713104e-03	2.414132671997152452e-02
4.314999999999999503e+00	7.501752895247888395e-03	2.399702774273026681e-02
4.320000000000000284e+00	7.501742435893777282e-03	2.385399484143960885e-02
4.325000000000000178e+00	7.501732068948986816e-03	2.371222370084825545e-02
4.330000000000000071e+00	7.501721794095923823e-03	2.357171002958392131e-02
4.334999999999999964e+00	7.501711611018936285e-03	2.343244956214859259e-02
4.339999999999999858e+00	7.501701519404178030e-03	2.329443805701933781e-02
4.344999999999999751e+00	7.501691518939744042e-03	2.315767129856155168e-02
4.349999999999999645e+00	7.501681609315540358e-03	2.302214509520908794e-02
4.355000000000000426e+00	7.501671790223413301e-03	2.288785528129611002e-02
4.360000000000000320e+00	7.501662061357028052e-03	2.275479771531596987e-02
4.365000000000000213e+00	7.501652422411989214e-03	2.262296828167222745e-02
4.370000000000000107e+00	7.501642873085722849e-03	2.249236288901564074e-02
4.375000000000000000e+00	7.501633413077599642e-03	2.236297747191502705e-02
4.379999999999999893e+00	7.501624042088811742e-03	2.223480798927165297e-02
4.384999999999999787e+00	7.501614759822495052e-03	2.210785042591054128e-02
4.389999999999999680e+00	7.501605565983619078e-03	2.198210079107192766e-02
4.394999999999999574e+00	7.501596460279090148e-03	2.185755511992322833e-02
4.400000000000000355e+00	7.501587442417651658e-03	2.173420947212711604e-02
4.405000000000000249e+00	7.501578512109989896e-03	2.161205993327487002e-02
4.410000000000000142e+00	7.501569669068628224e-03	2.149110261353033222e-02
4.415000000000000036e+00	7.501560913008031156e-03	2.137133364898521556e-02
4.419999999999999929e+00	7.501552243644508088e-03	2.125274920037846516e-02
4.424999999999999822e+00	7.501543660696306966e-03	2.113534545437395842e-02
4.429999999999999716e+00	7.501535163883524954e-03	2.101911862235476131e-02
4.435000000000000497e+00	7.501526752928195166e-03	2.090406494162396975e-02
4.440000000000000391e+00	7.501518427554206003e-03	2.079018067427314265e-02
4.445000000000000284e+00	7.501510187487380951e-03	2.067746210830658654e-02
4.450000000000000178e+00	7.501502032455401384e-03	2.056590555658367389e-02
4.455000000000000071e+00	7.501493962187882024e-03	2.045550735786728913e-02
4.459999999999999964e+00	7.501485976416300688e-03	2.034626387583918228e-02
4.464999999999999858e+00	7.501478074874066808e-03	2.023817150007324248e-02
4.469999999999999751e+00	7.501470257296454641e-03	2.013122664512336998e-02
4.474999999999999645e+00	7.501462523420671796e-03	2.002542575142208028e-02
4.480000000000000426e+00	7.501454872985789842e-03	1.992076528444030117e-02
4.485000000000000320e+00	7.501447305732813695e-03	1.981724173551194929e-02
4.490000000000000213e+00	7.501439821404617438e-03	1.971485162106501737e-02
4.495000000000000107e+00	7.501432419746002431e-03	1.961359148337262978e-02
4.500000000000000000e+00	7.501425100503648739e-03	1.951345788985508686e-02
4.504999999999999893e+00	7.501417863426155033e-03	1.941444743375780879e-02
4.509999999999999787e+00	7.501410708264002157e-03	1.931655673352374383e-02
4.514999999999999680e+00	7.501403634769592162e-03	1.921978243339887010e-02
4.519999999999999574e+00	7.501396642697207538e-03	1.912412120287420789e-02
4.525000000000000355e+00	7.501389731803050250e-03	1.902956973721963915e-02
4.530000000000000249e+00	7.501382901845207903e-03	1.893612475699492370e-02
4.535000000000000142e+00	7.501376152583682372e-03	1.884378300851233951e-02
4.540000000000000036e+00	7.501369483780362911e-03	1.875254126341615799e-02
4.544999999999999929e+00	7.501362895199051306e-03	1.866239631907479213e-02
4.549999999999999822e+00	7.501356386605441927e-03	1.857334499822801965e-02
4.554999999999999716e+00	7.501349957767134737e-03	1.848538414930912116e-02
4.559999999999999609e+00	7.501343608453623149e-03	1.839851064615942444e-02
4.564999999999999503e+00	7.501337338436309642e-03	1.831272138828110574e-02
4.570000000000000284e+00	7.501331147488484938e-03	1.822801330061829886e-02
4.575000000000000178e+00	7.501325035385348824e-03	1.814438333374125342e-02
4.580000000000000071e+00	7.501319001903991937e-03	1.806182846369331144e-02
4.584999999999999964e+00	7.501313046823408770e-03	1.798034569210699499e-02
4.589999999999999858e+00	7.501307169924488136e-03	1.789993204611644087e-02
4.594999999999999751e+00	7.501301370990014900e-03	1.782058457840598673e-02
4.599999999999999645e+00	7.501295649804675184e-03	1.774230036718733514e-02
4.605000000000000426e+00	7.501290006155045091e-03	1.766507651618117597e-02
4.610000000000000320e+00	7.501284439829601115e-03	1.758891015465865668e-02
4.615000000000000213e+00	7.501278950618709730e-03	1.751379843735670003e-02
4.620000000000000107e+00	7.501273538314635198e-03	1.743973854458292713e-02
4.625000000000000000e+00	7.501268202711529158e-03	1.736672768206549630e-02
4.629999999999999893e+00	7.501262943605443642e-03	1.729476308112077795e-02
4.634999999999999787e+00	7.501257760794312855e-03	1.722384199843829747e-02
4.639999999999999680e+00	7.501252654077970525e-03	1.715396171631058952e-02
4.644999999999999574e+00	7.501247623258128217e-03	1.708511954235389374e-02
4.650000000000000355e+00	7.501242668138400488e-03	1.701731280979954658e-02
4.655000000000000249e+00	7.501237788524272795e-03	1.695053887715105775e-02
4.660000000000000142e+00	7.501232984223133587e-03	1.688479512853643255e-02
4.665000000000000036e+00	7.501228255044240477e-03	1.682007897330220145e-02
4.669999999999999929e+00	7.501223600798752333e-03	1.675638784642602755e-02
4.674999999999999822e+00	7.501219021299690252e-03	1.669371920804837289e-02
4.679999999999999716e+00	7.501214516361980923e-03	1.663207054394476303e-02
4.685000000000000497e+00	7.501210085802404587e-03	1.657143936499578737e-02
4.690000000000000391e+00	7.501205729439648813e-03	1.651182320771838255e-02
4.695000000000000284e+00	7.501201447094252989e-03	1.645321963367465598e-02
4.700000000000000178e+00	7.501197238588655156e-03	1.639562623006155656e-02
4.705000000000000071e+00	7.501193103747144306e-03	1.633904060905930558e-02
4.709999999999999964e+00	7.501189042395911555e-03	1.628346040847876430e-02
4.714999999999999858e+00	7.501185054362988561e-03	1.622888329105014529e-02
4.719999999999999751e+00	7.501181139478308238e-03	1.617530694512738301e-02
4.724999999999999645e+00	7.501177297573642308e-03	1.612272908391779863e-02
4.730000000000000426e+00	7.501173528482660280e-03	1.607114744624277280e-02
4.735000000000000320e+00	7.501169832040865265e-03	1.602055979570906827e-02
4.740000000000000213e+00	7.501166208085654694e-03	1.597096392152519417e-02
4.745000000000000107e+00	7.501162656456258730e-03	1.592235763761497280e-02
4.750000000000000000e+00	7.501159176993799256e-03	1.587473878348897097e-02
4.754999999999999893e+00	7.501155769541220479e-03	1.582810522330096656e-02
4.759999999999999787e+00	7.501152433943360058e-03	1.578245484677372884e-02
4.764999999999999680e+00	7.501149170046875377e-03	1.573778556819919669e-02
4.769999999999999574e+00	7.501145977700311197e-03	1.569409532741787919e-02
4.775000000000000355e+00	7.501142856754024202e-03	1.565138208876328332e-02
4.780000000000000249e+00	7.501139807060262787e-03	1.560964384209448906e-02
4.785000000000000142e+00	7.501136828473079464e-03	1.556887860168538508e-02
4.790000000000000036e+00	7.501133920848408916e-03	1.552908440730959606e-02
4.794999999999999929e+00	7.501131084043989941e-03	1.549025932307551874e-02
4.799999999999999822e+00	7.501128317919444378e-03	1.545240143856277393e-02
4.804999999999999716e+00	7.501125622336186037e-03	1.541550886760362747e-02
4.809999999999999609e+00	7.501122997157510901e-03	1.537957974947048480e-02
4.814999999999999503e+00	7.501120442248499984e-03	1.534461224760422758e-02
4.820000000000000284e+00	7.501117957476114741e-03	1.531060455085206037e-02
4.825000000000000178e+00	7.501115542709094718e-03	1.527755487214358006e-02
4.830000000000000071e+00	7.501113197818056431e-03	1.524546144977827200e-02
4.834999999999999964e+00	7.501110922675390154e-03	1.521432254604993331e-02
4.839999999999999858e+00	7.501108717155356188e-03	1.518413644858308993e-02
4.844999999999999751e+00	7.501106581133981654e-03	1.515490146890660639e-02
4.849999999999999645e+00	7.501104514489164571e-03	1.512661594383827961e-02
4.855000000000000426e+00	7.501102517100561098e-03	1.509927823400815210e-02
4.860000000000000320e+00	7.501100588849692226e-03	1.507288672529082281e-02
4.865000000000000213e+00	7.501098729619831880e-03	1.504743982727916804e-02
4.870000000000000107e+00	7.501096939296115346e-03	1.502293597476355748e-02
4.875000000000000000e+00	7.501095217765423907e-03	1.499937362615673744e-02
4.879999999999999893e+00	7.501093564916495871e-03	1.497675126501918537e-02
4.884999999999999787e+00	7.501091980639807734e-03	1.495506739843597763e-02
4.889999999999999680e+00	7.501090464827688681e-03	1.493432055858754694e-02
4.894999999999999574e+00	7.501089017374198281e-03	1.491450930107913846e-02
4.900000000000000355e+00	7.501087638175246187e-03	1.489563220655637683e-02
4.905000000000000249e+00	7.501086327128464633e-03	1.487768787898802181e-02
4.910000000000000142e+00	7.501085084133329861e-03	1.486067494732564581e-02
4.915000000000000036e+00	7.501083909091033758e-03	1.484459206374029623e-02
4.919999999999999929e+00	7.501082801904607883e-03	1.482943790532559140e-02
4.924999999999999822e+00	7.501081762478791631e-03	1.481521117228912048e-02
4.929999999999999716e+00	7.501080790720158868e-03	1.480191058969822920e-02
4.935000000000000497e+00	7.501079886536982620e-03	1.478953490562680446e-02
4.940000000000000391e+00	7.501079049839366915e-03	1.477808289294308547e-02
4.945000000000000284e+00	7.501078280539107135e-03	1.476755334741253027e-02
4.950000000000000178e+00	7.501077578549821857e-03	1.475794508952691167e-02
4.955000000000000071e+00	7.501076943786813209e-03	1.474925696256404115e-02
4.959999999999999964e+00	7.501076376167204775e-03	1.474148783445744688e-02
4.964999999999999858e+00	7.501075875609790680e-03	1.473463659581358831e-02
4.969999999999999751e+00	7.501075442035183040e-03	1.472870216182141714e-02
4.974999999999999645e+00	7.501075075365657568e-03	1.472368347022789611e-02
4.980000000000000426e+00	7.501074775525299297e-03	1.471957948328671273e-02
4.985000000000000320e+00	7.501074542439850786e-03	1.471638918569277699e-02
4.990000000000000213e+00	7.501074376036856103e-03	1.471411158656937661e-02
4.995000000000000107e+00	7.501074276245508175e-03	1.471274571736235111e-02
5.000000000000000000e+00	7.501074242996796232e-03	1.471229063386503971e-02
