# coordinate_x	h	p	@time=311.28999999999996
0.000000000000000000e+00	2.700791678186025835e-01	5.717069091582409612e-01
5.000000000000000104e-03	2.700755992368466529e-01	5.717069084964837566e-01
1.000000000000000021e-02	2.700648934927688538e-01	5.717069065109736670e-01
1.499999999999999944e-02	2.700470505876510496e-01	5.717069032014540086e-01
2.000000000000000042e-02	2.700220705246068609e-01	5.717068985673010584e-01
2.500000000000000139e-02	2.699899533072065427e-01	5.717068926077993885e-01
2.999999999999999889e-02	2.699506989408105850e-01	5.717068853218750801e-01
3.500000000000000333e-02	2.699043074312300616e-01	5.717068767083636205e-01
4.000000000000000083e-02	2.698507787860701113e-01	5.717068667657406733e-01
4.499999999999999833e-02	2.697901130133895098e-01	5.717068554923907531e-01
5.000000000000000278e-02	2.697223101230479259e-01	5.717068428863371077e-01
5.500000000000000028e-02	2.696473701253631061e-01	5.717068289455103924e-01
5.999999999999999778e-02	2.695652930324624053e-01	5.717068136674781087e-01
6.500000000000000222e-02	2.694760788569373622e-01	5.717067970497131668e-01
7.000000000000000666e-02	2.693797276131998930e-01	5.717067790893236578e-01
7.500000000000001110e-02	2.692762393161331480e-01	5.717067597833201953e-01
8.000000000000000167e-02	2.691656139824533667e-01	5.717067391283463529e-01
8.499999999999999223e-02	2.690478516293567934e-01	5.717067171209454512e-01
8.999999999999999667e-02	2.689229522758873059e-01	5.717066937572908847e-01
9.500000000000000111e-02	2.687909159415785565e-01	5.717066690334525747e-01
1.000000000000000056e-01	2.686517426478289838e-01	5.717066429451268528e-01
1.050000000000000100e-01	2.685054324165376816e-01	5.717066154879035800e-01
1.100000000000000006e-01	2.683519852714876808e-01	5.717065866569949195e-01
1.149999999999999911e-01	2.681914012369749356e-01	5.717065564475025674e-01
1.199999999999999956e-01	2.680236803392008760e-01	5.717065248541460809e-01
1.250000000000000000e-01	2.678488226048933996e-01	5.717064918715306643e-01
1.300000000000000044e-01	2.676668280627095275e-01	5.717064574938740540e-01
1.350000000000000089e-01	2.674776967418479034e-01	5.717064217152748595e-01
1.400000000000000133e-01	2.672814286734621625e-01	5.717063845294393376e-01
1.450000000000000178e-01	2.670780238892642711e-01	5.717063459299492889e-01
1.499999999999999944e-01	2.668674824229493869e-01	5.717063059099878330e-01
1.549999999999999989e-01	2.666498043087892067e-01	5.717062644626081935e-01
1.600000000000000033e-01	2.664249895830693715e-01	5.717062215804585845e-01
1.650000000000000078e-01	2.661930382826716568e-01	5.717061772560512178e-01
1.700000000000000122e-01	2.659539504465253668e-01	5.717061314814861905e-01
1.749999999999999889e-01	2.657077261141772007e-01	5.717060842487207140e-01
1.799999999999999933e-01	2.654543653272571357e-01	5.717060355492926682e-01
1.849999999999999978e-01	2.651938681280359145e-01	5.717059853745898312e-01
1.900000000000000022e-01	2.649262345609061930e-01	5.717059337155722121e-01
1.950000000000000067e-01	2.646514646709260954e-01	5.717058805630419460e-01
2.000000000000000111e-01	2.643695585053174035e-01	5.717058259073648507e-01
2.050000000000000155e-01	2.640805161119942346e-01	5.717057697387400994e-01
2.099999999999999922e-01	2.637843375410785507e-01	5.717057120469216658e-01
2.149999999999999967e-01	2.634810228434136814e-01	5.717056528214874422e-01
2.200000000000000011e-01	2.631705720720982633e-01	5.717055920515599077e-01
2.250000000000000056e-01	2.628529852809831091e-01	5.717055297260758007e-01
2.300000000000000100e-01	2.625282625262252978e-01	5.717054658335060102e-01
2.349999999999999867e-01	2.621964038647668915e-01	5.717054003621248048e-01
2.399999999999999911e-01	2.618574093559106752e-01	5.717053332997290571e-01
2.449999999999999956e-01	2.615112790597795001e-01	5.717052646339080280e-01
2.500000000000000000e-01	2.611580130389147270e-01	5.717051943517611479e-01
2.550000000000000044e-01	2.607976113567156418e-01	5.717051224401679121e-01
2.600000000000000089e-01	2.604300740790616020e-01	5.717050488855056622e-01
2.650000000000000133e-01	2.600554012727296360e-01	5.717049736739179266e-01
2.700000000000000178e-01	2.596735930070427911e-01	5.717048967910325352e-01
2.750000000000000222e-01	2.592846493522645290e-01	5.717048182222296271e-01
2.800000000000000266e-01	2.588885703812737749e-01	5.717047379523588768e-01
2.850000000000000311e-01	2.584853561679357759e-01	5.717046559660071692e-01
2.899999999999999800e-01	2.580750067888051280e-01	5.717045722472151592e-01
2.949999999999999845e-01	2.576575223214713772e-01	5.717044867797448360e-01
2.999999999999999889e-01	2.572329028462920775e-01	5.717043995467951945e-01
3.049999999999999933e-01	2.568011484447114690e-01	5.717043105312691331e-01
3.099999999999999978e-01	2.563622592010255108e-01	5.717042197154894589e-01
3.150000000000000022e-01	2.559162352006718044e-01	5.717041270814638976e-01
3.200000000000000067e-01	2.554630765320282104e-01	5.717040326106009873e-01
3.250000000000000111e-01	2.550027832846733511e-01	5.717039362839752004e-01
3.300000000000000155e-01	2.545353555512198107e-01	5.717038380820413934e-01
3.350000000000000200e-01	2.540607934255437739e-01	5.717037379848991518e-01
3.400000000000000244e-01	2.535790970046550297e-01	5.717036359720071292e-01
3.449999999999999734e-01	2.530902663868934699e-01	5.717035320224460593e-01
3.499999999999999778e-01	2.525943016738389502e-01	5.717034261146335394e-01
3.549999999999999822e-01	2.520912029684719835e-01	5.717033182265844893e-01
3.599999999999999867e-01	2.515809703771256234e-01	5.717032083356267114e-01
3.649999999999999911e-01	2.510636040076091868e-01	5.717030964186594622e-01
3.699999999999999956e-01	2.505391039712036028e-01	5.717029824518691239e-01
3.750000000000000000e-01	2.500074703807467769e-01	5.717028664109858882e-01
3.800000000000000044e-01	2.494687033526749587e-01	5.717027482709998720e-01
3.850000000000000089e-01	2.489228030050668894e-01	5.717026280064150257e-01
3.900000000000000133e-01	2.483697694597340466e-01	5.717025055909658038e-01
3.950000000000000178e-01	2.478096028402220763e-01	5.717023809978692972e-01
4.000000000000000222e-01	2.472423032739519688e-01	5.717022541995419038e-01
4.050000000000000266e-01	2.466678708901763051e-01	5.717021251678483518e-01
4.099999999999999756e-01	2.460863058221746391e-01	5.717019938738199247e-01
4.149999999999999800e-01	2.454976082051620045e-01	5.717018602878992661e-01
4.199999999999999845e-01	2.449017781785415293e-01	5.717017243796603809e-01
4.249999999999999889e-01	2.442988158837627044e-01	5.717015861180495540e-01
4.299999999999999933e-01	2.436887214666343116e-01	5.717014454711071281e-01
4.349999999999999978e-01	2.430714950751297065e-01	5.717013024062029825e-01
4.400000000000000022e-01	2.424471368617637235e-01	5.717011568897613083e-01
4.450000000000000067e-01	2.418156469813419474e-01	5.717010088874905360e-01
4.500000000000000111e-01	2.411770255934052587e-01	5.717008583641107755e-01
4.550000000000000155e-01	2.405312728599199312e-01	5.717007052835771930e-01
4.600000000000000200e-01	2.398783889477938414e-01	5.717005496088116701e-01
4.649999999999999689e-01	2.392183740265044212e-01	5.717003913019184091e-01
4.699999999999999734e-01	2.385512282706900300e-01	5.717002303239194783e-01
4.749999999999999778e-01	2.378769518577127373e-01	5.717000666349631999e-01
4.799999999999999822e-01	2.371955449703294638e-01	5.716999001940634706e-01
4.849999999999999867e-01	2.365070077941854865e-01	5.716997309592994903e-01
4.899999999999999911e-01	2.358113405205703450e-01	5.716995588875608547e-01
4.949999999999999956e-01	2.351085433438382943e-01	5.716993839347368489e-01
5.000000000000000000e-01	2.343986164642536674e-01	5.716992060554672017e-01
5.050000000000000044e-01	2.336815600853344721e-01	5.716990252033209430e-01
5.100000000000000089e-01	2.329573744167925675e-01	5.716988413305539307e-01
5.150000000000000133e-01	2.322260596717959091e-01	5.716986543882748295e-01
5.200000000000000178e-01	2.314876160700093388e-01	5.716984643262107424e-01
5.250000000000000222e-01	2.307420438347708436e-01	5.716982710928593114e-01
5.300000000000000266e-01	2.299893431962391488e-01	5.716980746352633425e-01
5.350000000000000311e-01	2.292295143884790498e-01	5.716978748991471404e-01
5.400000000000000355e-01	2.284625576527225255e-01	5.716976718287013481e-01
5.450000000000000400e-01	2.276884732343575635e-01	5.716974653667016293e-01
5.500000000000000444e-01	2.269072613863100663e-01	5.716972554543057194e-01
5.550000000000000488e-01	2.261189223659307301e-01	5.716970420311523471e-01
5.600000000000000533e-01	2.253234564385050431e-01	5.716968250351706082e-01
5.649999999999999467e-01	2.245208638740324447e-01	5.716966044026579041e-01
5.699999999999999512e-01	2.237111449508725203e-01	5.716963800681046370e-01
5.749999999999999556e-01	2.228942999524099744e-01	5.716961519642462797e-01
5.799999999999999600e-01	2.220703291708460425e-01	5.716959200219058346e-01
5.849999999999999645e-01	2.212392329037421723e-01	5.716956841700189251e-01
5.899999999999999689e-01	2.204010114579663671e-01	5.716954443354944626e-01
5.949999999999999734e-01	2.195556651461079978e-01	5.716952004432095391e-01
5.999999999999999778e-01	2.187031942905896531e-01	5.716949524158918550e-01
6.049999999999999822e-01	2.178435992199450055e-01	5.716947001740803058e-01
6.099999999999999867e-01	2.169768802731071866e-01	5.716944436360308357e-01
6.149999999999999911e-01	2.161030377955413806e-01	5.716941827176400537e-01
6.199999999999999956e-01	2.152220721437219653e-01	5.716939173323783985e-01
6.250000000000000000e-01	2.143339836811103405e-01	5.716936473911701233e-01
6.300000000000000044e-01	2.134387727828338799e-01	5.716933728023574357e-01
6.350000000000000089e-01	2.125364398314994463e-01	5.716930934715332979e-01
6.400000000000000133e-01	2.116269852220884207e-01	5.716928093015398726e-01
6.450000000000000178e-01	2.107104093575949133e-01	5.716925201922484767e-01
6.500000000000000222e-01	2.097867126541524407e-01	5.716922260405957745e-01
6.550000000000000266e-01	2.088558955364855085e-01	5.716919267403050009e-01
6.600000000000000311e-01	2.079179584432849226e-01	5.716916221819656752e-01
6.650000000000000355e-01	2.069729018224598371e-01	5.716913122526884328e-01
6.700000000000000400e-01	2.060207261367803799e-01	5.716909968362331451e-01
6.750000000000000444e-01	2.050614318589169260e-01	5.716906758125896992e-01
6.800000000000000488e-01	2.040950194773698267e-01	5.716903490581610736e-01
6.850000000000000533e-01	2.031214894912812263e-01	5.716900164452607402e-01
6.899999999999999467e-01	2.021408424166743489e-01	5.716896778423579129e-01
6.949999999999999512e-01	2.011530787810216492e-01	5.716893331134809131e-01
6.999999999999999556e-01	2.001581991298178875e-01	5.716889821185320297e-01
7.049999999999999600e-01	1.991562040208874340e-01	5.716886247125870790e-01
7.099999999999999645e-01	1.981470940313176943e-01	5.716882607462874244e-01
7.149999999999999689e-01	1.971308697514865815e-01	5.716878900650229633e-01
7.199999999999999734e-01	1.961075317923854366e-01	5.716875125094107446e-01
7.249999999999999778e-01	1.950770807793466011e-01	5.716871279143478368e-01
7.299999999999999822e-01	1.940395173597876943e-01	5.716867361095878675e-01
7.349999999999999867e-01	1.929948421966167504e-01	5.716863369186458987e-01
7.399999999999999911e-01	1.919430559764336852e-01	5.716859301594860998e-01
7.449999999999999956e-01	1.908841594025884325e-01	5.716855156432609775e-01
7.500000000000000000e-01	1.898181532038785702e-01	5.716850931751236153e-01
7.550000000000000044e-01	1.887450381272340882e-01	5.716846625527801651e-01
7.600000000000000089e-01	1.876648149469544447e-01	5.716842235674425288e-01
7.650000000000000133e-01	1.865774844569904056e-01	5.716837760021702408e-01
7.700000000000000178e-01	1.854830474807689922e-01	5.716833196329829114e-01
7.750000000000000222e-01	1.843815048630404185e-01	5.716828542269634106e-01
7.800000000000000266e-01	1.832728574803438593e-01	5.716823795435501676e-01
7.850000000000000311e-01	1.821571062323845414e-01	5.716818953323717922e-01
7.900000000000000355e-01	1.810342520531997845e-01	5.716814013347423229e-01
7.950000000000000400e-01	1.799042959020274446e-01	5.716808972811920908e-01
8.000000000000000444e-01	1.787672387752386738e-01	5.716803828931924514e-01
8.050000000000000488e-01	1.776230816966550274e-01	5.716798578803419240e-01
8.100000000000000533e-01	1.764718257303215521e-01	5.716793219423527139e-01
8.149999999999999467e-01	1.753134719702261479e-01	5.716787747658440555e-01
8.199999999999999512e-01	1.741480215539957244e-01	5.716782160266260515e-01
8.249999999999999556e-01	1.729754756519655823e-01	5.716776453860472618e-01
8.299999999999999600e-01	1.717958354818921451e-01	5.716770624936162726e-01
8.349999999999999645e-01	1.706091022973145743e-01	5.716764669828406920e-01
8.399999999999999689e-01	1.694152774033888254e-01	5.716758584742338556e-01
8.449999999999999734e-01	1.682143621444778803e-01	5.716752365705739525e-01
8.499999999999999778e-01	1.670063579212250626e-01	5.716746008603496021e-01
8.549999999999999822e-01	1.657912661773024154e-01	5.716739509123558438e-01
8.599999999999999867e-01	1.645690884178564184e-01	5.716732862796404246e-01
8.649999999999999911e-01	1.633398261953357966e-01	5.716726064933413953e-01
8.699999999999999956e-01	1.621034811294613243e-01	5.716719110672068282e-01
8.750000000000000000e-01	1.608600548920451623e-01	5.716711994905591121e-01
8.800000000000000044e-01	1.596095492286565554e-01	5.716704712334745864e-01
8.850000000000000089e-01	1.583519659423349435e-01	5.716697257387421960e-01
8.900000000000000133e-01	1.570873069171475622e-01	5.716689624278012971e-01
8.950000000000000178e-01	1.558155741006866934e-01	5.716681806915410169e-01
9.000000000000000222e-01	1.545367695297431843e-01	5.716673798971098064e-01
9.050000000000000266e-01	1.532508953114651296e-01	5.716665593773750942e-01
9.100000000000000311e-01	1.519579536514044649e-01	5.716657184387397006e-01
9.150000000000000355e-01	1.506579468331984417e-01	5.716648563490468460e-01
9.200000000000000400e-01	1.493508772492853076e-01	5.716639723465619660e-01
9.250000000000000444e-01	1.480367473789533095e-01	5.716630656260706100e-01
9.300000000000000488e-01	1.467155598220664103e-01	5.716621353492120639e-01
9.350000000000000533e-01	1.453873172753055720e-01	5.716611806284699338e-01
9.399999999999999467e-01	1.440520225692996092e-01	5.716602005390772900e-01
9.449999999999999512e-01	1.427096786428604935e-01	5.716591941005427779e-01
9.499999999999999556e-01	1.413602885839788936e-01	5.716581602903906267e-01
9.549999999999999600e-01	1.400038556018285418e-01	5.716570980227925203e-01
9.599999999999999645e-01	1.386403830721624209e-01	5.716560061644536672e-01
9.649999999999999689e-01	1.372698745068312853e-01	5.716548835098398396e-01
9.699999999999999734e-01	1.358923336042079932e-01	5.716537287995798744e-01
9.749999999999999778e-01	1.345077642159296094e-01	5.716525406916690422e-01
9.799999999999999822e-01	1.331161704030885962e-01	5.716513177828350667e-01
9.849999999999999867e-01	1.317175563998669863e-01	5.716500585749697549e-01
9.899999999999999911e-01	1.303119266763663464e-01	5.716487614999949951e-01
9.949999999999999956e-01	1.288992858987552392e-01	5.716474248806127090e-01
1.000000000000000000e+00	1.274796389997729928e-01	5.716460469593199756e-01
1.004999999999999893e+00	1.260529911349562160e-01	5.716446258523675272e-01
1.010000000000000009e+00	1.246193477620499701e-01	5.716431595837104807e-01
1.015000000000000124e+00	1.231787145928148475e-01	5.716416460308115788e-01
1.020000000000000018e+00	1.217310976828240299e-01	5.716400829644894266e-01
1.024999999999999911e+00	1.202765033782765280e-01	5.716384679848822703e-01
1.030000000000000027e+00	1.188149384179610635e-01	5.716367985683727948e-01
1.035000000000000142e+00	1.173464098744141787e-01	5.716350719916223344e-01
1.040000000000000036e+00	1.158709252702072728e-01	5.716332853870229602e-01
1.044999999999999929e+00	1.143884925126843061e-01	5.716314356521953188e-01
1.050000000000000044e+00	1.128991200272007472e-01	5.716295195157655717e-01
1.055000000000000160e+00	1.114028166845553725e-01	5.716275334290478183e-01
1.060000000000000053e+00	1.098995919544034083e-01	5.716254736443875384e-01
1.064999999999999947e+00	1.083894558243552325e-01	5.716233360848835821e-01
1.070000000000000062e+00	1.068724189775405869e-01	5.716211164381055365e-01
1.075000000000000178e+00	1.053484927021842571e-01	5.716188099985745064e-01
1.080000000000000071e+00	1.038176890982621531e-01	5.716164117803985700e-01
1.084999999999999964e+00	1.022800209761714763e-01	5.716139163257342171e-01
1.090000000000000080e+00	1.007355020986666072e-01	5.716113178408417372e-01
1.095000000000000195e+00	9.918414706702077810e-02	5.716086099617575522e-01
1.100000000000000089e+00	9.762597160604906399e-02	5.716057859195310398e-01
1.104999999999999982e+00	9.606099243590486558e-02	5.716028382516649131e-01
1.110000000000000098e+00	9.448922761012594485e-02	5.715997590039602061e-01
1.115000000000000213e+00	9.291069637092608247e-02	5.715965393726569754e-01
1.120000000000000107e+00	9.132541955302020398e-02	5.715931699525459431e-01
1.125000000000000000e+00	8.973341941995817417e-02	5.715896402897686635e-01
1.129999999999999893e+00	8.813472015026813100e-02	5.715859391888656882e-01
1.134999999999999787e+00	8.652934765205241852e-02	5.715820541493020768e-01
1.139999999999999902e+00	8.491733015311089816e-02	5.715779717482282196e-01
1.145000000000000018e+00	8.329869799070252490e-02	5.715736769241213100e-01
1.149999999999999911e+00	8.167348433434000465e-02	5.715691534576976540e-01
1.154999999999999805e+00	8.004172494736856713e-02	5.715643830522939561e-01
1.159999999999999920e+00	7.840345908088641735e-02	5.715593459432756207e-01
1.165000000000000036e+00	7.675872920371065722e-02	5.715540197049155946e-01
1.169999999999999929e+00	7.510758211963086683e-02	5.715483800298135630e-01
1.174999999999999822e+00	7.345006866260245237e-02	5.715423991629196010e-01
1.179999999999999938e+00	7.178624510920976476e-02	5.715360469084820316e-01
1.185000000000000053e+00	7.011617283689673685e-02	5.715292885484783980e-01
1.189999999999999947e+00	6.843992013210255243e-02	5.715220861578833578e-01
1.194999999999999840e+00	6.675756181162735559e-02	5.715143957989186063e-01
1.199999999999999956e+00	6.506918156919054563e-02	5.715061692598240040e-01
1.205000000000000071e+00	6.337487156478442685e-02	5.714973502143843032e-01
1.209999999999999964e+00	6.167473551616350219e-02	5.714878765510995606e-01
1.214999999999999858e+00	5.996888827036057218e-02	5.714776750261215676e-01
1.219999999999999973e+00	5.825745994478086914e-02	5.714666644289758679e-01
1.225000000000000089e+00	5.654059551288850155e-02	5.714547479955944809e-01
1.229999999999999982e+00	5.481846045418746483e-02	5.714418177807845112e-01
1.234999999999999876e+00	5.309124041991630794e-02	5.714277436630575968e-01
1.239999999999999991e+00	5.135914910083341778e-02	5.714123794927132849e-01
1.245000000000000107e+00	4.962242810311168206e-02	5.713955467751451467e-01
1.250000000000000000e+00	4.788135815698234959e-02	5.713770434899243522e-01
1.254999999999999893e+00	4.613625945668230893e-02	5.713566192216521511e-01
1.260000000000000009e+00	4.438750804064485467e-02	5.713339880978473007e-01
1.265000000000000124e+00	4.263553709080501741e-02	5.713087897219569777e-01
1.270000000000000018e+00	4.088086156337868843e-02	5.712806086440287423e-01
1.274999999999999911e+00	3.912408142392329730e-02	5.712489108490633738e-01
1.280000000000000027e+00	3.736591988625857091e-02	5.712130739313663330e-01
1.285000000000000142e+00	3.560723054054203141e-02	5.711722797353239178e-01
1.290000000000000036e+00	3.384905886545821335e-02	5.711255627535962720e-01
1.294999999999999929e+00	3.209265725274940834e-02	5.710716204240758875e-01
1.300000000000000044e+00	3.033958788053596825e-02	5.710088940517200617e-01
1.305000000000000160e+00	2.859175397959192941e-02	5.709352164358451054e-01
1.310000000000000053e+00	2.685157905534821948e-02	5.708479544881671641e-01
1.314999999999999947e+00	2.512207192289813221e-02	5.707433177047775974e-01
1.320000000000000062e+00	2.340715119467526306e-02	5.706166281510106630e-01
1.325000000000000178e+00	2.171177974790920381e-02	5.704608839442631973e-01
1.330000000000000071e+00	2.004256626260201082e-02	5.702673267148365976e-01
1.334999999999999964e+00	1.840803005205528947e-02	5.700223090818624661e-01
1.340000000000000080e+00	1.681968431843081785e-02	5.697086888983118325e-01
1.345000000000000195e+00	1.529245136789965896e-02	5.692989263328922522e-01
1.350000000000000089e+00	1.384622020620394911e-02	5.687592663205354171e-01
1.354999999999999982e+00	1.250582408964475388e-02	5.680361671925633349e-01
1.360000000000000098e+00	1.130108366552839277e-02	5.670706081397418608e-01
1.365000000000000213e+00	1.026317512579073485e-02	5.657822031389455608e-01
1.370000000000000107e+00	9.416811941426430493e-03	5.641088502724269649e-01
1.375000000000000000e+00	8.771507069079219343e-03	5.620090124418325450e-01
1.379999999999999893e+00	8.312832687181881744e-03	5.594973954817187289e-01
1.384999999999999787e+00	8.008218979552908512e-03	5.566439193441915512e-01
1.389999999999999902e+00	7.816622018842178318e-03	5.535318344558657344e-01
1.395000000000000018e+00	7.700671823312389697e-03	5.502550081786872216e-01
1.399999999999999911e+00	7.632494827611583516e-03	5.468741816265881850e-01
1.404999999999999805e+00	7.592832854549882993e-03	5.434392406644608098e-01
1.409999999999999920e+00	7.570076756438675822e-03	5.399758971231197746e-01
1.415000000000000036e+00	7.556955550318466761e-03	5.365030450134641304e-01
1.419999999999999929e+00	7.549422932496144614e-03	5.330296437410073640e-01
1.424999999999999822e+00	7.545024394068592863e-03	5.295620417504045552e-01
1.429999999999999938e+00	7.542430896380803926e-03	5.261031663119950519e-01
1.435000000000000053e+00	7.540844471953341531e-03	5.226550684863652263e-01
1.439999999999999947e+00	7.539836961510382012e-03	5.192186866417911606e-01
1.444999999999999840e+00	7.539152157271514741e-03	5.157946768455418107e-01
1.449999999999999956e+00	7.538653011616756362e-03	5.123833399987869353e-01
1.455000000000000071e+00	7.538257611681501921e-03	5.089848872547717562e-01
1.459999999999999964e+00	7.537922191737013271e-03	5.055994171271364079e-01
1.464999999999999858e+00	7.537620605209204884e-03	5.022269997252694074e-01
1.469999999999999973e+00	7.537338889225374088e-03	4.988676695184671162e-01
1.475000000000000089e+00	7.537068703908425538e-03	4.955214519889575286e-01
1.479999999999999982e+00	7.536805596802512511e-03	4.921883613412189051e-01
1.484999999999999876e+00	7.536546908763485340e-03	4.888684089154197721e-01
1.489999999999999991e+00	7.536291220283578354e-03	4.855616024616779547e-01
1.495000000000000107e+00	7.536037683518068304e-03	4.822679487857530756e-01
1.500000000000000000e+00	7.535785845749013064e-03	4.789874535176750214e-01
1.504999999999999893e+00	7.535535436417216924e-03	4.757201219366684608e-01
1.510000000000000009e+00	7.535286310857083544e-03	4.724659588947056621e-01
1.515000000000000124e+00	7.535038382424832232e-03	4.692249690686345343e-01
1.520000000000000018e+00	7.534791604571154308e-03	4.659971569309828143e-01
1.524999999999999911e+00	7.534545949220062926e-03	4.627825268236133160e-01
1.530000000000000027e+00	7.534301401057298675e-03	4.595810829416156484e-01
1.535000000000000142e+00	7.534057950646394324e-03	4.563928293530184477e-01
1.540000000000000036e+00	7.533815592607909055e-03	4.532177699849141428e-01
1.544999999999999929e+00	7.533574323429676617e-03	4.500559086285335630e-01
1.550000000000000044e+00	7.533334140884789983e-03	4.469072489241525670e-01
1.555000000000000160e+00	7.533095043336610411e-03	4.437717943639275520e-01
1.560000000000000053e+00	7.532857029550922047e-03	4.406495482744801628e-01
1.564999999999999947e+00	7.532620098476846757e-03	4.375405138213995793e-01
1.570000000000000062e+00	7.532384249184298670e-03	4.344446939891505877e-01
1.575000000000000178e+00	7.532149480796463542e-03	4.313620915884713858e-01
1.580000000000000071e+00	7.531915792466999278e-03	4.282927092334863350e-01
1.584999999999999964e+00	7.531683183360857702e-03	4.252365493523805884e-01
1.590000000000000080e+00	7.531451652644018460e-03	4.221936141616796645e-01
1.595000000000000195e+00	7.531221199479822687e-03	4.191639056803129204e-01
1.600000000000000089e+00	7.530991823022576206e-03	4.161474257010495670e-01
1.604999999999999982e+00	7.530763522418957266e-03	4.131441758079730242e-01
1.610000000000000098e+00	7.530536296802742106e-03	4.101541573450772082e-01
1.615000000000000213e+00	7.530310145297960424e-03	4.071773714371454966e-01
1.620000000000000107e+00	7.530085067013871612e-03	4.042138189555141148e-01
1.625000000000000000e+00	7.529861061048811512e-03	4.012635005423371704e-01
1.629999999999999893e+00	7.529638126485144363e-03	3.983264165735304063e-01
1.634999999999999787e+00	7.529416262393461706e-03	3.954025671863992120e-01
1.639999999999999902e+00	7.529195467827418976e-03	3.924919522397772309e-01
1.645000000000000018e+00	7.528975741828185936e-03	3.895945713449897596e-01
1.649999999999999911e+00	7.528757083419137554e-03	3.867104238232070279e-01
1.654999999999999805e+00	7.528539491610518677e-03	3.838395087397120098e-01
1.659999999999999920e+00	7.528322965393981388e-03	3.809818248584888045e-01
1.665000000000000036e+00	7.528107503747452633e-03	3.781373706797644951e-01
1.669999999999999929e+00	7.527893105629519799e-03	3.753061443918558338e-01
1.674999999999999822e+00	7.527679769984483953e-03	3.724881439119475113e-01
1.679999999999999938e+00	7.527467495736605771e-03	3.696833668352266233e-01
1.685000000000000053e+00	7.527256281795343534e-03	3.668918104788593815e-01
1.689999999999999947e+00	7.527046127049443792e-03	3.641134718284423366e-01
1.694999999999999840e+00	7.526837030372372783e-03	3.613483475851353433e-01
1.699999999999999956e+00	7.526628990616261380e-03	3.585964341094640684e-01
1.705000000000000071e+00	7.526422006617510853e-03	3.558577274715665206e-01
1.709999999999999964e+00	7.526216077190599901e-03	3.531322233923798737e-01
1.714999999999999858e+00	7.526011201133865625e-03	3.504199172969563736e-01
1.719999999999999973e+00	7.525807377223172646e-03	3.477208042530707810e-01
1.725000000000000089e+00	7.525604604217865819e-03	3.450348790275590272e-01
1.729999999999999982e+00	7.525402880854300570e-03	3.423621360223864651e-01
1.734999999999999876e+00	7.525202205851973421e-03	3.397025693339583707e-01
1.739999999999999991e+00	7.525002577906902274e-03	3.370561726866894148e-01
1.745000000000000107e+00	7.524803995697938210e-03	3.344229394952378809e-01
1.750000000000000000e+00	7.524606457880010472e-03	3.318028627956176591e-01
1.754999999999999893e+00	7.524409963090593519e-03	3.291959353103033337e-01
1.760000000000000009e+00	7.524214509942829705e-03	3.266021493769296624e-01
1.765000000000000124e+00	7.524020097032161139e-03	3.240214970162136887e-01
1.770000000000000018e+00	7.523826722929308382e-03	3.214539698582878358e-01
1.774999999999999911e+00	7.523634386187074037e-03	3.188995592133825885e-01
1.780000000000000027e+00	7.523443085333193087e-03	3.163582559958416640e-01
1.785000000000000142e+00	7.523252818877287397e-03	3.138300507975092524e-01
1.790000000000000036e+00	7.523063585303593759e-03	3.113149338094750029e-01
1.794999999999999929e+00	7.522875383078070181e-03	3.088128948981072042e-01
1.800000000000000044e+00	7.522688210641005971e-03	3.063239235245790448e-01
1.805000000000000160e+00	7.522502066414270272e-03	3.038480088234885024e-01
1.810000000000000053e+00	7.522316948793810257e-03	3.013851395202168937e-01
1.814999999999999947e+00	7.522132856157037577e-03	2.989353040120751315e-01
1.820000000000000062e+00	7.521949786855215529e-03	2.964984902835466340e-01
1.825000000000000178e+00	7.521767739220985155e-03	2.940746859898998311e-01
1.830000000000000071e+00	7.521586711560641382e-03	2.916638783703687787e-01
1.834999999999999964e+00	7.521406702161791830e-03	2.892660543341679102e-01
1.840000000000000080e+00	7.521227709285530603e-03	2.868812003716664782e-01
1.845000000000000195e+00	7.521049731174226337e-03	2.845093026427436000e-01
1.850000000000000089e+00	7.520872766043585830e-03	2.821503468860095953e-01
1.854999999999999982e+00	7.520696812090579136e-03	2.798043185094374330e-01
1.860000000000000098e+00	7.520521867485395646e-03	2.774712024976889180e-01
1.865000000000000213e+00	7.520347930379495810e-03	2.751509835049575914e-01
1.870000000000000107e+00	7.520174998897469210e-03	2.728436457604560550e-01
1.875000000000000000e+00	7.520003071145203374e-03	2.705491731634040442e-01
1.879999999999999893e+00	7.519832145201651649e-03	2.682675491867363426e-01
1.884999999999999787e+00	7.519662219127109561e-03	2.659987569741703584e-01
1.889999999999999902e+00	7.519493290954904624e-03	2.637427792421906947e-01
1.895000000000000018e+00	7.519325358699773323e-03	2.614995983791319478e-01
1.899999999999999911e+00	7.519158420349465050e-03	2.592691963454978321e-01
1.904999999999999805e+00	7.518992473873230969e-03	2.570515547749918084e-01
1.909999999999999920e+00	7.518827517213339494e-03	2.548466548732307158e-01
1.915000000000000036e+00	7.518663548293670097e-03	2.526544775206566174e-01
1.919999999999999929e+00	7.518500565011150723e-03	2.504750031697038359e-01
1.924999999999999822e+00	7.518338565244444410e-03	2.483082119495231832e-01
1.929999999999999938e+00	7.518177546845315577e-03	2.461540835616638778e-01
1.935000000000000053e+00	7.518017507647408587e-03	2.440125973865434339e-01
1.939999999999999947e+00	7.517858445457542040e-03	2.418837323777024151e-01
1.944999999999999840e+00	7.517700358064574942e-03	2.397674671699528415e-01
1.949999999999999956e+00	7.517543243230637683e-03	2.376637799722660371e-01
1.955000000000000071e+00	7.517387098700077999e-03	2.355726486775320816e-01
1.959999999999999964e+00	7.517231922190628635e-03	2.334940507541411470e-01
1.964999999999999858e+00	7.517077711402433970e-03	2.314279633572853268e-01
1.969999999999999973e+00	7.516924464009160436e-03	2.293743632192931925e-01
1.975000000000000089e+00	7.516772177667093401e-03	2.273332267624081082e-01
1.979999999999999982e+00	7.516620850006193802e-03	2.253045299879354868e-01
1.984999999999999876e+00	7.516470478639267032e-03	2.232882485904291447e-01
1.989999999999999991e+00	7.516321061152964923e-03	2.212843578457116267e-01
1.995000000000000107e+00	7.516172595117025755e-03	2.192928327264017929e-01
2.000000000000000000e+00	7.516025078075222465e-03	2.173136477888681639e-01
2.004999999999999893e+00	7.515878507554664238e-03	2.153467772900291011e-01
2.009999999999999787e+00	7.515732881056706553e-03	2.133921950732995954e-01
2.014999999999999680e+00	7.515588196066306549e-03	2.114498746865981493e-01
2.020000000000000018e+00	7.515444450042892306e-03	2.095197892673455187e-01
2.024999999999999911e+00	7.515301640429769385e-03	2.076019116616118765e-01
2.029999999999999805e+00	7.515159764644958017e-03	2.056962143082264327e-01
2.035000000000000142e+00	7.515018820090645611e-03	2.038026693589974070e-01
2.040000000000000036e+00	7.514878804143991856e-03	2.019212485619940323e-01
2.044999999999999929e+00	7.514739714166623723e-03	2.000519233827723342e-01
2.049999999999999822e+00	7.514601547495413682e-03	1.981946648868866401e-01
2.054999999999999716e+00	7.514464301452017207e-03	1.963494438620572158e-01
2.060000000000000053e+00	7.514327973333620632e-03	1.945162306999687341e-01
2.064999999999999947e+00	7.514192560422513351e-03	1.926949955193154318e-01
2.069999999999999840e+00	7.514058059976821795e-03	1.908857080469436307e-01
2.075000000000000178e+00	7.513924469240109393e-03	1.890883377417084954e-01
2.080000000000000071e+00	7.513791785432088859e-03	1.873028536750208084e-01
2.084999999999999964e+00	7.513660005758252512e-03	1.855292246554499092e-01
2.089999999999999858e+00	7.513529127400575026e-03	1.837674191087298736e-01
2.094999999999999751e+00	7.513399147527160225e-03	1.820174052030472667e-01
2.100000000000000089e+00	7.513270063282932558e-03	1.802791507285627370e-01
2.104999999999999982e+00	7.513141871799312518e-03	1.785526232233199673e-01
2.109999999999999876e+00	7.513014570184891640e-03	1.768377898523382230e-01
2.115000000000000213e+00	7.512888155535125262e-03	1.751346175340802724e-01
2.120000000000000107e+00	7.512762624923007525e-03	1.734430728191722892e-01
2.125000000000000000e+00	7.512637975408772810e-03	1.717631220173681250e-01
2.129999999999999893e+00	7.512514204030568132e-03	1.700947310759499120e-01
2.134999999999999787e+00	7.512391307814166724e-03	1.684378657071297358e-01
2.140000000000000124e+00	7.512269283763643030e-03	1.667924912661840064e-01
2.145000000000000018e+00	7.512148128871088022e-03	1.651585728792320795e-01
2.149999999999999911e+00	7.512027840107286802e-03	1.635360753211580198e-01
2.155000000000000249e+00	7.511908414431445191e-03	1.619249631437052750e-01
2.160000000000000142e+00	7.511789848781868194e-03	1.603252005532405378e-01
2.165000000000000036e+00	7.511672140085679655e-03	1.587367515391052974e-01
2.169999999999999929e+00	7.511555285249525878e-03	1.571595797512711778e-01
2.174999999999999822e+00	7.511439281169278795e-03	1.555936486288930498e-01
2.180000000000000160e+00	7.511324124720755203e-03	1.540389212779064432e-01
2.185000000000000053e+00	7.511209812769415600e-03	1.524953605997243777e-01
2.189999999999999947e+00	7.511096342161097290e-03	1.509629291688273645e-01
2.195000000000000284e+00	7.510983709731700216e-03	1.494415893615474444e-01
2.200000000000000178e+00	7.510871912297941745e-03	1.479313032337009615e-01
2.205000000000000071e+00	7.510760946667026892e-03	1.464320326494044089e-01
2.209999999999999964e+00	7.510650809627425657e-03	1.449437391587974355e-01
2.214999999999999858e+00	7.510541497958523292e-03	1.434663841268372375e-01
2.220000000000000195e+00	7.510433008421425402e-03	1.419999286111590930e-01
2.225000000000000089e+00	7.510325337768585657e-03	1.405443334907963970e-01
2.229999999999999982e+00	7.510218482734638649e-03	1.390995593442249101e-01
2.235000000000000320e+00	7.510112440046001585e-03	1.376655665779549231e-01
2.240000000000000213e+00	7.510007206411743567e-03	1.362423153048075708e-01
2.245000000000000107e+00	7.509902778533148263e-03	1.348297654723266958e-01
2.250000000000000000e+00	7.509799153094630017e-03	1.334278767413307476e-01
2.254999999999999893e+00	7.509696326773256624e-03	1.320366086140958295e-01
2.259999999999999787e+00	7.509594296229702738e-03	1.306559203132264535e-01
2.264999999999999680e+00	7.509493058117743154e-03	1.292857709095599772e-01
2.270000000000000018e+00	7.509392609075240047e-03	1.279261192013997628e-01
2.274999999999999911e+00	7.509292945733602419e-03	1.265769238420928477e-01
2.279999999999999805e+00	7.509194064708813246e-03	1.252381432196671973e-01
2.285000000000000142e+00	7.509095962610849023e-03	1.239097355840347164e-01
2.290000000000000036e+00	7.508998636034749409e-03	1.225916589270751450e-01
2.294999999999999929e+00	7.508902081569996875e-03	1.212838711094173794e-01
2.299999999999999822e+00	7.508806295791637525e-03	1.199863297410095203e-01
2.304999999999999716e+00	7.508711275269600027e-03	1.186989923074343589e-01
2.310000000000000053e+00	7.508617016559878884e-03	1.174218160510044628e-01
2.314999999999999947e+00	7.508523516213803060e-03	1.161547580965675563e-01
2.319999999999999840e+00	7.508430770769263483e-03	1.148977753331646423e-01
2.325000000000000178e+00	7.508338776759937438e-03	1.136508245392820055e-01
2.330000000000000071e+00	7.508247530706568112e-03	1.124138622651111447e-01
2.334999999999999964e+00	7.508157029126132607e-03	1.111868449572036011e-01
2.339999999999999858e+00	7.508067268523183936e-03	1.099697288413687413e-01
2.344999999999999751e+00	7.507978245398953115e-03	1.087624700466927052e-01
2.350000000000000089e+00	7.507889956242755347e-03	1.075650244891074303e-01
2.354999999999999982e+00	7.507802397541035733e-03	1.063773479947340422e-01
2.359999999999999876e+00	7.507715565768828363e-03	1.051993961841581060e-01
2.365000000000000213e+00	7.507629457398746521e-03	1.040311245950577557e-01
2.370000000000000107e+00	7.507544068892501622e-03	1.028724885672194916e-01
2.375000000000000000e+00	7.507459396709830098e-03	1.017234433644126357e-01
2.379999999999999893e+00	7.507375437300079120e-03	1.005839440601777740e-01
2.384999999999999787e+00	7.507292187111064101e-03	9.945394565891174654e-02
2.390000000000000124e+00	7.507209642580721203e-03	9.833340298245957234e-02
2.395000000000000018e+00	7.507127800145898915e-03	9.722227079037454311e-02
2.399999999999999911e+00	7.507046656234079088e-03	9.612050366734356532e-02
2.405000000000000249e+00	7.506966207272093052e-03	9.502805614258798272e-02
2.410000000000000142e+00	7.506886449677918974e-03	9.394488257815279686e-02
2.415000000000000036e+00	7.506807379869321652e-03	9.287093728741356580e-02
2.419999999999999929e+00	7.506728994255723597e-03	9.180617442425739738e-02
2.424999999999999822e+00	7.506651289246767632e-03	9.075054810066558730e-02
2.430000000000000160e+00	7.506574261244269505e-03	8.970401227681239209e-02
2.435000000000000053e+00	7.506497906650692886e-03	8.866652087769212598e-02
2.439999999999999947e+00	7.506422221861181777e-03	8.763802768416269207e-02
2.445000000000000284e+00	7.506347203271962649e-03	8.661848644858655133e-02
2.450000000000000178e+00	7.506272847272447979e-03	8.560785078684488014e-02
2.455000000000000071e+00	7.506199150253557717e-03	8.460607429296332360e-02
2.459999999999999964e+00	7.506126108599901758e-03	8.361311043212013572e-02
2.464999999999999858e+00	7.506053718698023347e-03	8.262891265423008558e-02
2.470000000000000195e+00	7.505981976928657005e-03	8.165343428796975611e-02
2.475000000000000089e+00	7.505910879674891276e-03	8.068662865329241651e-02
2.479999999999999982e+00	7.505840423314507313e-03	7.972844895649283670e-02
2.485000000000000320e+00	7.505770604228052291e-03	7.877884840162734104e-02
2.490000000000000213e+00	7.505701418791268197e-03	7.783778008664049564e-02
2.495000000000000107e+00	7.505632863383071562e-03	7.690519711366473887e-02
2.500000000000000000e+00	7.505564934378069868e-03	7.598105248622871732e-02
2.504999999999999893e+00	7.505497628154453663e-03	7.506529921841482988e-02
2.509999999999999787e+00	7.505430941086594504e-03	7.415789023316748940e-02
2.514999999999999680e+00	7.505364869552849476e-03	7.325877847028616774e-02
2.520000000000000018e+00	7.505299409928248462e-03	7.236791678585202670e-02
2.524999999999999911e+00	7.505234558592201524e-03	7.148525805903538366e-02
2.529999999999999805e+00	7.505170311921277246e-03	7.061075509265811456e-02
2.535000000000000142e+00	7.505106666296820772e-03	6.974436071879448751e-02
2.540000000000000036e+00	7.505043618097811085e-03	6.888602770048715684e-02
2.544999999999999929e+00	7.504981163708396644e-03	6.803570883612165832e-02
2.549999999999999822e+00	7.504919299510836792e-03	6.719335686231066307e-02
2.554999999999999716e+00	7.504858021892938519e-03	6.635892455702499526e-02
2.560000000000000053e+00	7.504797327241097618e-03	6.553236464366045400e-02
2.564999999999999947e+00	7.504737211947636565e-03	6.471362989290818657e-02
2.569999999999999840e+00	7.504677672403928072e-03	6.390267302801776184e-02
2.575000000000000178e+00	7.504618705007647106e-03	6.309944682539045391e-02
2.580000000000000071e+00	7.504560306155986377e-03	6.230390402105184799e-02
2.584999999999999964e+00	7.504502472252802536e-03	6.151599740995298410e-02
2.589999999999999858e+00	7.504445199701926215e-03	6.073567975366371552e-02
2.594999999999999751e+00	7.504388484914221481e-03	5.996290387836814006e-02
2.600000000000000089e+00	7.504332324300973939e-03	5.919762258378961917e-02
2.604999999999999982e+00	7.504276714280856513e-03	5.843978873986721556e-02
2.609999999999999876e+00	7.504221651273415561e-03	5.768935519692259400e-02
2.615000000000000213e+00	7.504167131705930839e-03	5.694627488100510726e-02
2.620000000000000107e+00	7.504113152007000492e-03	5.621050070531027898e-02
2.625000000000000000e+00	7.504059708613296069e-03	5.548198566418204719e-02
2.629999999999999893e+00	7.504006797963246392e-03	5.476068274579090622e-02
2.634999999999999787e+00	7.503954416503691091e-03	5.404654502478357936e-02
2.640000000000000124e+00	7.503902560683656416e-03	5.333952557622814034e-02
2.645000000000000018e+00	7.503851226960909018e-03	5.263957756690219175e-02
2.649999999999999911e+00	7.503800411795829781e-03	5.194665417051100992e-02
2.655000000000000249e+00	7.503750111657862647e-03	5.126070865760590928e-02
2.660000000000000142e+00	7.503700323019482123e-03	5.058169431208234951e-02
2.665000000000000036e+00	7.503651042362546701e-03	4.990956451971963886e-02
2.669999999999999929e+00	7.503602266172356566e-03	4.924427268596448526e-02
2.674999999999999822e+00	7.503553990943906404e-03	4.858577232308664701e-02
2.680000000000000160e+00	7.503506213176037651e-03	4.793401696925074507e-02
2.685000000000000053e+00	7.503458929377593289e-03	4.728896027428256682e-02
2.689999999999999947e+00	7.503412136061658570e-03	4.665055592003303914e-02
2.695000000000000284e+00	7.503365829751618664e-03	4.601875770474993244e-02
2.700000000000000178e+00	7.503320006975495657e-03	4.539351946473733218e-02
2.705000000000000071e+00	7.503274664271901255e-03	4.477479515732835785e-02
2.709999999999999964e+00	7.503229798184466587e-03	4.416253878384193005e-02
2.714999999999999858e+00	7.503185405267698629e-03	4.355670447115384675e-02
2.720000000000000195e+00	7.503141482081504554e-03	4.295724639595194932e-02
2.725000000000000089e+00	7.503098025196939733e-03	4.236411886490344669e-02
2.729999999999999982e+00	7.503055031190832697e-03	4.177727624020860508e-02
2.735000000000000320e+00	7.503012496651429927e-03	4.119667301836291151e-02
2.740000000000000213e+00	7.502970418173116225e-03	4.062226375700996733e-02
2.745000000000000107e+00	7.502928792361955417e-03	4.005400315229672853e-02
2.750000000000000000e+00	7.502887615830508734e-03	3.949184596702483979e-02
2.754999999999999893e+00	7.502846885203268840e-03	3.893574710659995775e-02
2.759999999999999787e+00	7.502806597111576214e-03	3.838566154847920797e-02
2.764999999999999680e+00	7.502766748198953436e-03	3.784154441671559732e-02
2.770000000000000018e+00	7.502727335116109175e-03	3.730335091269976200e-02
2.774999999999999911e+00	7.502688354526178792e-03	3.677103638830048205e-02
2.779999999999999805e+00	7.502649803099817674e-03	3.624455627789821555e-02
2.785000000000000142e+00	7.502611677520337752e-03	3.572386617012401205e-02
2.790000000000000036e+00	7.502573974478902313e-03	3.520892174118164103e-02
2.794999999999999929e+00	7.502536690679555836e-03	3.469967882518755486e-02
2.799999999999999822e+00	7.502499822834513346e-03	3.419609334877746210e-02
2.804999999999999716e+00	7.502463367669092234e-03	3.369812140005145479e-02
2.810000000000000053e+00	7.502427321917088353e-03	3.320571916446019706e-02
2.814999999999999947e+00	7.502391682325614160e-03	3.271884299235958832e-02
2.819999999999999840e+00	7.502356445650564150e-03	3.223744933617157110e-02
2.825000000000000178e+00	7.502321608661353253e-03	3.176149481655256984e-02
2.830000000000000071e+00	7.502287168136475941e-03	3.129093616082396362e-02
2.834999999999999964e+00	7.502253120868142278e-03	3.082573026776017425e-02
2.839999999999999858e+00	7.502219463657928966e-03	3.036583414728152158e-02
2.844999999999999751e+00	7.502186193321321722e-03	2.991120498386881654e-02
2.850000000000000089e+00	7.502153306683452191e-03	2.946180007751196539e-02
2.854999999999999982e+00	7.502120800583539709e-03	2.901757690575736473e-02
2.859999999999999876e+00	7.502088671870727095e-03	2.857849306590537833e-02
2.865000000000000213e+00	7.502056917408415730e-03	2.814450633569767421e-02
2.870000000000000107e+00	7.502025534070196761e-03	2.771557461675608347e-02
2.875000000000000000e+00	7.501994518744087292e-03	2.729165599391768920e-02
2.879999999999999893e+00	7.501963868328550937e-03	2.687270867990656717e-02
2.884999999999999787e+00	7.501933579736638595e-03	2.645869107332548056e-02
2.890000000000000124e+00	7.501903649892091401e-03	2.604956170455161729e-02
2.895000000000000018e+00	7.501874075733397373e-03	2.564527929239410892e-02
2.899999999999999911e+00	7.501844854209970687e-03	2.524580269120465376e-02
2.905000000000000249e+00	7.501815982286118983e-03	2.485109094620962383e-02
2.910000000000000142e+00	7.501787456937311985e-03	2.446110324182680651e-02
2.915000000000000036e+00	7.501759275154045586e-03	2.407579895568226491e-02
2.919999999999999929e+00	7.501731433938207613e-03	2.369513760812238731e-02
2.924999999999999822e+00	7.501703930306838700e-03	2.331907891492658244e-02
2.930000000000000160e+00	7.501676761288590851e-03	2.294758273800441561e-02
2.935000000000000053e+00	7.501649923927392917e-03	2.258060913681451606e-02
2.939999999999999947e+00	7.501623415278994150e-03	2.221811832023624575e-02
2.945000000000000284e+00	7.501597232414536874e-03	2.186007069670631298e-02
2.950000000000000178e+00	7.501571372417180708e-03	2.150642682725411106e-02
2.955000000000000071e+00	7.501545832385593700e-03	2.115714747436744925e-02
2.959999999999999964e+00	7.501520609430653748e-03	2.081219355618002531e-02
2.964999999999999858e+00	7.501495700678846926e-03	2.047152619407886440e-02
2.970000000000000195e+00	7.501471103269054773e-03	2.013510666803185883e-02
2.975000000000000089e+00	7.501446814355863281e-03	1.980289646294954714e-02
2.979999999999999982e+00	7.501422831106430850e-03	1.947485722514090065e-02
2.985000000000000320e+00	7.501399150703709669e-03	1.915095080744174880e-02
2.990000000000000213e+00	7.501375770343394339e-03	1.883113922678692626e-02
2.995000000000000107e+00	7.501352687237053049e-03	1.851538470811890658e-02
3.000000000000000000e+00	7.501329898609156860e-03	1.820364964306289690e-02
3.004999999999999893e+00	7.501307401700128483e-03	1.789589663262971739e-02
3.009999999999999787e+00	7.501285193763447025e-03	1.759208844698107593e-02
3.014999999999999680e+00	7.501263272068610898e-03	1.729218806694006808e-02
3.020000000000000018e+00	7.501241633898319758e-03	1.699615864483397867e-02
3.024999999999999911e+00	7.501220276551353282e-03	1.670396354482674151e-02
3.029999999999999805e+00	7.501199197339834639e-03	1.641556630482522358e-02
3.035000000000000142e+00	7.501178393592020793e-03	1.613093067564832367e-02
3.040000000000000036e+00	7.501157862649640573e-03	1.585002058398367331e-02
3.044999999999999929e+00	7.501137601870606908e-03	1.557280017040759898e-02
3.049999999999999822e+00	7.501117608626426021e-03	1.529923375337835165e-02
3.054999999999999716e+00	7.501097880304835076e-03	1.502928586612245661e-02
3.060000000000000053e+00	7.501078414307275552e-03	1.476292122165006118e-02
3.064999999999999947e+00	7.501059208051453694e-03	1.450010474852289795e-02
3.069999999999999840e+00	7.501040258968896292e-03	1.424080155687767330e-02
3.075000000000000178e+00	7.501021564507418318e-03	1.398497697309097898e-02
3.080000000000000071e+00	7.501003122128755904e-03	1.373259650679658529e-02
3.084999999999999964e+00	7.500984929310959386e-03	1.348362588446278335e-02
3.089999999999999858e+00	7.500966983546092197e-03	1.323803101738902678e-02
3.094999999999999751e+00	7.500949282342551060e-03	1.299577803421173190e-02
3.100000000000000089e+00	7.500931823222829926e-03	1.275683324986539094e-02
3.104999999999999982e+00	7.500914603725766447e-03	1.252116319703316070e-02
3.109999999999999876e+00	7.500897621404377900e-03	1.228873459605740216e-02
3.115000000000000213e+00	7.500880873828030468e-03	1.205951438535110554e-02
3.120000000000000107e+00	7.500864358580338481e-03	1.183346969224343889e-02
3.125000000000000000e+00	7.500848073261266909e-03	1.161056786236791538e-02
3.129999999999999893e+00	7.500832015485095657e-03	1.139077643142796283e-02
3.134999999999999787e+00	7.500816182882444859e-03	1.117406315357867552e-02
3.140000000000000124e+00	7.500800573098312038e-03	1.096039597409697620e-02
3.145000000000000018e+00	7.500785183794022801e-03	1.074974305677356412e-02
3.149999999999999911e+00	7.500770012645326980e-03	1.054207275747256686e-02
3.155000000000000249e+00	7.500755057344289482e-03	1.033735365055032419e-02
3.160000000000000142e+00	7.500740315597445411e-03	1.013555450328935612e-02
3.165000000000000036e+00	7.500725785127617187e-03	9.936644301360628845e-03
3.169999999999999929e+00	7.500711463672139930e-03	9.740592224116592646e-03
3.174999999999999822e+00	7.500697348984606584e-03	9.547367669113937180e-03
3.180000000000000160e+00	7.500683438833153152e-03	9.356940228250057098e-03
3.185000000000000053e+00	7.500669731002142238e-03	9.169279711363623186e-03
3.189999999999999947e+00	7.500656223290502918e-03	8.984356123198842387e-03
3.195000000000000284e+00	7.500642913513353577e-03	8.802139686100508495e-03
3.200000000000000178e+00	7.500629799500399889e-03	8.622600817791287175e-03
3.205000000000000071e+00	7.500616879097489129e-03	8.445710153177960269e-03
3.209999999999999964e+00	7.500604150165072342e-03	8.271438522926085127e-03
3.214999999999999858e+00	7.500591610579691870e-03	8.099756974394869968e-03
3.220000000000000195e+00	7.500579258232501628e-03	7.930636750993716455e-03
3.225000000000000089e+00	7.500567091030693051e-03	7.764049312262612766e-03
3.229999999999999982e+00	7.500555106896070016e-03	7.599966313995183687e-03
3.235000000000000320e+00	7.500543303766417542e-03	7.438359627481816796e-03
3.240000000000000213e+00	7.500531679594124417e-03	7.279201320383740272e-03
3.245000000000000107e+00	7.500520232347501585e-03	7.122463675155826096e-03
3.250000000000000000e+00	7.500508960009452490e-03	6.968119170656422202e-03
3.254999999999999893e+00	7.500497860578733342e-03	6.816140499767042032e-03
3.259999999999999787e+00	7.500486932068681570e-03	6.666500551722478150e-03
3.264999999999999680e+00	7.500476172508412781e-03	6.519172428944319461e-03
3.270000000000000018e+00	7.500465579941598647e-03	6.374129430076108487e-03
3.274999999999999911e+00	7.500455152427618760e-03	6.231345066047741174e-03
3.279999999999999805e+00	7.500444888040381022e-03	6.090793043800417882e-03
3.285000000000000142e+00	7.500434784869417122e-03	5.952447281598613818e-03
3.290000000000000036e+00	7.500424841018759302e-03	5.816281893430053432e-03
3.294999999999999929e+00	7.500415054607980324e-03	5.682271203582147691e-03
3.299999999999999822e+00	7.500405423771112738e-03	5.550389731701331660e-03
3.304999999999999716e+00	7.500395946657642011e-03	5.420612206651247329e-03
3.310000000000000053e+00	7.500386621431472632e-03	5.292913552216402598e-03
3.314999999999999947e+00	7.500377446271867463e-03	5.167268900258543962e-03
3.319999999999999840e+00	7.500368419372465886e-03	5.043653577050073895e-03
3.325000000000000178e+00	7.500359538942168516e-03	4.922043115745035162e-03
3.330000000000000071e+00	7.500350803204197843e-03	4.802413243327391390e-03
3.334999999999999964e+00	7.500342210396940441e-03	4.684739892413420335e-03
3.339999999999999858e+00	7.500333758773048386e-03	4.568999188799980661e-03
3.344999999999999751e+00	7.500325446600234619e-03	4.455167462614630092e-03
3.350000000000000089e+00	7.500317272160417735e-03	4.343221236449345754e-03
3.354999999999999982e+00	7.500309233750470511e-03	4.233137235874847963e-03
3.359999999999999876e+00	7.500301329681403721e-03	4.124892378145154741e-03
3.365000000000000213e+00	7.500293558279077372e-03	4.018463782092171303e-03
3.370000000000000107e+00	7.500285917883417475e-03	3.913828757386935558e-03
3.375000000000000000e+00	7.500278406849085651e-03	3.810964813830526425e-03
3.379999999999999893e+00	7.500271023544737535e-03	3.709849651157513199e-03
3.384999999999999787e+00	7.500263766353649011e-03	3.610461167739339918e-03
3.390000000000000124e+00	7.500256633673011049e-03	3.512777450915813282e-03
3.395000000000000018e+00	7.500249623914517771e-03	3.416776785126771597e-03
3.399999999999999911e+00	7.500242735503695989e-03	3.322437642757603352e-03
3.405000000000000249e+00	7.500235966880453367e-03	3.229738691714807621e-03
3.410000000000000142e+00	7.500229316498447860e-03	3.138658786771756585e-03
3.415000000000000036e+00	7.500222782825589907e-03	3.049176976603769004e-03
3.419999999999999929e+00	7.500216364343456101e-03	2.961272495620263616e-03
3.424999999999999822e+00	7.500210059547746284e-03	2.874924770474676303e-03
3.430000000000000160e+00	7.500203866947734513e-03	2.790113412369644389e-03
3.435000000000000053e+00	7.500197785066687987e-03	2.706818223056824037e-03
3.439999999999999947e+00	7.500191812441352711e-03	2.625019187601641390e-03
3.445000000000000284e+00	7.500185947622337729e-03	2.544696479888153458e-03
3.450000000000000178e+00	7.500180189173631141e-03	2.465830455830196957e-03
3.455000000000000071e+00	7.500174535672951386e-03	2.388401658395975825e-03
3.459999999999999964e+00	7.500168985711288400e-03	2.312390811252491504e-03
3.464999999999999858e+00	7.500163537893232354e-03	2.237778823324806498e-03
3.470000000000000195e+00	7.500158190836540839e-03	2.164546782860703612e-03
3.475000000000000089e+00	7.500152943172428560e-03	2.092675961539088372e-03
3.479999999999999982e+00	7.500147793545170957e-03	2.022147808942215477e-03
3.485000000000000320e+00	7.500142740612362677e-03	1.952943956227398215e-03
3.490000000000000213e+00	7.500137783044546341e-03	1.885046210994354180e-03
3.495000000000000107e+00	7.500132919525443267e-03	1.818436560534354056e-03
3.500000000000000000e+00	7.500128148751608256e-03	1.753097167080258168e-03
3.504999999999999893e+00	7.500123469432631688e-03	1.689010370647027297e-03
3.509999999999999787e+00	7.500118880290821202e-03	1.626158684652249335e-03
3.514999999999999680e+00	7.500114380061376033e-03	1.564524798361816840e-03
3.520000000000000018e+00	7.500109967492092980e-03	1.504091572868835637e-03
3.524999999999999911e+00	7.500105641343512118e-03	1.444842043157877447e-03
3.529999999999999805e+00	7.500101400388653125e-03	1.386759414430623494e-03
3.535000000000000142e+00	7.500097243413131505e-03	1.329827063802017711e-03
3.540000000000000036e+00	7.500093169214915728e-03	1.274028536960911681e-03
3.544999999999999929e+00	7.500089176604422640e-03	1.219347549511242681e-03
3.549999999999999822e+00	7.500085264404298888e-03	1.165767983956240116e-03
3.554999999999999716e+00	7.500081431449485969e-03	1.113273890697506980e-03
3.560000000000000053e+00	7.500077676587028550e-03	1.061849485331521842e-03
3.564999999999999947e+00	7.500073998676114358e-03	1.011479149319282657e-03
3.569999999999999840e+00	7.500070396587906786e-03	9.621474275841058197e-04
3.575000000000000178e+00	7.500066869205558769e-03	9.138390288642742011e-04
3.580000000000000071e+00	7.500063415424068798e-03	8.665388236012251189e-04
3.584999999999999964e+00	7.500060034150270519e-03	8.202318439874456196e-04
3.589999999999999858e+00	7.500056724302708692e-03	7.749032821344607226e-04
3.594999999999999751e+00	7.500053484811613179e-03	7.305384898280089688e-04
3.600000000000000089e+00	7.500050314618786178e-03	6.871229769652224513e-04
3.604999999999999982e+00	7.500047212677564065e-03	6.446424110288792933e-04
3.609999999999999876e+00	7.500044177952718515e-03	6.030826157836561728e-04
3.615000000000000213e+00	7.500041209420398383e-03	5.624295704809470194e-04
3.620000000000000107e+00	7.500038306068051649e-03	5.226694088040899919e-04
3.625000000000000000e+00	7.500035466894349086e-03	4.837884178151941419e-04
3.629999999999999893e+00	7.500032690909120940e-03	4.457730371394439208e-04
3.634999999999999787e+00	7.500029977133260660e-03	4.086098576650579964e-04
3.640000000000000124e+00	7.500027324598685860e-03	3.722856209568985619e-04
3.645000000000000018e+00	7.500024732348220362e-03	3.367872177205289558e-04
3.649999999999999911e+00	7.500022199435569040e-03	3.021016874357515926e-04
3.655000000000000249e+00	7.500019724925187717e-03	2.682162165952943207e-04
3.660000000000000142e+00	7.500017307892271022e-03	2.351181385490656471e-04
3.665000000000000036e+00	7.500014947422608408e-03	2.027949315280463331e-04
3.669999999999999929e+00	7.500012642612583283e-03	1.712342186901119796e-04
3.674999999999999822e+00	7.500010392569016020e-03	1.404237659392105824e-04
3.680000000000000160e+00	7.500008196409183037e-03	1.103514821639724999e-04
3.685000000000000053e+00	7.500006053260635519e-03	8.100541686219404328e-05
3.689999999999999947e+00	7.500003962261234981e-03	5.237376056358829327e-05
3.695000000000000284e+00	7.500001922558966784e-03	2.444484226947353891e-05
3.700000000000000178e+00	7.499999933311978298e-03	-2.792869949010482583e-06
3.705000000000000071e+00	7.499997993688381145e-03	-2.935077168651148704e-05
3.709999999999999964e+00	7.499996102866308446e-03	-5.524012143786531746e-05
3.714999999999999858e+00	7.499994260033698845e-03	-8.047204349972992556e-05
3.720000000000000195e+00	7.499992464388364165e-03	-1.050575270457424783e-04
3.725000000000000089e+00	7.499990715137767362e-03	-1.290074291850543781e-04
3.729999999999999982e+00	7.499989011499101459e-03	-1.523324738861102075e-04
3.735000000000000320e+00	7.499987352699050147e-03	-1.750432551831877022e-04
3.740000000000000213e+00	7.499985737973881468e-03	-1.971502359564177020e-04
3.745000000000000107e+00	7.499984166569200611e-03	-2.186637512777762265e-04
3.750000000000000000e+00	7.499982637740047059e-03	-2.395940070549155813e-04
3.754999999999999893e+00	7.499981150750644789e-03	-2.599510835080417006e-04
3.759999999999999787e+00	7.499979704874506353e-03	-2.797449336848210921e-04
3.764999999999999680e+00	7.499978299394169205e-03	-2.989853870599121005e-04
3.770000000000000018e+00	7.499976933601317126e-03	-3.176821479281967224e-04
3.774999999999999911e+00	7.499975606796503540e-03	-3.358447991190344727e-04
3.779999999999999805e+00	7.499974318289280746e-03	-3.534828002745091648e-04
3.785000000000000142e+00	7.499973067397919767e-03	-3.706054916706271515e-04
3.790000000000000036e+00	7.499971853449539580e-03	-3.872220923874189502e-04
3.794999999999999929e+00	7.499970675779826963e-03	-4.033417042295448906e-04
3.799999999999999822e+00	7.499969533733171802e-03	-4.189733097947601591e-04
3.804999999999999716e+00	7.499968426662379124e-03	-4.341257764864898472e-04
3.810000000000000053e+00	7.499967353928810483e-03	-4.488078544870643992e-04
3.814999999999999947e+00	7.499966314902090786e-03	-4.630281808551483342e-04
3.819999999999999840e+00	7.499965308960255747e-03	-4.767952774098780733e-04
3.825000000000000178e+00	7.499964335489454383e-03	-4.901175549062804140e-04
3.830000000000000071e+00	7.499963393884105135e-03	-5.030033108363160185e-04
3.834999999999999964e+00	7.499962483546584492e-03	-5.154607336754434520e-04
3.839999999999999858e+00	7.499961603887393517e-03	-5.274979006063688133e-04
3.844999999999999751e+00	7.499960754324848204e-03	-5.391227818303568091e-04
3.850000000000000089e+00	7.499959934285241672e-03	-5.503432382193419433e-04
3.854999999999999982e+00	7.499959143202531917e-03	-5.611670256855416953e-04
3.859999999999999876e+00	7.499958380518516148e-03	-5.716017927674894904e-04
3.865000000000000213e+00	7.499957645682504663e-03	-5.816550850517882443e-04
3.870000000000000107e+00	7.499956938151507331e-03	-5.913343426983073406e-04
3.875000000000000000e+00	7.499956257389901390e-03	-6.006469049082569780e-04
3.879999999999999893e+00	7.499955602869617932e-03	-6.096000073936207273e-04
3.884999999999999787e+00	7.499954974069816642e-03	-6.182007868858645835e-04
3.890000000000000124e+00	7.499954370477067943e-03	-6.264562785545093812e-04
3.895000000000000018e+00	7.499953791585023399e-03	-6.343734205508112225e-04
3.899999999999999911e+00	7.499953236894610874e-03	-6.419590513805015219e-04
3.905000000000000249e+00	7.499952705913692785e-03	-6.492199144771029079e-04
3.910000000000000142e+00	7.499952198157269073e-03	-6.561626555332590333e-04
3.915000000000000036e+00	7.499951713147139792e-03	-6.627938270986088488e-04
3.919999999999999929e+00	7.499951250412094199e-03	-6.691198858742631889e-04
3.924999999999999822e+00	7.499950809487586356e-03	-6.751471973301503404e-04
3.930000000000000160e+00	7.499950389915924220e-03	-6.808820329669678642e-04
3.935000000000000053e+00	7.499949991245939175e-03	-6.863305749482771084e-04
3.939999999999999947e+00	7.499949613033182923e-03	-6.914989133340053483e-04
3.945000000000000284e+00	7.499949254839590081e-03	-6.963930507226916838e-04
3.950000000000000178e+00	7.499948916233681144e-03	-7.010188994606134961e-04
3.955000000000000071e+00	7.499948596790225082e-03	-7.053822862896839659e-04
3.959999999999999964e+00	7.499948296090444035e-03	-7.094889495360722550e-04
3.964999999999999858e+00	7.499948013721671573e-03	-7.133445437594697217e-04
3.970000000000000195e+00	7.499947749277560867e-03	-7.169546369249194971e-04
3.975000000000000089e+00	7.499947502357746411e-03	-7.203247150493307781e-04
3.979999999999999982e+00	7.499947272568047857e-03	-7.234601793601000029e-04
3.985000000000000320e+00	7.499947059520136079e-03	-7.263663509349844050e-04
3.990000000000000213e+00	7.499946862831738739e-03	-7.290484678509404331e-04
3.995000000000000107e+00	7.499946682126302014e-03	-7.315116898135165394e-04
4.000000000000000000e+00	7.499946517033197896e-03	-7.337610952991783630e-04
4.004999999999999893e+00	7.499946367187390259e-03	-7.358016861707071792e-04
4.009999999999999787e+00	7.499946232229643024e-03	-7.376383848161701274e-04
4.014999999999999680e+00	7.499946111806183625e-03	-7.392760387467333348e-04
4.019999999999999574e+00	7.499946005568910307e-03	-7.407194177353546970e-04
4.025000000000000355e+00	7.499945913175061658e-03	-7.419732183938327957e-04
4.030000000000000249e+00	7.499945834287423049e-03	-7.430420613140704305e-04
4.035000000000000142e+00	7.499945768573993560e-03	-7.439304956210708369e-04
4.040000000000000036e+00	7.499945715708198485e-03	-7.446429961195571772e-04
4.044999999999999929e+00	7.499945675368551064e-03	-7.451839678199529337e-04
4.049999999999999822e+00	7.499945647238867585e-03	-7.455577430930720919e-04
4.054999999999999716e+00	7.499945631007936056e-03	-7.457685861662914553e-04
4.059999999999999609e+00	7.499945626369723499e-03	-7.458206902886615293e-04
4.064999999999999503e+00	7.499945633023051561e-03	-7.457181821945341226e-04
4.070000000000000284e+00	7.499945650671799476e-03	-7.454651192815826095e-04
4.075000000000000178e+00	7.499945679024581403e-03	-7.450654940392161625e-04
4.080000000000000071e+00	7.499945717794953733e-03	-7.445232312419010345e-04
4.084999999999999964e+00	7.499945766701095022e-03	-7.438421923399474471e-04
4.089999999999999858e+00	7.499945825466004627e-03	-7.430261726701396178e-04
4.094999999999999751e+00	7.499945893817191317e-03	-7.420789058066194549e-04
4.099999999999999645e+00	7.499945971486869298e-03	-7.410040607909946023e-04
4.105000000000000426e+00	7.499946058211649433e-03	-7.398052464410374536e-04
4.110000000000000320e+00	7.499946153732735266e-03	-7.384860086022720016e-04
4.115000000000000213e+00	7.499946257795616841e-03	-7.370498344124501965e-04
4.120000000000000107e+00	7.499946370150263261e-03	-7.355001495763313982e-04
4.125000000000000000e+00	7.499946490550820841e-03	-7.338403225840632290e-04
4.129999999999999893e+00	7.499946618755805663e-03	-7.320736620109998070e-04
4.134999999999999787e+00	7.499946754527800873e-03	-7.302034206880401914e-04
4.139999999999999680e+00	7.499946897633654429e-03	-7.282327930281014012e-04
4.144999999999999574e+00	7.499947047844173799e-03	-7.261649191468685970e-04
4.150000000000000355e+00	7.499947204934321980e-03	-7.240028822174093262e-04
4.155000000000000249e+00	7.499947368682918260e-03	-7.217497125395988750e-04
4.160000000000000142e+00	7.499947538872834239e-03	-7.194083849245108252e-04
4.165000000000000036e+00	7.499947715290692860e-03	-7.169818227110008862e-04
4.169999999999999929e+00	7.499947897727063557e-03	-7.144728951810776609e-04
4.174999999999999822e+00	7.499948085976171699e-03	-7.118844215224190506e-04
4.179999999999999716e+00	7.499948279836080728e-03	-7.092191682760553900e-04
4.185000000000000497e+00	7.499948479108412870e-03	-7.064798532433851086e-04
4.190000000000000391e+00	7.499948683598530418e-03	-7.036691429673690374e-04
4.195000000000000284e+00	7.499948893115252965e-03	-7.007896565829636187e-04
4.200000000000000178e+00	7.499949107471042160e-03	-6.978439633329164412e-04
4.205000000000000071e+00	7.499949326481723279e-03	-6.948345863604742491e-04
4.209999999999999964e+00	7.499949549966661300e-03	-6.917640002608326823e-04
4.214999999999999858e+00	7.499949777748493758e-03	-6.886346348151622769e-04
4.219999999999999751e+00	7.499950009653303350e-03	-6.854488725786015649e-04
4.224999999999999645e+00	7.499950245510350784e-03	-6.822090525547248136e-04
4.230000000000000426e+00	7.499950485152247388e-03	-6.789174678210169699e-04
4.235000000000000320e+00	7.499950728414691431e-03	-6.755763691429013569e-04
4.240000000000000213e+00	7.499950975136637256e-03	-6.721879626373950152e-04
4.245000000000000107e+00	7.499951225160042881e-03	-6.687544133261101283e-04
4.250000000000000000e+00	7.499951478330027857e-03	-6.652778428378546645e-04
4.254999999999999893e+00	7.499951734494625204e-03	-6.617603328998826343e-04
4.259999999999999787e+00	7.499951993504942738e-03	-6.582039230801028061e-04
4.264999999999999680e+00	7.499952255214916742e-03	-6.546106142160159616e-04
4.269999999999999574e+00	7.499952519481468960e-03	-6.509823661971353686e-04
4.275000000000000355e+00	7.499952786164264598e-03	-6.473211013311023273e-04
4.280000000000000249e+00	7.499953055125870190e-03	-6.436287021667915463e-04
4.285000000000000142e+00	7.499953326231510731e-03	-6.399070147973680810e-04
4.290000000000000036e+00	7.499953599349229276e-03	-6.361578467244523132e-04
4.294999999999999929e+00	7.499953874349647547e-03	-6.323829700976432927e-04
4.299999999999999822e+00	7.499954151106119453e-03	-6.285841196203087325e-04
4.304999999999999716e+00	7.499954429494499510e-03	-6.247629957252945950e-04
4.309999999999999609e+00	7.499954709393293756e-03	-6.209212625225653997e-04
4.314999999999999503e+00	7.499954990683431640e-03	-6.170605509110015010e-04
4.320000000000000284e+00	7.499955273248410000e-03	-6.131824565681706250e-04
4.325000000000000178e+00	7.499955556974077960e-03	-6.092885429980699407e-04
4.330000000000000071e+00	7.499955841748770502e-03	-6.053803395632206211e-04
4.334999999999999964e+00	7.499956127463102036e-03	-6.014593444682791393e-04
4.339999999999999858e+00	7.499956414010096502e-03	-5.975270228346759227e-04
4.344999999999999751e+00	7.499956701284981805e-03	-5.935848096200907779e-04
4.349999999999999645e+00	7.499956989185323393e-03	-5.896341077357022085e-04
4.355000000000000426e+00	7.499957277610817818e-03	-5.856762909015767338e-04
4.360000000000000320e+00	7.499957566463422848e-03	-5.817127018066818502e-04
4.365000000000000213e+00	7.499957855647161435e-03	-5.777446549003095906e-04
4.370000000000000107e+00	7.499958145068245756e-03	-5.737734345947069796e-04
4.375000000000000000e+00	7.499958434634883785e-03	-5.698002979926817179e-04
4.379999999999999893e+00	7.499958724257398991e-03	-5.658264731330292421e-04
4.384999999999999787e+00	7.499959013848046460e-03	-5.618531616545773813e-04
4.389999999999999680e+00	7.499959303321131719e-03	-5.578815370841725806e-04
4.394999999999999574e+00	7.499959592592820787e-03	-5.539127474373667110e-04
4.400000000000000355e+00	7.499959881581263338e-03	-5.499479135488639014e-04
4.405000000000000249e+00	7.499960170206410558e-03	-5.459881316103666659e-04
4.410000000000000142e+00	7.499960458390126164e-03	-5.420344715433207151e-04
4.415000000000000036e+00	7.499960746056014670e-03	-5.380879794739650696e-04
4.419999999999999929e+00	7.499961033129528068e-03	-5.341496761483401556e-04
4.424999999999999822e+00	7.499961319537801034e-03	-5.302205593451718262e-04
4.429999999999999716e+00	7.499961605209752406e-03	-5.263016023326340343e-04
4.435000000000000497e+00	7.499961890075917785e-03	-5.223937562194962136e-04
4.440000000000000391e+00	7.499962174068562290e-03	-5.184979484535591054e-04
4.445000000000000284e+00	7.499962457121509690e-03	-5.146150851115194541e-04
4.450000000000000178e+00	7.499962739170250824e-03	-5.107460494387132876e-04
4.455000000000000071e+00	7.499963020151778799e-03	-5.068917040781417997e-04
4.459999999999999964e+00	7.499963300004693946e-03	-5.030528896512233847e-04
4.464999999999999858e+00	7.499963578669048558e-03	-4.992304269266558412e-04
4.469999999999999751e+00	7.499963856086440568e-03	-4.954251154417329628e-04
4.474999999999999645e+00	7.499964132199866962e-03	-4.916377356116091247e-04
4.480000000000000426e+00	7.499964406953815721e-03	-4.878690473908151091e-04
4.485000000000000320e+00	7.499964680294119238e-03	-4.841197923235315771e-04
4.490000000000000213e+00	7.499964952168048857e-03	-4.803906922449035707e-04
4.495000000000000107e+00	7.499965222524169160e-03	-4.766824512730016340e-04
4.500000000000000000e+00	7.499965491312429906e-03	-4.729957545493785253e-04
4.504999999999999893e+00	7.499965758484024650e-03	-4.693312701734395792e-04
4.509999999999999787e+00	7.499966023991480948e-03	-4.656896479818024175e-04
4.514999999999999680e+00	7.499966287788518982e-03	-4.620715214257549376e-04
4.519999999999999574e+00	7.499966549830146094e-03	-4.584775063889205910e-04
4.525000000000000355e+00	7.499966810072516282e-03	-4.549082030086171484e-04
4.530000000000000249e+00	7.499967068473016932e-03	-4.513641945312034799e-04
4.535000000000000142e+00	7.499967324990140446e-03	-4.478460490780529360e-04
4.540000000000000036e+00	7.499967579583562312e-03	-4.443543185380890753e-04
4.544999999999999929e+00	7.499967832214017929e-03	-4.408895402792039979e-04
4.549999999999999822e+00	7.499968082843385016e-03	-4.374522360773667605e-04
4.554999999999999716e+00	7.499968331434554367e-03	-4.340429137742972659e-04
4.559999999999999609e+00	7.499968577951510521e-03	-4.306620662425291531e-04
4.564999999999999503e+00	7.499968822359215533e-03	-4.273101729901928355e-04
4.570000000000000284e+00	7.499969064623676629e-03	-4.239876991614355251e-04
4.575000000000000178e+00	7.499969304711840389e-03	-4.206950970891375208e-04
4.580000000000000071e+00	7.499969542591654326e-03	-4.174328053300078913e-04
4.584999999999999964e+00	7.499969778231968878e-03	-4.142012501661711450e-04
4.589999999999999858e+00	7.499970011602591184e-03	-4.110008446742464700e-04
4.594999999999999751e+00	7.499970242674191406e-03	-4.078319901766925301e-04
4.599999999999999645e+00	7.499970471418362580e-03	-4.046950753442267348e-04
4.605000000000000426e+00	7.499970697807518266e-03	-4.015904775978238199e-04
4.610000000000000320e+00	7.499970921814956733e-03	-3.985185622436878544e-04
4.615000000000000213e+00	7.499971143414762946e-03	-3.954796838269729244e-04
4.620000000000000107e+00	7.499971362581866682e-03	-3.924741852985495858e-04
4.625000000000000000e+00	7.499971579291950588e-03	-3.895023993212908355e-04
4.629999999999999893e+00	7.499971793521506558e-03	-3.865646474680266157e-04
4.634999999999999787e+00	7.499972005247744662e-03	-3.836612414813602291e-04
4.639999999999999680e+00	7.499972214448647791e-03	-3.807924825019039054e-04
4.644999999999999574e+00	7.499972421102887518e-03	-3.779586622826657362e-04
4.650000000000000355e+00	7.499972625189870075e-03	-3.751600624468758830e-04
4.655000000000000249e+00	7.499972826689659151e-03	-3.723969556579391667e-04
4.660000000000000142e+00	7.499973025583027073e-03	-3.696696049060413142e-04
4.665000000000000036e+00	7.499973221851367194e-03	-3.669782646346235770e-04
4.669999999999999929e+00	7.499973415476746813e-03	-3.643231800548971003e-04
4.674999999999999822e+00	7.499973606441829102e-03	-3.617045882299864401e-04
4.679999999999999716e+00	7.499973794729922552e-03	-3.591227174165621599e-04
4.685000000000000497e+00	7.499973980324898572e-03	-3.565777881075677704e-04
4.690000000000000391e+00	7.499974163211245264e-03	-3.540700124001772966e-04
4.695000000000000284e+00	7.499974343373991097e-03	-3.515995949982401504e-04
4.700000000000000178e+00	7.499974520798744805e-03	-3.491667326056086484e-04
4.705000000000000071e+00	7.499974695471632070e-03	-3.467716148892684125e-04
4.709999999999999964e+00	7.499974867379336288e-03	-3.444144238973526301e-04
4.714999999999999858e+00	7.499975036509026576e-03	-3.420953349841765164e-04
4.719999999999999751e+00	7.499975202848403744e-03	-3.398145162517587047e-04
4.724999999999999645e+00	7.499975366385634376e-03	-3.375721294376705017e-04
4.730000000000000426e+00	7.499975527109387259e-03	-3.353683293795150957e-04
4.735000000000000320e+00	7.499975685008773534e-03	-3.332032648668042311e-04
4.740000000000000213e+00	7.499975840073385726e-03	-3.310770781272188209e-04
4.745000000000000107e+00	7.499975992293232696e-03	-3.289899056436059160e-04
4.750000000000000000e+00	7.499976141658782139e-03	-3.269418776611759665e-04
4.754999999999999893e+00	7.499976288160898133e-03	-3.249331189707159971e-04
4.759999999999999787e+00	7.499976431790877571e-03	-3.229637484358530109e-04
4.764999999999999680e+00	7.499976572540398984e-03	-3.210338797435533160e-04
4.769999999999999574e+00	7.499976710401549430e-03	-3.191436209504501607e-04
4.775000000000000355e+00	7.499976845366774190e-03	-3.172930752018480170e-04
4.780000000000000249e+00	7.499976977428913193e-03	-3.154823402961129701e-04
4.785000000000000142e+00	7.499977106581143770e-03	-3.137115093732919646e-04
4.790000000000000036e+00	7.499977232817012750e-03	-3.119806704966913763e-04
4.794999999999999929e+00	7.499977356130393957e-03	-3.102899073122265946e-04
4.799999999999999822e+00	7.499977476515509896e-03	-3.086392986461352576e-04
4.804999999999999716e+00	7.499977593966891849e-03	-3.070289191361670134e-04
4.809999999999999609e+00	7.499977708479404169e-03	-3.054588388445179784e-04
4.814999999999999503e+00	7.499977820048202640e-03	-3.039291238620830623e-04
4.820000000000000284e+00	7.499977928668759633e-03	-3.024398359355722236e-04
4.825000000000000178e+00	7.499978034336821607e-03	-3.009910330459774860e-04
4.830000000000000071e+00	7.499978137048440331e-03	-2.995827690488187737e-04
4.834999999999999964e+00	7.499978236799925181e-03	-2.982150942279669583e-04
4.839999999999999858e+00	7.499978333587873497e-03	-2.968880549480479368e-04
4.844999999999999751e+00	7.499978427409129816e-03	-2.956016941848625787e-04
4.849999999999999645e+00	7.499978518260813631e-03	-2.943560511888173030e-04
4.855000000000000426e+00	7.499978606140276019e-03	-2.931511619931005327e-04
4.860000000000000320e+00	7.499978691045130000e-03	-2.919870590871603030e-04
4.865000000000000213e+00	7.499978772973210639e-03	-2.908637719038819421e-04
4.870000000000000107e+00	7.499978851922599332e-03	-2.897813265020242790e-04
4.875000000000000000e+00	7.499978927891592581e-03	-2.887397460334768990e-04
4.879999999999999893e+00	7.499979000878720208e-03	-2.877390504336286995e-04
4.884999999999999787e+00	7.499979070882714996e-03	-2.867792568700013164e-04
4.889999999999999680e+00	7.499979137902533510e-03	-2.858603794394037022e-04
4.894999999999999574e+00	7.499979201937328338e-03	-2.849824295991300088e-04
4.900000000000000355e+00	7.499979262986462836e-03	-2.841454158698611420e-04
4.905000000000000249e+00	7.499979321049486843e-03	-2.833493442506593513e-04
4.910000000000000142e+00	7.499979376126158365e-03	-2.825942179264277700e-04
4.915000000000000036e+00	7.499979428216408013e-03	-2.818800376679766800e-04
4.919999999999999929e+00	7.499979477320366759e-03	-2.812068015429231168e-04
4.924999999999999822e+00	7.499979523438334711e-03	-2.805745053020251172e-04
4.929999999999999716e+00	7.499979566570801927e-03	-2.799831420924143110e-04
4.935000000000000497e+00	7.499979606718422398e-03	-2.794327028315063497e-04
4.940000000000000391e+00	7.499979643882033128e-03	-2.789231759213675740e-04
4.945000000000000284e+00	7.499979678062631584e-03	-2.784545476114154970e-04
4.950000000000000178e+00	7.499979709261389571e-03	-2.780268017127765804e-04
4.955000000000000071e+00	7.499979737479635020e-03	-2.776399199510460485e-04
4.959999999999999964e+00	7.499979762718866731e-03	-2.772938816794682203e-04
4.964999999999999858e+00	7.499979784980735295e-03	-2.769886642230450944e-04
4.969999999999999751e+00	7.499979804267056967e-03	-2.767242425893460200e-04
4.974999999999999645e+00	7.499979820579798055e-03	-2.765005898052369840e-04
4.980000000000000426e+00	7.499979833921085332e-03	-2.763176766240458453e-04
4.985000000000000320e+00	7.499979844293193885e-03	-2.761754718563076390e-04
4.990000000000000213e+00	7.499979851698557534e-03	-2.760739420720360470e-04
4.995000000000000107e+00	7.499979856139754944e-03	-2.760130519267232582e-04
5.000000000000000000e+00	7.499979857619522641e-03	-2.759927638575594764e-04
