# coordinate_x	h	p	@time=961.29
0.000000000000000000e+00	2.699765250833219277e-01	5.715666151358461677e-01
5.000000000000000104e-03	2.699729573836395224e-01	5.715666150593066153e-01
1.000000000000000021e-02	2.699622542857605945e-01	5.715666148296474347e-01
1.499999999999999944e-02	2.699444157909431929e-01	5.715666144468247722e-01
2.000000000000000042e-02	2.699194419022437619e-01	5.715666139107323795e-01
2.500000000000000139e-02	2.698873326231667202e-01	5.715666132212483541e-01
2.999999999999999889e-02	2.698480879589738035e-01	5.715666123781893981e-01
3.500000000000000333e-02	2.698017079153691156e-01	5.715666113813571148e-01
4.000000000000000083e-02	2.697481924998179070e-01	5.715666102304916008e-01
4.499999999999999833e-02	2.696875417202307945e-01	5.715666089253170767e-01
5.000000000000000278e-02	2.696197555862859807e-01	5.715666074654961459e-01
5.500000000000000028e-02	2.695448341081118082e-01	5.715666058506757574e-01
5.999999999999999778e-02	2.694627772976129210e-01	5.715666040804403547e-01
6.500000000000000222e-02	2.693735851671497650e-01	5.715666021543581721e-01
7.000000000000000666e-02	2.692772577308699677e-01	5.715666000719350492e-01
7.500000000000001110e-02	2.691737950033840643e-01	5.715665978326595065e-01
8.000000000000000167e-02	2.690631970011023721e-01	5.715665954359575585e-01
8.499999999999999223e-02	2.689454637409064430e-01	5.715665928812372343e-01
8.999999999999999667e-02	2.688205952414924327e-01	5.715665901678430583e-01
9.500000000000000111e-02	2.686885915220373899e-01	5.715665872951014581e-01
1.000000000000000056e-01	2.685494526035497875e-01	5.715665842622740245e-01
1.050000000000000100e-01	2.684031785075298715e-01	5.715665810686039183e-01
1.100000000000000006e-01	2.682497692573282411e-01	5.715665777132684644e-01
1.149999999999999911e-01	2.680892248767995367e-01	5.715665741954257806e-01
1.199999999999999956e-01	2.679215453916700684e-01	5.715665705141671493e-01
1.250000000000000000e-01	2.677467308281837322e-01	5.715665666685635360e-01
1.300000000000000044e-01	2.675647812144792415e-01	5.715665626576182934e-01
1.350000000000000089e-01	2.673756965792281060e-01	5.715665584803132360e-01
1.400000000000000133e-01	2.671794769530224101e-01	5.715665541355614554e-01
1.450000000000000178e-01	2.669761223670035766e-01	5.715665496222533948e-01
1.499999999999999944e-01	2.667656328542614141e-01	5.715665449392093311e-01
1.549999999999999989e-01	2.665480084484532219e-01	5.715665400852257827e-01
1.600000000000000033e-01	2.663232491852152162e-01	5.715665350590275473e-01
1.650000000000000078e-01	2.660913551007705324e-01	5.715665298593145538e-01
1.700000000000000122e-01	2.658523262333544190e-01	5.715665244847133453e-01
1.749999999999999889e-01	2.656061626218101934e-01	5.715665189338240415e-01
1.799999999999999933e-01	2.653528643070289794e-01	5.715665132051714892e-01
1.849999999999999978e-01	2.650924313305327851e-01	5.715665072972530014e-01
1.900000000000000022e-01	2.648248637359299495e-01	5.715665012084887309e-01
1.950000000000000067e-01	2.645501615674843432e-01	5.715664949372691872e-01
2.000000000000000111e-01	2.642683248715871902e-01	5.715664884819059433e-01
2.050000000000000155e-01	2.639793536953120578e-01	5.715664818406791525e-01
2.099999999999999922e-01	2.636832480879041096e-01	5.715664750117879223e-01
2.149999999999999967e-01	2.633800080993190518e-01	5.715664679933978309e-01
2.200000000000000011e-01	2.630696337817314823e-01	5.715664607835910793e-01
2.250000000000000056e-01	2.627521251880573505e-01	5.715664533804142300e-01
2.300000000000000100e-01	2.624274823734818463e-01	5.715664457818280253e-01
2.349999999999999867e-01	2.620957053939641512e-01	5.715664379857553490e-01
2.399999999999999911e-01	2.617567943077866444e-01	5.715664299900303780e-01
2.449999999999999956e-01	2.614107491740403910e-01	5.715664217924469881e-01
2.500000000000000000e-01	2.610575700541973854e-01	5.715664133907076838e-01
2.550000000000000044e-01	2.606972570105756670e-01	5.715664047824718930e-01
2.600000000000000089e-01	2.603298101079349336e-01	5.715663959653044524e-01
2.650000000000000133e-01	2.599552294119211737e-01	5.715663869367243466e-01
2.700000000000000178e-01	2.595735149906869821e-01	5.715663776941529717e-01
2.750000000000000222e-01	2.591846669133135439e-01	5.715663682349624297e-01
2.800000000000000266e-01	2.587886852514579283e-01	5.715663585564235705e-01
2.850000000000000311e-01	2.583855700777511477e-01	5.715663486557551742e-01
2.899999999999999800e-01	2.579753214674735950e-01	5.715663385300706612e-01
2.949999999999999845e-01	2.575579394969278457e-01	5.715663281764277182e-01
2.999999999999999889e-01	2.571334242451438490e-01	5.715663175917748973e-01
3.049999999999999933e-01	2.567017757922252508e-01	5.715663067730010205e-01
3.099999999999999978e-01	2.562629942210861156e-01	5.715662957168817782e-01
3.150000000000000022e-01	2.558170796157686611e-01	5.715662844201283566e-01
3.200000000000000067e-01	2.553640320632137306e-01	5.715662728793347025e-01
3.250000000000000111e-01	2.549038516515487740e-01	5.715662610910259289e-01
3.300000000000000155e-01	2.544365384718930145e-01	5.715662490516046912e-01
3.350000000000000200e-01	2.539620926166146209e-01	5.715662367574002589e-01
3.400000000000000244e-01	2.534805141811726226e-01	5.715662242046136710e-01
3.449999999999999734e-01	2.529918032623411639e-01	5.715662113893681395e-01
3.499999999999999778e-01	2.524959599600903881e-01	5.715661983076528729e-01
3.549999999999999822e-01	2.519929843757762189e-01	5.715661849553732576e-01
3.599999999999999867e-01	2.514828766140621008e-01	5.715661713282952361e-01
3.649999999999999911e-01	2.509656367810723654e-01	5.715661574220944896e-01
3.699999999999999956e-01	2.504412649863574369e-01	5.715661432323011493e-01
3.750000000000000000e-01	2.499097613410085350e-01	5.715661287543487568e-01
3.800000000000000044e-01	2.493711259596688434e-01	5.715661139835181981e-01
3.850000000000000089e-01	2.488253589586074677e-01	5.715660989149867754e-01
3.900000000000000133e-01	2.482724604577792038e-01	5.715660835437719189e-01
3.950000000000000178e-01	2.477124305788554748e-01	5.715660678647799253e-01
4.000000000000000222e-01	2.471452694473353640e-01	5.715660518727497807e-01
4.050000000000000266e-01	2.465709771905314762e-01	5.715660355623007893e-01
4.099999999999999756e-01	2.459895539397344844e-01	5.715660189278766179e-01
4.149999999999999800e-01	2.454009998281520832e-01	5.715660019637927025e-01
4.199999999999999845e-01	2.448053149931302408e-01	5.715659846641795161e-01
4.249999999999999889e-01	2.442024995740419424e-01	5.715659670230303080e-01
4.299999999999999933e-01	2.435925537145688102e-01	5.715659490341435944e-01
4.349999999999999978e-01	2.429754775605369732e-01	5.715659306911702320e-01
4.400000000000000022e-01	2.423512712622623022e-01	5.715659119875562411e-01
4.450000000000000067e-01	2.417199349723306856e-01	5.715658929165889912e-01
4.500000000000000111e-01	2.410814688480103218e-01	5.715658734713396916e-01
4.550000000000000155e-01	2.404358730489735974e-01	5.715658536447091320e-01
4.600000000000000200e-01	2.397831477397801558e-01	5.715658334293700626e-01
4.649999999999999689e-01	2.391232930875372142e-01	5.715658128178119357e-01
4.699999999999999734e-01	2.384563092644574334e-01	5.715657918022831741e-01
4.749999999999999778e-01	2.377821964454543691e-01	5.715657703748351359e-01
4.799999999999999822e-01	2.371009548107796405e-01	5.715657485272641614e-01
4.849999999999999867e-01	2.364125845435497142e-01	5.715657262511545378e-01
4.899999999999999911e-01	2.357170858324670049e-01	5.715657035378204354e-01
4.949999999999999956e-01	2.350144588692743008e-01	5.715656803783478734e-01
5.000000000000000000e-01	2.343047038515649882e-01	5.715656567635369889e-01
5.050000000000000044e-01	2.335878209801605376e-01	5.715656326839410051e-01
5.100000000000000089e-01	2.328638104620155136e-01	5.715656081298107205e-01
5.150000000000000133e-01	2.321326725075140984e-01	5.715655830911308133e-01
5.200000000000000178e-01	2.313944073334749663e-01	5.715655575575645519e-01
5.250000000000000222e-01	2.306490151603624306e-01	5.715655315184876573e-01
5.300000000000000266e-01	2.298964962153976777e-01	5.715655049629351225e-01
5.350000000000000311e-01	2.291368507296794310e-01	5.715654778796314117e-01
5.400000000000000355e-01	2.283700789414079002e-01	5.715654502569377238e-01
5.450000000000000400e-01	2.275961810929097995e-01	5.715654220828803034e-01
5.500000000000000444e-01	2.268151574339823950e-01	5.715653933450989266e-01
5.550000000000000488e-01	2.260270082188169660e-01	5.715653640308707706e-01
5.600000000000000533e-01	2.252317337094705274e-01	5.715653341270608978e-01
5.649999999999999467e-01	2.244293341726819602e-01	5.715653036201424619e-01
5.699999999999999512e-01	2.236198098834794312e-01	5.715652724961489684e-01
5.749999999999999556e-01	2.228031611218828367e-01	5.715652407406892621e-01
5.799999999999999600e-01	2.219793881766558563e-01	5.715652083389024529e-01
5.849999999999999645e-01	2.211484913418876319e-01	5.715651752754680182e-01
5.899999999999999689e-01	2.203104709208989764e-01	5.715651415345630593e-01
5.949999999999999734e-01	2.194653272226960439e-01	5.715651070998655214e-01
5.999999999999999778e-01	2.186130605660412118e-01	5.715650719545164460e-01
6.049999999999999822e-01	2.177536712757704440e-01	5.715650360811150854e-01
6.099999999999999867e-01	2.168871596870398377e-01	5.715649994616845975e-01
6.149999999999999911e-01	2.160135261414986574e-01	5.715649620776602768e-01
6.199999999999999956e-01	2.151327709917236486e-01	5.715649239098594681e-01
6.250000000000000000e-01	2.142448945972380836e-01	5.715648849384600272e-01
6.300000000000000044e-01	2.133498973291471923e-01	5.715648451429760080e-01
6.350000000000000089e-01	2.124477795659933943e-01	5.715648045022259094e-01
6.400000000000000133e-01	2.115385416986070855e-01	5.715647629943145791e-01
6.450000000000000178e-01	2.106221841257874539e-01	5.715647205965890265e-01
6.500000000000000222e-01	2.096987072593838874e-01	5.715646772856276536e-01
6.550000000000000266e-01	2.087681115197909110e-01	5.715646330371831896e-01
6.600000000000000311e-01	2.078303973412773953e-01	5.715645878261798041e-01
6.650000000000000355e-01	2.068855651672829588e-01	5.715645416266403878e-01
6.700000000000000400e-01	2.059336154560132415e-01	5.715644944116937687e-01
6.750000000000000444e-01	2.049745486755244483e-01	5.715644461534842291e-01
6.800000000000000488e-01	2.040083653096049776e-01	5.715643968231894911e-01
6.850000000000000533e-01	2.030350658526331453e-01	5.715643463909112487e-01
6.899999999999999467e-01	2.020546508157674837e-01	5.715642948257050326e-01
6.949999999999999512e-01	2.010671207215617151e-01	5.715642420954483161e-01
6.999999999999999556e-01	2.000724761104877014e-01	5.715641881668851454e-01
7.049999999999999600e-01	1.990707175352905978e-01	5.715641330054682667e-01
7.099999999999999645e-01	1.980618455678709866e-01	5.715640765754208541e-01
7.149999999999999689e-01	1.970458607933613104e-01	5.715640188395493260e-01
7.199999999999999734e-01	1.960227638173963616e-01	5.715639597593233923e-01
7.249999999999999778e-01	1.949925552598907319e-01	5.715638992946572294e-01
7.299999999999999822e-01	1.939552357627294665e-01	5.715638374040099556e-01
7.349999999999999867e-01	1.929108059832243260e-01	5.715637740441298353e-01
7.399999999999999911e-01	1.918592666022602977e-01	5.715637091701795125e-01
7.449999999999999956e-01	1.908006183174059400e-01	5.715636427354371385e-01
7.500000000000000000e-01	1.897348618515548313e-01	5.715635746914505821e-01
7.550000000000000044e-01	1.886619979456637397e-01	5.715635049876891527e-01
7.600000000000000089e-01	1.875820273679321137e-01	5.715634335717305614e-01
7.650000000000000133e-01	1.864949509061386568e-01	5.715633603888574665e-01
7.700000000000000178e-01	1.854007693774071264e-01	5.715632853822809611e-01
7.750000000000000222e-01	1.842994836201094500e-01	5.715632084926739465e-01
7.800000000000000266e-01	1.831910945042709571e-01	5.715631296584372523e-01
7.850000000000000311e-01	1.820756029230048145e-01	5.715630488151606237e-01
7.900000000000000355e-01	1.809530098036161438e-01	5.715629658959373582e-01
7.950000000000000400e-01	1.798233160985292511e-01	5.715628808307425812e-01
8.000000000000000444e-01	1.786865227971569103e-01	5.715627935468035048e-01
8.050000000000000488e-01	1.775426309162773664e-01	5.715627039678825572e-01
8.100000000000000533e-01	1.763916415127428916e-01	5.715626120147129230e-01
8.149999999999999467e-01	1.752335556732603772e-01	5.715625176041712052e-01
8.199999999999999512e-01	1.740683745280212080e-01	5.715624206497875726e-01
8.249999999999999556e-01	1.728960992398334284e-01	5.715623210607922999e-01
8.299999999999999600e-01	1.717167310187666385e-01	5.715622187427125134e-01
8.349999999999999645e-01	1.705302711105781133e-01	5.715621135962717370e-01
8.399999999999999689e-01	1.693367208124770262e-01	5.715620055180870018e-01
8.449999999999999734e-01	1.681360814607811283e-01	5.715618943994000833e-01
8.499999999999999778e-01	1.669283544479183978e-01	5.715617801268890741e-01
8.549999999999999822e-01	1.657135412092436144e-01	5.715616625812048879e-01
8.599999999999999867e-01	1.644916432414107732e-01	5.715615416379160596e-01
8.649999999999999911e-01	1.632626620882706714e-01	5.715614171658196518e-01
8.699999999999999956e-01	1.620265993607658828e-01	5.715612890280401537e-01
8.750000000000000000e-01	1.607834567218217603e-01	5.715611570800773755e-01
8.800000000000000044e-01	1.595332359079353612e-01	5.715610211710856481e-01
8.850000000000000089e-01	1.582759387129621664e-01	5.715608811416150736e-01
8.900000000000000133e-01	1.570115670115955486e-01	5.715607368251014453e-01
8.950000000000000178e-01	1.557401227419391576e-01	5.715605880452478971e-01
9.000000000000000222e-01	1.544616079311010304e-01	5.715604346177604045e-01
9.050000000000000266e-01	1.531760246764292399e-01	5.715602763473108805e-01
9.100000000000000311e-01	1.518833751734775805e-01	5.715601130295585586e-01
9.150000000000000355e-01	1.505836616957662022e-01	5.715599444476214819e-01
9.200000000000000400e-01	1.492768866254147730e-01	5.715597703744332847e-01
9.250000000000000444e-01	1.479630524312728901e-01	5.715595905686358114e-01
9.300000000000000488e-01	1.466421617025623902e-01	5.715594047773313591e-01
9.350000000000000533e-01	1.453142171252014003e-01	5.715592127312900672e-01
9.399999999999999467e-01	1.439792215188516744e-01	5.715590141481692310e-01
9.449999999999999512e-01	1.426371778112384414e-01	5.715588087269095618e-01
9.499999999999999556e-01	1.412880890790619293e-01	5.715585961515058377e-01
9.549999999999999600e-01	1.399319585200884120e-01	5.715583760844389349e-01
9.599999999999999645e-01	1.385687894984624080e-01	5.715581481711007328e-01
9.649999999999999689e-01	1.371985855143138255e-01	5.715579120320770645e-01
9.699999999999999734e-01	1.358213502540993323e-01	5.715576672683486681e-01
9.749999999999999778e-01	1.344370875574345259e-01	5.715574134522011240e-01
9.799999999999999822e-01	1.330458014732040783e-01	5.715571501333506221e-01
9.849999999999999867e-01	1.316474962232876411e-01	5.715568768282034418e-01
9.899999999999999911e-01	1.302421762653116488e-01	5.715565930270912753e-01
9.949999999999999956e-01	1.288298462528897625e-01	5.715562981815380805e-01
1.000000000000000000e+00	1.274105111060530870e-01	5.715559917128286704e-01
1.004999999999999893e+00	1.259841759675707495e-01	5.715556729968632732e-01
1.010000000000000009e+00	1.245508462822935841e-01	5.715553413743325040e-01
1.015000000000000124e+00	1.231105277490563144e-01	5.715549961326373829e-01
1.020000000000000018e+00	1.216632264104157701e-01	5.715546365180098620e-01
1.024999999999999911e+00	1.202089485995595092e-01	5.715542617138450465e-01
1.030000000000000027e+00	1.187477010422228196e-01	5.715538708551881619e-01
1.035000000000000142e+00	1.172794907979418516e-01	5.715534630026574137e-01
1.040000000000000036e+00	1.158043253763098301e-01	5.715530371598229742e-01
1.044999999999999929e+00	1.143222126718088510e-01	5.715525922416835325e-01
1.050000000000000044e+00	1.128331610970390309e-01	5.715521270955934430e-01
1.055000000000000160e+00	1.113371795102428841e-01	5.715516404629753522e-01
1.060000000000000053e+00	1.098342773687364382e-01	5.715511310046250681e-01
1.064999999999999947e+00	1.083244646480978624e-01	5.715505972539692836e-01
1.070000000000000062e+00	1.068077520197864838e-01	5.715500376478024336e-01
1.075000000000000178e+00	1.052841507608044264e-01	5.715494504689102584e-01
1.080000000000000071e+00	1.037536729604560948e-01	5.715488338835823523e-01
1.084999999999999964e+00	1.022163314190987632e-01	5.715481858707691654e-01
1.090000000000000080e+00	1.006721398902460651e-01	5.715475042681019691e-01
1.095000000000000195e+00	9.912111296680273242e-02	5.715467866838681577e-01
1.100000000000000089e+00	9.756326636633998184e-02	5.715460305537821695e-01
1.104999999999999982e+00	9.599861680295594668e-02	5.715452330308714579e-01
1.110000000000000098e+00	9.442718232568633741e-02	5.715443910559259155e-01
1.115000000000000213e+00	9.284898217384864039e-02	5.715435012187467523e-01
1.120000000000000107e+00	9.126403718138181853e-02	5.715425598461291168e-01
1.125000000000000000e+00	8.967236961321879696e-02	5.715415628256519387e-01
1.129999999999999893e+00	8.807400365214544669e-02	5.715405057163153169e-01
1.134999999999999787e+00	8.646896521341911057e-02	5.715393835228531616e-01
1.139999999999999902e+00	8.485728253587923597e-02	5.715381908358962981e-01
1.145000000000000018e+00	8.323898597171398850e-02	5.715369215402524850e-01
1.149999999999999911e+00	8.161410871061204608e-02	5.715355689939008998e-01
1.154999999999999805e+00	7.998268654132892341e-02	5.715341256471506703e-01
1.159999999999999920e+00	7.834475874747326429e-02	5.715325832732128797e-01
1.165000000000000036e+00	7.670036783744604847e-02	5.715309324655983847e-01
1.169999999999999929e+00	7.504956066426705930e-02	5.715291629379338767e-01
1.174999999999999822e+00	7.339238812073713147e-02	5.715272628527898746e-01
1.179999999999999938e+00	7.172890655546862448e-02	5.715252192155328981e-01
1.185000000000000053e+00	7.005917743110294527e-02	5.715230169663898518e-01
1.189999999999999947e+00	6.838326913743117408e-02	5.715206395036126485e-01
1.194999999999999840e+00	6.670125661280959517e-02	5.715180674377079439e-01
1.199999999999999956e+00	6.501322369775502930e-02	5.715152792948582361e-01
1.205000000000000071e+00	6.331926272449756032e-02	5.715122497806844892e-01
1.209999999999999964e+00	6.161947761852761690e-02	5.715089507386927892e-01
1.214999999999999858e+00	5.991398347062413393e-02	5.715053486882800682e-01
1.219999999999999973e+00	5.820291069253634431e-02	5.715014061499003040e-01
1.225000000000000089e+00	5.648640460380212336e-02	5.714970780862863586e-01
1.229999999999999982e+00	5.476463110325330980e-02	5.714923137644667417e-01
1.234999999999999876e+00	5.303777633703790628e-02	5.714870515003089846e-01
1.239999999999999991e+00	5.130605459880008962e-02	5.714812213221336368e-01
1.245000000000000107e+00	4.956970821018969603e-02	5.714747370213724142e-01
1.250000000000000000e+00	4.782901877937769525e-02	5.714675000396983728e-01
1.254999999999999893e+00	4.608430755000442192e-02	5.714593871162466643e-01
1.260000000000000009e+00	4.433595186014763906e-02	5.714502560889092031e-01
1.265000000000000124e+00	4.258438645912518417e-02	5.714399261050171486e-01
1.270000000000000018e+00	4.083012826636751164e-02	5.714281865023563833e-01
1.274999999999999911e+00	3.907377964069727594e-02	5.714147639921065558e-01
1.280000000000000027e+00	3.731606683435146482e-02	5.713993366577780897e-01
1.285000000000000142e+00	3.555784718883489570e-02	5.713814773557583937e-01
1.290000000000000036e+00	3.380017102119686756e-02	5.713606765522716291e-01
1.294999999999999929e+00	3.204429678506185569e-02	5.713362402618260560e-01
1.300000000000000044e+00	3.029179461859552586e-02	5.713073288899200852e-01
1.305000000000000160e+00	2.854457789005062848e-02	5.712727637374981349e-01
1.310000000000000053e+00	2.680508367772730521e-02	5.712310967046747567e-01
1.314999999999999947e+00	2.507633837872690757e-02	5.711802226910986935e-01
1.320000000000000062e+00	2.336228458697150318e-02	5.711175143273939936e-01
1.325000000000000178e+00	2.166791669609198501e-02	5.710390002411395161e-01
1.330000000000000071e+00	1.999988684645010242e-02	5.709396561189327146e-01
1.334999999999999964e+00	1.836677160532277156e-02	5.708115769017398922e-01
1.340000000000000080e+00	1.678016179416411124e-02	5.706447203799749346e-01
1.345000000000000195e+00	1.525507798487779447e-02	5.704228046882945380e-01
1.350000000000000089e+00	1.381152783018726321e-02	5.701256528393506828e-01
1.354999999999999982e+00	1.247446561454989764e-02	5.697210087508011167e-01
1.360000000000000098e+00	1.127378235248787004e-02	5.691729459188324958e-01
1.365000000000000213e+00	1.024059855567003782e-02	5.684322611650196588e-01
1.370000000000000107e+00	9.399331148110574505e-03	5.674605049100981402e-01
1.375000000000000000e+00	8.758984802819591228e-03	5.662316087313674640e-01
1.379999999999999893e+00	8.304589173709337954e-03	5.647538637426444685e-01
1.384999999999999787e+00	8.003250575883512699e-03	5.630691444722280004e-01
1.389999999999999902e+00	7.813933938047707556e-03	5.612277569932802024e-01
1.395000000000000018e+00	7.699465501340626086e-03	5.592862794100921242e-01
1.399999999999999911e+00	7.632219853740646737e-03	5.572814682152671395e-01
1.404999999999999805e+00	7.593143351503856518e-03	5.552433788805185566e-01
1.409999999999999920e+00	7.570764653589332621e-03	5.531875618053703203e-01
1.415000000000000036e+00	7.557902155343926114e-03	5.511253843571506383e-01
1.419999999999999929e+00	7.550560153175896010e-03	5.490622467230648063e-01
1.424999999999999822e+00	7.546314730138056065e-03	5.470019468480048497e-01
1.429999999999999938e+00	7.543853133626314544e-03	5.449462249541527914e-01
1.435000000000000053e+00	7.542386991883068617e-03	5.428962828297749788e-01
1.439999999999999947e+00	7.541493118546221258e-03	5.408526519859730985e-01
1.444999999999999840e+00	7.540918196058824310e-03	5.388156902958222139e-01
1.449999999999999956e+00	7.540526648322979156e-03	5.367855414355260368e-01
1.455000000000000071e+00	7.540237407653727596e-03	5.347622940023043503e-01
1.459999999999999964e+00	7.540007130761699691e-03	5.327459687219969764e-01
1.464999999999999858e+00	7.539809910017150792e-03	5.307365691248261408e-01
1.469999999999999973e+00	7.539631898746115488e-03	5.287340774431873447e-01
1.475000000000000089e+00	7.539464821004862247e-03	5.267384707467799299e-01
1.479999999999999982e+00	7.539304253688524325e-03	5.247497195872350417e-01
1.484999999999999876e+00	7.539147552652994064e-03	5.227677931626343311e-01
1.489999999999999991e+00	7.538993304039688301e-03	5.207926588340257013e-01
1.495000000000000107e+00	7.538840661925084834e-03	5.188242838083998443e-01
1.500000000000000000e+00	7.538689173143949158e-03	5.168626349332060554e-01
1.504999999999999893e+00	7.538538565816445790e-03	5.149076792741624775e-01
1.510000000000000009e+00	7.538388693430959388e-03	5.129593839993979998e-01
1.515000000000000124e+00	7.538239467344613060e-03	5.110177166057497944e-01
1.520000000000000018e+00	7.538090838935473936e-03	5.090826448327268050e-01
1.524999999999999911e+00	7.537942778064747780e-03	5.071541367762579799e-01
1.530000000000000027e+00	7.537795267378529819e-03	5.052321608134607844e-01
1.535000000000000142e+00	7.537648295439320668e-03	5.033166856796197353e-01
1.540000000000000036e+00	7.537501854904440045e-03	5.014076803976762475e-01
1.544999999999999929e+00	7.537355940338405155e-03	4.995051143424894535e-01
1.550000000000000044e+00	7.537210547628114647e-03	4.976089571730748506e-01
1.555000000000000160e+00	7.537065673288480434e-03	4.957191788918037800e-01
1.560000000000000053e+00	7.536921314272163226e-03	4.938357497787194683e-01
1.564999999999999947e+00	7.536777467751408499e-03	4.919586404481360309e-01
1.570000000000000062e+00	7.536634131053705603e-03	4.900878217847782214e-01
1.575000000000000178e+00	7.536491301595392954e-03	4.882232649985946416e-01
1.580000000000000071e+00	7.536348976857559258e-03	4.863649415625975192e-01
1.584999999999999964e+00	7.536207154367962485e-03	4.845128232661821133e-01
1.590000000000000080e+00	7.536065831689843508e-03	4.826668821545884724e-01
1.595000000000000195e+00	7.535925006419179166e-03	4.808270905808522122e-01
1.600000000000000089e+00	7.535784676177693930e-03	4.789934211468249714e-01
1.604999999999999982e+00	7.535644838614925095e-03	4.771658467538258397e-01
1.610000000000000098e+00	7.535505491402663854e-03	4.753443405451661108e-01
1.615000000000000213e+00	7.535366632238476789e-03	4.735288759555533744e-01
1.620000000000000107e+00	7.535228258840691654e-03	4.717194266550664983e-01
1.625000000000000000e+00	7.535090368952309173e-03	4.699159665973575151e-01
1.629999999999999893e+00	7.534952960336241228e-03	4.681184699650277614e-01
1.634999999999999787e+00	7.534816030779287709e-03	4.663269112166691377e-01
1.639999999999999902e+00	7.534679578087529958e-03	4.645412650335919436e-01
1.645000000000000018e+00	7.534543600090258184e-03	4.627615063657462557e-01
1.649999999999999911e+00	7.534408094635498473e-03	4.609876103797557745e-01
1.654999999999999805e+00	7.534273059593856077e-03	4.592195525037561232e-01
1.659999999999999920e+00	7.534138492854158646e-03	4.574573083766895754e-01
1.665000000000000036e+00	7.534004392327215381e-03	4.557008538920992446e-01
1.669999999999999929e+00	7.533870755941564357e-03	4.539501651486407829e-01
1.674999999999999822e+00	7.533737581647152737e-03	4.522052184928661567e-01
1.679999999999999938e+00	7.533604867411173439e-03	4.504659904709130136e-01
1.685000000000000053e+00	7.533472611221673360e-03	4.487324578703116851e-01
1.689999999999999947e+00	7.533340811083486313e-03	4.470045976728121984e-01
1.694999999999999840e+00	7.533209465021754522e-03	4.452823870952467011e-01
1.699999999999999956e+00	7.533078571077962172e-03	4.435658035434560942e-01
1.705000000000000071e+00	7.532948127313375368e-03	4.418548246522406853e-01
1.709999999999999964e+00	7.532818131805169362e-03	4.401494282403483060e-01
1.714999999999999858e+00	7.532688582649790451e-03	4.384495923495435044e-01
1.719999999999999973e+00	7.532559477959174278e-03	4.367552952006223399e-01
1.725000000000000089e+00	7.532430815864029662e-03	4.350665152316289808e-01
1.729999999999999982e+00	7.532302594510149711e-03	4.333832310548638156e-01
1.734999999999999876e+00	7.532174812061621060e-03	4.317054214942748214e-01
1.739999999999999991e+00	7.532047466697211306e-03	4.300330655434251859e-01
1.745000000000000107e+00	7.531920556613521875e-03	4.283661424020888675e-01
1.750000000000000000e+00	7.531794080021447443e-03	4.267046314351451430e-01
1.754999999999999893e+00	7.531668035149262017e-03	4.250485122084037837e-01
1.760000000000000009e+00	7.531542420239163357e-03	4.233977644483968295e-01
1.765000000000000124e+00	7.531417233550285334e-03	4.217523680774585282e-01
1.770000000000000018e+00	7.531292473355321281e-03	4.201123031743847491e-01
1.774999999999999911e+00	7.531168137943475629e-03	4.184775500087916655e-01
1.780000000000000027e+00	7.531044225617157528e-03	4.168480890026152186e-01
1.785000000000000142e+00	7.530920734694874358e-03	4.152239007637723023e-01
1.790000000000000036e+00	7.530797663507995607e-03	4.136049660484720225e-01
1.794999999999999929e+00	7.530675010403583940e-03	4.119912657942019218e-01
1.800000000000000044e+00	7.530552773741229326e-03	4.103827810828256650e-01
1.805000000000000160e+00	7.530430951895827202e-03	4.087794931729156200e-01
1.810000000000000053e+00	7.530309543254475046e-03	4.071813834636114904e-01
1.814999999999999947e+00	7.530188546219195034e-03	4.055884335263207907e-01
1.820000000000000062e+00	7.530067959203894795e-03	4.040006250693131684e-01
1.825000000000000178e+00	7.529947780637038894e-03	4.024179399688099790e-01
1.830000000000000071e+00	7.529828008958672041e-03	4.008403602342904271e-01
1.834999999999999964e+00	7.529708642623034187e-03	3.992678680389890045e-01
1.840000000000000080e+00	7.529589680095647927e-03	3.977004456858916903e-01
1.845000000000000195e+00	7.529471119855885020e-03	3.961380756376604584e-01
1.850000000000000089e+00	7.529352960394106696e-03	3.945807404832966658e-01
1.854999999999999982e+00	7.529235200214184215e-03	3.930284229675108931e-01
1.860000000000000098e+00	7.529117837830697282e-03	3.914811059580327601e-01
1.865000000000000213e+00	7.529000871771408636e-03	3.899387724744439176e-01
1.870000000000000107e+00	7.528884300574511905e-03	3.884014056561140293e-01
1.875000000000000000e+00	7.528768122791061092e-03	3.868689887905125691e-01
1.879999999999999893e+00	7.528652336982279147e-03	3.853415052817521502e-01
1.884999999999999787e+00	7.528536941721936278e-03	3.838189386783965040e-01
1.889999999999999902e+00	7.528421935593709695e-03	3.823012726425904506e-01
1.895000000000000018e+00	7.528307317193522891e-03	3.807884909773808779e-01
1.899999999999999911e+00	7.528193085126952226e-03	3.792805775964149251e-01
1.904999999999999805e+00	7.528079238011528042e-03	3.777775165507887278e-01
1.909999999999999920e+00	7.527965774474185481e-03	3.762792919992966056e-01
1.915000000000000036e+00	7.527852693153526571e-03	3.747858882348223397e-01
1.919999999999999929e+00	7.527739992697320484e-03	3.732972896551223774e-01
1.924999999999999822e+00	7.527627671764722250e-03	3.718134807887730764e-01
1.929999999999999938e+00	7.527515729023822461e-03	3.703344462664719949e-01
1.935000000000000053e+00	7.527404163153827814e-03	3.688601708465554796e-01
1.939999999999999947e+00	7.527292972842650719e-03	3.673906393868012765e-01
1.944999999999999840e+00	7.527182156789056014e-03	3.659258368695297858e-01
1.949999999999999956e+00	7.527071713700294806e-03	3.644657483738927284e-01
1.955000000000000071e+00	7.526961642294213023e-03	3.630103591005710006e-01
1.959999999999999964e+00	7.526851941296929492e-03	3.615596543445351307e-01
1.964999999999999858e+00	7.526742609444904593e-03	3.601136195193512801e-01
1.969999999999999973e+00	7.526633645482664302e-03	3.586722401303983343e-01
1.975000000000000089e+00	7.526525048164834156e-03	3.572355017987961512e-01
1.979999999999999982e+00	7.526416816253895387e-03	3.558033902350646871e-01
1.984999999999999876e+00	7.526308948522198936e-03	3.543758912626848168e-01
1.989999999999999991e+00	7.526201443749751946e-03	3.529529907921871157e-01
1.995000000000000107e+00	7.526094300726196215e-03	3.515346748443569092e-01
2.000000000000000000e+00	7.525987518248638056e-03	3.501209295247391662e-01
2.004999999999999893e+00	7.525881095123598125e-03	3.487117410464981027e-01
2.009999999999999787e+00	7.525775030164869039e-03	3.473070957053261965e-01
2.014999999999999680e+00	7.525669322195438320e-03	3.459069799019693359e-01
2.020000000000000018e+00	7.525563970045385902e-03	3.445113801175271329e-01
2.024999999999999911e+00	7.525458972553770651e-03	3.431202829356540529e-01
2.029999999999999805e+00	7.525354328566565172e-03	3.417336750182392580e-01
2.035000000000000142e+00	7.525250036938516303e-03	3.403515431272924885e-01
2.040000000000000036e+00	7.525146096531109413e-03	3.389738741009939993e-01
2.044999999999999929e+00	7.525042506214401142e-03	3.376006548752742420e-01
2.049999999999999822e+00	7.524939264865016658e-03	3.362318724602215703e-01
2.054999999999999716e+00	7.524836371367956377e-03	3.348675139613656038e-01
2.060000000000000053e+00	7.524733824614627913e-03	3.335075665564327108e-01
2.064999999999999947e+00	7.524631623504617235e-03	3.321520175163420463e-01
2.069999999999999840e+00	7.524529766943757053e-03	3.308008541822973769e-01
2.075000000000000178e+00	7.524428253845875415e-03	3.294540639865041198e-01
2.080000000000000071e+00	7.524327083130885781e-03	3.281116344295899045e-01
2.084999999999999964e+00	7.524226253726518272e-03	3.267735531010494965e-01
2.089999999999999858e+00	7.524125764566437502e-03	3.254398076569832710e-01
2.094999999999999751e+00	7.524025614591942600e-03	3.241103858402796800e-01
2.100000000000000089e+00	7.523925802750118866e-03	3.227852754586625905e-01
2.104999999999999982e+00	7.523826327995519585e-03	3.214644644046184552e-01
2.109999999999999876e+00	7.523727189288333290e-03	3.201479406337428557e-01
2.115000000000000213e+00	7.523628385596048233e-03	3.188356921844200387e-01
2.120000000000000107e+00	7.523529915891650002e-03	3.175277071564617803e-01
2.125000000000000000e+00	7.523431779155258237e-03	3.162239737305449494e-01
2.129999999999999893e+00	7.523333974372350269e-03	3.149244801471336452e-01
2.134999999999999787e+00	7.523236500535381358e-03	3.136292147256838359e-01
2.140000000000000124e+00	7.523139356642029145e-03	3.123381658438392772e-01
2.145000000000000018e+00	7.523042541696793074e-03	3.110513219564099430e-01
2.149999999999999911e+00	7.522946054709262267e-03	3.097686715748351194e-01
2.155000000000000249e+00	7.522849894695698460e-03	3.084902032859399568e-01
2.160000000000000142e+00	7.522754060677324696e-03	3.072159057316604658e-01
2.165000000000000036e+00	7.522658551681888316e-03	3.059457676275842974e-01
2.169999999999999929e+00	7.522563366741975670e-03	3.046797777429280374e-01
2.174999999999999822e+00	7.522468504896551687e-03	3.034179249188704852e-01
2.180000000000000160e+00	7.522373965189298010e-03	3.021601980487750305e-01
2.185000000000000053e+00	7.522279746670136082e-03	3.009065860963207051e-01
2.189999999999999947e+00	7.522185848393586095e-03	2.996570780759630903e-01
2.195000000000000284e+00	7.522092269420271871e-03	2.984116630708679163e-01
2.200000000000000178e+00	7.521999008815297150e-03	2.971703302136054492e-01
2.205000000000000071e+00	7.521906065649738328e-03	2.959330687038916885e-01
2.209999999999999964e+00	7.521813438999041569e-03	2.946998677895089624e-01
2.214999999999999858e+00	7.521721127944492116e-03	2.934707167838608854e-01
2.220000000000000195e+00	7.521629131571637428e-03	2.922456050471126665e-01
2.225000000000000089e+00	7.521537448971736539e-03	2.910245220035655445e-01
2.229999999999999982e+00	7.521446079240205751e-03	2.898074571230103702e-01
2.235000000000000320e+00	7.521355021478046306e-03	2.885943999379252389e-01
2.240000000000000213e+00	7.521264274790313495e-03	2.873853400250390711e-01
2.245000000000000107e+00	7.521173838287529591e-03	2.861802670223562717e-01
2.250000000000000000e+00	7.521083711084168566e-03	2.849791706109233158e-01
2.254999999999999893e+00	7.520993892300052545e-03	2.837820405316867078e-01
2.259999999999999787e+00	7.520904381058855608e-03	2.825888665674571865e-01
2.264999999999999680e+00	7.520815176489488961e-03	2.813996385596045369e-01
2.270000000000000018e+00	7.520726277724616889e-03	2.802143463902143639e-01
2.274999999999999911e+00	7.520637683902029781e-03	2.790329799986248083e-01
2.279999999999999805e+00	7.520549394163178296e-03	2.778555293637705037e-01
2.285000000000000142e+00	7.520461407654529910e-03	2.766819845205646944e-01
2.290000000000000036e+00	7.520373723526117826e-03	2.755123355424266562e-01
2.294999999999999929e+00	7.520286340932888849e-03	2.743465725575126579e-01
2.299999999999999822e+00	7.520199259033267906e-03	2.731846857314217392e-01
2.304999999999999716e+00	7.520112476990486843e-03	2.720266652832800114e-01
2.310000000000000053e+00	7.520025993971168887e-03	2.708725014686202415e-01
2.314999999999999947e+00	7.519939809146646177e-03	2.697221845953233776e-01
2.319999999999999840e+00	7.519853921691555497e-03	2.685757050066668872e-01
2.325000000000000178e+00	7.519768330785142792e-03	2.674330530971270048e-01
2.330000000000000071e+00	7.519683035609877990e-03	2.662942192955932708e-01
2.334999999999999964e+00	7.519598035352745638e-03	2.651591940810332781e-01
2.339999999999999858e+00	7.519513329203869265e-03	2.640279679658690259e-01
2.344999999999999751e+00	7.519428916357796810e-03	2.629005315115096053e-01
2.350000000000000089e+00	7.519344796012138003e-03	2.617768753118839831e-01
2.354999999999999982e+00	7.519260967368832441e-03	2.606569900088445690e-01
2.359999999999999876e+00	7.519177429632806046e-03	2.595408662758535989e-01
2.365000000000000213e+00	7.519094182013227011e-03	2.584284948332599696e-01
2.370000000000000107e+00	7.519011223722176125e-03	2.573198664321361129e-01
2.375000000000000000e+00	7.518928553975885373e-03	2.562149718694305967e-01
2.379999999999999893e+00	7.518846171993429951e-03	2.551138019719518812e-01
2.384999999999999787e+00	7.518764076997953849e-03	2.540163476114005170e-01
2.390000000000000124e+00	7.518682268215368808e-03	2.529225996884956196e-01
2.395000000000000018e+00	7.518600744875574698e-03	2.518325491478893285e-01
2.399999999999999911e+00	7.518519506211172355e-03	2.507461869624331707e-01
2.405000000000000249e+00	7.518438551458669211e-03	2.496635041479766393e-01
2.410000000000000142e+00	7.518357879857203406e-03	2.485844917477717242e-01
2.415000000000000036e+00	7.518277490649745952e-03	2.475091408471574439e-01
2.419999999999999929e+00	7.518197383081831782e-03	2.464374425580983519e-01
2.424999999999999822e+00	7.518117556402749771e-03	2.453693880337593225e-01
2.430000000000000160e+00	7.518038009864292867e-03	2.443049684531742871e-01
2.435000000000000053e+00	7.517958742721930765e-03	2.432441750357134114e-01
2.439999999999999947e+00	7.517879754233575650e-03	2.421869990258797567e-01
2.445000000000000284e+00	7.517801043660744462e-03	2.411334317076705980e-01
2.450000000000000178e+00	7.517722610267335917e-03	2.400834643895000398e-01
2.455000000000000071e+00	7.517644453320784098e-03	2.390370884184560563e-01
2.459999999999999964e+00	7.517566572090843280e-03	2.379942951653460093e-01
2.464999999999999858e+00	7.517488965850735450e-03	2.369550760388526023e-01
2.470000000000000195e+00	7.517411633875946408e-03	2.359194224706993581e-01
2.475000000000000089e+00	7.517334575445361149e-03	2.348873259297074023e-01
2.479999999999999982e+00	7.517257789840072965e-03	2.338587779070784300e-01
2.485000000000000320e+00	7.517181276344509291e-03	2.328337699303538455e-01
2.490000000000000213e+00	7.517105034245250353e-03	2.318122935488141356e-01
2.495000000000000107e+00	7.517029062832148063e-03	2.307943403473413368e-01
2.500000000000000000e+00	7.516953361397153352e-03	2.297799019319320124e-01
2.504999999999999893e+00	7.516877929235427254e-03	2.287689699434660995e-01
2.509999999999999787e+00	7.516802765644176910e-03	2.277615360433306035e-01
2.514999999999999680e+00	7.516727869923760588e-03	2.267575919270967966e-01
2.520000000000000018e+00	7.516653241376532353e-03	2.257571293102521581e-01
2.524999999999999911e+00	7.516578879307935813e-03	2.247601399417881174e-01
2.529999999999999805e+00	7.516504783025365274e-03	2.237666155900380205e-01
2.535000000000000142e+00	7.516430951839245603e-03	2.227765480561761102e-01
2.540000000000000036e+00	7.516357385061902055e-03	2.217899291601613254e-01
2.544999999999999929e+00	7.516284082008637540e-03	2.208067507541481012e-01
2.549999999999999822e+00	7.516211041996609388e-03	2.198270047085335854e-01
2.554999999999999716e+00	7.516138264345896200e-03	2.188506829252826469e-01
2.560000000000000053e+00	7.516065748378386764e-03	2.178777773240763438e-01
2.564999999999999947e+00	7.515993493418839100e-03	2.169082798555526104e-01
2.569999999999999840e+00	7.515921498793774573e-03	2.159421824875541740e-01
2.575000000000000178e+00	7.515849763832532608e-03	2.149794772182859470e-01
2.580000000000000071e+00	7.515778287866177812e-03	2.140201560626615040e-01
2.584999999999999964e+00	7.515707070228537338e-03	2.130642110653781229e-01
2.589999999999999858e+00	7.515636110255123625e-03	2.121116342873596017e-01
2.594999999999999751e+00	7.515565407284163085e-03	2.111624178187511414e-01
2.600000000000000089e+00	7.515494960655524914e-03	2.102165537654565597e-01
2.604999999999999982e+00	7.515424769711748915e-03	2.092740342620540150e-01
2.609999999999999876e+00	7.515354833796976906e-03	2.083348514584264233e-01
2.615000000000000213e+00	7.515285152257970142e-03	2.073989975325987722e-01
2.620000000000000107e+00	7.515215724443058062e-03	2.064664646774609646e-01
2.625000000000000000e+00	7.515146549703145308e-03	2.055372451135273060e-01
2.629999999999999893e+00	7.515077627390663942e-03	2.046113310757504133e-01
2.634999999999999787e+00	7.515008956860579591e-03	2.036887148262042091e-01
2.640000000000000124e+00	7.514940537469349743e-03	2.027693886409871193e-01
2.645000000000000018e+00	7.514872368575920350e-03	2.018533448228304050e-01
2.649999999999999911e+00	7.514804449540693661e-03	2.009405756880884297e-01
2.655000000000000249e+00	7.514736779726523090e-03	2.000310735792732719e-01
2.660000000000000142e+00	7.514669358497682791e-03	1.991248308521323673e-01
2.665000000000000036e+00	7.514602185220851244e-03	1.982218398881084309e-01
2.669999999999999929e+00	7.514535259264101645e-03	1.973220930815035024e-01
2.674999999999999822e+00	7.514468579997872488e-03	1.964255828518668701e-01
2.680000000000000160e+00	7.514402146793959687e-03	1.955323016312429385e-01
2.685000000000000053e+00	7.514335959026489757e-03	1.946422418764876816e-01
2.689999999999999947e+00	7.514270016070913674e-03	1.937553960565998878e-01
2.695000000000000284e+00	7.514204317304976587e-03	1.928717566649667259e-01
2.700000000000000178e+00	7.514138862107718614e-03	1.919913162067778123e-01
2.705000000000000071e+00	7.514073649860435015e-03	1.911140672112001671e-01
2.709999999999999964e+00	7.514008679945688267e-03	1.902400022188739659e-01
2.714999999999999858e+00	7.513943951748262157e-03	1.893691137940180236e-01
2.720000000000000195e+00	7.513879464654178199e-03	1.885013945120058987e-01
2.725000000000000089e+00	7.513815218051642791e-03	1.876368369714032647e-01
2.729999999999999982e+00	7.513751211330074904e-03	1.867754337816227572e-01
2.735000000000000320e+00	7.513687443881043697e-03	1.859171775748935107e-01
2.740000000000000213e+00	7.513623915097304880e-03	1.850620609939954420e-01
2.745000000000000107e+00	7.513560624373733128e-03	1.842100767041602027e-01
2.750000000000000000e+00	7.513497571106361045e-03	1.833612173808840395e-01
2.754999999999999893e+00	7.513434754693308973e-03	1.825154757217619661e-01
2.759999999999999787e+00	7.513372174533831764e-03	1.816728444343770066e-01
2.764999999999999680e+00	7.513309830029240785e-03	1.808333162480688927e-01
2.770000000000000018e+00	7.513247720581957625e-03	1.799968839018993572e-01
2.774999999999999911e+00	7.513185845596429165e-03	1.791635401563545782e-01
2.779999999999999805e+00	7.513124204478190821e-03	1.783332777813866621e-01
2.785000000000000142e+00	7.513062796634774679e-03	1.775060895680501405e-01
2.790000000000000036e+00	7.513001621474775342e-03	1.766819683166191701e-01
2.794999999999999929e+00	7.512940678408760661e-03	1.758609068481588045e-01
2.799999999999999822e+00	7.512879966848334985e-03	1.750428979927162176e-01
2.804999999999999716e+00	7.512819486207049022e-03	1.742279346008277774e-01
2.810000000000000053e+00	7.512759235899473496e-03	1.734160095317838490e-01
2.814999999999999947e+00	7.512699215342091667e-03	1.726071156650720861e-01
2.819999999999999840e+00	7.512639423952390330e-03	1.718012458887153149e-01
2.825000000000000178e+00	7.512579861149745394e-03	1.709983931106502930e-01
2.830000000000000071e+00	7.512520526354512888e-03	1.701985502471393408e-01
2.834999999999999964e+00	7.512461418988911066e-03	1.694017102340850400e-01
2.839999999999999858e+00	7.512402538476123555e-03	1.686078660155138076e-01
2.844999999999999751e+00	7.512343884241171922e-03	1.678170105548282276e-01
2.850000000000000089e+00	7.512285455710019690e-03	1.670291368233616514e-01
2.854999999999999982e+00	7.512227252310450104e-03	1.662442378115678021e-01
2.859999999999999876e+00	7.512169273471170153e-03	1.654623065176464569e-01
2.865000000000000213e+00	7.512111518622678792e-03	1.646833359586705181e-01
2.870000000000000107e+00	7.512053987196386576e-03	1.639073191592828604e-01
2.875000000000000000e+00	7.511996678625470873e-03	1.631342491627605362e-01
2.879999999999999893e+00	7.511939592344007641e-03	1.623641190197820661e-01
2.884999999999999787e+00	7.511882727787816232e-03	1.615969217994296658e-01
2.890000000000000124e+00	7.511826084393595504e-03	1.608326505780262039e-01
2.895000000000000018e+00	7.511769661599772101e-03	1.600712984500761715e-01
2.899999999999999911e+00	7.511713458845633087e-03	1.593128585171717515e-01
2.905000000000000249e+00	7.511657475572175967e-03	1.585573238988713940e-01
2.910000000000000142e+00	7.511601711221243920e-03	1.578046877216765786e-01
2.915000000000000036e+00	7.511546165236368013e-03	1.570549431298479681e-01
2.919999999999999929e+00	7.511490837061913714e-03	1.563080832744506710e-01
2.924999999999999822e+00	7.511435726143912694e-03	1.555641013241099713e-01
2.930000000000000160e+00	7.511380831929221485e-03	1.548229904541247592e-01
2.935000000000000053e+00	7.511326153866340269e-03	1.540847438571618655e-01
2.939999999999999947e+00	7.511271691404585414e-03	1.533493547324378536e-01
2.945000000000000284e+00	7.511217443994896992e-03	1.526168162963522923e-01
2.950000000000000178e+00	7.511163411089015647e-03	1.518871217717377153e-01
2.955000000000000071e+00	7.511109592140295318e-03	1.511602643984316652e-01
2.959999999999999964e+00	7.511055986602874039e-03	1.504362374225945431e-01
2.964999999999999858e+00	7.511002593932486655e-03	1.497150341072207014e-01
2.970000000000000195e+00	7.510949413585641700e-03	1.489966477215235452e-01
2.975000000000000089e+00	7.510896445020430641e-03	1.482810715513863953e-01
2.979999999999999982e+00	7.510843687695703888e-03	1.475682988888147307e-01
2.985000000000000320e+00	7.510791141071879173e-03	1.468583230423257113e-01
2.990000000000000213e+00	7.510738804610128834e-03	1.461511373264682001e-01
2.995000000000000107e+00	7.510686677773173447e-03	1.454467350721515007e-01
3.000000000000000000e+00	7.510634760024475186e-03	1.447451096162315487e-01
3.004999999999999893e+00	7.510583050829031451e-03	1.440462543117800864e-01
3.009999999999999787e+00	7.510531549652579505e-03	1.433501625177370786e-01
3.014999999999999680e+00	7.510480255962368422e-03	1.426568276091189358e-01
3.020000000000000018e+00	7.510429169226381929e-03	1.419662429667379044e-01
3.024999999999999911e+00	7.510378288914103424e-03	1.412784019873500052e-01
3.029999999999999805e+00	7.510327614495739684e-03	1.405932980734400373e-01
3.035000000000000142e+00	7.510277145442985879e-03	1.399109246433092868e-01
3.040000000000000036e+00	7.510226881228252750e-03	1.392312751209272004e-01
3.044999999999999929e+00	7.510176821325427292e-03	1.385543429459579756e-01
3.049999999999999822e+00	7.510126965209100794e-03	1.378801215636784039e-01
3.054999999999999716e+00	7.510077312355333858e-03	1.372086044349444256e-01
3.060000000000000053e+00	7.510027862240881841e-03	1.365397850261744206e-01
3.064999999999999947e+00	7.509978614343957269e-03	1.358736568192554506e-01
3.069999999999999840e+00	7.509929568143463088e-03	1.352102133015923024e-01
3.075000000000000178e+00	7.509880723119745534e-03	1.345494479759531126e-01
3.080000000000000071e+00	7.509832078753835190e-03	1.338913543505846349e-01
3.084999999999999964e+00	7.509783634528196389e-03	1.332359259489968306e-01
3.089999999999999858e+00	7.509735389925973476e-03	1.325831563001438063e-01
3.094999999999999751e+00	7.509687344431731533e-03	1.319330389481479793e-01
3.100000000000000089e+00	7.509639497530710452e-03	1.312855674425464358e-01
3.104999999999999982e+00	7.509591848709560452e-03	1.306407353479548394e-01
3.109999999999999876e+00	7.509544397455604828e-03	1.299985362343787365e-01
3.115000000000000213e+00	7.509497143257564192e-03	1.293589636868170134e-01
3.120000000000000107e+00	7.509450085604828760e-03	1.287220112956389828e-01
3.125000000000000000e+00	7.509403223988178264e-03	1.280876726661265286e-01
3.129999999999999893e+00	7.509356557899055096e-03	1.274559414089167786e-01
3.134999999999999787e+00	7.509310086830282491e-03	1.268268111494836592e-01
3.140000000000000124e+00	7.509263810275344612e-03	1.262002755186457659e-01
3.145000000000000018e+00	7.509217727729096924e-03	1.255763281619870497e-01
3.149999999999999911e+00	7.509171838687052347e-03	1.249549627304300248e-01
3.155000000000000249e+00	7.509126142646088166e-03	1.243361728895952395e-01
3.160000000000000142e+00	7.509080639103733051e-03	1.237199523104401955e-01
3.165000000000000036e+00	7.509035327558873096e-03	1.231062946785574652e-01
3.169999999999999929e+00	7.508990207511045782e-03	1.224951936848791278e-01
3.174999999999999822e+00	7.508945278461134736e-03	1.218866430349135749e-01
3.180000000000000160e+00	7.508900539910675839e-03	1.212806364395149911e-01
3.185000000000000053e+00	7.508855991362541581e-03	1.206771676240598334e-01
3.189999999999999947e+00	7.508811632320254968e-03	1.200762303192802749e-01
3.195000000000000284e+00	7.508767462288668676e-03	1.194778182703800790e-01
3.200000000000000178e+00	7.508723480773286767e-03	1.188819252279337962e-01
3.205000000000000071e+00	7.508679687280933428e-03	1.182885449569402586e-01
3.209999999999999964e+00	7.508636081319080766e-03	1.176976712277872233e-01
3.214999999999999858e+00	7.508592662396521011e-03	1.171092978252438466e-01
3.220000000000000195e+00	7.508549430022689111e-03	1.165234185394903588e-01
3.225000000000000089e+00	7.508506383708333197e-03	1.159400271750487266e-01
3.229999999999999982e+00	7.508463522964845850e-03	1.153591175418775816e-01
3.235000000000000320e+00	7.508420847304926767e-03	1.147806834642414869e-01
3.240000000000000213e+00	7.508378356241915755e-03	1.142047187718708973e-01
3.245000000000000107e+00	7.508336049290460605e-03	1.136312173087696137e-01
3.250000000000000000e+00	7.508293925965844884e-03	1.130601729244400666e-01
3.254999999999999893e+00	7.508251985784654067e-03	1.124915794826288895e-01
3.259999999999999787e+00	7.508210228264113745e-03	1.119254308526173025e-01
3.264999999999999680e+00	7.508168652922743609e-03	1.113617209179049439e-01
3.270000000000000018e+00	7.508127259279703467e-03	1.108004435675653127e-01
3.274999999999999911e+00	7.508086046855442022e-03	1.102415927048677330e-01
3.279999999999999805e+00	7.508045015171051564e-03	1.096851622386978975e-01
3.285000000000000142e+00	7.508004163748907209e-03	1.091311460921172982e-01
3.290000000000000036e+00	7.507963492112026786e-03	1.085795381938499948e-01
3.294999999999999929e+00	7.507922999784709221e-03	1.080303324867791098e-01
3.299999999999999822e+00	7.507882686291897888e-03	1.074835229194984615e-01
3.304999999999999716e+00	7.507842551159810314e-03	1.069391034547478442e-01
3.310000000000000053e+00	7.507802593915310213e-03	1.063970680610290820e-01
3.314999999999999947e+00	7.507762814086535452e-03	1.058574107209790394e-01
3.319999999999999840e+00	7.507723211202268349e-03	1.053201254230512612e-01
3.325000000000000178e+00	7.507683784792561904e-03	1.047852061698258397e-01
3.330000000000000071e+00	7.507644534388117040e-03	1.042526469697570984e-01
3.334999999999999964e+00	7.507605459520900158e-03	1.037224418454202879e-01
3.339999999999999858e+00	7.507566559723529050e-03	1.031945848253248005e-01
3.344999999999999751e+00	7.507527834529882649e-03	1.026690699520981381e-01
3.350000000000000089e+00	7.507489283474496483e-03	1.021458912743642561e-01
3.354999999999999982e+00	7.507450906093161153e-03	1.016250428548650664e-01
3.359999999999999876e+00	7.507412701922325585e-03	1.011065187624041462e-01
3.365000000000000213e+00	7.507374670499695514e-03	1.005903130799045975e-01
3.370000000000000107e+00	7.507336811363634135e-03	1.000764198964191470e-01
3.375000000000000000e+00	7.507299124053759716e-03	9.956483331512418211e-02
3.379999999999999893e+00	7.507261608110351453e-03	9.905554744539563083e-02
3.384999999999999787e+00	7.507224263074941013e-03	9.854855641073996531e-02
3.390000000000000124e+00	7.507187088489723596e-03	9.804385434093526586e-02
3.395000000000000018e+00	7.507150083898145136e-03	9.754143537989905244e-02
3.399999999999999911e+00	7.507113248844319436e-03	9.704129367789492144e-02
3.405000000000000249e+00	7.507076582873607566e-03	9.654342339933685846e-02
3.410000000000000142e+00	7.507040085532040198e-03	9.604781871506166968e-02
3.415000000000000036e+00	7.507003756366898740e-03	9.555447381006965113e-02
3.419999999999999929e+00	7.506967594926135939e-03	9.506338287586248159e-02
3.424999999999999822e+00	7.506931600758948338e-03	9.457454011812031769e-02
3.430000000000000160e+00	7.506895773415214225e-03	9.408793974910560631e-02
3.435000000000000053e+00	7.506860112446053085e-03	9.360357599527625860e-02
3.439999999999999947e+00	7.506824617403266148e-03	9.312144308975521534e-02
3.445000000000000284e+00	7.506789287839899308e-03	9.264153527987926962e-02
3.450000000000000178e+00	7.506754123309681941e-03	9.216384681973538440e-02
3.455000000000000071e+00	7.506719123367588085e-03	9.168837197764492797e-02
3.459999999999999964e+00	7.506684287569277865e-03	9.121510502876534199e-02
3.464999999999999858e+00	7.506649615471655199e-03	9.074404026251127464e-02
3.470000000000000195e+00	7.506615106632317028e-03	9.027517197522152981e-02
3.475000000000000089e+00	7.506580760610101488e-03	8.980849447751583503e-02
3.479999999999999982e+00	7.506546576964544075e-03	8.934400208702818202e-02
3.485000000000000320e+00	7.506512555256422345e-03	8.888168913569892415e-02
3.490000000000000213e+00	7.506478695047212948e-03	8.842154996257416133e-02
3.495000000000000107e+00	7.506444995899635465e-03	8.796357892103341680e-02
3.500000000000000000e+00	7.506411457377114640e-03	8.750777037165501093e-02
3.504999999999999893e+00	7.506378079044318148e-03	8.705411868937917852e-02
3.509999999999999787e+00	7.506344860466623164e-03	8.660261825643943145e-02
3.514999999999999680e+00	7.506311801210645458e-03	8.615326346946122760e-02
3.520000000000000018e+00	7.506278900843720708e-03	8.570604873245933619e-02
3.524999999999999911e+00	7.506246158934420584e-03	8.526096846387166972e-02
3.529999999999999805e+00	7.506213575052042737e-03	8.481801708962267983e-02
3.535000000000000142e+00	7.506181148767121676e-03	8.437718905009246317e-02
3.540000000000000036e+00	7.506148879650919627e-03	8.393847879324647931e-02
3.544999999999999929e+00	7.506116767275939142e-03	8.350188078153955584e-02
3.549999999999999822e+00	7.506084811215415695e-03	8.306738948511178944e-02
3.554999999999999716e+00	7.506053011043823352e-03	8.263499938862756133e-02
3.560000000000000053e+00	7.506021366336374304e-03	8.220470498453744113e-02
3.564999999999999947e+00	7.505989876669522803e-03	8.177650077985265664e-02
3.569999999999999840e+00	7.505958541620465566e-03	8.135038128947261193e-02
3.575000000000000178e+00	7.505927360767639632e-03	8.092634104289435359e-02
3.580000000000000071e+00	7.505896333690233180e-03	8.050437457760679927e-02
3.584999999999999964e+00	7.505865459968672111e-03	8.008447644573425672e-02
3.589999999999999858e+00	7.505834739184141270e-03	7.966664120749722411e-02
3.594999999999999751e+00	7.505804170919065828e-03	7.925086343779090547e-02
3.600000000000000089e+00	7.505773754756630764e-03	7.883713771971170847e-02
3.604999999999999982e+00	7.505743490281264856e-03	7.842545865107077019e-02
3.609999999999999876e+00	7.505713377078163627e-03	7.801582083798661027e-02
3.615000000000000213e+00	7.505683414733765532e-03	7.760821890133327849e-02
3.620000000000000107e+00	7.505653602835282712e-03	7.720264747039916331e-02
3.625000000000000000e+00	7.505623940971170235e-03	7.679910118926981666e-02
3.629999999999999893e+00	7.505594428730662064e-03	7.639757471055295956e-02
3.634999999999999787e+00	7.505565065704240292e-03	7.599806270169581768e-02
3.640000000000000124e+00	7.505535851483167639e-03	7.560055983877615737e-02
3.645000000000000018e+00	7.505506785659955826e-03	7.520506081275458998e-02
3.649999999999999911e+00	7.505477867827907608e-03	7.481156032333122208e-02
3.655000000000000249e+00	7.505449097581572138e-03	7.442005308513266471e-02
3.660000000000000142e+00	7.505420474516296542e-03	7.403053382163524154e-02
3.665000000000000036e+00	7.505391998228677815e-03	7.364299727128581496e-02
3.669999999999999929e+00	7.505363668316112659e-03	7.325743818149121900e-02
3.674999999999999822e+00	7.505335484377251114e-03	7.287385131467392918e-02
3.680000000000000160e+00	7.505307446011554202e-03	7.249223144232733174e-02
3.685000000000000053e+00	7.505279552819730214e-03	7.211257335100579313e-02
3.689999999999999947e+00	7.505251804403306227e-03	7.173487183644591814e-02
3.695000000000000284e+00	7.505224200365062659e-03	7.135912170949122724e-02
3.700000000000000178e+00	7.505196740308600449e-03	7.098531779027934807e-02
3.705000000000000071e+00	7.505169423838775611e-03	7.061345491410107866e-02
3.709999999999999964e+00	7.505142250561274223e-03	7.024352792565351222e-02
3.714999999999999858e+00	7.505115220083038302e-03	6.987553168483361110e-02
3.720000000000000195e+00	7.505088332011841668e-03	6.950946106105707067e-02
3.725000000000000089e+00	7.505061585956719281e-03	6.914531093898668157e-02
3.729999999999999982e+00	7.505034981527548311e-03	6.878307621291661345e-02
3.735000000000000320e+00	7.505008518335460135e-03	6.842275179243532957e-02
3.740000000000000213e+00	7.504982195992443081e-03	6.806433259687605375e-02
3.745000000000000107e+00	7.504956014111736212e-03	6.770781356091354342e-02
3.750000000000000000e+00	7.504929972307440751e-03	6.735318962908062868e-02
3.754999999999999893e+00	7.504904070194918196e-03	6.700045576129963487e-02
3.759999999999999787e+00	7.504878307390389601e-03	6.664960692746411952e-02
3.764999999999999680e+00	7.504852683511343235e-03	6.630063811290519415e-02
3.770000000000000018e+00	7.504827198176133862e-03	6.595354431303866727e-02
3.774999999999999911e+00	7.504801851004381727e-03	6.560832053876591852e-02
3.779999999999999805e+00	7.504776641616583109e-03	6.526496181118665585e-02
3.785000000000000142e+00	7.504751569634502371e-03	6.492346316693414776e-02
3.790000000000000036e+00	7.504726634680781647e-03	6.458381965295371951e-02
3.794999999999999929e+00	7.504701836379337222e-03	6.424602633177244060e-02
3.799999999999999822e+00	7.504677174354970962e-03	6.391007827634301308e-02
3.804999999999999716e+00	7.504652648233755413e-03	6.357597057524803918e-02
3.810000000000000053e+00	7.504628257642659978e-03	6.324369832760909360e-02
3.814999999999999947e+00	7.504604002209924740e-03	6.291325664822607078e-02
3.819999999999999840e+00	7.504579881564693578e-03	6.258464066255116365e-02
3.825000000000000178e+00	7.504555895337381918e-03	6.225784551176274939e-02
3.830000000000000071e+00	7.504532043159317656e-03	6.193286634780505867e-02
3.834999999999999964e+00	7.504508324663103705e-03	6.160969833839636395e-02
3.839999999999999858e+00	7.504484739482254578e-03	6.128833666213373554e-02
3.844999999999999751e+00	7.504461287251567615e-03	6.096877651343632354e-02
3.850000000000000089e+00	7.504437967606761295e-03	6.065101309771480514e-02
3.854999999999999982e+00	7.504414780184830852e-03	6.033504163624967692e-02
3.859999999999999876e+00	7.504391724623704803e-03	6.002085736142551836e-02
3.865000000000000213e+00	7.504368800562590154e-03	5.970845552154415564e-02
3.870000000000000107e+00	7.504346007641629797e-03	5.939783137612371366e-02
3.875000000000000000e+00	7.504323345502251184e-03	5.908898020064701911e-02
3.879999999999999893e+00	7.504300813786823725e-03	5.878189728192490665e-02
3.884999999999999787e+00	7.504278412139002256e-03	5.847657792277988903e-02
3.890000000000000124e+00	7.504256140203388777e-03	5.817301743747402276e-02
3.895000000000000018e+00	7.504233997625874182e-03	5.787121115632785223e-02
3.899999999999999911e+00	7.504211984053305202e-03	5.757115442121247401e-02
3.905000000000000249e+00	7.504190099133815732e-03	5.727284259010359535e-02
3.910000000000000142e+00	7.504168342516505039e-03	5.697627103263840087e-02
3.915000000000000036e+00	7.504146713851760422e-03	5.668143513460471850e-02
3.919999999999999929e+00	7.504125212790937159e-03	5.638833029356164761e-02
3.924999999999999822e+00	7.504103838986686363e-03	5.609695192326482477e-02
3.930000000000000160e+00	7.504082592092632328e-03	5.580729544935062597e-02
3.935000000000000053e+00	7.504061471763694320e-03	5.551935631369715740e-02
3.939999999999999947e+00	7.504040477655773457e-03	5.523312997017229553e-02
3.945000000000000284e+00	7.504019609426066696e-03	5.494861188893043064e-02
3.950000000000000178e+00	7.503998866732760654e-03	5.466579755222410880e-02
3.955000000000000071e+00	7.503978249235338654e-03	5.438468245863656986e-02
3.959999999999999964e+00	7.503957756594278883e-03	5.410526211895703291e-02
3.964999999999999858e+00	7.503937388471361436e-03	5.382753206034916055e-02
3.970000000000000195e+00	7.503917144529365611e-03	5.355148782228963400e-02
3.975000000000000089e+00	7.503897024432371748e-03	5.327712496067293912e-02
3.979999999999999982e+00	7.503877027845469797e-03	5.300443904381294674e-02
3.985000000000000320e+00	7.503857154435051614e-03	5.273342565648381219e-02
3.990000000000000213e+00	7.503837403868524741e-03	5.246408039598493556e-02
3.995000000000000107e+00	7.503817775814599494e-03	5.219639887611800949e-02
4.000000000000000000e+00	7.503798269943008810e-03	5.193037672331476257e-02
4.004999999999999893e+00	7.503778885924789269e-03	5.166600958055074522e-02
4.009999999999999787e+00	7.503759623432007010e-03	5.140329310353564801e-02
4.014999999999999680e+00	7.503740482138037023e-03	5.114222296456377020e-02
4.019999999999999574e+00	7.503721461717282985e-03	5.088279484876673947e-02
4.025000000000000355e+00	7.503702561845461763e-03	5.062500445790096143e-02
4.030000000000000249e+00	7.503683782199329320e-03	5.036884750666278249e-02
4.035000000000000142e+00	7.503665122456952205e-03	5.011431972641258725e-02
4.040000000000000036e+00	7.503646582297442136e-03	4.986141686155216857e-02
4.044999999999999929e+00	7.503628161401223150e-03	4.961013467318611120e-02
4.049999999999999822e+00	7.503609859449772261e-03	4.936046893556098047e-02
4.054999999999999716e+00	7.503591676125880537e-03	4.911241543966423512e-02
4.059999999999999609e+00	7.503573611113394624e-03	4.886596998972484590e-02
4.064999999999999503e+00	7.503555664097478692e-03	4.862112840674995967e-02
4.070000000000000284e+00	7.503537834764361161e-03	4.837788652508683701e-02
4.075000000000000178e+00	7.503520122801584508e-03	4.813624019589755887e-02
4.080000000000000071e+00	7.503502527897764132e-03	4.789618528378175588e-02
4.084999999999999964e+00	7.503485049742829489e-03	4.765771767018939231e-02
4.089999999999999858e+00	7.503467688027791634e-03	4.742083325010495315e-02
4.094999999999999751e+00	7.503450442444975672e-03	4.718552793539784046e-02
4.099999999999999645e+00	7.503433312687789181e-03	4.695179765156756724e-02
4.105000000000000426e+00	7.503416298450963327e-03	4.671963834103247393e-02
4.110000000000000320e+00	7.503399399430312616e-03	4.648904595993561678e-02
4.115000000000000213e+00	7.503382615322976013e-03	4.626001648137186700e-02
4.120000000000000107e+00	7.503365945827184490e-03	4.603254589225412585e-02
4.125000000000000000e+00	7.503349390642492615e-03	4.580663019647941009e-02
4.129999999999999893e+00	7.503332949469550435e-03	4.558226541185492892e-02
4.134999999999999787e+00	7.503316622010336792e-03	4.535944757320322512e-02
4.139999999999999680e+00	7.503300407967931213e-03	4.513817272934828040e-02
4.144999999999999574e+00	7.503284307046739418e-03	4.491843694615948318e-02
4.150000000000000355e+00	7.503268318952276486e-03	4.470023630359758193e-02
4.155000000000000249e+00	7.503252443391383690e-03	4.448356689869836095e-02
4.160000000000000142e+00	7.503236680072015996e-03	4.426842484267742156e-02
4.165000000000000036e+00	7.503221028703458036e-03	4.405480626385372550e-02
4.169999999999999929e+00	7.503205488996111602e-03	4.384270730481369671e-02
4.174999999999999822e+00	7.503190060661709022e-03	4.363212412527441714e-02
4.179999999999999716e+00	7.503174743413106723e-03	4.342305289930657730e-02
4.185000000000000497e+00	7.503159536964488195e-03	4.321548981813792822e-02
4.190000000000000391e+00	7.503144441031171438e-03	4.300943108743491422e-02
4.195000000000000284e+00	7.503129455329799781e-03	4.280487293004615196e-02
4.200000000000000178e+00	7.503114579578155398e-03	4.260181158334261364e-02
4.205000000000000071e+00	7.503099813495349261e-03	4.240024330190188262e-02
4.209999999999999964e+00	7.503085156801632925e-03	4.220016435490606121e-02
4.214999999999999858e+00	7.503070609218587608e-03	4.200157102876710818e-02
4.219999999999999751e+00	7.503056170468942049e-03	4.180445962458251979e-02
4.224999999999999645e+00	7.503041840276757253e-03	4.160882646070176993e-02
4.230000000000000426e+00	7.503027618367240012e-03	4.141466787023936891e-02
4.235000000000000320e+00	7.503013504466933721e-03	4.122198020358307929e-02
4.240000000000000213e+00	7.502999498303533632e-03	4.103075982596378346e-02
4.245000000000000107e+00	7.502985599606068999e-03	4.084100311990534332e-02
4.250000000000000000e+00	7.502971808104728739e-03	4.065270648285188027e-02
4.254999999999999893e+00	7.502958123531033169e-03	4.046586632955911228e-02
4.259999999999999787e+00	7.502944545617668340e-03	4.028047908977841485e-02
4.264999999999999680e+00	7.502931074098653438e-03	4.009654121059054444e-02
4.269999999999999574e+00	7.502917708709173385e-03	3.991404915414567545e-02
4.275000000000000355e+00	7.502904449185749704e-03	3.973299939993996110e-02
4.280000000000000249e+00	7.502891295266075726e-03	3.955338844261151870e-02
4.285000000000000142e+00	7.502878246689176182e-03	3.937521279415969605e-02
4.290000000000000036e+00	7.502865303195257150e-03	3.919846898179678990e-02
4.294999999999999929e+00	7.502852464525855240e-03	3.902315355011037878e-02
4.299999999999999822e+00	7.502839730423688409e-03	3.884926305897059423e-02
4.304999999999999716e+00	7.502827100632809484e-03	3.867679408563588772e-02
4.309999999999999609e+00	7.502814574898455241e-03	3.850574322271514693e-02
4.314999999999999503e+00	7.502802152967199059e-03	3.833610708021726460e-02
4.320000000000000284e+00	7.502789834586798268e-03	3.816788228356803037e-02
4.325000000000000178e+00	7.502777619506348535e-03	3.800106547560391096e-02
4.330000000000000071e+00	7.502765507476136415e-03	3.783565331464296133e-02
4.334999999999999964e+00	7.502753498247781601e-03	3.767164247642317693e-02
4.339999999999999858e+00	7.502741591574101608e-03	3.750902965222763230e-02
4.344999999999999751e+00	7.502729787209246222e-03	3.734781155076721121e-02
4.349999999999999645e+00	7.502718084908566523e-03	3.718798489635968818e-02
4.355000000000000426e+00	7.502706484428744993e-03	3.702954643075737073e-02
4.360000000000000320e+00	7.502694985527668878e-03	3.687249291137969370e-02
4.365000000000000213e+00	7.502683587964557692e-03	3.671682111308605806e-02
4.370000000000000107e+00	7.502672291499838317e-03	3.656252782646148697e-02
4.375000000000000000e+00	7.502661095895269902e-03	3.640960985953523715e-02
4.379999999999999893e+00	7.502650000913819832e-03	3.625806403611899625e-02
4.384999999999999787e+00	7.502639006319788625e-03	3.610788719747168307e-02
4.389999999999999680e+00	7.502628111878691976e-03	3.595907620068987398e-02
4.394999999999999574e+00	7.502617317357372639e-03	3.581162792031888920e-02
4.400000000000000355e+00	7.502606622523894618e-03	3.566553924679546905e-02
4.405000000000000249e+00	7.502596027147648110e-03	3.552080708800540998e-02
4.410000000000000142e+00	7.502585530999244558e-03	3.537742836777765798e-02
4.415000000000000036e+00	7.502575133850624203e-03	3.523540002738922289e-02
4.419999999999999929e+00	7.502564835474951135e-03	3.509471902411066824e-02
4.424999999999999822e+00	7.502554635646714772e-03	3.495538233265821360e-02
4.429999999999999716e+00	7.502544534141633581e-03	3.481738694379001020e-02
4.435000000000000497e+00	7.502534530736750494e-03	3.468072986570627098e-02
4.440000000000000391e+00	7.502524625210337493e-03	3.454540812269605438e-02
4.445000000000000284e+00	7.502514817341991889e-03	3.441141875648535964e-02
4.450000000000000178e+00	7.502505106912543513e-03	3.427875882493412046e-02
4.455000000000000071e+00	7.502495493704144924e-03	3.414742540333280674e-02
4.459999999999999964e+00	7.502485977500182937e-03	3.401741558314919089e-02
4.464999999999999858e+00	7.502476558085367959e-03	3.388872647327385856e-02
4.469999999999999751e+00	7.502467235245644656e-03	3.376135519881632435e-02
4.474999999999999645e+00	7.502458008768281283e-03	3.363529890229974978e-02
4.480000000000000426e+00	7.502448878441783826e-03	3.351055474250599908e-02
4.485000000000000320e+00	7.502439844055976657e-03	3.338711989562020283e-02
4.490000000000000213e+00	7.502430905401927079e-03	3.326499155412424719e-02
4.495000000000000107e+00	7.502422062272018181e-03	3.314416692789132896e-02
4.500000000000000000e+00	7.502413314459878586e-03	3.302464324312777422e-02
4.504999999999999893e+00	7.502404661760450101e-03	3.290641774341785536e-02
4.509999999999999787e+00	7.502396103969921799e-03	3.278948768871356445e-02
4.514999999999999680e+00	7.502387640885796807e-03	3.267385035633015022e-02
4.519999999999999574e+00	7.502379272306823783e-03	3.255950303998327022e-02
4.525000000000000355e+00	7.502370998033064571e-03	3.244644305073569879e-02
4.530000000000000249e+00	7.502362817865830015e-03	3.233466771608162205e-02
4.535000000000000142e+00	7.502354731607740676e-03	3.222417438084482222e-02
4.540000000000000036e+00	7.502346739062666983e-03	3.211496040630947013e-02
4.544999999999999929e+00	7.502338840035788214e-03	3.200702317107044503e-02
4.549999999999999822e+00	7.502331034333535251e-03	3.190036007021040260e-02
4.554999999999999716e+00	7.502323321763644352e-03	3.179496851610232738e-02
4.559999999999999609e+00	7.502315702135104250e-03	3.169084593763233509e-02
4.564999999999999503e+00	7.502308175258209921e-03	3.158798978095511689e-02
4.570000000000000284e+00	7.502300740944507079e-03	3.148639750876214977e-02
4.575000000000000178e+00	7.502293399006845949e-03	3.138606660099025475e-02
4.580000000000000071e+00	7.502286149259330093e-03	3.128699455413472275e-02
4.584999999999999964e+00	7.502278991517362383e-03	3.118917888191160420e-02
4.589999999999999858e+00	7.502271925597602496e-03	3.109261711461525080e-02
4.594999999999999751e+00	7.502264951318004214e-03	3.099730679973471820e-02
4.599999999999999645e+00	7.502258068497783330e-03	3.090324550135547382e-02
4.605000000000000426e+00	7.502251276957442802e-03	3.081043080073010698e-02
4.610000000000000320e+00	7.502244576518748466e-03	3.071886029572380716e-02
4.615000000000000213e+00	7.502237967004754191e-03	3.062853160133986730e-02
4.620000000000000107e+00	7.502231448239773254e-03	3.053944234920839482e-02
4.625000000000000000e+00	7.502225020049406966e-03	3.045159018806727416e-02
4.629999999999999893e+00	7.502218682260516046e-03	3.036497278329353816e-02
4.634999999999999787e+00	7.502212434701246643e-03	3.027958781734018875e-02
4.639999999999999680e+00	7.502206277201000847e-03	3.019543298930985747e-02
4.644999999999999574e+00	7.502200209590466178e-03	3.011250601534782786e-02
4.650000000000000355e+00	7.502194231701587827e-03	3.003080462825763464e-02
4.655000000000000249e+00	7.502188343367590349e-03	2.995032657785065902e-02
4.660000000000000142e+00	7.502182544422959440e-03	2.987106963060321904e-02
4.665000000000000036e+00	7.502176834703454082e-03	2.979303156996330679e-02
4.669999999999999929e+00	7.502171214046092669e-03	2.971621019604863898e-02
4.674999999999999822e+00	7.502165682289166880e-03	2.964060332591086921e-02
4.679999999999999716e+00	7.502160239272228671e-03	2.956620879327429355e-02
4.685000000000000497e+00	7.502154884836097215e-03	2.949302444875797138e-02
4.690000000000000391e+00	7.502149618822850224e-03	2.942104815965461417e-02
4.695000000000000284e+00	7.502144441075834363e-03	2.935027781011111114e-02
4.700000000000000178e+00	7.502139351439648766e-03	2.928071130094702171e-02
4.705000000000000071e+00	7.502134349760158916e-03	2.921234654979401602e-02
4.709999999999999964e+00	7.502129435884487968e-03	2.914518149095357211e-02
4.714999999999999858e+00	7.502124609661016755e-03	2.907921407549571638e-02
4.719999999999999751e+00	7.502119870939379445e-03	2.901444227115550570e-02
4.724999999999999645e+00	7.502115219570470485e-03	2.895086406239161247e-02
4.730000000000000426e+00	7.502110655406437657e-03	2.888847745032097764e-02
4.735000000000000320e+00	7.502106178300677747e-03	2.882728045273770870e-02
4.740000000000000213e+00	7.502101788107846080e-03	2.876727110408554278e-02
4.745000000000000107e+00	7.502097484683844381e-03	2.870844745543741847e-02
4.750000000000000000e+00	7.502093267885823376e-03	2.865080757450532561e-02
4.754999999999999893e+00	7.502089137572181925e-03	2.859434954558113043e-02
4.759999999999999787e+00	7.502085093602569622e-03	2.853907146958326035e-02
4.764999999999999680e+00	7.502081135837874656e-03	2.848497146395905996e-02
4.769999999999999574e+00	7.502077264140235083e-03	2.843204766276800216e-02
4.775000000000000355e+00	7.502073478373025815e-03	2.838029821654625487e-02
4.780000000000000249e+00	7.502069778400869901e-03	2.832972129242579060e-02
4.785000000000000142e+00	7.502066164089621174e-03	2.828031507396141370e-02
4.790000000000000036e+00	7.502062635306378999e-03	2.823207776128533811e-02
4.794999999999999929e+00	7.502059191919471792e-03	2.818500757089745234e-02
4.799999999999999822e+00	7.502055833798470900e-03	2.813910273585480681e-02
4.804999999999999716e+00	7.502052560814171517e-03	2.809436150552546696e-02
4.809999999999999609e+00	7.502049372838610897e-03	2.805078214581250770e-02
4.814999999999999503e+00	7.502046269745044939e-03	2.800836293887178433e-02
4.820000000000000284e+00	7.502043251407968134e-03	2.796710218337004894e-02
4.825000000000000178e+00	7.502040317703091016e-03	2.792699819416724627e-02
4.830000000000000071e+00	7.502037468507359239e-03	2.788804930260814843e-02
4.834999999999999964e+00	7.502034703698931030e-03	2.785025385616968566e-02
4.839999999999999858e+00	7.502032023157195403e-03	2.781361021878557202e-02
4.844999999999999751e+00	7.502029426762748740e-03	2.777811677045922620e-02
4.849999999999999645e+00	7.502026914397420809e-03	2.774377190762096837e-02
4.855000000000000426e+00	7.502024485944238340e-03	2.771057404270679467e-02
4.860000000000000320e+00	7.502022141287459714e-03	2.767852160454769769e-02
4.865000000000000213e+00	7.502019880312535936e-03	2.764761303791500591e-02
4.870000000000000107e+00	7.502017702906147063e-03	2.761784680394125183e-02
4.875000000000000000e+00	7.502015608956161437e-03	2.758922137963248575e-02
4.879999999999999893e+00	7.502013598351671246e-03	2.756173525832021631e-02
4.884999999999999787e+00	7.502011670982955231e-03	2.753538694914113918e-02
4.889999999999999680e+00	7.502009826741508174e-03	2.751017497751977875e-02
4.894999999999999574e+00	7.502008065520009671e-03	2.748609788461617645e-02
4.900000000000000355e+00	7.502006387212351891e-03	2.746315422783858137e-02
4.905000000000000249e+00	7.502004791713603148e-03	2.744134258025965681e-02
4.910000000000000142e+00	7.502003278920045190e-03	2.742066153115869584e-02
4.915000000000000036e+00	7.502001848729129840e-03	2.740110968540682146e-02
4.919999999999999929e+00	7.502000501039517155e-03	2.738268566403840448e-02
4.924999999999999822e+00	7.501999235751029456e-03	2.736538810360567703e-02
4.929999999999999716e+00	7.501998052764698166e-03	2.734921565677874908e-02
4.935000000000000497e+00	7.501996951982710903e-03	2.733416699167018696e-02
4.940000000000000391e+00	7.501995933308458313e-03	2.732024079246317752e-02
4.945000000000000284e+00	7.501994996646482033e-03	2.730743575870654347e-02
4.950000000000000178e+00	7.501994141902522395e-03	2.729575060597048616e-02
4.955000000000000071e+00	7.501993368983467247e-03	2.728518406511266231e-02
4.959999999999999964e+00	7.501992677797397931e-03	2.727573488296104048e-02
4.964999999999999858e+00	7.501992068253533763e-03	2.726740182155139997e-02
4.969999999999999751e+00	7.501991540262288420e-03	2.726018365883679448e-02
4.974999999999999645e+00	7.501991093735206617e-03	2.725407918789709075e-02
4.980000000000000426e+00	7.501990728585022222e-03	2.724908721767453634e-02
4.985000000000000320e+00	7.501990444725593205e-03	2.724520657215580288e-02
4.990000000000000213e+00	7.501990242071961482e-03	2.724243609113313064e-02
4.995000000000000107e+00	7.501990120540289603e-03	2.724077462935939678e-02
5.000000000000000000e+00	7.501990080047918862e-03	2.724022105733434410e-02
