# coordinate_x	h	p	@time=661.29
0.000000000000000000e+00	2.700041962498597181e-01	5.715596882537878898e-01
5.000000000000000104e-03	2.700006285920587001e-01	5.715596881500448756e-01
1.000000000000000021e-02	2.699899256198243780e-01	5.715596878387639856e-01
1.499999999999999944e-02	2.699720873344156336e-01	5.715596873198890426e-01
2.000000000000000042e-02	2.699471137388902986e-01	5.715596865932840442e-01
2.500000000000000139e-02	2.699150048367546240e-01	5.715596856587927821e-01
2.999999999999999889e-02	2.698757606332730652e-01	5.715596845161809991e-01
3.500000000000000333e-02	2.698293811341526682e-01	5.715596831651944543e-01
4.000000000000000083e-02	2.697758663468624030e-01	5.715596816055001916e-01
4.499999999999999833e-02	2.697152162793168828e-01	5.715596798367456044e-01
5.000000000000000278e-02	2.696474309411994175e-01	5.715596778584989268e-01
5.500000000000000028e-02	2.695725103426433455e-01	5.715596756703078540e-01
5.999999999999999778e-02	2.694904544955594172e-01	5.715596732716408113e-01
6.500000000000000222e-02	2.694012634123144068e-01	5.715596706619451295e-01
7.000000000000000666e-02	2.693049371070629916e-01	5.715596678405883146e-01
7.500000000000001110e-02	2.692014755944232007e-01	5.715596648069162233e-01
8.000000000000000167e-02	2.690908788908135674e-01	5.715596615601938879e-01
8.499999999999999223e-02	2.689731470131241919e-01	5.715596580996643583e-01
8.999999999999999667e-02	2.688482799800607226e-01	5.715596544244886390e-01
9.500000000000000111e-02	2.687162778108097005e-01	5.715596505338053079e-01
1.000000000000000056e-01	2.685771405263902012e-01	5.715596464266697874e-01
1.050000000000000100e-01	2.684308681483132397e-01	5.715596421021140738e-01
1.100000000000000006e-01	2.682774606999410727e-01	5.715596375590862310e-01
1.149999999999999911e-01	2.681169182051403310e-01	5.715596327965092316e-01
1.199999999999999956e-01	2.679492406896499812e-01	5.715596278132214492e-01
1.250000000000000000e-01	2.677744281797269088e-01	5.715596226080351672e-01
1.300000000000000044e-01	2.675924807035238717e-01	5.715596171796760716e-01
1.350000000000000089e-01	2.674033982897264239e-01	5.715596115268429811e-01
1.400000000000000133e-01	2.672071809689418043e-01	5.715596056481465626e-01
1.450000000000000178e-01	2.670038287723265902e-01	5.715595995421689501e-01
1.499999999999999944e-01	2.667933417329867996e-01	5.715595932074030161e-01
1.549999999999999989e-01	2.665757198845961073e-01	5.715595866423111016e-01
1.600000000000000033e-01	2.663509632628081047e-01	5.715595798452643983e-01
1.650000000000000078e-01	2.661190719038633579e-01	5.715595728146025678e-01
1.700000000000000122e-01	2.658800458460156557e-01	5.715595655485715687e-01
1.749999999999999889e-01	2.656338851281269120e-01	5.715595580453841640e-01
1.799999999999999933e-01	2.653805897911077905e-01	5.715595503031574154e-01
1.849999999999999978e-01	2.651201598765001721e-01	5.715595423199730796e-01
1.900000000000000022e-01	2.648525954279329908e-01	5.715595340938153246e-01
1.950000000000000067e-01	2.645778964896911001e-01	5.715595256226304599e-01
2.000000000000000111e-01	2.642960631081875400e-01	5.715595169042647639e-01
2.050000000000000155e-01	2.640070953305179158e-01	5.715595079365243247e-01
2.099999999999999922e-01	2.637109932059503170e-01	5.715594987171129793e-01
2.149999999999999967e-01	2.634077567844636536e-01	5.715594892436915986e-01
2.200000000000000011e-01	2.630973861182566709e-01	5.715594795138158046e-01
2.250000000000000056e-01	2.627798812602695211e-01	5.715594695249959223e-01
2.300000000000000100e-01	2.624552422657127071e-01	5.715594592746334746e-01
2.349999999999999867e-01	2.621234691905707237e-01	5.715594487600823559e-01
2.399999999999999911e-01	2.617845620931523176e-01	5.715594379785839951e-01
2.449999999999999956e-01	2.614385210325752551e-01	5.715594269273291950e-01
2.500000000000000000e-01	2.610853460703388418e-01	5.715594156033930728e-01
2.550000000000000044e-01	2.607250372687888729e-01	5.715594040037962342e-01
2.600000000000000089e-01	2.603575946927136342e-01	5.715593921254401577e-01
2.650000000000000133e-01	2.599830184077878137e-01	5.715593799651682572e-01
2.700000000000000178e-01	2.596013084821938155e-01	5.715593675197004897e-01
2.750000000000000222e-01	2.592124649850426898e-01	5.715593547856954171e-01
2.800000000000000266e-01	2.588164879880223146e-01	5.715593417596833703e-01
2.850000000000000311e-01	2.584133775637947883e-01	5.715593284381289552e-01
2.899999999999999800e-01	2.580031337876724229e-01	5.715593148173648830e-01
2.949999999999999845e-01	2.575857567359898237e-01	5.715593008936528108e-01
2.999999999999999889e-01	2.571612464878100801e-01	5.715592866631175051e-01
3.049999999999999933e-01	2.567296031232700337e-01	5.715592721218085703e-01
3.099999999999999978e-01	2.562908267253177774e-01	5.715592572656329473e-01
3.150000000000000022e-01	2.558449173780300012e-01	5.715592420904175297e-01
3.200000000000000067e-01	2.553918751683825761e-01	5.715592265918406634e-01
3.250000000000000111e-01	2.549317001845384234e-01	5.715592107654952070e-01
3.300000000000000155e-01	2.544643925176529597e-01	5.715591946068196982e-01
3.350000000000000200e-01	2.539899522601308801e-01	5.715591781111609704e-01
3.400000000000000244e-01	2.535083795074685176e-01	5.715591612737050964e-01
3.449999999999999734e-01	2.530196743564774309e-01	5.715591440895401165e-01
3.499999999999999778e-01	2.525238369071662881e-01	5.715591265535866494e-01
3.549999999999999822e-01	2.520208672609294265e-01	5.715591086606600646e-01
3.599999999999999867e-01	2.515107655224697036e-01	5.715590904054009824e-01
3.649999999999999911e-01	2.509935317979509195e-01	5.715590717823377798e-01
3.699999999999999956e-01	2.504691661969639660e-01	5.715590527858158687e-01
3.750000000000000000e-01	2.499376688306405858e-01	5.715590334100604242e-01
3.800000000000000044e-01	2.493990398136652631e-01	5.715590136491055517e-01
3.850000000000000089e-01	2.488532792623486811e-01	5.715589934968563490e-01
3.900000000000000133e-01	2.483003872966878245e-01	5.715589729470175184e-01
3.950000000000000178e-01	2.477403640383966654e-01	5.715589519931560947e-01
4.000000000000000222e-01	2.471732096130174472e-01	5.715589306286290583e-01
4.050000000000000266e-01	2.465989241479061289e-01	5.715589088466452861e-01
4.099999999999999756e-01	2.460175077743975147e-01	5.715588866401938306e-01
4.149999999999999800e-01	2.454289606257434864e-01	5.715588640021045386e-01
4.199999999999999845e-01	2.448332828393349203e-01	5.715588409249763302e-01
4.249999999999999889e-01	2.442304745545899325e-01	5.715588174012378175e-01
4.299999999999999933e-01	2.436205359152357752e-01	5.715587934230745848e-01
4.349999999999999978e-01	2.430034670671444574e-01	5.715587689824889184e-01
4.400000000000000022e-01	2.423792681606783128e-01	5.715587440712283085e-01
4.450000000000000067e-01	2.417479393484698313e-01	5.715587186808429587e-01
4.500000000000000111e-01	2.411094807878343127e-01	5.715586928026143987e-01
4.550000000000000155e-01	2.404638926384914110e-01	5.715586664276125495e-01
4.600000000000000200e-01	2.398111750650485652e-01	5.715586395466242253e-01
4.649999999999999689e-01	2.391513282346607316e-01	5.715586121502086447e-01
4.699999999999999734e-01	2.384843523195890325e-01	5.715585842286260432e-01
4.749999999999999778e-01	2.378102474947953182e-01	5.715585557718920739e-01
4.799999999999999822e-01	2.371290139405800579e-01	5.715585267697066429e-01
4.849999999999999867e-01	2.364406518401084567e-01	5.715584972115065332e-01
4.899999999999999911e-01	2.357451613821322234e-01	5.715584670863945727e-01
4.949999999999999956e-01	2.350425427584431903e-01	5.715584363831901493e-01
5.000000000000000000e-01	2.343327961666843151e-01	5.715584050903593782e-01
5.050000000000000044e-01	2.336159218077264177e-01	5.715583731960630631e-01
5.100000000000000089e-01	2.328919198885737452e-01	5.715583406880877515e-01
5.150000000000000133e-01	2.321607906196599402e-01	5.715583075538909208e-01
5.200000000000000178e-01	2.314225342178534428e-01	5.715582737805331437e-01
5.250000000000000222e-01	2.306771509036680268e-01	5.715582393547199436e-01
5.300000000000000266e-01	2.299246409043745887e-01	5.715582042627357362e-01
5.350000000000000311e-01	2.291650044511210904e-01	5.715581684904817994e-01
5.400000000000000355e-01	2.283982417821572020e-01	5.715581320234116580e-01
5.450000000000000400e-01	2.276243531398586262e-01	5.715580948465653899e-01
5.500000000000000444e-01	2.268433387740716178e-01	5.715580569445065651e-01
5.550000000000000488e-01	2.260551989390359728e-01	5.715580183013522220e-01
5.600000000000000533e-01	2.252599338968570286e-01	5.715579789007119160e-01
5.649999999999999467e-01	2.244575439143215168e-01	5.715579387257122557e-01
5.699999999999999512e-01	2.236480292665051217e-01	5.715578977589391707e-01
5.749999999999999556e-01	2.228313902334746466e-01	5.715578559824555649e-01
5.799999999999999600e-01	2.220076271040401783e-01	5.715578133777475811e-01
5.849999999999999645e-01	2.211767401723365445e-01	5.715577699257352595e-01
5.899999999999999689e-01	2.203387297417297164e-01	5.715577256067222445e-01
5.949999999999999734e-01	2.194935961212700626e-01	5.715576804003984490e-01
5.999999999999999778e-01	2.186413396297634260e-01	5.715576342857949799e-01
6.049999999999999822e-01	2.177819605920881529e-01	5.715575872412774761e-01
6.099999999999999867e-01	2.169154593434418909e-01	5.715575392445054748e-01
6.149999999999999911e-01	2.160418362255141778e-01	5.715574902724168682e-01
6.199999999999999956e-01	2.151610915909208666e-01	5.715574403011924876e-01
6.250000000000000000e-01	2.142732257992230605e-01	5.715573893062290134e-01
6.300000000000000044e-01	2.133782392215622381e-01	5.715573372621108872e-01
6.350000000000000089e-01	2.124761322365157079e-01	5.715572841425696771e-01
6.400000000000000133e-01	2.115669052349469226e-01	5.715572299204646489e-01
6.450000000000000178e-01	2.106505586156863508e-01	5.715571745677268112e-01
6.500000000000000222e-01	2.097270927906127458e-01	5.715571180553481456e-01
6.550000000000000266e-01	2.087965081801479716e-01	5.715570603533102201e-01
6.600000000000000311e-01	2.078588052185858515e-01	5.715570014305829671e-01
6.650000000000000355e-01	2.069139843493886244e-01	5.715569412550346451e-01
6.700000000000000400e-01	2.059620460307819700e-01	5.715568797934422740e-01
6.750000000000000444e-01	2.050029907308393573e-01	5.715568170113805024e-01
6.800000000000000488e-01	2.040368189333634230e-01	5.715567528732458102e-01
6.850000000000000533e-01	2.030635311327437520e-01	5.715566873421205063e-01
6.899999999999999467e-01	2.020831278401465092e-01	5.715566203798133627e-01
6.949999999999999512e-01	2.010956095781296360e-01	5.715565519466958566e-01
6.999999999999999556e-01	2.001009768871651329e-01	5.715564820017601244e-01
7.049999999999999600e-01	1.990992303199945468e-01	5.715564105024242281e-01
7.099999999999999645e-01	1.980903704485099948e-01	5.715563374046114253e-01
7.149999999999999689e-01	1.970743978578312350e-01	5.715562626625189102e-01
7.199999999999999734e-01	1.960513131535749631e-01	5.715561862287203976e-01
7.249999999999999778e-01	1.950211169556327617e-01	5.715561080538960059e-01
7.299999999999999822e-01	1.939838099058605603e-01	5.715560280869598220e-01
7.349999999999999867e-01	1.929393926615355359e-01	5.715559462747449304e-01
7.399999999999999911e-01	1.918878659035009870e-01	5.715558625621615096e-01
7.449999999999999956e-01	1.908292303292776770e-01	5.715557768918293480e-01
7.500000000000000000e-01	1.897634866617033955e-01	5.715556892042716886e-01
7.550000000000000044e-01	1.886906356416720720e-01	5.715555994374875715e-01
7.600000000000000089e-01	1.876106780373113792e-01	5.715555075271855356e-01
7.650000000000000133e-01	1.865236146363201952e-01	5.715554134062892366e-01
7.700000000000000178e-01	1.854294462557322942e-01	5.715553170052163345e-01
7.750000000000000222e-01	1.843281737338206827e-01	5.715552182513065071e-01
7.800000000000000266e-01	1.832197979405001398e-01	5.715551170691536287e-01
7.850000000000000311e-01	1.821043197687630122e-01	5.715550133799448540e-01
7.900000000000000355e-01	1.809817401457806396e-01	5.715549071018534155e-01
7.950000000000000400e-01	1.798520600238319445e-01	5.715547981492756779e-01
8.000000000000000444e-01	1.787152803921693844e-01	5.715546864332941013e-01
8.050000000000000488e-01	1.775714022673980930e-01	5.715545718607979442e-01
8.100000000000000533e-01	1.764204267061800224e-01	5.715544543350251638e-01
8.149999999999999467e-01	1.752623547950173111e-01	5.715543337545507807e-01
8.199999999999999512e-01	1.740971876638771620e-01	5.715542100139195947e-01
8.249999999999999556e-01	1.729249264753269233e-01	5.715540830024814500e-01
8.299999999999999600e-01	1.717455724391735439e-01	5.715539526051296448e-01
8.349999999999999645e-01	1.705591268008929406e-01	5.715538187009590043e-01
8.399999999999999689e-01	1.693655908573879765e-01	5.715536811641268589e-01
8.449999999999999734e-01	1.681649659446486644e-01	5.715535398623061702e-01
8.499999999999999778e-01	1.669572534547470732e-01	5.715533946576878410e-01
8.549999999999999822e-01	1.657424548226576477e-01	5.715532454051978073e-01
8.599999999999999867e-01	1.645205715446219075e-01	5.715530919536616627e-01
8.649999999999999911e-01	1.632916051640505573e-01	5.715529341437494137e-01
8.699999999999999956e-01	1.620555572914092468e-01	5.715527718093279530e-01
8.750000000000000000e-01	1.608124295891149025e-01	5.715526047750886240e-01
8.800000000000000044e-01	1.595622237931143550e-01	5.715524328581188529e-01
8.850000000000000089e-01	1.583049416966766654e-01	5.715522558651600082e-01
8.900000000000000133e-01	1.570405851738610192e-01	5.715520735944346065e-01
8.950000000000000178e-01	1.557691561620956622e-01	5.715518858324727391e-01
9.000000000000000222e-01	1.544906566877583820e-01	5.715516923562361518e-01
9.050000000000000266e-01	1.532050888474198458e-01	5.715514929294410740e-01
9.100000000000000311e-01	1.519124548357935756e-01	5.715512873050296871e-01
9.150000000000000355e-01	1.506127569255051590e-01	5.715510752209009837e-01
9.200000000000000400e-01	1.493059974977077042e-01	5.715508564027903526e-01
9.250000000000000444e-01	1.479921790202217979e-01	5.715506305593036629e-01
9.300000000000000488e-01	1.466713040811570834e-01	5.715503973852752440e-01
9.350000000000000533e-01	1.453433753652478011e-01	5.715501565559821806e-01
9.399999999999999467e-01	1.440083956908758123e-01	5.715499077310640663e-01
9.449999999999999512e-01	1.426663679844034638e-01	5.715496505477669631e-01
9.499999999999999556e-01	1.413172953210573013e-01	5.715493846255277344e-01
9.549999999999999600e-01	1.399611808970336047e-01	5.715491095580648162e-01
9.599999999999999645e-01	1.385980280747786397e-01	5.715488249187501424e-01
9.649999999999999689e-01	1.372278403526120960e-01	5.715485302513264587e-01
9.699999999999999734e-01	1.358506214150313196e-01	5.715482250762142780e-01
9.749999999999999778e-01	1.344663750995622742e-01	5.715479088795868412e-01
9.799999999999999822e-01	1.330751054528262478e-01	5.715475811207920698e-01
9.849999999999999867e-01	1.316768166942871854e-01	5.715472412194566587e-01
9.899999999999999911e-01	1.302715132789527275e-01	5.715468885642406294e-01
9.949999999999999956e-01	1.288591998576393560e-01	5.715465224975664338e-01
1.000000000000000000e+00	1.274398813473427150e-01	5.715461423259732276e-01
1.004999999999999893e+00	1.260135628875866942e-01	5.715457473019727175e-01
1.010000000000000009e+00	1.245802499196966701e-01	5.715453366363294485e-01
1.015000000000000124e+00	1.231399481387340927e-01	5.715449094764248894e-01
1.020000000000000018e+00	1.216926635831518666e-01	5.715444649208669681e-01
1.024999999999999911e+00	1.202384025817398588e-01	5.715440019935896787e-01
1.030000000000000027e+00	1.187771718554437445e-01	5.715435196612932423e-01
1.035000000000000142e+00	1.173089784586605899e-01	5.715430168023073465e-01
1.040000000000000036e+00	1.158338298953780626e-01	5.715424922274872088e-01
1.044999999999999929e+00	1.143517340540550348e-01	5.715419446426137640e-01
1.050000000000000044e+00	1.128626993407108453e-01	5.715413726735280031e-01
1.055000000000000160e+00	1.113667346065057850e-01	5.715407748205111327e-01
1.060000000000000053e+00	1.098638493010039435e-01	5.715401494886406253e-01
1.064999999999999947e+00	1.083540533914266607e-01	5.715394949321581652e-01
1.070000000000000062e+00	1.068373575400679565e-01	5.715388092912969675e-01
1.075000000000000178e+00	1.053137730140310951e-01	5.715380905240676768e-01
1.080000000000000071e+00	1.037833118917402681e-01	5.715373364511517895e-01
1.084999999999999964e+00	1.022459869617779876e-01	5.715365446717687314e-01
1.090000000000000080e+00	1.007018119646851534e-01	5.715357126186848546e-01
1.095000000000000195e+00	9.915080147929626608e-02	5.715348374537928544e-01
1.100000000000000089e+00	9.759297120764073852e-02	5.715339161358894415e-01
1.104999999999999982e+00	9.602833784691965080e-02	5.715329452901963814e-01
1.110000000000000098e+00	9.445691942745200465e-02	5.715319212923682946e-01
1.115000000000000213e+00	9.287873516815352282e-02	5.715308401042645814e-01
1.120000000000000107e+00	9.129380588029510635e-02	5.715296973787402646e-01
1.125000000000000000e+00	8.970215380403077921e-02	5.715284882513129716e-01
1.129999999999999893e+00	8.810380309452305048e-02	5.715272074717822059e-01
1.134999999999999787e+00	8.649877963674049153e-02	5.715258491376984384e-01
1.139999999999999902e+00	8.488711163563369966e-02	5.715244068609102168e-01
1.145000000000000018e+00	8.326882940610703943e-02	5.715228734234408803e-01
1.149999999999999911e+00	8.164396609596760723e-02	5.715212409899247392e-01
1.154999999999999805e+00	8.001255744772445277e-02	5.715195006588621451e-01
1.159999999999999920e+00	7.837464269281005369e-02	5.715176427359489608e-01
1.165000000000000036e+00	7.673026428177980029e-02	5.715156561425362991e-01
1.169999999999999929e+00	7.507946900207848606e-02	5.715135287706258893e-01
1.174999999999999822e+00	7.342230767348609244e-02	5.715112466938395697e-01
1.179999999999999938e+00	7.175883656140132072e-02	5.715087946332082502e-01
1.185000000000000053e+00	7.008911703535375404e-02	5.715061548910389533e-01
1.189999999999999947e+00	6.841321737840973249e-02	5.715033079689051387e-01
1.194999999999999840e+00	6.673121240886735472e-02	5.715002311065268126e-01
1.199999999999999956e+00	6.504318582874978050e-02	5.714968991117070907e-01
1.205000000000000071e+00	6.334922981356932992e-02	5.714932823263676465e-01
1.209999999999999964e+00	6.164944810674714143e-02	5.714893477560422097e-01
1.214999999999999858e+00	5.994395559168197440e-02	5.714850561891450242e-01
1.219999999999999973e+00	5.823288243728690777e-02	5.714803637567847927e-01
1.225000000000000089e+00	5.651637368448211851e-02	5.714752177737386640e-01
1.229999999999999982e+00	5.479459490295802288e-02	5.714695589275824439e-01
1.234999999999999876e+00	5.306773185813469518e-02	5.714633151443369030e-01
1.239999999999999991e+00	5.133599838942296684e-02	5.714564047163070981e-01
1.245000000000000107e+00	4.959963628822555703e-02	5.714487270348757031e-01
1.250000000000000000e+00	4.785892652302401601e-02	5.714401671496809332e-01
1.254999999999999893e+00	4.611418958300367993e-02	5.714305813861977335e-01
1.260000000000000009e+00	4.436580188458142532e-02	5.714198041419235041e-01
1.265000000000000124e+00	4.261419707737494622e-02	5.714076248753241494e-01
1.270000000000000018e+00	4.085989071820261831e-02	5.713937984974576390e-01
1.274999999999999911e+00	3.910348351860076094e-02	5.713780072626630790e-01
1.280000000000000027e+00	3.734569965669191222e-02	5.713598771288480593e-01
1.285000000000000142e+00	3.558739392919822025e-02	5.713389121195144860e-01
1.290000000000000036e+00	3.382961339065389955e-02	5.713145209798904389e-01
1.294999999999999929e+00	3.207361242509599447e-02	5.712858989812490407e-01
1.300000000000000044e+00	3.032095584788706971e-02	5.712520732005402779e-01
1.305000000000000160e+00	2.857355026670480719e-02	5.712116787548371377e-01
1.310000000000000053e+00	2.683382372677807146e-02	5.711630399381278922e-01
1.314999999999999947e+00	2.510479093673521553e-02	5.711037226296680203e-01
1.320000000000000062e+00	2.339037855071398123e-02	5.710306908429837458e-01
1.325000000000000178e+00	2.169556000334275925e-02	5.709393591317689642e-01
1.330000000000000071e+00	2.002695848036654611e-02	5.708239299440104331e-01
1.334999999999999964e+00	1.839311231173358999e-02	5.706752884225523292e-01
1.340000000000000080e+00	1.680556024186371372e-02	5.704818612402460243e-01
1.345000000000000195e+00	1.527925653644220116e-02	5.702248944154501009e-01
1.350000000000000089e+00	1.383412789139425517e-02	5.698811503083297536e-01
1.354999999999999982e+00	1.249504447039798474e-02	5.694134765369314177e-01
1.360000000000000098e+00	1.129184429749886288e-02	5.687804560967997247e-01
1.365000000000000213e+00	1.025567642715942245e-02	5.679252565154040422e-01
1.370000000000000107e+00	9.411146123614169690e-03	5.668032793244354162e-01
1.375000000000000000e+00	8.767590959265313469e-03	5.653839223828278637e-01
1.379999999999999893e+00	8.310404756595368356e-03	5.636762672107061833e-01
1.384999999999999787e+00	8.006919444877347997e-03	5.617283180899371731e-01
1.389999999999999902e+00	7.816106575310698135e-03	5.595981960567788516e-01
1.395000000000000018e+00	7.700671492463295915e-03	5.573515257499661590e-01
1.399999999999999911e+00	7.632828659970358233e-03	5.550310442600003835e-01
1.404999999999999805e+00	7.593390240107814916e-03	5.526717519768210574e-01
1.409999999999999920e+00	7.570792991872765144e-03	5.502917736467801690e-01
1.415000000000000036e+00	7.557795025296918170e-03	5.479043687925356787e-01
1.419999999999999929e+00	7.550365934995040447e-03	5.455158403775888232e-01
1.424999999999999822e+00	7.546060551043069081e-03	5.431306249714411560e-01
1.429999999999999938e+00	7.543554566579387631e-03	5.407507590425196797e-01
1.435000000000000053e+00	7.542052688029334505e-03	5.383776516763748576e-01
1.439999999999999947e+00	7.541128041446075111e-03	5.360119301590978713e-01
1.444999999999999840e+00	7.540525118417473055e-03	5.336540194482680688e-01
1.449999999999999956e+00	7.540107185623406288e-03	5.313040946964378008e-01
1.455000000000000071e+00	7.539792490684935414e-03	5.289622668531178684e-01
1.459999999999999964e+00	7.539537330448477410e-03	5.266285677077379157e-01
1.464999999999999858e+00	7.539315584985844913e-03	5.243030089671308902e-01
1.469999999999999973e+00	7.539113296490795521e-03	5.219855774736871235e-01
1.475000000000000089e+00	7.538922123635476841e-03	5.196762539950342541e-01
1.479999999999999982e+00	7.538737609224748989e-03	5.173750116573673230e-01
1.484999999999999876e+00	7.538557089115349198e-03	5.150818219444018853e-01
1.489999999999999991e+00	7.538379139067504474e-03	5.127966541506477904e-01
1.495000000000000107e+00	7.538202907088175329e-03	5.105194773234154049e-01
1.500000000000000000e+00	7.538027936878809870e-03	5.082502600408436155e-01
1.504999999999999893e+00	7.537853954736245532e-03	5.059889710671184870e-01
1.510000000000000009e+00	7.537680813215457375e-03	5.037355792348012784e-01
1.515000000000000124e+00	7.537508423135134625e-03	5.014900536913644569e-01
1.520000000000000018e+00	7.537336735602575763e-03	4.992523638158504751e-01
1.524999999999999911e+00	7.537165720326356906e-03	4.970224793349874992e-01
1.530000000000000027e+00	7.536995359879851940e-03	4.948003702519425673e-01
1.535000000000000142e+00	7.536825642787910173e-03	4.925860069201981051e-01
1.540000000000000036e+00	7.536656561693928433e-03	4.903793599772940937e-01
1.544999999999999929e+00	7.536488111158846058e-03	4.881804004044293932e-01
1.550000000000000044e+00	7.536320287073031143e-03	4.859890994628939254e-01
1.555000000000000160e+00	7.536153085957901683e-03	4.838054287482854154e-01
1.560000000000000053e+00	7.535986504774728686e-03	4.816293601288566539e-01
1.564999999999999947e+00	7.535820540705235292e-03	4.794608657971966004e-01
1.570000000000000062e+00	7.535655191087001735e-03	4.772999182102043436e-01
1.575000000000000178e+00	7.535490453346650741e-03	4.751464901391734830e-01
1.580000000000000071e+00	7.535326324975682825e-03	4.730005546112564518e-01
1.584999999999999964e+00	7.535162803512211391e-03	4.708620849582831891e-01
1.590000000000000080e+00	7.534999886529765087e-03	4.687310547596334476e-01
1.595000000000000195e+00	7.534837571634430721e-03	4.666074378899279229e-01
1.600000000000000089e+00	7.534675856457852781e-03	4.644912084632416560e-01
1.604999999999999982e+00	7.534514738659224900e-03	4.623823408797422263e-01
1.610000000000000098e+00	7.534354215919713584e-03	4.602808097711886259e-01
1.615000000000000213e+00	7.534194285945919854e-03	4.581865900465690866e-01
1.620000000000000107e+00	7.534034946464835542e-03	4.560996568388304140e-01
1.625000000000000000e+00	7.533876195227716052e-03	4.540199855495620773e-01
1.629999999999999893e+00	7.533718030005280390e-03	4.519475517969052114e-01
1.634999999999999787e+00	7.533560448591653316e-03	4.498823314593247136e-01
1.639999999999999902e+00	7.533403448799711084e-03	4.478243006246485636e-01
1.645000000000000018e+00	7.533247028464995845e-03	4.457734356329681735e-01
1.649999999999999911e+00	7.533091185441178478e-03	4.437297130267612855e-01
1.654999999999999805e+00	7.532935917603905338e-03	4.416931095929578777e-01
1.659999999999999920e+00	7.532781222846356498e-03	4.396636023141013982e-01
1.665000000000000036e+00	7.532627099083037854e-03	4.376411684096183641e-01
1.669999999999999929e+00	7.532473544245420899e-03	4.356257852879736325e-01
1.674999999999999822e+00	7.532320556285663701e-03	4.336174305871778323e-01
1.679999999999999938e+00	7.532168133172348692e-03	4.316160821278962056e-01
1.685000000000000053e+00	7.532016272894132523e-03	4.296217179532277330e-01
1.689999999999999947e+00	7.531864973455562780e-03	4.276343162827276889e-01
1.694999999999999840e+00	7.531714232880665390e-03	4.256538555514889910e-01
1.699999999999999956e+00	7.531564049208848075e-03	4.236803143650418879e-01
1.705000000000000071e+00	7.531414420498419235e-03	4.217136715377691192e-01
1.709999999999999964e+00	7.531265344822571199e-03	4.197539060486445983e-01
1.714999999999999858e+00	7.531116820272836659e-03	4.178009970790121375e-01
1.719999999999999973e+00	7.530968844955149982e-03	4.158549239691284316e-01
1.725000000000000089e+00	7.530821416993242930e-03	4.139156662553338251e-01
1.729999999999999982e+00	7.530674534524785767e-03	4.119832036273662901e-01
1.734999999999999876e+00	7.530528195704716196e-03	4.100575159649508250e-01
1.739999999999999991e+00	7.530382398701454191e-03	4.081385832958513427e-01
1.745000000000000107e+00	7.530237141700180624e-03	4.062263858319064558e-01
1.750000000000000000e+00	7.530092422899116282e-03	4.043209039277881334e-01
1.754999999999999893e+00	7.529948240512750191e-03	4.024221181165076877e-01
1.760000000000000009e+00	7.529804592768180212e-03	4.005300090688520553e-01
1.765000000000000124e+00	7.529661477908298865e-03	3.986445576283845771e-01
1.770000000000000018e+00	7.529518894188185971e-03	3.967657447715300933e-01
1.774999999999999911e+00	7.529376839878250231e-03	3.948935516420926661e-01
1.780000000000000027e+00	7.529235313260689531e-03	3.930279595119628433e-01
1.785000000000000142e+00	7.529094312632577876e-03	3.911689498151750266e-01
1.790000000000000036e+00	7.528953836302385537e-03	3.893165041092106482e-01
1.794999999999999929e+00	7.528813882593021756e-03	3.874706041086143360e-01
1.800000000000000044e+00	7.528674449838413003e-03	3.856312316468692436e-01
1.805000000000000160e+00	7.528535536386499714e-03	3.837983687095934959e-01
1.810000000000000053e+00	7.528397140595868321e-03	3.819719973969620264e-01
1.814999999999999947e+00	7.528259260838709825e-03	3.801520999565025649e-01
1.820000000000000062e+00	7.528121895497503005e-03	3.783386587460413897e-01
1.825000000000000178e+00	7.527985042967932222e-03	3.765316562661178978e-01
1.830000000000000071e+00	7.527848701655617467e-03	3.747310751234317339e-01
1.834999999999999964e+00	7.527712869979000937e-03	3.729368980628929853e-01
1.840000000000000080e+00	7.527577546366120455e-03	3.711491079315502595e-01
1.845000000000000195e+00	7.527442729257462217e-03	3.693676877102941569e-01
1.850000000000000089e+00	7.527308417102777580e-03	3.675926204782449247e-01
1.854999999999999982e+00	7.527174608363899379e-03	3.658238894441249722e-01
1.860000000000000098e+00	7.527041301511611625e-03	3.640614779110881161e-01
1.865000000000000213e+00	7.526908495028425058e-03	3.623053693077764037e-01
1.870000000000000107e+00	7.526776187405486741e-03	3.605555471535719092e-01
1.875000000000000000e+00	7.526644377145332195e-03	3.588119950893519650e-01
1.879999999999999893e+00	7.526513062758832286e-03	3.570746968431466883e-01
1.884999999999999787e+00	7.526382242767908938e-03	3.553436362606077203e-01
1.889999999999999902e+00	7.526251915702530590e-03	3.536187972710524430e-01
1.895000000000000018e+00	7.526122080103394944e-03	3.519001639176611018e-01
1.899999999999999911e+00	7.525992734518958255e-03	3.501877203238911163e-01
1.904999999999999805e+00	7.525863877508092922e-03	3.484814507234147984e-01
1.909999999999999920e+00	7.525735507637155812e-03	3.467813394268889349e-01
1.915000000000000036e+00	7.525607623482618094e-03	3.450873708516460359e-01
1.919999999999999929e+00	7.525480223628161318e-03	3.433995294888038119e-01
1.924999999999999822e+00	7.525353306667289903e-03	3.417177999327199456e-01
1.929999999999999938e+00	7.525226871200458439e-03	3.400421668484293614e-01
1.935000000000000053e+00	7.525100915837654690e-03	3.383726150008743994e-01
1.939999999999999947e+00	7.524975439195570256e-03	3.367091292226537802e-01
1.944999999999999840e+00	7.524850439900145418e-03	3.350516944430402821e-01
1.949999999999999956e+00	7.524725916583779699e-03	3.334002956560283559e-01
1.955000000000000071e+00	7.524601867887855018e-03	3.317549179491490752e-01
1.959999999999999964e+00	7.524478292459973149e-03	3.301155464718050769e-01
1.964999999999999858e+00	7.524355188956452847e-03	3.284821664638915562e-01
1.969999999999999973e+00	7.524232556039605474e-03	3.268547632244056533e-01
1.975000000000000089e+00	7.524110392380205237e-03	3.252333221398845953e-01
1.979999999999999982e+00	7.523988696654787360e-03	3.236178286532780390e-01
1.984999999999999876e+00	7.523867467548112260e-03	3.220082682922114081e-01
1.989999999999999991e+00	7.523746703750479325e-03	3.204046266381099239e-01
1.995000000000000107e+00	7.523626403960172876e-03	3.188068893542966853e-01
2.000000000000000000e+00	7.523506566880805435e-03	3.172150421553580069e-01
2.004999999999999893e+00	7.523387191223742006e-03	3.156290708350827923e-01
2.009999999999999787e+00	7.523268275705471964e-03	3.140489612360603533e-01
2.014999999999999680e+00	7.523149819050009048e-03	3.124746992774692922e-01
2.020000000000000018e+00	7.523031819986291877e-03	3.109062709248972545e-01
2.024999999999999911e+00	7.522914277250568327e-03	3.093436622179873141e-01
2.029999999999999805e+00	7.522797189583812529e-03	3.077868592404700010e-01
2.035000000000000142e+00	7.522680555734097968e-03	3.062358481476737948e-01
2.040000000000000036e+00	7.522564374454039637e-03	3.046906151367623772e-01
2.044999999999999929e+00	7.522448644503141983e-03	3.031511464741146189e-01
2.049999999999999822e+00	7.522333364645267077e-03	3.016174284657583415e-01
2.054999999999999716e+00	7.522218533650971289e-03	3.000894474846274584e-01
2.060000000000000053e+00	7.522104150294989938e-03	2.985671899411831975e-01
2.064999999999999947e+00	7.521990213358557484e-03	2.970506423105550020e-01
2.069999999999999840e+00	7.521876721626917332e-03	2.955397911033417202e-01
2.075000000000000178e+00	7.521763673891623814e-03	2.940346228926405403e-01
2.080000000000000071e+00	7.521651068948073671e-03	2.925351242850232070e-01
2.084999999999999964e+00	7.521538905597791556e-03	2.910412819474573753e-01
2.089999999999999858e+00	7.521427182645982340e-03	2.895530825784498052e-01
2.094999999999999751e+00	7.521315898903804462e-03	2.880705129348669069e-01
2.100000000000000089e+00	7.521205053185940452e-03	2.865935598032380849e-01
2.104999999999999982e+00	7.521094644312852941e-03	2.851222100264797499e-01
2.109999999999999876e+00	7.520984671108374257e-03	2.836564504753528171e-01
2.115000000000000213e+00	7.520875132401955501e-03	2.821962680750941255e-01
2.120000000000000107e+00	7.520766027026270020e-03	2.807416497770237052e-01
2.125000000000000000e+00	7.520657353819446000e-03	2.792925825850872679e-01
2.129999999999999893e+00	7.520549111622689895e-03	2.778490535276063600e-01
2.134999999999999787e+00	7.520441299282512072e-03	2.764110496837375863e-01
2.140000000000000124e+00	7.520333915648362393e-03	2.749785581553597091e-01
2.145000000000000018e+00	7.520226959574837639e-03	2.735515660934536020e-01
2.149999999999999911e+00	7.520120429919342243e-03	2.721300606701214098e-01
2.155000000000000249e+00	7.520014325544287052e-03	2.707140291048888980e-01
2.160000000000000142e+00	7.519908645314754385e-03	2.693034586368551198e-01
2.165000000000000036e+00	7.519803388100689857e-03	2.678983365509193804e-01
2.169999999999999929e+00	7.519698552774589130e-03	2.664986501500545835e-01
2.174999999999999822e+00	7.519594138213673250e-03	2.651043867814644739e-01
2.180000000000000160e+00	7.519490143297588407e-03	2.637155338089764989e-01
2.185000000000000053e+00	7.519386566910576074e-03	2.623320786391308834e-01
2.189999999999999947e+00	7.519283407939184039e-03	2.609540086936895653e-01
2.195000000000000284e+00	7.519180665274425267e-03	2.595813114356593787e-01
2.200000000000000178e+00	7.519078337809505415e-03	2.582139743419141209e-01
2.205000000000000071e+00	7.518976424441970417e-03	2.568519849291543977e-01
2.209999999999999964e+00	7.518874924071449611e-03	2.554953307266381590e-01
2.214999999999999858e+00	7.518773835601792049e-03	2.541439993020801480e-01
2.220000000000000195e+00	7.518673157938820899e-03	2.527979782344878523e-01
2.225000000000000089e+00	7.518572889992462815e-03	2.514572551400027778e-01
2.229999999999999982e+00	7.518473030674516222e-03	2.501218176448380959e-01
2.235000000000000320e+00	7.518373578900772007e-03	2.487916534110630462e-01
2.240000000000000213e+00	7.518274533588789610e-03	2.474667501096416145e-01
2.245000000000000107e+00	7.518175893660009046e-03	2.461470954461603411e-01
2.250000000000000000e+00	7.518077658037548676e-03	2.448326771339645047e-01
2.254999999999999893e+00	7.517979825648300751e-03	2.435234829198325568e-01
2.259999999999999787e+00	7.517882395420737857e-03	2.422195005572069515e-01
2.264999999999999680e+00	7.517785366287005853e-03	2.409207178318159281e-01
2.270000000000000018e+00	7.517688737180744200e-03	2.396271225349969336e-01
2.274999999999999911e+00	7.517592507039165019e-03	2.383387024892676120e-01
2.279999999999999805e+00	7.517496674800885556e-03	2.370554455217390999e-01
2.285000000000000142e+00	7.517401239408002915e-03	2.357773394896368890e-01
2.290000000000000036e+00	7.517306199803931721e-03	2.345043722538035502e-01
2.294999999999999929e+00	7.517211554935475382e-03	2.332365317041693864e-01
2.299999999999999822e+00	7.517117303750677632e-03	2.319738057333420589e-01
2.304999999999999716e+00	7.517023445200879915e-03	2.307161822620292513e-01
2.310000000000000053e+00	7.516929978238583339e-03	2.294636492127132277e-01
2.314999999999999947e+00	7.516836901819502585e-03	2.282161945350259791e-01
2.319999999999999840e+00	7.516744214900439140e-03	2.269738061795069373e-01
2.325000000000000178e+00	7.516651916441321329e-03	2.257364721229309645e-01
2.330000000000000071e+00	7.516560005403092291e-03	2.245041803421496673e-01
2.334999999999999964e+00	7.516468480749745676e-03	2.232769188393710913e-01
2.339999999999999858e+00	7.516377341446218822e-03	2.220546756160826363e-01
2.344999999999999751e+00	7.516286586460418050e-03	2.208374386982849547e-01
2.350000000000000089e+00	7.516196214761131783e-03	2.196251961104940531e-01
2.354999999999999982e+00	7.516106225320041967e-03	2.184179359009299215e-01
2.359999999999999876e+00	7.516016617109644998e-03	2.172156461155970164e-01
2.365000000000000213e+00	7.515927389105264873e-03	2.160183148234268991e-01
2.370000000000000107e+00	7.515838540282972387e-03	2.148259300904377667e-01
2.375000000000000000e+00	7.515750069621599146e-03	2.136384800048300725e-01
2.379999999999999893e+00	7.515661976100666310e-03	2.124559526512240504e-01
2.384999999999999787e+00	7.515574258702386462e-03	2.112783361357093714e-01
2.390000000000000124e+00	7.515486916409606227e-03	2.101056185601595239e-01
2.395000000000000018e+00	7.515399948207797734e-03	2.089377880472353399e-01
2.399999999999999911e+00	7.515313353083017713e-03	2.077748327147755925e-01
2.405000000000000249e+00	7.515227130023881610e-03	2.066167407007536427e-01
2.410000000000000142e+00	7.515141278019537435e-03	2.054635001377454750e-01
2.415000000000000036e+00	7.515055796061637268e-03	2.043150991778379111e-01
2.419999999999999929e+00	7.514970683142311106e-03	2.031715259671730001e-01
2.424999999999999822e+00	7.514885938256137508e-03	2.020327686708096038e-01
2.430000000000000160e+00	7.514801560398126981e-03	2.008988154473423660e-01
2.435000000000000053e+00	7.514717548565683948e-03	1.997696544737160851e-01
2.439999999999999947e+00	7.514633901756597074e-03	1.986452739199199569e-01
2.445000000000000284e+00	7.514550618970994300e-03	1.975256619737535135e-01
2.450000000000000178e+00	7.514467699209352244e-03	1.964108068155968889e-01
2.455000000000000071e+00	7.514385141474432157e-03	1.953006966431269364e-01
2.459999999999999964e+00	7.514302944769297998e-03	1.941953196461632114e-01
2.464999999999999858e+00	7.514221108099258459e-03	1.930946640313347118e-01
2.470000000000000195e+00	7.514139630469880704e-03	1.919987179970012448e-01
2.475000000000000089e+00	7.514058510888929794e-03	1.909074697578699853e-01
2.479999999999999982e+00	7.513977748364397170e-03	1.898209075199921159e-01
2.485000000000000320e+00	7.513897341906422729e-03	1.887390195053282316e-01
2.490000000000000213e+00	7.513817290525338054e-03	1.876617939268217794e-01
2.495000000000000107e+00	7.513737593233584151e-03	1.865892190129112560e-01
2.500000000000000000e+00	7.513658249043758154e-03	1.855212829826805576e-01
2.504999999999999893e+00	7.513579256970524117e-03	1.844579740703182757e-01
2.509999999999999787e+00	7.513500616028674466e-03	1.833992805003443749e-01
2.514999999999999680e+00	7.513422325235027781e-03	1.823451905120160033e-01
2.520000000000000018e+00	7.513344383606502391e-03	1.812956923346306926e-01
2.524999999999999911e+00	7.513266790162004619e-03	1.802507742118779621e-01
2.529999999999999805e+00	7.513189543920512775e-03	1.792104243772194849e-01
2.535000000000000142e+00	7.513112643902960207e-03	1.781746310781845144e-01
2.540000000000000036e+00	7.513036089130322760e-03	1.771433825518292093e-01
2.544999999999999929e+00	7.512959878625500090e-03	1.761166670489741626e-01
2.549999999999999822e+00	7.512884011411408332e-03	1.750944728097425795e-01
2.554999999999999716e+00	7.512808486512856203e-03	1.740767880877396312e-01
2.560000000000000053e+00	7.512733302954648085e-03	1.730636011256702633e-01
2.564999999999999947e+00	7.512658459763448850e-03	1.720549001794588195e-01
2.569999999999999840e+00	7.512583955965896482e-03	1.710506734939470086e-01
2.575000000000000178e+00	7.512509790590460833e-03	1.700509093269528815e-01
2.580000000000000071e+00	7.512435962665568387e-03	1.690555959250500118e-01
2.584999999999999964e+00	7.512362471221449740e-03	1.680647215475641609e-01
2.589999999999999858e+00	7.512289315288269570e-03	1.670782744424340049e-01
2.594999999999999751e+00	7.512216493897976716e-03	1.660962428701451277e-01
2.600000000000000089e+00	7.512144006082432414e-03	1.651186150796728480e-01
2.604999999999999982e+00	7.512071850875260380e-03	1.641453793323518484e-01
2.609999999999999876e+00	7.512000027309984583e-03	1.631765238779023797e-01
2.615000000000000213e+00	7.511928534421862848e-03	1.622120369782335814e-01
2.620000000000000107e+00	7.511857371246041977e-03	1.612519068835548131e-01
2.625000000000000000e+00	7.511786536819380945e-03	1.602961218561111678e-01
2.629999999999999893e+00	7.511716030178615562e-03	1.593446701463799575e-01
2.634999999999999787e+00	7.511645850362174727e-03	1.583975400167377812e-01
2.640000000000000124e+00	7.511575996408352898e-03	1.574547197177430802e-01
2.645000000000000018e+00	7.511506467357115940e-03	1.565161975117336790e-01
2.649999999999999911e+00	7.511437262248288338e-03	1.555819616491956048e-01
2.655000000000000249e+00	7.511368380123347767e-03	1.546520003922896291e-01
2.660000000000000142e+00	7.511299820023621850e-03	1.537263019913087947e-01
2.665000000000000036e+00	7.511231580992074920e-03	1.528048547081308217e-01
2.669999999999999929e+00	7.511163662071514320e-03	1.518876467927656460e-01
2.674999999999999822e+00	7.511096062306371092e-03	1.509746665067336902e-01
2.680000000000000160e+00	7.511028780740907143e-03	1.500659020997030246e-01
2.685000000000000053e+00	7.510961816421001143e-03	1.491613418327924767e-01
2.689999999999999947e+00	7.510895168392354819e-03	1.482609739552992467e-01
2.695000000000000284e+00	7.510828835702271916e-03	1.473647867279252732e-01
2.700000000000000178e+00	7.510762817397879237e-03	1.464727683995976359e-01
2.705000000000000071e+00	7.510697112527890858e-03	1.455849072306153180e-01
2.709999999999999964e+00	7.510631720140842175e-03	1.447011914695634782e-01
2.714999999999999858e+00	7.510566639286847188e-03	1.438216093763801107e-01
2.720000000000000195e+00	7.510501869015838612e-03	1.429461491993645195e-01
2.725000000000000089e+00	7.510437408379316490e-03	1.420747991981629876e-01
2.729999999999999982e+00	7.510373256428599584e-03	1.412075476208719538e-01
2.735000000000000320e+00	7.510309412216567906e-03	1.403443827269410249e-01
2.740000000000000213e+00	7.510245874795919326e-03	1.394852927643733531e-01
2.745000000000000107e+00	7.510182643220904286e-03	1.386302659925430225e-01
2.750000000000000000e+00	7.510119716545595424e-03	1.377792906594938194e-01
2.754999999999999893e+00	7.510057093825606676e-03	1.369323550246709376e-01
2.759999999999999787e+00	7.509994774116381111e-03	1.360894473363177815e-01
2.764999999999999680e+00	7.509932756474897025e-03	1.352505558541209352e-01
2.770000000000000018e+00	7.509871039957963582e-03	1.344156688267066913e-01
2.774999999999999911e+00	7.509809623623919968e-03	1.335847745141969245e-01
2.779999999999999805e+00	7.509748506530943175e-03	1.327578611658069285e-01
2.785000000000000142e+00	7.509687687738735885e-03	1.319349170423106676e-01
2.790000000000000036e+00	7.509627166306840317e-03	1.311159303937413922e-01
2.794999999999999929e+00	7.509566941296326979e-03	1.303008894817645202e-01
2.799999999999999822e+00	7.509507011768108524e-03	1.294897825574816974e-01
2.804999999999999716e+00	7.509447376784624158e-03	1.286825978837103091e-01
2.810000000000000053e+00	7.509388035408161299e-03	1.278793237128921234e-01
2.814999999999999947e+00	7.509328986702534792e-03	1.270799483092782955e-01
2.819999999999999840e+00	7.509270229731416363e-03	1.262844599269435653e-01
2.825000000000000178e+00	7.509211763560000828e-03	1.254928468318740054e-01
2.830000000000000071e+00	7.509153587253351164e-03	1.247050972800896190e-01
2.834999999999999964e+00	7.509095699878051700e-03	1.239211995396334864e-01
2.839999999999999858e+00	7.509038100500565333e-03	1.231411418688019288e-01
2.844999999999999751e+00	7.508980788188879783e-03	1.223649125380353586e-01
2.850000000000000089e+00	7.508923762010869148e-03	1.215924998082572317e-01
2.854999999999999982e+00	7.508867021035931476e-03	1.208238919526638949e-01
2.859999999999999876e+00	7.508810564333365939e-03	1.200590772351742275e-01
2.865000000000000213e+00	7.508754390973996530e-03	1.192980439321169872e-01
2.870000000000000107e+00	7.508698500028559639e-03	1.185407803107924457e-01
2.875000000000000000e+00	7.508642890569319946e-03	1.177872746510555957e-01
2.879999999999999893e+00	7.508587561668466671e-03	1.170375152239906263e-01
2.884999999999999787e+00	7.508532512399721665e-03	1.162914903133891731e-01
2.890000000000000124e+00	7.508477741836742589e-03	1.155491881945382437e-01
2.895000000000000018e+00	7.508423249054724073e-03	1.148105971555925947e-01
2.899999999999999911e+00	7.508369033128811307e-03	1.140757054764772599e-01
2.905000000000000249e+00	7.508315093135691648e-03	1.133445014501512360e-01
2.910000000000000142e+00	7.508261428152016893e-03	1.126169733616274593e-01
2.915000000000000036e+00	7.508208037255983611e-03	1.118931095091264954e-01
2.919999999999999929e+00	7.508154919525771021e-03	1.111728981832132424e-01
2.924999999999999822e+00	7.508102074041109186e-03	1.104563276878407913e-01
2.930000000000000160e+00	7.508049499881721232e-03	1.097433863196050075e-01
2.935000000000000053e+00	7.507997196128892402e-03	1.090340623886763699e-01
2.939999999999999947e+00	7.507945161863919213e-03	1.083283441981737344e-01
2.945000000000000284e+00	7.507893396169661171e-03	1.076262200649828055e-01
2.950000000000000178e+00	7.507841898129006403e-03	1.069276782992508446e-01
2.955000000000000071e+00	7.507790666826416430e-03	1.062327072250899007e-01
2.959999999999999964e+00	7.507739701346398745e-03	1.055412951601931160e-01
2.964999999999999858e+00	7.507689000775038569e-03	1.048534304364220626e-01
2.970000000000000195e+00	7.507638564198487047e-03	1.041691013795452980e-01
2.975000000000000089e+00	7.507588390704481723e-03	1.034882963297088926e-01
2.979999999999999982e+00	7.507538479380841678e-03	1.028110036212983441e-01
2.985000000000000320e+00	7.507488829316982804e-03	1.021372116032899791e-01
2.990000000000000213e+00	7.507439439602424207e-03	1.014669086192383080e-01
2.995000000000000107e+00	7.507390309328284411e-03	1.008000830275073145e-01
3.000000000000000000e+00	7.507341437585806840e-03	1.001367231813827668e-01
3.004999999999999893e+00	7.507292823467846474e-03	9.947681744918340785e-02
3.009999999999999787e+00	7.507244466067400541e-03	9.882035419449951286e-02
3.014999999999999680e+00	7.507196364479086503e-03	9.816732179618137266e-02
3.020000000000000018e+00	7.507148517797686618e-03	9.751770862870581813e-02
3.024999999999999911e+00	7.507100925119610316e-03	9.687150308204137139e-02
3.029999999999999805e+00	7.507053585541455243e-03	9.622869354214276527e-02
3.035000000000000142e+00	7.507006498161456626e-03	9.558926841069187441e-02
3.040000000000000036e+00	7.506959662078054388e-03	9.495321608572178385e-02
3.044999999999999929e+00	7.506913076391343378e-03	9.432052498123132123e-02
3.049999999999999822e+00	7.506866740201637890e-03	9.369118350793982641e-02
3.054999999999999716e+00	7.506820652610921886e-03	9.306518009277510439e-02
3.060000000000000053e+00	7.506774812721421324e-03	9.244250315975900689e-02
3.064999999999999947e+00	7.506729219637038771e-03	9.182314114936751537e-02
3.069999999999999840e+00	7.506683872461945677e-03	9.120708249954839753e-02
3.075000000000000178e+00	7.506638770301999643e-03	9.059431566495219912e-02
3.080000000000000071e+00	7.506593912263346234e-03	8.998482909808315500e-02
3.084999999999999964e+00	7.506549297453831912e-03	8.937861126839964643e-02
3.089999999999999858e+00	7.506504924981617123e-03	8.877565064359914382e-02
3.094999999999999751e+00	7.506460793956569282e-03	8.817593570858744956e-02
3.100000000000000089e+00	7.506416903488894940e-03	8.757945494689817201e-02
3.104999999999999982e+00	7.506373252690521497e-03	8.698619685953025427e-02
3.109999999999999876e+00	7.506329840673735439e-03	8.639614994650218760e-02
3.115000000000000213e+00	7.506286666552559710e-03	8.580930272555674365e-02
3.120000000000000107e+00	7.506243729441398026e-03	8.522564371385174531e-02
3.125000000000000000e+00	7.506201028456404439e-03	8.464516144652985130e-02
3.129999999999999893e+00	7.506158562714135458e-03	8.406784445854689758e-02
3.134999999999999787e+00	7.506116331332910938e-03	8.349368130310665104e-02
3.140000000000000124e+00	7.506074333431480942e-03	8.292266053362658262e-02
3.145000000000000018e+00	7.506032568130368426e-03	8.235477072203675752e-02
3.149999999999999911e+00	7.505991034550550840e-03	8.179000044088408083e-02
3.155000000000000249e+00	7.505949731814791533e-03	8.122833828149422786e-02
3.160000000000000142e+00	7.505908659046334371e-03	8.066977283621523664e-02
3.165000000000000036e+00	7.505867815370221262e-03	8.011429271644122940e-02
3.169999999999999929e+00	7.505827199912000654e-03	7.956188653499643437e-02
3.174999999999999822e+00	7.505786811799031177e-03	7.901254292401993506e-02
3.180000000000000160e+00	7.505746650159202289e-03	7.846625051748996882e-02
3.185000000000000053e+00	7.505706714122227508e-03	7.792299796897016184e-02
3.189999999999999947e+00	7.505667002818376329e-03	7.738277393427385464e-02
3.195000000000000284e+00	7.505627515379757926e-03	7.684556708907053224e-02
3.200000000000000178e+00	7.505588250939059132e-03	7.631136611169256345e-02
3.205000000000000071e+00	7.505549208630822935e-03	7.578015970059963358e-02
3.209999999999999964e+00	7.505510387590194274e-03	7.525193655732807796e-02
3.214999999999999858e+00	7.505471786954187249e-03	7.472668540381392777e-02
3.220000000000000195e+00	7.505433405860443934e-03	7.420439496548512925e-02
3.225000000000000089e+00	7.505395243448491176e-03	7.368505398844187038e-02
3.229999999999999982e+00	7.505357298858507213e-03	7.316865122269228250e-02
3.235000000000000320e+00	7.505319571232569806e-03	7.265517543918981191e-02
3.240000000000000213e+00	7.505282059713432388e-03	7.214461541321283422e-02
3.245000000000000107e+00	7.505244763445763530e-03	7.163695994125809929e-02
3.250000000000000000e+00	7.505207681574934363e-03	7.113219782456493834e-02
3.254999999999999893e+00	7.505170813248241563e-03	7.063031788586428272e-02
3.259999999999999787e+00	7.505134157613714725e-03	7.013130895304779677e-02
3.264999999999999680e+00	7.505097713821321133e-03	6.963515987577185984e-02
3.270000000000000018e+00	7.505061481021783540e-03	6.914185950927206892e-02
3.274999999999999911e+00	7.505025458367780601e-03	6.865139673082162886e-02
3.279999999999999805e+00	7.504989645012773332e-03	6.816376042369179378e-02
3.285000000000000142e+00	7.504954040112189924e-03	6.767893949346354132e-02
3.290000000000000036e+00	7.504918642822266082e-03	6.719692285213510474e-02
3.294999999999999929e+00	7.504883452301222904e-03	6.671769943428637606e-02
3.299999999999999822e+00	7.504848467708111551e-03	6.624125818133284882e-02
3.304999999999999716e+00	7.504813688203985922e-03	6.576758805754349957e-02
3.310000000000000053e+00	7.504779112950751667e-03	6.529667803444121066e-02
3.314999999999999947e+00	7.504744741112334520e-03	6.482851710667303369e-02
3.319999999999999840e+00	7.504710571853539722e-03	6.436309427655811932e-02
3.325000000000000178e+00	7.504676604341201269e-03	6.390039856980932187e-02
3.330000000000000071e+00	7.504642837743063892e-03	6.344041902022942714e-02
3.334999999999999964e+00	7.504609271228914087e-03	6.298314468528366794e-02
3.339999999999999858e+00	7.504575903969472501e-03	6.252856463094430550e-02
3.344999999999999751e+00	7.504542735137518031e-03	6.207666794711370201e-02
3.350000000000000089e+00	7.504509763906789740e-03	6.162744373261724862e-02
3.354999999999999982e+00	7.504476989453098823e-03	6.118088111047725874e-02
3.359999999999999876e+00	7.504444410953241794e-03	6.073696921305441615e-02
3.365000000000000213e+00	7.504412027586103776e-03	6.029569719717128157e-02
3.370000000000000107e+00	7.504379838531578632e-03	5.985705422940330866e-02
3.375000000000000000e+00	7.504347842971662713e-03	5.942102950105153381e-02
3.379999999999999893e+00	7.504316040089388865e-03	5.898761221358297252e-02
3.384999999999999787e+00	7.504284429069906295e-03	5.855679159345277690e-02
3.390000000000000124e+00	7.504253009099425865e-03	5.812855687769379054e-02
3.395000000000000018e+00	7.504221779366287808e-03	5.770289732858777804e-02
3.399999999999999911e+00	7.504190739059920894e-03	5.727980221940457556e-02
3.405000000000000249e+00	7.504159887371899748e-03	5.685926084892203858e-02
3.410000000000000142e+00	7.504129223494907484e-03	5.644126252731494070e-02
3.415000000000000036e+00	7.504098746623789548e-03	5.602579659052357719e-02
3.419999999999999929e+00	7.504068455954528497e-03	5.561285238629230798e-02
3.424999999999999822e+00	7.504038350685279628e-03	5.520241928838642148e-02
3.430000000000000160e+00	7.504008430015360505e-03	5.479448668278082135e-02
3.435000000000000053e+00	7.503978693146277912e-03	5.438904398172495630e-02
3.439999999999999947e+00	7.503949139280723449e-03	5.398608061008154657e-02
3.445000000000000284e+00	7.503919767623591815e-03	5.358558601923903153e-02
3.450000000000000178e+00	7.503890577380991148e-03	5.318754967360123792e-02
3.455000000000000071e+00	7.503861567761243960e-03	5.279196106434697056e-02
3.459999999999999964e+00	7.503832737973907888e-03	5.239880969606974109e-02
3.464999999999999858e+00	7.503804087230773155e-03	5.200808510038566063e-02
3.470000000000000195e+00	7.503775614744890264e-03	5.161977682272291673e-02
3.475000000000000089e+00	7.503747319731552713e-03	5.123387443577703815e-02
3.479999999999999982e+00	7.503719201407340299e-03	5.085036752645100133e-02
3.485000000000000320e+00	7.503691258991089692e-03	5.046924570915763131e-02
3.490000000000000213e+00	7.503663491702948149e-03	5.009049861291012262e-02
3.495000000000000107e+00	7.503635898765331942e-03	4.971411589447165963e-02
3.500000000000000000e+00	7.503608479401994817e-03	4.934008722559627552e-02
3.504999999999999893e+00	7.503581232838970813e-03	4.896840230602558103e-02
3.509999999999999787e+00	7.503554158303654860e-03	4.859905085087990601e-02
3.514999999999999680e+00	7.503527255025738661e-03	4.823202260350235859e-02
3.520000000000000018e+00	7.503500522236295628e-03	4.786730732300017999e-02
3.524999999999999911e+00	7.503473959168708088e-03	4.750489479693578015e-02
3.529999999999999805e+00	7.503447565057769567e-03	4.714477482901819477e-02
3.535000000000000142e+00	7.503421339140590313e-03	4.678693725164145140e-02
3.540000000000000036e+00	7.503395280655715191e-03	4.643137191372621875e-02
3.544999999999999929e+00	7.503369388844022270e-03	4.607806869310514947e-02
3.549999999999999822e+00	7.503343662947845050e-03	4.572701748451449277e-02
3.554999999999999716e+00	7.503318102211863246e-03	4.537820821182673992e-02
3.560000000000000053e+00	7.503292705882234556e-03	4.503163081619192265e-02
3.564999999999999947e+00	7.503267473207476772e-03	4.468727526811791528e-02
3.569999999999999840e+00	7.503242403437609953e-03	4.434513155576113447e-02
3.575000000000000178e+00	7.503217495825022058e-03	4.400518969685423415e-02
3.580000000000000071e+00	7.503192749623631939e-03	4.366743972714659527e-02
3.584999999999999964e+00	7.503168164089734152e-03	4.333187171217902506e-02
3.589999999999999858e+00	7.503143738481175828e-03	4.299847573587402966e-02
3.594999999999999751e+00	7.503119472058198021e-03	4.266724191215829493e-02
3.600000000000000089e+00	7.503095364082612573e-03	4.233816037370166652e-02
3.604999999999999982e+00	7.503071413818636522e-03	4.201122128338757172e-02
3.609999999999999876e+00	7.503047620532081116e-03	4.168641482320099845e-02
3.615000000000000213e+00	7.503023983491174942e-03	4.136373120554688587e-02
3.620000000000000107e+00	7.503000501965761612e-03	4.104316066228676230e-02
3.625000000000000000e+00	7.502977175228114221e-03	4.072469345590529893e-02
3.629999999999999893e+00	7.502954002552145174e-03	4.040831986869538456e-02
3.634999999999999787e+00	7.502930983214204166e-03	4.009403021377311999e-02
3.640000000000000124e+00	7.502908116492301889e-03	3.978181482441086464e-02
3.645000000000000018e+00	7.502885401666899330e-03	3.947166406490123375e-02
3.649999999999999911e+00	7.502862838020139293e-03	3.916356832003756866e-02
3.655000000000000249e+00	7.502840424836626151e-03	3.885751800582697840e-02
3.660000000000000142e+00	7.502818161402666913e-03	3.855350355911867782e-02
3.665000000000000036e+00	7.502796047007041433e-03	3.825151544816571270e-02
3.669999999999999929e+00	7.502774080940251278e-03	3.795154416240058282e-02
3.674999999999999822e+00	7.502752262495282140e-03	3.765358022284672618e-02
3.680000000000000160e+00	7.502730590966865711e-03	3.735761417204092050e-02
3.685000000000000053e+00	7.502709065652224743e-03	3.706363658429436686e-02
3.689999999999999947e+00	7.502687685850347940e-03	3.677163805576165456e-02
3.695000000000000284e+00	7.502666450862726343e-03	3.648160921455215894e-02
3.700000000000000178e+00	7.502645359992638624e-03	3.619354071094493114e-02
3.705000000000000071e+00	7.502624412545872735e-03	3.590742322735058362e-02
3.709999999999999964e+00	7.502603607830026812e-03	3.562324746867194525e-02
3.714999999999999858e+00	7.502582945155219542e-03	3.534100417211677447e-02
3.720000000000000195e+00	7.502562423833394542e-03	3.506068409770373567e-02
3.725000000000000089e+00	7.502542043179028126e-03	3.478227803792646733e-02
3.729999999999999982e+00	7.502521802508443222e-03	3.450577680840428291e-02
3.735000000000000320e+00	7.502501701140500655e-03	3.423117125739782302e-02
3.740000000000000213e+00	7.502481738395933887e-03	3.395845225660452243e-02
3.745000000000000107e+00	7.502461913598015147e-03	3.368761071052585321e-02
3.750000000000000000e+00	7.502442226071911850e-03	3.341863754740715536e-02
3.754999999999999893e+00	7.502422675145343188e-03	3.315152372845737300e-02
3.759999999999999787e+00	7.502403260147934815e-03	3.288626023893206213e-02
3.764999999999999680e+00	7.502383980411879774e-03	3.262283809720641775e-02
3.770000000000000018e+00	7.502364835271290583e-03	3.236124834600120903e-02
3.774999999999999911e+00	7.502345824062858423e-03	3.210148206130920140e-02
3.779999999999999805e+00	7.502326946125215633e-03	3.184353034376376235e-02
3.785000000000000142e+00	7.502308200799574951e-03	3.158738432741887286e-02
3.790000000000000036e+00	7.502289587429111957e-03	3.133303517126016791e-02
3.794999999999999929e+00	7.502271105359588702e-03	3.108047406783901595e-02
3.799999999999999822e+00	7.502252753938751760e-03	3.082969223492530025e-02
3.804999999999999716e+00	7.502234532516938517e-03	3.058068092399627430e-02
3.810000000000000053e+00	7.502216440446488228e-03	3.033343141203029628e-02
3.814999999999999947e+00	7.502198477082343102e-03	3.008793500985122021e-02
3.819999999999999840e+00	7.502180641781458492e-03	2.984418305406266736e-02
3.825000000000000178e+00	7.502162933903401380e-03	2.960216691524793567e-02
3.830000000000000071e+00	7.502145352809774445e-03	2.936187799004476989e-02
3.834999999999999964e+00	7.502127897864794594e-03	2.912330770920125433e-02
3.839999999999999858e+00	7.502110568434729176e-03	2.888644752979020736e-02
3.844999999999999751e+00	7.502093363888471048e-03	2.865128894312208435e-02
3.850000000000000089e+00	7.502076283596978250e-03	2.841782346709807380e-02
3.854999999999999982e+00	7.502059326933839534e-03	2.818604265398061762e-02
3.859999999999999876e+00	7.502042493274729655e-03	2.795593808288479240e-02
3.865000000000000213e+00	7.502025781997955813e-03	2.772750136740684962e-02
3.870000000000000107e+00	7.502009192483928557e-03	2.750072414825347270e-02
3.875000000000000000e+00	7.501992724115698688e-03	2.727559810072888516e-02
3.879999999999999893e+00	7.501976376278433369e-03	2.705211492750108845e-02
3.884999999999999787e+00	7.501960148359948684e-03	2.683026636594834299e-02
3.890000000000000124e+00	7.501944039750192694e-03	2.661004418106206401e-02
3.895000000000000018e+00	7.501928049841766720e-03	2.639144017265299819e-02
3.899999999999999911e+00	7.501912178029417934e-03	2.617444616839010446e-02
3.905000000000000249e+00	7.501896423710552840e-03	2.595905403086700217e-02
3.910000000000000142e+00	7.501880786284743745e-03	2.574525565077653844e-02
3.915000000000000036e+00	7.501865265154224020e-03	2.553304295383809416e-02
3.919999999999999929e+00	7.501849859723403249e-03	2.532240789410664800e-02
3.924999999999999822e+00	7.501834569399362489e-03	2.511334246076216484e-02
3.930000000000000160e+00	7.501819393591372884e-03	2.490583867155246947e-02
3.935000000000000053e+00	7.501804331711379656e-03	2.469988857944498822e-02
3.939999999999999947e+00	7.501789383173538064e-03	2.449548426620314426e-02
3.945000000000000284e+00	7.501774547394674843e-03	2.429261784890107342e-02
3.950000000000000178e+00	7.501759823793841507e-03	2.409128147363274325e-02
3.955000000000000071e+00	7.501745211792770589e-03	2.389146732189024319e-02
3.959999999999999964e+00	7.501730710815429810e-03	2.369316760440513467e-02
3.964999999999999858e+00	7.501716320288472246e-03	2.349637456739107899e-02
3.970000000000000195e+00	7.501702039640799173e-03	2.330108048651650596e-02
3.975000000000000089e+00	7.501687868303999820e-03	2.310727767301236357e-02
3.979999999999999982e+00	7.501673805711928100e-03	2.291495846777547377e-02
3.985000000000000320e+00	7.501659851301127613e-03	2.272411524734191390e-02
3.990000000000000213e+00	7.501646004510421385e-03	2.253474041812065023e-02
3.995000000000000107e+00	7.501632264781323001e-03	2.234682642223316876e-02
4.000000000000000000e+00	7.501618631557636745e-03	2.216036573187638373e-02
4.004999999999999893e+00	7.501605104285867000e-03	2.197535085502959340e-02
4.009999999999999787e+00	7.501591682414814923e-03	2.179177432994597319e-02
4.014999999999999680e+00	7.501578365395986103e-03	2.160962873072735935e-02
4.019999999999999574e+00	7.501565152683197651e-03	2.142890666194365717e-02
4.025000000000000355e+00	7.501552043732971978e-03	2.124960076407613960e-02
4.030000000000000249e+00	7.501539038004155155e-03	2.107170370826433672e-02
4.035000000000000142e+00	7.501526134958298557e-03	2.089520820161839057e-02
4.040000000000000036e+00	7.501513334059294567e-03	2.072010698209246840e-02
4.044999999999999929e+00	7.501500634773739136e-03	2.054639282366730463e-02
4.049999999999999822e+00	7.501488036570577896e-03	2.037405853134922895e-02
4.054999999999999716e+00	7.501475538921468719e-03	2.020309694622366911e-02
4.059999999999999609e+00	7.501463141300425234e-03	2.003350094057909647e-02
4.064999999999999503e+00	7.501450843184176778e-03	1.986526342283211066e-02
4.070000000000000284e+00	7.501438644051819718e-03	1.969837733277556360e-02
4.075000000000000178e+00	7.501426543385167865e-03	1.953283564637624606e-02
4.080000000000000071e+00	7.501414540668411603e-03	1.936863137114625336e-02
4.084999999999999964e+00	7.501402635388457023e-03	1.920575755081386365e-02
4.089999999999999858e+00	7.501390827034605004e-03	1.904420726081792331e-02
4.094999999999999751e+00	7.501379115098868663e-03	1.888397361285224646e-02
4.099999999999999645e+00	7.501367499075661978e-03	1.872504975048213879e-02
4.105000000000000426e+00	7.501355978462119836e-03	1.856742885356348766e-02
4.110000000000000320e+00	7.501344552757783189e-03	1.841110413398056034e-02
4.115000000000000213e+00	7.501333221464914769e-03	1.825606883994049939e-02
4.120000000000000107e+00	7.501321984088194644e-03	1.810231625183159054e-02
4.125000000000000000e+00	7.501310840135023798e-03	1.794983968639402364e-02
4.129999999999999893e+00	7.501299789115228357e-03	1.779863249269780789e-02
4.134999999999999787e+00	7.501288830541358831e-03	1.764868805619070752e-02
4.139999999999999680e+00	7.501277963928401279e-03	1.749999979479506529e-02
4.144999999999999574e+00	7.501267188794059210e-03	1.735256116283331873e-02
4.150000000000000355e+00	7.501256504658485556e-03	1.720636564724320125e-02
4.155000000000000249e+00	7.501245911044550699e-03	1.706140677138207051e-02
4.160000000000000142e+00	7.501235407477580518e-03	1.691767809135915485e-02
4.165000000000000036e+00	7.501224993485620073e-03	1.677517319971940854e-02
4.169999999999999929e+00	7.501214668599177730e-03	1.663388572189247738e-02
4.174999999999999822e+00	7.501204432351481037e-03	1.649380931975672274e-02
4.179999999999999716e+00	7.501194284278224315e-03	1.635493768820394864e-02
4.185000000000000497e+00	7.501184223917825404e-03	1.621726455858446894e-02
4.190000000000000391e+00	7.501174250811179327e-03	1.608078369538706864e-02
4.195000000000000284e+00	7.501164364501894215e-03	1.594548889956574900e-02
4.200000000000000178e+00	7.501154564536068395e-03	1.581137400533392731e-02
4.205000000000000071e+00	7.501144850462515903e-03	1.567843288337400498e-02
4.209999999999999964e+00	7.501135221832540972e-03	1.554665943774485859e-02
4.214999999999999858e+00	7.501125678200166146e-03	1.541604760897500280e-02
4.219999999999999751e+00	7.501116219121910234e-03	1.528659137108268236e-02
4.224999999999999645e+00	7.501106844157007757e-03	1.515828473455343994e-02
4.230000000000000426e+00	7.501097552867200778e-03	1.503112174347193131e-02
4.235000000000000320e+00	7.501088344816939264e-03	1.490509647838490943e-02
4.240000000000000213e+00	7.501079219573188531e-03	1.478020305354380698e-02
4.245000000000000107e+00	7.501070176705623531e-03	1.465643561965373522e-02
4.250000000000000000e+00	7.501061215786439772e-03	1.453378836122655796e-02
4.254999999999999893e+00	7.501052336390537194e-03	1.441225549921648294e-02
4.259999999999999787e+00	7.501043538095342363e-03	1.429183128848265753e-02
4.264999999999999680e+00	7.501034820480988879e-03	1.417251002031248187e-02
4.269999999999999574e+00	7.501026183130136971e-03	1.405428601999260396e-02
4.275000000000000355e+00	7.501017625628155633e-03	1.393715364922099020e-02
4.280000000000000249e+00	7.501009147562943957e-03	1.382110730378562774e-02
4.285000000000000142e+00	7.501000748525104601e-03	1.370614141586597341e-02
4.290000000000000036e+00	7.500992428107783327e-03	1.359225045181860526e-02
4.294999999999999929e+00	7.500984185906819056e-03	1.347942891436887218e-02
4.299999999999999822e+00	7.500976021520599016e-03	1.336767134050279547e-02
4.304999999999999716e+00	7.500967934550207064e-03	1.325697230354972583e-02
4.309999999999999609e+00	7.500959924599276234e-03	1.314732641117955653e-02
4.314999999999999503e+00	7.500951991274130114e-03	1.303872830737731574e-02
4.320000000000000284e+00	7.500944134183649276e-03	1.293117267054483439e-02
4.325000000000000178e+00	7.500936352939402245e-03	1.282465421536831997e-02
4.330000000000000071e+00	7.500928647155515397e-03	1.271916769102349361e-02
4.334999999999999964e+00	7.500921016448803061e-03	1.261470788293683927e-02
4.339999999999999858e+00	7.500913460438640018e-03	1.251126961109372271e-02
4.344999999999999751e+00	7.500905978747085534e-03	1.240884773169392656e-02
4.349999999999999645e+00	7.500898570998762796e-03	1.230743713556198618e-02
4.355000000000000426e+00	7.500891236820973404e-03	1.220703274969797865e-02
4.360000000000000320e+00	7.500883975843591553e-03	1.210762953578909014e-02
4.365000000000000213e+00	7.500876787699162045e-03	1.200922249165653835e-02
4.370000000000000107e+00	7.500869672022807480e-03	1.191180664986757169e-02
4.375000000000000000e+00	7.500862628452315863e-03	1.181537707907947231e-02
4.379999999999999893e+00	7.500855656628053862e-03	1.171992888275113359e-02
4.384999999999999787e+00	7.500848756193054419e-03	1.162545720038494351e-02
4.389999999999999680e+00	7.500841926792928271e-03	1.153195720633707656e-02
4.394999999999999574e+00	7.500835168075948960e-03	1.143942411095809006e-02
4.400000000000000355e+00	7.500828479692970424e-03	1.134785315950125745e-02
4.405000000000000249e+00	7.500821861297503335e-03	1.125723963316273279e-02
4.410000000000000142e+00	7.500815312545644833e-03	1.116757884808692106e-02
4.415000000000000036e+00	7.500808833096140986e-03	1.107886615630708331e-02
4.419999999999999929e+00	7.500802422610326065e-03	1.099109694484711082e-02
4.424999999999999822e+00	7.500796080752182397e-03	1.090426663656338287e-02
4.429999999999999716e+00	7.500789807188277050e-03	1.081837068934194887e-02
4.435000000000000497e+00	7.500783601587822542e-03	1.073340459684261547e-02
4.440000000000000391e+00	7.500777463622619601e-03	1.064936388779077342e-02
4.445000000000000284e+00	7.500771392967107466e-03	1.056624412662439914e-02
4.450000000000000178e+00	7.500765389298314455e-03	1.048404091287978915e-02
4.455000000000000071e+00	7.500759452295903927e-03	1.040274988174240585e-02
4.459999999999999964e+00	7.500753581642127452e-03	1.032236670352561052e-02
4.464999999999999858e+00	7.500747777021865570e-03	1.024288708412614615e-02
4.469999999999999751e+00	7.500742038122593970e-03	1.016430676459518893e-02
4.474999999999999645e+00	7.500736364634406038e-03	1.008662152149931122e-02
4.480000000000000426e+00	7.500730756249990305e-03	1.000982716658286795e-02
4.485000000000000320e+00	7.500725212664651267e-03	9.933919547035473599e-03
4.490000000000000213e+00	7.500719733576288566e-03	9.858894545244824975e-03
4.495000000000000107e+00	7.500714318685408263e-03	9.784748078971403432e-03
4.500000000000000000e+00	7.500708967695116774e-03	9.711476101191164959e-03
4.504999999999999893e+00	7.500703680311119129e-03	9.639074600178177202e-03
4.509999999999999787e+00	7.500698456241718104e-03	9.567539599436417075e-03
4.514999999999999680e+00	7.500693295197812492e-03	9.496867157691237654e-03
4.519999999999999574e+00	7.500688196892899701e-03	9.427053368909272396e-03
4.525000000000000355e+00	7.500683161043061875e-03	9.358094362199601002e-03
4.530000000000000249e+00	7.500678187366984981e-03	9.289986301921094106e-03
4.535000000000000142e+00	7.500673275585931915e-03	9.222725387494143737e-03
4.540000000000000036e+00	7.500668425423764191e-03	9.156307853594464891e-03
4.544999999999999929e+00	7.500663636606920252e-03	9.090729969876320399e-03
4.549999999999999822e+00	7.500658908864434558e-03	9.025988041251969268e-03
4.554999999999999716e+00	7.500654241927908958e-03	8.962078407527182197e-03
4.559999999999999609e+00	7.500649635531543916e-03	8.898997443765562995e-03
4.564999999999999503e+00	7.500645089412102083e-03	8.836741559837177004e-03
4.570000000000000284e+00	7.500640603308936921e-03	8.775307200866984056e-03
4.575000000000000178e+00	7.500636176963962343e-03	8.714690846697402057e-03
4.580000000000000071e+00	7.500631810121683937e-03	8.654889012420018818e-03
4.584999999999999964e+00	7.500627502529154736e-03	8.595898247752854077e-03
4.589999999999999858e+00	7.500623253936021181e-03	8.537715137654569575e-03
4.594999999999999751e+00	7.500619064094470219e-03	8.480336301617392297e-03
4.599999999999999645e+00	7.500614932759282205e-03	8.423758394363009203e-03
4.605000000000000426e+00	7.500610859687766724e-03	8.367978105051802201e-03
4.610000000000000320e+00	7.500606844639827638e-03	8.312992158059730186e-03
4.615000000000000213e+00	7.500602887377890229e-03	8.258797312104807289e-03
4.620000000000000107e+00	7.500598987666971459e-03	8.205390361103971283e-03
4.625000000000000000e+00	7.500595145274604504e-03	8.152768133217743601e-03
4.629999999999999893e+00	7.500591359970909880e-03	8.100927491786228882e-03
4.634999999999999787e+00	7.500587631528518248e-03	8.049865334292766877e-03
4.639999999999999680e+00	7.500583959722641539e-03	7.999578593378450786e-03
4.644999999999999574e+00	7.500580344330998357e-03	7.950064235725494421e-03
4.650000000000000355e+00	7.500576785133887710e-03	7.901319263149348196e-03
4.655000000000000249e+00	7.500573281914099666e-03	7.853340711402680141e-03
4.660000000000000142e+00	7.500569834457009900e-03	7.806125651344403456e-03
4.665000000000000036e+00	7.500566442550474743e-03	7.759671187664865522e-03
4.669999999999999929e+00	7.500563105984930055e-03	7.713974460131061903e-03
4.674999999999999822e+00	7.500559824553288020e-03	7.669032642234085463e-03
4.679999999999999716e+00	7.500556598051037749e-03	7.624842942509523283e-03
4.685000000000000497e+00	7.500553426276134264e-03	7.581402603107947370e-03
4.690000000000000391e+00	7.500550309029107784e-03	7.538708901189839634e-03
4.695000000000000284e+00	7.500547246112945765e-03	7.496759147419874460e-03
4.700000000000000178e+00	7.500544237333204786e-03	7.455550687435518256e-03
4.705000000000000071e+00	7.500541282497895194e-03	7.415080900265948703e-03
4.709999999999999964e+00	7.500538381417591258e-03	7.375347199873579472e-03
4.714999999999999858e+00	7.500535533905310602e-03	7.336347033498408048e-03
4.719999999999999751e+00	7.500532739776632173e-03	7.298077883271653771e-03
4.724999999999999645e+00	7.500529998849571334e-03	7.260537264486497007e-03
4.730000000000000426e+00	7.500527310944700432e-03	7.223722727282931924e-03
4.735000000000000320e+00	7.500524675885015223e-03	7.187631854845534518e-03
4.740000000000000213e+00	7.500522093496070179e-03	7.152262265158910830e-03
4.745000000000000107e+00	7.500519563605832774e-03	7.117611609133324760e-03
4.750000000000000000e+00	7.500517086044823124e-03	7.083677572429892579e-03
4.754999999999999893e+00	7.500514660645969146e-03	7.050457873514933554e-03
4.759999999999999787e+00	7.500512287244741859e-03	7.017950265554127529e-03
4.764999999999999680e+00	7.500509965679014006e-03	6.986152534396319544e-03
4.769999999999999574e+00	7.500507695789199701e-03	6.955062500535871134e-03
4.775000000000000355e+00	7.500505477418100038e-03	6.924678017026744681e-03
4.780000000000000249e+00	7.500503310411056612e-03	6.894996971512272130e-03
4.785000000000000142e+00	7.500501194615790193e-03	6.866017284070301437e-03
4.790000000000000036e+00	7.500499129882552511e-03	6.837736909309580398e-03
4.794999999999999929e+00	7.500497116063966664e-03	6.810153834146880254e-03
4.799999999999999822e+00	7.500495153015185844e-03	6.783266079969129878e-03
4.804999999999999716e+00	7.500493240593721599e-03	6.757071700343199143e-03
4.809999999999999609e+00	7.500491378659609500e-03	6.731568783243165911e-03
4.814999999999999503e+00	7.500489567075236536e-03	6.706755448693500765e-03
4.820000000000000284e+00	7.500487805705506779e-03	6.682629851060678354e-03
4.825000000000000178e+00	7.500486094417667914e-03	6.659190176630629988e-03
4.830000000000000071e+00	7.500484433081478636e-03	6.636434645963815507e-03
4.834999999999999964e+00	7.500482821569029977e-03	6.614361511407765119e-03
4.839999999999999858e+00	7.500481259754920513e-03	6.592969059514886682e-03
4.844999999999999751e+00	7.500479747516070744e-03	6.572255608490828842e-03
4.849999999999999645e+00	7.500478284731902645e-03	6.552219510674238759e-03
4.855000000000000426e+00	7.500476871284149707e-03	6.532859149921764474e-03
4.860000000000000320e+00	7.500475507057043426e-03	6.514172944149050105e-03
4.865000000000000213e+00	7.500474191937113802e-03	6.496159342653153729e-03
4.870000000000000107e+00	7.500472925813384505e-03	6.478816828713892736e-03
4.875000000000000000e+00	7.500471708577169036e-03	6.462143916854470004e-03
4.879999999999999893e+00	7.500470540122265023e-03	6.446139155502480719e-03
4.884999999999999787e+00	7.500469420344753856e-03	6.430801124189555219e-03
4.889999999999999680e+00	7.500468349143191507e-03	6.416128436271184218e-03
4.894999999999999574e+00	7.500467326418408173e-03	6.402119736066139849e-03
4.900000000000000355e+00	7.500466352073702561e-03	6.388773701634401989e-03
4.905000000000000249e+00	7.500465426014636325e-03	6.376089041857165018e-03
4.910000000000000142e+00	7.500464548149237028e-03	6.364064499272101098e-03
4.915000000000000036e+00	7.500463718387781302e-03	6.352698847094652608e-03
4.919999999999999929e+00	7.500462936643003883e-03	6.341990892109827457e-03
4.924999999999999822e+00	7.500462202829880770e-03	6.331939471635615081e-03
4.929999999999999716e+00	7.500461516865837390e-03	6.322543456470630305e-03
4.935000000000000497e+00	7.500460878670530025e-03	6.313801747800400557e-03
4.940000000000000391e+00	7.500460288166060918e-03	6.305713280199999604e-03
4.945000000000000284e+00	7.500459745276749288e-03	6.298277018483960585e-03
4.950000000000000178e+00	7.500459249929350772e-03	6.291491960763203120e-03
4.955000000000000071e+00	7.500458802052830179e-03	6.285357135239442138e-03
4.959999999999999964e+00	7.500458401578584400e-03	6.279871603315514104e-03
4.964999999999999858e+00	7.500458048440202148e-03	6.275034456335025837e-03
4.969999999999999751e+00	7.500457742573702485e-03	6.270844818745451889e-03
4.974999999999999645e+00	7.500457483917282418e-03	6.267301844783706825e-03
4.980000000000000426e+00	7.500457272411562362e-03	6.264404721691177631e-03
4.985000000000000320e+00	7.500457107999329402e-03	6.262152666346054719e-03
4.990000000000000213e+00	7.500456990625785358e-03	6.260544928529570771e-03
4.995000000000000107e+00	7.500456920238292649e-03	6.259580787505966519e-03
5.000000000000000000e+00	7.500456896786613682e-03	6.259259555339054780e-03
