# coordinate_x	h	p	@time=0.05
0.000000000000000000e+00	5.000387583662045943e-01	1.995705431622547321e+00
5.000000000000000104e-03	5.000262859318088671e-01	1.995705809709155565e+00
1.000000000000000021e-02	4.999888686138289073e-01	1.995706945525173914e+00
1.499999999999999944e-02	4.999265063963296285e-01	1.995708840747225876e+00
2.000000000000000042e-02	4.998391992405378237e-01	1.995711499449231763e+00
2.500000000000000139e-02	4.997269471019278320e-01	1.995714926306495496e+00
2.999999999999999889e-02	4.995897499134637765e-01	1.995719128342919202e+00
3.500000000000000333e-02	4.994276076022778899e-01	1.995724113183640958e+00
4.000000000000000083e-02	4.992405200726276471e-01	1.995729890816997587e+00
4.499999999999999833e-02	4.990284872226694035e-01	1.995736471848131632e+00
5.000000000000000278e-02	4.987915089271560687e-01	1.995743869267558868e+00
5.500000000000000028e-02	4.985295850543715046e-01	1.995752096704205725e+00
5.999999999999999778e-02	4.982427154485113419e-01	1.995761170201208135e+00
6.500000000000000222e-02	4.979308999468376462e-01	1.995771106467455480e+00
7.000000000000000666e-02	4.975941383616815372e-01	1.995781924661520934e+00
7.500000000000001110e-02	4.972324304978780196e-01	1.995793644640896369e+00
8.000000000000000167e-02	4.968457761343271217e-01	1.995806288754953473e+00
8.499999999999999223e-02	4.964341750417701205e-01	1.995819880091130427e+00
8.999999999999999667e-02	4.959976269638436963e-01	1.995834444277790221e+00
9.500000000000000111e-02	4.955361316352602796e-01	1.995850007726694963e+00
1.000000000000000056e-01	4.950496887622883313e-01	1.995866599446570078e+00
1.050000000000000100e-01	4.945382980413993712e-01	1.995884249281297151e+00
1.100000000000000006e-01	4.940019591391066056e-01	1.995902989734919641e+00
1.149999999999999911e-01	4.934406717111428087e-01	1.995922854205090413e+00
1.199999999999999956e-01	4.928544353815871859e-01	1.995943878820168216e+00
1.250000000000000000e-01	4.922432497626396120e-01	1.995966100667575960e+00
1.300000000000000044e-01	4.916071144329628995e-01	1.995989559643536193e+00
1.350000000000000089e-01	4.909460289581216719e-01	1.996014296676131172e+00
1.400000000000000133e-01	4.902599928680648200e-01	1.996040355588107662e+00
1.450000000000000178e-01	4.895490056782978439e-01	1.996067781314581957e+00
1.499999999999999944e-01	4.888130668664283918e-01	1.996096621779205771e+00
1.549999999999999989e-01	4.880521758941435140e-01	1.996126926106637001e+00
1.600000000000000033e-01	4.872663321827376826e-01	1.996158746512195270e+00
1.650000000000000078e-01	4.864555351359687307e-01	1.996192136509416626e+00
1.700000000000000122e-01	4.856197841144843652e-01	1.996227152813142780e+00
1.749999999999999889e-01	4.847590784596337299e-01	1.996263853542695532e+00
1.799999999999999933e-01	4.838734174667047583e-01	1.996302300138137253e+00
1.849999999999999978e-01	4.829628004097709648e-01	1.996342555559849741e+00
1.900000000000000022e-01	4.820272265136485434e-01	1.996384686217455462e+00
1.950000000000000067e-01	4.810666949798600989e-01	1.996428760166867988e+00
2.000000000000000111e-01	4.800812049572172335e-01	1.996474849051085743e+00
2.050000000000000155e-01	4.790707555689869279e-01	1.996523026296094017e+00
2.099999999999999922e-01	4.780353458819999179e-01	1.996573369062429659e+00
2.149999999999999967e-01	4.769749749351088197e-01	1.996625956441660854e+00
2.200000000000000011e-01	4.758896417067186579e-01	1.996680871417262360e+00
2.250000000000000056e-01	4.747793451446298829e-01	1.996738199063792241e+00
2.300000000000000100e-01	4.736440841318815820e-01	1.996798028515206935e+00
2.349999999999999867e-01	4.724838575180771438e-01	1.996860451169293560e+00
2.399999999999999911e-01	4.712986640834264107e-01	1.996925562661090670e+00
2.449999999999999956e-01	4.700885025716544097e-01	1.996993461075617482e+00
2.500000000000000000e-01	4.688533716521235406e-01	1.997064248923541951e+00
2.550000000000000044e-01	4.675932699544315674e-01	1.997138031365795596e+00
2.600000000000000089e-01	4.663081960284881644e-01	1.997214918188030319e+00
2.650000000000000133e-01	4.649981483809135230e-01	1.997295022041311263e+00
2.700000000000000178e-01	4.636631254329371399e-01	1.997378460411231016e+00
2.750000000000000222e-01	4.623031255587140009e-01	1.997465353879543715e+00
2.800000000000000266e-01	4.609181470409069448e-01	1.997555828083038998e+00
2.850000000000000311e-01	4.595081881110424371e-01	1.997650012001727093e+00
2.899999999999999800e-01	4.580732469026318476e-01	1.997748039901712236e+00
2.949999999999999845e-01	4.566133214936942131e-01	1.997850049656363147e+00
2.999999999999999889e-01	4.551284098572636605e-01	1.997956184666444646e+00
3.049999999999999933e-01	4.536185099062147730e-01	1.998066592221623861e+00
3.099999999999999978e-01	4.520836194409945108e-01	1.998181425390014976e+00
3.150000000000000022e-01	4.505237361968917886e-01	1.998300841428379382e+00
3.200000000000000067e-01	4.489388577888255849e-01	1.998425003631988828e+00
3.250000000000000111e-01	4.473289817612074448e-01	1.998554079802987271e+00
3.300000000000000155e-01	4.456941055296079757e-01	1.998688244050070839e+00
3.350000000000000200e-01	4.440342264333686506e-01	1.998827675325697273e+00
3.400000000000000244e-01	4.423493416739607276e-01	1.998972559163493035e+00
3.449999999999999734e-01	4.406394483705103893e-01	1.999123086296326068e+00
3.499999999999999778e-01	4.389045434946549640e-01	1.999279454317561600e+00
3.549999999999999822e-01	4.371446239291540969e-01	1.999441866393470102e+00
3.599999999999999867e-01	4.353596863990378263e-01	1.999610532832430509e+00
3.649999999999999911e-01	4.335497275334858625e-01	1.999785669906719798e+00
3.699999999999999956e-01	4.317147437930527465e-01	1.999967501311500584e+00
3.750000000000000000e-01	4.298547315350058073e-01	2.000156257112731151e+00
3.800000000000000044e-01	4.279696869364030820e-01	2.000352175075220895e+00
3.850000000000000089e-01	4.260596060630902904e-01	2.000555499755222399e+00
3.900000000000000133e-01	4.241244847883966496e-01	2.000766483673970253e+00
3.950000000000000178e-01	4.221643188660017532e-01	2.000985386575442782e+00
4.000000000000000222e-01	4.201791038440045867e-01	2.001212476418588793e+00
4.050000000000000266e-01	4.181688351418811900e-01	2.001448028822773395e+00
4.099999999999999756e-01	4.161335079596720776e-01	2.001692327848283881e+00
4.149999999999999800e-01	4.140731173592626102e-01	2.001945665654076834e+00
4.199999999999999845e-01	4.119876581684254191e-01	2.002208343032126692e+00
4.249999999999999889e-01	4.098771250666658483e-01	2.002480669304202543e+00
4.299999999999999933e-01	4.077415124838459914e-01	2.002762962571131400e+00
4.349999999999999978e-01	4.055808146908499445e-01	2.003055549877428287e+00
4.400000000000000022e-01	4.033950256925092348e-01	2.003358767131527163e+00
4.450000000000000067e-01	4.011841393233517294e-01	2.003672959569072098e+00
4.500000000000000111e-01	3.989481491345425179e-01	2.003998481294598566e+00
4.550000000000000155e-01	3.966870484949929776e-01	2.004335696076040563e+00
4.600000000000000200e-01	3.944008304720245661e-01	2.004684976452187239e+00
4.649999999999999689e-01	3.920894879381261466e-01	2.005046704892309517e+00
4.699999999999999734e-01	3.897530134450472583e-01	2.005421272406922917e+00
4.749999999999999778e-01	3.873913993365006858e-01	2.005809080107177955e+00
4.799999999999999822e-01	3.850046376153934413e-01	2.006210537249008663e+00
4.849999999999999867e-01	3.825927200627826652e-01	2.006626063226751189e+00
4.899999999999999911e-01	3.801556380979564942e-01	2.007056084972638654e+00
4.949999999999999956e-01	3.776933829039607615e-01	2.007501039417614930e+00
5.000000000000000000e-01	3.752059452802530837e-01	2.007961370159363046e+00
5.050000000000000044e-01	3.726933157751252113e-01	2.008437530419902917e+00
5.100000000000000089e-01	3.701554845306720409e-01	2.008929978885975132e+00
5.150000000000000133e-01	3.675924414224395753e-01	2.009439183187032629e+00
5.200000000000000178e-01	3.650041758964768235e-01	2.009965614801930922e+00
5.250000000000000222e-01	3.623906771165439911e-01	2.010509753071349603e+00
5.300000000000000266e-01	3.597519337930525363e-01	2.011072079054557982e+00
5.350000000000000311e-01	3.570879343381680449e-01	2.011653080075836986e+00
5.400000000000000355e-01	3.543986666864962776e-01	2.012253242404858700e+00
5.450000000000000400e-01	3.516841184584111879e-01	2.012873056315553022e+00
5.500000000000000444e-01	3.489442767724148520e-01	2.013513007453836323e+00
5.550000000000000488e-01	3.461791284170117056e-01	2.014173582357205117e+00
5.600000000000000533e-01	3.433886596547631176e-01	2.014855258364820934e+00
5.649999999999999467e-01	3.405728564030136574e-01	2.015558509503785345e+00
5.699999999999999512e-01	3.377317040297814210e-01	2.016283794789873518e+00
5.749999999999999556e-01	3.348651875436183811e-01	2.017031564327711912e+00
5.799999999999999600e-01	3.319732913816353381e-01	2.017802245847156062e+00
5.849999999999999645e-01	3.290559996087428218e-01	2.018596250783732504e+00
5.899999999999999689e-01	3.261132956983123776e-01	2.019413958897753325e+00
5.949999999999999734e-01	3.231451627409977490e-01	2.020255723990714625e+00
5.999999999999999778e-01	3.201515832187936672e-01	2.021121856464525912e+00
6.049999999999999822e-01	3.171325392235721519e-01	2.022012628178684324e+00
6.099999999999999867e-01	3.140880122256335394e-01	2.022928252829407914e+00
6.149999999999999911e-01	3.110179833020090823e-01	2.023868889247214753e+00
6.199999999999999956e-01	3.079224329010227246e-01	2.024834619515871736e+00
6.250000000000000000e-01	3.048013410803013801e-01	2.025825449731249783e+00
6.300000000000000044e-01	3.016546872694088055e-01	2.026841285845670360e+00
6.350000000000000089e-01	2.984824505173644393e-01	2.027881930530269106e+00
6.400000000000000133e-01	2.952846092561015046e-01	2.028947056832591134e+00
6.450000000000000178e-01	2.920611415571155445e-01	2.030036199269994679e+00
6.500000000000000222e-01	2.888120248993819583e-01	2.031148725542774702e+00
6.550000000000000266e-01	2.855372364345284408e-01	2.032283819285412907e+00
6.600000000000000311e-01	2.822367527639738083e-01	2.033440450306104097e+00
6.650000000000000355e-01	2.789105502117330548e-01	2.034617345466473992e+00
6.700000000000000400e-01	2.755586046169832271e-01	2.035812958252350313e+00
6.750000000000000444e-01	2.721808916132504308e-01	2.037025422943939734e+00
6.800000000000000488e-01	2.687773864444599758e-01	2.038252524806412058e+00
6.850000000000000533e-01	2.653480642488081354e-01	2.039491630915065912e+00
6.899999999999999467e-01	2.618928999087360987e-01	2.040739662951241762e+00
6.949999999999999512e-01	2.584118683372315095e-01	2.041992995567612823e+00
6.999999999999999556e-01	2.549049443752431920e-01	2.043247434776335858e+00
7.049999999999999600e-01	2.513721030774659915e-01	2.044498071302899511e+00
7.099999999999999645e-01	2.478133196747008271e-01	2.045739268991126458e+00
7.149999999999999689e-01	2.442285698553209594e-01	2.046964455804149985e+00
7.199999999999999734e-01	2.406178298152776007e-01	2.048166128736865765e+00
7.249999999999999778e-01	2.369810765303876077e-01	2.049335558405826596e+00
7.299999999999999822e-01	2.333182879234846907e-01	2.050462819935535919e+00
7.349999999999999867e-01	2.296294431213712350e-01	2.051536377596080651e+00
7.399999999999999911e-01	2.259145227775643527e-01	2.052543155431616029e+00
7.449999999999999956e-01	2.221735093061651678e-01	2.053467954916028404e+00
7.500000000000000000e-01	2.184063874105030556e-01	2.054293585341376183e+00
7.550000000000000044e-01	2.146131442842454939e-01	2.055000048118501788e+00
7.600000000000000089e-01	2.107937704120507461e-01	2.055564756076577737e+00
7.650000000000000133e-01	2.069482597259112155e-01	2.055961390047529314e+00
7.700000000000000178e-01	2.030766107651647279e-01	2.056160249672298601e+00
7.750000000000000222e-01	1.991788267732908235e-01	2.056126647016431885e+00
7.800000000000000266e-01	1.952549173334011123e-01	2.055821451435149605e+00
7.850000000000000311e-01	1.913048983874600650e-01	2.055198824588996498e+00
7.900000000000000355e-01	1.873287945027020118e-01	2.054207051827418695e+00
7.950000000000000400e-01	1.833266387915541418e-01	2.052785332792405271e+00
8.000000000000000444e-01	1.792984760187051330e-01	2.050865037090656706e+00
8.050000000000000488e-01	1.752443623959976660e-01	2.048365128292122250e+00
8.100000000000000533e-01	1.711643698155909665e-01	2.045194051153147896e+00
8.149999999999999467e-01	1.670585854901029954e-01	2.041243157766192695e+00
8.199999999999999512e-01	1.629271177041672902e-01	2.036389541656075775e+00
8.249999999999999556e-01	1.587700952668633092e-01	2.030486509683642637e+00
8.299999999999999600e-01	1.545876753266909043e-01	2.023367848992587259e+00
8.349999999999999645e-01	1.503800426022980363e-01	2.014833874496019472e+00
8.399999999999999689e-01	1.461474200271721813e-01	2.004657888899112006e+00
8.449999999999999734e-01	1.418900677286594469e-01	1.992565509888427622e+00
8.499999999999999778e-01	1.376082975940997599e-01	1.978244532919633203e+00
8.549999999999999822e-01	1.333024719824217885e-01	1.961313890844835761e+00
8.599999999999999867e-01	1.289730237898087384e-01	1.941338882324127768e+00
8.649999999999999911e-01	1.246204549126538469e-01	1.917783861772245357e+00
8.699999999999999956e-01	1.202453641304418314e-01	1.890036090604298114e+00
8.750000000000000000e-01	1.158484454120343315e-01	1.857332416238625328e+00
8.800000000000000044e-01	1.114305270791126901e-01	1.818797292885167449e+00
8.850000000000000089e-01	1.069925701941227686e-01	1.773327035913622174e+00
8.900000000000000133e-01	1.025357242769929372e-01	1.719651745282709143e+00
8.950000000000000178e-01	9.806132629706083847e-02	1.656148893068587702e+00
9.000000000000000222e-01	9.357098112998182837e-02	1.580946837288443207e+00
9.050000000000000266e-01	8.906656221766094672e-02	1.491618180118937209e+00
9.100000000000000311e-01	8.455032973380356698e-02	1.385358365210438203e+00
9.150000000000000355e-01	8.002493499556641299e-02	1.258470502388825851e+00
9.200000000000000400e-01	7.549359726649434998e-02	1.106685619434581769e+00
9.250000000000000444e-01	7.096011588685102733e-02	9.242811873560763392e-01
9.300000000000000488e-01	6.642913994618919460e-02	7.046830715116552124e-01
9.350000000000000533e-01	6.190619543101259087e-02	4.389442878395122816e-01
9.399999999999999467e-01	5.739810371025966251e-02	1.169428819163803035e-01
9.449999999999999512e-01	5.291303622969253939e-02	-2.751934456631514037e-01
9.499999999999999556e-01	4.846116965951866723e-02	-7.525406530088688539e-01
9.549999999999999600e-01	4.405478573439174095e-02	-1.335298205895243395e+00
9.599999999999999645e-01	3.970928000070261116e-02	-2.043020481486655271e+00
9.649999999999999689e-01	3.544331293501389729e-02	-2.898118705436812714e+00
9.699999999999999734e-01	3.128023110301517834e-02	-3.912830613181611739e+00
9.749999999999999778e-01	2.724816997642961688e-02	-5.081032445586373569e+00
9.799999999999999822e-01	2.338159888749174325e-02	-6.362965515479680256e+00
9.849999999999999867e-01	1.972087500316392628e-02	-7.688578168085206777e+00
9.899999999999999911e-01	1.631673027165351023e-02	-9.220562191034529675e+00
9.949999999999999956e-01	1.323930557485160538e-02	-1.248223981982355824e+01
1.000000000000000000e+00	1.062534981080654958e-02	-1.882623833518553269e+01
1.004999999999999893e+00	8.688484916386440479e-03	-2.543757365474372634e+01
1.010000000000000009e+00	7.560149349050239616e-03	-2.706093163295945914e+01
1.015000000000000124e+00	7.114275813031529887e-03	-2.180178462711716492e+01
1.020000000000000018e+00	7.051795320557068328e-03	-1.396861854964131666e+01
1.024999999999999911e+00	7.138112443908302754e-03	-7.432654199480985824e+00
1.030000000000000027e+00	7.257447719815349023e-03	-3.159587025888985323e+00
1.035000000000000142e+00	7.358972180673572540e-03	-8.705555335858577992e-01
1.040000000000000036e+00	7.430218927434669579e-03	1.396561579422476718e-01
1.044999999999999929e+00	7.472657847203075659e-03	4.425246994873573425e-01
1.050000000000000044e+00	7.494359885910161119e-03	4.238584810270841219e-01
1.055000000000000160e+00	7.503203762542515198e-03	3.032543270976378880e-01
1.060000000000000053e+00	7.505316690807123901e-03	1.796522109916613152e-01
1.064999999999999947e+00	7.504617419989190880e-03	8.997307597095548226e-02
1.070000000000000062e+00	7.503137886813404829e-03	3.559885682374366866e-02
1.075000000000000178e+00	7.501815663479522410e-03	8.108493095864793138e-03
1.080000000000000071e+00	7.500890262178499038e-03	-3.078714786108533927e-03
1.084999999999999964e+00	7.500350528136488781e-03	-5.883169902402723452e-03
1.090000000000000080e+00	7.500080143091589907e-03	-5.164734573674734271e-03
1.095000000000000195e+00	7.499970870494489759e-03	-3.540762222560779084e-03
1.100000000000000089e+00	7.499943521968741034e-03	-2.046965763321376142e-03
1.104999999999999982e+00	7.499949637785829036e-03	-1.017452146099667373e-03
1.110000000000000098e+00	7.499965247840107742e-03	-4.104547193046223594e-04
1.115000000000000213e+00	7.499979484880756574e-03	-1.061475131109779131e-04
1.120000000000000107e+00	7.499989594232886296e-03	1.965035565585228933e-05
1.125000000000000000e+00	7.499995603036875395e-03	5.479334243258588333e-05
1.129999999999999893e+00	7.499998713643652760e-03	5.113483932149240927e-05
1.134999999999999787e+00	7.500000057277465479e-03	3.647369701877970426e-05
1.139999999999999902e+00	7.500000473214094368e-03	2.197367647971329503e-05
1.145000000000000018e+00	7.500000484322894012e-03	1.154254182383122288e-05
1.149999999999999911e+00	7.500000358558560169e-03	5.115818088241243214e-06
1.154999999999999805e+00	7.500000224406236371e-03	1.705093286479791423e-06
1.159999999999999920e+00	7.500000121475295690e-03	1.566418151636325226e-07
1.165000000000000036e+00	7.500000056473309258e-03	-3.861747348245611003e-07
1.169999999999999929e+00	7.500000020505805977e-03	-4.584311277013401782e-07
1.174999999999999822e+00	7.500000003473312506e-03	-3.634012604652246965e-07
1.179999999999999938e+00	7.499999997044218270e-03	-2.366005573842662076e-07
1.185000000000000053e+00	7.499999995707824600e-03	-1.341914859704134599e-07
1.189999999999999947e+00	7.499999996409168097e-03	-6.561360576927375197e-08
1.194999999999999840e+00	7.499999997565154862e-03	-2.627984104843970330e-08
1.199999999999999956e+00	7.499999998583250192e-03	-6.585767769991362051e-09
1.205000000000000071e+00	7.499999999282101759e-03	1.564366628445971986e-09
1.209999999999999964e+00	7.499999999698666112e-03	3.802646386308183058e-09
1.214999999999999858e+00	7.499999999912950431e-03	3.558830552059255354e-09
1.219999999999999973e+00	7.500000000005621961e-03	2.542156563644937266e-09
1.225000000000000089e+00	7.500000000034581435e-03	1.553899239788796911e-09
1.229999999999999982e+00	7.500000000034882409e-03	8.225241517856295651e-10
1.234999999999999876e+00	7.500000000025985880e-03	3.703714908637345545e-10
1.239999999999999991e+00	7.500000000016230663e-03	1.253843827462751824e-10
1.245000000000000107e+00	7.500000000008841608e-03	1.256625408754552041e-11
1.250000000000000000e+00	7.500000000004100609e-03	-2.751661276508808153e-11
1.254999999999999893e+00	7.500000000001486380e-03	-3.359029562336854362e-11
1.260000000000000009e+00	7.500000000000242584e-03	-2.669486843158096053e-11
1.265000000000000124e+00	7.499999999999771606e-03	-1.753728274778524506e-11
1.270000000000000018e+00	7.499999999999678799e-03	-9.915068383464376387e-12
1.274999999999999911e+00	7.499999999999730840e-03	-4.840676569184259489e-12
1.280000000000000027e+00	7.499999999999819311e-03	-1.904923647315635750e-12
1.285000000000000142e+00	7.499999999999895639e-03	-4.462173089004188083e-13
1.290000000000000036e+00	7.499999999999947681e-03	1.544588067410079268e-13
1.294999999999999929e+00	7.499999999999978906e-03	3.209311055784940912e-13
1.300000000000000044e+00	7.499999999999994518e-03	2.973569213471174027e-13
1.305000000000000160e+00	7.500000000000001457e-03	2.149077952230532503e-13
1.310000000000000053e+00	7.500000000000003192e-03	1.344132604240285880e-13
1.314999999999999947e+00	7.500000000000003192e-03	7.660918725634782569e-14
1.320000000000000062e+00	7.500000000000002325e-03	4.264333325058365576e-14
1.325000000000000178e+00	7.500000000000001457e-03	3.252947271881920295e-14
1.330000000000000071e+00	7.500000000000001457e-03	3.266011229267801878e-14
1.334999999999999964e+00	7.500000000000002325e-03	3.200448663241042853e-14
1.340000000000000080e+00	7.500000000000002325e-03	3.102530579801705693e-14
1.345000000000000195e+00	7.500000000000002325e-03	3.283922354010110015e-14
1.350000000000000089e+00	7.500000000000002325e-03	3.380765646872450405e-14
1.354999999999999982e+00	7.500000000000002325e-03	3.285160068795704655e-14
1.360000000000000098e+00	7.500000000000001457e-03	3.166332820117821863e-14
1.365000000000000213e+00	7.500000000000001457e-03	3.242134153289272030e-14
1.370000000000000107e+00	7.500000000000001457e-03	3.415416034144682488e-14
1.375000000000000000e+00	7.500000000000002325e-03	3.657045089663011233e-14
1.379999999999999893e+00	7.500000000000001457e-03	3.795973607482317301e-14
1.384999999999999787e+00	7.500000000000002325e-03	3.745514430683815464e-14
1.389999999999999902e+00	7.500000000000002325e-03	3.652390508128590875e-14
1.395000000000000018e+00	7.500000000000002325e-03	3.527591018786353285e-14
1.399999999999999911e+00	7.500000000000002325e-03	3.454107650714342168e-14
1.404999999999999805e+00	7.500000000000002325e-03	3.525999448179706976e-14
1.409999999999999920e+00	7.500000000000002325e-03	3.788827999250709346e-14
1.415000000000000036e+00	7.500000000000001457e-03	4.040238513164990087e-14
1.419999999999999929e+00	7.500000000000002325e-03	4.055982348378637439e-14
1.424999999999999822e+00	7.500000000000002325e-03	3.894924095688023028e-14
1.429999999999999938e+00	7.500000000000002325e-03	3.739744894636698362e-14
1.435000000000000053e+00	7.500000000000002325e-03	3.597944815686890385e-14
1.439999999999999947e+00	7.500000000000002325e-03	3.563645954011382014e-14
1.444999999999999840e+00	7.500000000000002325e-03	3.590427305307555035e-14
1.449999999999999956e+00	7.500000000000001457e-03	3.593843471800803199e-14
1.455000000000000071e+00	7.500000000000002325e-03	3.708792370095042701e-14
1.459999999999999964e+00	7.500000000000001457e-03	3.815202394592174406e-14
1.464999999999999858e+00	7.500000000000002325e-03	3.775928387015827645e-14
1.469999999999999973e+00	7.500000000000002325e-03	3.736093278772449812e-14
1.475000000000000089e+00	7.500000000000002325e-03	3.711426141738692533e-14
1.479999999999999982e+00	7.500000000000002325e-03	3.794482281045716209e-14
1.484999999999999876e+00	7.500000000000002325e-03	3.919422908290917746e-14
1.489999999999999991e+00	7.500000000000001457e-03	3.870218475862761516e-14
1.495000000000000107e+00	7.500000000000002325e-03	3.660037115617291957e-14
1.500000000000000000e+00	7.500000000000002325e-03	3.478732130311107373e-14
1.504999999999999893e+00	7.500000000000002325e-03	3.264646515138446887e-14
1.510000000000000009e+00	7.500000000000001457e-03	3.212758461544147622e-14
1.515000000000000124e+00	7.500000000000002325e-03	3.425906688122103178e-14
1.520000000000000018e+00	7.500000000000002325e-03	3.651380187006994897e-14
1.524999999999999911e+00	7.500000000000002325e-03	3.817877477609321140e-14
1.530000000000000027e+00	7.500000000000001457e-03	3.976993793821642878e-14
1.535000000000000142e+00	7.500000000000002325e-03	3.966538685033097330e-14
1.540000000000000036e+00	7.500000000000002325e-03	3.843987086342617380e-14
1.544999999999999929e+00	7.500000000000002325e-03	3.733537516667399177e-14
1.550000000000000044e+00	7.500000000000002325e-03	3.808078021065139426e-14
1.555000000000000160e+00	7.500000000000002325e-03	3.835544517495489664e-14
1.560000000000000053e+00	7.500000000000002325e-03	3.822946562725650738e-14
1.564999999999999947e+00	7.500000000000002325e-03	3.752425882189155030e-14
1.570000000000000062e+00	7.500000000000002325e-03	3.692155467984211397e-14
1.575000000000000178e+00	7.500000000000002325e-03	3.601636070969694611e-14
1.580000000000000071e+00	7.500000000000002325e-03	3.492637841729059850e-14
1.584999999999999964e+00	7.500000000000002325e-03	3.330677127541852268e-14
1.590000000000000080e+00	7.500000000000001457e-03	3.245322704230781212e-14
1.595000000000000195e+00	7.500000000000002325e-03	3.364435013306819569e-14
1.600000000000000089e+00	7.500000000000002325e-03	3.529247764460269648e-14
1.604999999999999982e+00	7.500000000000002325e-03	3.696579600914654440e-14
1.610000000000000098e+00	7.500000000000002325e-03	3.871196398974611429e-14
1.615000000000000213e+00	7.500000000000002325e-03	3.930506632197962770e-14
1.620000000000000107e+00	7.500000000000002325e-03	3.929715689658487394e-14
1.625000000000000000e+00	7.500000000000002325e-03	3.916758102966084063e-14
1.629999999999999893e+00	7.500000000000002325e-03	3.814249580855659833e-14
1.634999999999999787e+00	7.500000000000002325e-03	3.666813620544064525e-14
1.639999999999999902e+00	7.500000000000002325e-03	3.593575808480050531e-14
1.645000000000000018e+00	7.500000000000002325e-03	3.583164038157203741e-14
1.649999999999999911e+00	7.500000000000002325e-03	3.594076190124943689e-14
1.654999999999999805e+00	7.500000000000002325e-03	3.685359569961509418e-14
1.659999999999999920e+00	7.500000000000002325e-03	3.824043897480918441e-14
1.665000000000000036e+00	7.500000000000002325e-03	3.836852792903380619e-14
1.669999999999999929e+00	7.500000000000002325e-03	3.735809348523055224e-14
1.674999999999999822e+00	7.500000000000002325e-03	3.561472697893494010e-14
1.679999999999999938e+00	7.500000000000001457e-03	3.384718357964467934e-14
1.685000000000000053e+00	7.500000000000002325e-03	3.367677470255418478e-14
1.689999999999999947e+00	7.500000000000001457e-03	3.489884271623550686e-14
1.694999999999999840e+00	7.500000000000002325e-03	3.694673804793137485e-14
1.699999999999999956e+00	7.500000000000001457e-03	3.793344788050617094e-14
1.705000000000000071e+00	7.500000000000002325e-03	3.725301284888954036e-14
1.709999999999999964e+00	7.500000000000002325e-03	3.668978495176694299e-14
1.714999999999999858e+00	7.500000000000002325e-03	3.658958301229048238e-14
1.719999999999999973e+00	7.500000000000002325e-03	3.706644698472035984e-14
1.725000000000000089e+00	7.500000000000002325e-03	3.814379102810548064e-14
1.729999999999999982e+00	7.500000000000002325e-03	3.864222689658897782e-14
1.734999999999999876e+00	7.500000000000002325e-03	3.862203269811460397e-14
1.739999999999999991e+00	7.500000000000002325e-03	3.764338788738338475e-14
1.745000000000000107e+00	7.500000000000002325e-03	3.593963693120747166e-14
1.750000000000000000e+00	7.500000000000002325e-03	3.519765596953686453e-14
1.754999999999999893e+00	7.500000000000002325e-03	3.516957417948207900e-14
1.760000000000000009e+00	7.500000000000001457e-03	3.530297407662849002e-14
1.765000000000000124e+00	7.500000000000002325e-03	3.677617500075867876e-14
1.770000000000000018e+00	7.500000000000001457e-03	3.693355383016452413e-14
1.774999999999999911e+00	7.500000000000002325e-03	3.491588900462044632e-14
1.780000000000000027e+00	7.500000000000001457e-03	3.404917924386926192e-14
1.785000000000000142e+00	7.500000000000002325e-03	3.575394199441518918e-14
1.790000000000000036e+00	7.500000000000002325e-03	3.750168126002746635e-14
1.794999999999999929e+00	7.500000000000002325e-03	3.821041836125798314e-14
1.800000000000000044e+00	7.500000000000002325e-03	3.824310382920652055e-14
1.805000000000000160e+00	7.500000000000002325e-03	3.785847268811173634e-14
1.810000000000000053e+00	7.500000000000002325e-03	3.713647474693560875e-14
1.814999999999999947e+00	7.500000000000002325e-03	3.656054150668527234e-14
1.820000000000000062e+00	7.500000000000001457e-03	3.686745718476369617e-14
1.825000000000000178e+00	7.500000000000002325e-03	3.606652635346253161e-14
1.830000000000000071e+00	7.500000000000002325e-03	3.527742200209068894e-14
1.834999999999999964e+00	7.500000000000002325e-03	3.468179968733544844e-14
1.840000000000000080e+00	7.500000000000001457e-03	3.419693101012264965e-14
1.845000000000000195e+00	7.500000000000002325e-03	3.525820599798095212e-14
1.850000000000000089e+00	7.500000000000002325e-03	3.570249371509284437e-14
1.854999999999999982e+00	7.500000000000002325e-03	3.466230042457548154e-14
1.860000000000000098e+00	7.500000000000001457e-03	3.368607375582144129e-14
1.865000000000000213e+00	7.500000000000002325e-03	3.533447520548360713e-14
1.870000000000000107e+00	7.500000000000001457e-03	3.808369543261087005e-14
1.875000000000000000e+00	7.500000000000002325e-03	3.853821705056138796e-14
1.879999999999999893e+00	7.500000000000002325e-03	3.762410142392276377e-14
1.884999999999999787e+00	7.500000000000002325e-03	3.647040669093283347e-14
1.889999999999999902e+00	7.500000000000001457e-03	3.542723006751643433e-14
1.895000000000000018e+00	7.500000000000002325e-03	3.599736482556832535e-14
1.899999999999999911e+00	7.500000000000002325e-03	3.636905388553163198e-14
1.904999999999999805e+00	7.500000000000002325e-03	3.535552444308124480e-14
1.909999999999999920e+00	7.500000000000001457e-03	3.386928812425360793e-14
1.915000000000000036e+00	7.500000000000002325e-03	3.381305623014880789e-14
1.919999999999999929e+00	7.500000000000001457e-03	3.520236959771041662e-14
1.924999999999999822e+00	7.500000000000002325e-03	3.754052885989884245e-14
1.929999999999999938e+00	7.500000000000001457e-03	3.867042487811680606e-14
1.935000000000000053e+00	7.500000000000002325e-03	3.793960924066307994e-14
1.939999999999999947e+00	7.500000000000002325e-03	3.696685577700494176e-14
1.944999999999999840e+00	7.500000000000002325e-03	3.611758707260630391e-14
1.949999999999999956e+00	7.500000000000002325e-03	3.638568528644843684e-14
1.955000000000000071e+00	7.500000000000002325e-03	3.766326069384144855e-14
1.959999999999999964e+00	7.500000000000002325e-03	3.855412065846465904e-14
1.964999999999999858e+00	7.500000000000002325e-03	3.906129194961590261e-14
1.969999999999999973e+00	7.500000000000002325e-03	3.844226190254355070e-14
1.975000000000000089e+00	7.500000000000002325e-03	3.687462216850896852e-14
1.979999999999999982e+00	7.500000000000002325e-03	3.584630723055421956e-14
1.984999999999999876e+00	7.500000000000002325e-03	3.501835772222910412e-14
1.989999999999999991e+00	7.500000000000001457e-03	3.443875104923496779e-14
1.995000000000000107e+00	7.500000000000002325e-03	3.542136094994151542e-14
2.000000000000000000e+00	7.500000000000002325e-03	3.693015463600143203e-14
2.004999999999999893e+00	7.500000000000002325e-03	3.783850460569540277e-14
2.009999999999999787e+00	7.500000000000002325e-03	3.856972801151580259e-14
2.014999999999999680e+00	7.500000000000002325e-03	3.928450329811385671e-14
2.020000000000000018e+00	7.500000000000002325e-03	3.860202644164690381e-14
2.024999999999999911e+00	7.500000000000002325e-03	3.702536483133400571e-14
2.029999999999999805e+00	7.500000000000002325e-03	3.630294830329316914e-14
2.035000000000000142e+00	7.500000000000002325e-03	3.624490340141756994e-14
2.040000000000000036e+00	7.500000000000002325e-03	3.603313143723525392e-14
2.044999999999999929e+00	7.500000000000002325e-03	3.552453743817669639e-14
2.049999999999999822e+00	7.500000000000002325e-03	3.641341470125909155e-14
2.054999999999999716e+00	7.500000000000002325e-03	3.868512403097396498e-14
2.060000000000000053e+00	7.500000000000002325e-03	3.960038016260474056e-14
2.064999999999999947e+00	7.500000000000002325e-03	3.961118963912353285e-14
2.069999999999999840e+00	7.500000000000002325e-03	3.837974146048091688e-14
2.075000000000000178e+00	7.500000000000002325e-03	3.632388446471367867e-14
2.080000000000000071e+00	7.500000000000002325e-03	3.558438176005176020e-14
2.084999999999999964e+00	7.500000000000002325e-03	3.558338665275836809e-14
2.089999999999999858e+00	7.500000000000002325e-03	3.602611565164941600e-14
2.094999999999999751e+00	7.500000000000002325e-03	3.752720966705226456e-14
2.100000000000000089e+00	7.500000000000001457e-03	3.903613993626742033e-14
2.104999999999999982e+00	7.500000000000002325e-03	3.859990731219739434e-14
2.109999999999999876e+00	7.500000000000002325e-03	3.796915351835663456e-14
2.115000000000000213e+00	7.500000000000002325e-03	3.764470209217506162e-14
2.120000000000000107e+00	7.500000000000002325e-03	3.699561994746086012e-14
2.125000000000000000e+00	7.500000000000002325e-03	3.631594952819723714e-14
2.129999999999999893e+00	7.500000000000002325e-03	3.735109677638354097e-14
2.134999999999999787e+00	7.500000000000002325e-03	3.790094159377882422e-14
2.140000000000000124e+00	7.500000000000002325e-03	3.670178877539977397e-14
2.145000000000000018e+00	7.500000000000002325e-03	3.462216708894108481e-14
2.149999999999999911e+00	7.500000000000001457e-03	3.376609575927482240e-14
2.155000000000000249e+00	7.500000000000002325e-03	3.502427844895337398e-14
2.160000000000000142e+00	7.500000000000002325e-03	3.683785444144548232e-14
2.165000000000000036e+00	7.500000000000002325e-03	3.779774337775974835e-14
2.169999999999999929e+00	7.500000000000002325e-03	3.757228968798217649e-14
2.174999999999999822e+00	7.500000000000002325e-03	3.755222325044008701e-14
2.180000000000000160e+00	7.500000000000002325e-03	3.899792809229203553e-14
2.185000000000000053e+00	7.500000000000002325e-03	3.965731041358379650e-14
2.189999999999999947e+00	7.500000000000002325e-03	3.928723120549716360e-14
2.195000000000000284e+00	7.500000000000002325e-03	3.848875380844741820e-14
2.200000000000000178e+00	7.500000000000002325e-03	3.793913994398628518e-14
2.205000000000000071e+00	7.500000000000002325e-03	3.722198635990568405e-14
2.209999999999999964e+00	7.500000000000002325e-03	3.745618567195963080e-14
2.214999999999999858e+00	7.500000000000002325e-03	3.825366847859115449e-14
2.220000000000000195e+00	7.500000000000002325e-03	3.830746482589761424e-14
2.225000000000000089e+00	7.500000000000002325e-03	3.763595071101731147e-14
2.229999999999999982e+00	7.500000000000002325e-03	3.680120186713154218e-14
2.235000000000000320e+00	7.500000000000002325e-03	3.584245253952817165e-14
2.240000000000000213e+00	7.500000000000002325e-03	3.635105581797541711e-14
2.245000000000000107e+00	7.500000000000002325e-03	3.735673436675926858e-14
2.250000000000000000e+00	7.500000000000002325e-03	3.716888778042532460e-14
2.254999999999999893e+00	7.500000000000002325e-03	3.604507801386769936e-14
2.259999999999999787e+00	7.500000000000002325e-03	3.585121690582138818e-14
2.264999999999999680e+00	7.500000000000002325e-03	3.709499247103578231e-14
2.270000000000000018e+00	7.500000000000001457e-03	3.895831569678849907e-14
2.274999999999999911e+00	7.500000000000002325e-03	3.903748922193653141e-14
2.279999999999999805e+00	7.500000000000002325e-03	3.787782384016144428e-14
2.285000000000000142e+00	7.500000000000002325e-03	3.621389201503374281e-14
2.290000000000000036e+00	7.500000000000002325e-03	3.595659254459442405e-14
2.294999999999999929e+00	7.500000000000002325e-03	3.636536979187327598e-14
2.299999999999999822e+00	7.500000000000002325e-03	3.612444734680124239e-14
2.304999999999999716e+00	7.500000000000002325e-03	3.613632766635871711e-14
2.310000000000000053e+00	7.500000000000002325e-03	3.752285520751314062e-14
2.314999999999999947e+00	7.500000000000002325e-03	3.801018765189333845e-14
2.319999999999999840e+00	7.500000000000002325e-03	3.737473866650909782e-14
2.325000000000000178e+00	7.500000000000002325e-03	3.708740473421518186e-14
2.330000000000000071e+00	7.500000000000001457e-03	3.805836073548620662e-14
2.334999999999999964e+00	7.500000000000002325e-03	3.753313088609934946e-14
2.339999999999999858e+00	7.500000000000002325e-03	3.686178466261794926e-14
2.344999999999999751e+00	7.500000000000002325e-03	3.716357595664692093e-14
2.350000000000000089e+00	7.500000000000001457e-03	3.784357668923015154e-14
2.354999999999999982e+00	7.500000000000002325e-03	3.660174411982548965e-14
2.359999999999999876e+00	7.500000000000001457e-03	3.494023474704082271e-14
2.365000000000000213e+00	7.500000000000002325e-03	3.411992828336498810e-14
2.370000000000000107e+00	7.500000000000001457e-03	3.297484707711887360e-14
2.375000000000000000e+00	7.500000000000002325e-03	3.243458657155553251e-14
2.379999999999999893e+00	7.500000000000001457e-03	3.086493575282577248e-14
2.384999999999999787e+00	7.500000000000002325e-03	3.039252535279177727e-14
2.390000000000000124e+00	7.500000000000001457e-03	3.016155598758306913e-14
2.395000000000000018e+00	7.500000000000001457e-03	3.114055576692496938e-14
2.399999999999999911e+00	7.500000000000001457e-03	3.362434871142319423e-14
2.405000000000000249e+00	7.500000000000002325e-03	3.568298378013788182e-14
2.410000000000000142e+00	7.500000000000001457e-03	3.817728501818726161e-14
2.415000000000000036e+00	7.500000000000002325e-03	3.912026045119009794e-14
2.419999999999999929e+00	7.500000000000002325e-03	3.921064478757787202e-14
2.424999999999999822e+00	7.500000000000002325e-03	3.943155657592254478e-14
2.430000000000000160e+00	7.500000000000002325e-03	3.876303712013491355e-14
2.435000000000000053e+00	7.500000000000002325e-03	3.734789040637596616e-14
2.439999999999999947e+00	7.500000000000002325e-03	3.731222275399725266e-14
2.445000000000000284e+00	7.500000000000002325e-03	3.853627728239599185e-14
2.450000000000000178e+00	7.500000000000002325e-03	3.860460124500554882e-14
2.455000000000000071e+00	7.500000000000002325e-03	3.703710292302722230e-14
2.459999999999999964e+00	7.500000000000002325e-03	3.475331408192091411e-14
2.464999999999999858e+00	7.500000000000002325e-03	3.175104244759059522e-14
2.470000000000000195e+00	7.500000000000001457e-03	2.953671113343143457e-14
2.475000000000000089e+00	7.500000000000001457e-03	2.988591833267203656e-14
2.479999999999999982e+00	7.500000000000001457e-03	3.213346669179062916e-14
2.485000000000000320e+00	7.500000000000002325e-03	3.380749970567261876e-14
2.490000000000000213e+00	7.500000000000001457e-03	3.552119406471706568e-14
2.495000000000000107e+00	7.500000000000002325e-03	3.534003993052703627e-14
2.500000000000000000e+00	7.500000000000001457e-03	3.488865686757548391e-14
2.504999999999999893e+00	7.500000000000002325e-03	3.628691920888181187e-14
2.509999999999999787e+00	7.500000000000002325e-03	3.834435757178505987e-14
2.514999999999999680e+00	7.500000000000002325e-03	4.048204455881421521e-14
2.520000000000000018e+00	7.500000000000002325e-03	4.087907100941138362e-14
2.524999999999999911e+00	7.500000000000002325e-03	4.038967569740094667e-14
2.529999999999999805e+00	7.500000000000002325e-03	3.878973367052765036e-14
2.535000000000000142e+00	7.500000000000002325e-03	3.650692847231853759e-14
2.540000000000000036e+00	7.500000000000002325e-03	3.564510240252511505e-14
2.544999999999999929e+00	7.500000000000002325e-03	3.558776599112484266e-14
2.549999999999999822e+00	7.500000000000002325e-03	3.600888160093391862e-14
2.554999999999999716e+00	7.500000000000002325e-03	3.750220091826310430e-14
2.560000000000000053e+00	7.500000000000001457e-03	3.900506638745267587e-14
2.564999999999999947e+00	7.500000000000002325e-03	3.855687249606375453e-14
2.569999999999999840e+00	7.500000000000002325e-03	3.790590056888601244e-14
2.575000000000000178e+00	7.500000000000002325e-03	3.755646937023355606e-14
2.580000000000000071e+00	7.500000000000002325e-03	3.689375673441730393e-14
2.584999999999999964e+00	7.500000000000002325e-03	3.600148570596359791e-14
2.589999999999999858e+00	7.500000000000001457e-03	3.582875114771561941e-14
2.594999999999999751e+00	7.500000000000002325e-03	3.496491035334888292e-14
2.600000000000000089e+00	7.500000000000001457e-03	3.400840212548688317e-14
2.604999999999999982e+00	7.500000000000001457e-03	3.208607536961594167e-14
2.609999999999999876e+00	7.500000000000001457e-03	3.254238652034705983e-14
2.615000000000000213e+00	7.500000000000002325e-03	3.429636029778327420e-14
2.620000000000000107e+00	7.500000000000001457e-03	3.474701512100388982e-14
2.625000000000000000e+00	7.500000000000002325e-03	3.316772880365852634e-14
2.629999999999999893e+00	7.500000000000001457e-03	3.262761978792189730e-14
2.634999999999999787e+00	7.500000000000002325e-03	3.501442283787709266e-14
2.640000000000000124e+00	7.500000000000001457e-03	3.785250205014172368e-14
2.645000000000000018e+00	7.500000000000002325e-03	3.833575827591286497e-14
2.649999999999999911e+00	7.500000000000001457e-03	3.815269164973599036e-14
2.655000000000000249e+00	7.500000000000002325e-03	3.920709599144210554e-14
2.660000000000000142e+00	7.500000000000002325e-03	3.857754846470806167e-14
2.665000000000000036e+00	7.500000000000002325e-03	3.684337016209292030e-14
2.669999999999999929e+00	7.500000000000002325e-03	3.618106471701891456e-14
2.674999999999999822e+00	7.500000000000002325e-03	3.690391292627138901e-14
2.680000000000000160e+00	7.500000000000001457e-03	3.816578386858692923e-14
2.685000000000000053e+00	7.500000000000002325e-03	3.688131721206841621e-14
2.689999999999999947e+00	7.500000000000001457e-03	3.419023781381040997e-14
2.695000000000000284e+00	7.500000000000002325e-03	3.367984505510882346e-14
2.700000000000000178e+00	7.500000000000001457e-03	3.350555874856378751e-14
2.705000000000000071e+00	7.500000000000002325e-03	3.194928838177627261e-14
2.709999999999999964e+00	7.500000000000001457e-03	3.161957627179697231e-14
2.714999999999999858e+00	7.500000000000002325e-03	3.421833689160683350e-14
2.720000000000000195e+00	7.500000000000001457e-03	3.731654079780212326e-14
2.725000000000000089e+00	7.500000000000002325e-03	3.866373950864095664e-14
2.729999999999999982e+00	7.500000000000002325e-03	3.938542070783635254e-14
2.735000000000000320e+00	7.500000000000002325e-03	3.961031852292697113e-14
2.740000000000000213e+00	7.500000000000001457e-03	4.034353483421575881e-14
2.745000000000000107e+00	7.500000000000002325e-03	3.920496515399086962e-14
2.750000000000000000e+00	7.500000000000002325e-03	3.726866833252381858e-14
2.754999999999999893e+00	7.500000000000002325e-03	3.572094251745532300e-14
2.759999999999999787e+00	7.500000000000002325e-03	3.598164238206275080e-14
2.764999999999999680e+00	7.500000000000002325e-03	3.676875225142853218e-14
2.770000000000000018e+00	7.500000000000002325e-03	3.847341301101655296e-14
2.774999999999999911e+00	7.500000000000002325e-03	3.915269017682822455e-14
2.779999999999999805e+00	7.500000000000002325e-03	3.865270294845937890e-14
2.785000000000000142e+00	7.500000000000002325e-03	3.834338714029378734e-14
2.790000000000000036e+00	7.500000000000001457e-03	3.931812089079456500e-14
2.794999999999999929e+00	7.500000000000002325e-03	3.922538460109542326e-14
2.799999999999999822e+00	7.500000000000002325e-03	3.881336211496424771e-14
2.804999999999999716e+00	7.500000000000002325e-03	3.799456840784964121e-14
2.810000000000000053e+00	7.500000000000002325e-03	3.613802273476712329e-14
2.814999999999999947e+00	7.500000000000002325e-03	3.344710313419010859e-14
2.819999999999999840e+00	7.500000000000001457e-03	3.272045045128278027e-14
2.825000000000000178e+00	7.500000000000002325e-03	3.421066423157332516e-14
2.830000000000000071e+00	7.500000000000001457e-03	3.541976583853540088e-14
2.834999999999999964e+00	7.500000000000002325e-03	3.548958319792090476e-14
2.839999999999999858e+00	7.500000000000002325e-03	3.640519809770865207e-14
2.844999999999999751e+00	7.500000000000002325e-03	3.742167678651573636e-14
2.850000000000000089e+00	7.500000000000002325e-03	3.922763922577352101e-14
2.854999999999999982e+00	7.500000000000002325e-03	4.001585389671155570e-14
2.859999999999999876e+00	7.500000000000002325e-03	3.959730444183371893e-14
2.865000000000000213e+00	7.500000000000002325e-03	3.882145244372274438e-14
2.870000000000000107e+00	7.500000000000002325e-03	3.866036392470063303e-14
2.875000000000000000e+00	7.500000000000002325e-03	3.837391612397968343e-14
2.879999999999999893e+00	7.500000000000002325e-03	3.720642191037669260e-14
2.884999999999999787e+00	7.500000000000002325e-03	3.417811823175137103e-14
2.890000000000000124e+00	7.500000000000001457e-03	3.014887869023232384e-14
2.895000000000000018e+00	7.500000000000002325e-03	2.849946567095930062e-14
2.899999999999999911e+00	7.500000000000001457e-03	2.902364836511757901e-14
2.905000000000000249e+00	7.500000000000001457e-03	3.111022211852114189e-14
2.910000000000000142e+00	7.500000000000001457e-03	3.308927706729529896e-14
2.915000000000000036e+00	7.500000000000002325e-03	3.492995221246943433e-14
2.919999999999999929e+00	7.500000000000002325e-03	3.610987597826040126e-14
2.924999999999999822e+00	7.500000000000002325e-03	3.689633565399815012e-14
2.930000000000000160e+00	7.500000000000002325e-03	3.918461902007960068e-14
2.935000000000000053e+00	7.500000000000002325e-03	4.080729348102735551e-14
2.939999999999999947e+00	7.500000000000002325e-03	4.036678216199745377e-14
2.945000000000000284e+00	7.500000000000002325e-03	3.866011974073135295e-14
2.950000000000000178e+00	7.500000000000002325e-03	3.760503255235885498e-14
2.955000000000000071e+00	7.500000000000002325e-03	3.587853378423708213e-14
2.959999999999999964e+00	7.500000000000001457e-03	3.176892774323352873e-14
2.964999999999999858e+00	7.500000000000002325e-03	2.737653453884134154e-14
2.970000000000000195e+00	7.500000000000001457e-03	3.199702256434746506e-14
2.975000000000000089e+00	7.500000000000002325e-03	3.951504454464379462e-14
2.979999999999999982e+00	7.500000000000001457e-03	3.894523922116812264e-14
2.985000000000000320e+00	7.500000000000001457e-03	4.028207304200600905e-14
2.990000000000000213e+00	7.500000000000001457e-03	4.025148254504145245e-14
2.995000000000000107e+00	7.500000000000002325e-03	3.715374589534100233e-14
3.000000000000000000e+00	7.500000000000002325e-03	3.534860074398266684e-14
3.004999999999999893e+00	7.500000000000002325e-03	3.436763117314152662e-14
3.009999999999999787e+00	7.500000000000002325e-03	3.478074857392220425e-14
3.014999999999999680e+00	7.500000000000002325e-03	3.555703223386275667e-14
3.020000000000000018e+00	7.500000000000002325e-03	3.686382775450485698e-14
3.024999999999999911e+00	7.500000000000002325e-03	3.826629103912410825e-14
3.029999999999999805e+00	7.500000000000002325e-03	3.923453680745041035e-14
3.035000000000000142e+00	7.500000000000002325e-03	4.009706146001576117e-14
3.040000000000000036e+00	7.500000000000001457e-03	4.062501104522737262e-14
3.044999999999999929e+00	7.500000000000002325e-03	3.962807806444716822e-14
3.049999999999999822e+00	7.500000000000002325e-03	3.899363182853923530e-14
3.054999999999999716e+00	7.500000000000002325e-03	3.853452951714740907e-14
3.060000000000000053e+00	7.500000000000002325e-03	3.963114492236492888e-14
3.064999999999999947e+00	7.500000000000002325e-03	4.012003706534206504e-14
3.069999999999999840e+00	7.500000000000002325e-03	3.852359029287094097e-14
3.075000000000000178e+00	7.500000000000002325e-03	3.567863910356675692e-14
3.080000000000000071e+00	7.500000000000002325e-03	3.397074785916145391e-14
3.084999999999999964e+00	7.500000000000002325e-03	3.366799743795008269e-14
3.089999999999999858e+00	7.500000000000002325e-03	3.510690972506488697e-14
3.094999999999999751e+00	7.500000000000002325e-03	3.600268810067874542e-14
3.100000000000000089e+00	7.500000000000002325e-03	3.595843609335963999e-14
3.104999999999999982e+00	7.500000000000002325e-03	3.698453650026519403e-14
3.109999999999999876e+00	7.500000000000002325e-03	3.862212653493729516e-14
3.115000000000000213e+00	7.500000000000002325e-03	4.052635979377379631e-14
3.120000000000000107e+00	7.500000000000001457e-03	4.206140809238371362e-14
3.125000000000000000e+00	7.500000000000002325e-03	4.147011803834049838e-14
3.129999999999999893e+00	7.500000000000002325e-03	4.088658705470974313e-14
3.134999999999999787e+00	7.500000000000002325e-03	4.096757211932726221e-14
3.140000000000000124e+00	7.500000000000002325e-03	4.068691212271829035e-14
3.145000000000000018e+00	7.500000000000002325e-03	3.946861650288685958e-14
3.149999999999999911e+00	7.500000000000002325e-03	3.887688113788173546e-14
3.155000000000000249e+00	7.500000000000002325e-03	3.800607924880825622e-14
3.160000000000000142e+00	7.500000000000002325e-03	3.712104178431576560e-14
3.165000000000000036e+00	7.500000000000002325e-03	3.628156917873303510e-14
3.169999999999999929e+00	7.500000000000002325e-03	3.516752300299707922e-14
3.174999999999999822e+00	7.500000000000002325e-03	3.456495642123713008e-14
3.180000000000000160e+00	7.500000000000002325e-03	3.418055444735609679e-14
3.185000000000000053e+00	7.500000000000002325e-03	3.365446475302945279e-14
3.189999999999999947e+00	7.500000000000002325e-03	3.380121670887846268e-14
3.195000000000000284e+00	7.500000000000002325e-03	3.479195504819091075e-14
3.200000000000000178e+00	7.500000000000002325e-03	3.628588096106256969e-14
3.205000000000000071e+00	7.500000000000002325e-03	3.827301599990307460e-14
3.209999999999999964e+00	7.500000000000002325e-03	3.943022795293746611e-14
3.214999999999999858e+00	7.500000000000002325e-03	4.047045740615589479e-14
3.220000000000000195e+00	7.500000000000002325e-03	4.038751984775150859e-14
3.225000000000000089e+00	7.500000000000002325e-03	3.915215246380572034e-14
3.229999999999999982e+00	7.500000000000002325e-03	3.788525338241839770e-14
3.235000000000000320e+00	7.500000000000002325e-03	3.663758317664137604e-14
3.240000000000000213e+00	7.500000000000002325e-03	3.585101999586519437e-14
3.245000000000000107e+00	7.500000000000002325e-03	3.514561995556933448e-14
3.250000000000000000e+00	7.500000000000002325e-03	3.602534909775353882e-14
3.254999999999999893e+00	7.500000000000002325e-03	3.840288495106372415e-14
3.259999999999999787e+00	7.500000000000002325e-03	3.986492904431806296e-14
3.264999999999999680e+00	7.500000000000002325e-03	4.063932489277207395e-14
3.270000000000000018e+00	7.500000000000002325e-03	4.058657173441115006e-14
3.274999999999999911e+00	7.500000000000002325e-03	3.952736518010644660e-14
3.279999999999999805e+00	7.500000000000002325e-03	3.793031011613610566e-14
3.285000000000000142e+00	7.500000000000002325e-03	3.722564287771813290e-14
3.290000000000000036e+00	7.500000000000002325e-03	3.749177188400313725e-14
3.294999999999999929e+00	7.500000000000002325e-03	3.713073258198346699e-14
3.299999999999999822e+00	7.500000000000002325e-03	3.615638051738499151e-14
3.304999999999999716e+00	7.500000000000002325e-03	3.487623936634461954e-14
3.310000000000000053e+00	7.500000000000002325e-03	3.474609091135363677e-14
3.314999999999999947e+00	7.500000000000002325e-03	3.555547378307260652e-14
3.319999999999999840e+00	7.500000000000002325e-03	3.689048209564414307e-14
3.325000000000000178e+00	7.500000000000002325e-03	3.864179166580516667e-14
3.330000000000000071e+00	7.500000000000002325e-03	3.942208109585504557e-14
3.334999999999999964e+00	7.500000000000002325e-03	3.909133396357571735e-14
3.339999999999999858e+00	7.500000000000002325e-03	3.922273478611331759e-14
3.344999999999999751e+00	7.500000000000002325e-03	3.950811280863581736e-14
3.350000000000000089e+00	7.500000000000002325e-03	3.918843757000757018e-14
3.354999999999999982e+00	7.500000000000002325e-03	3.811834646415403156e-14
3.359999999999999876e+00	7.500000000000002325e-03	3.769850608641183976e-14
3.365000000000000213e+00	7.500000000000002325e-03	3.689919603514682561e-14
3.370000000000000107e+00	7.500000000000002325e-03	3.609819791531546776e-14
3.375000000000000000e+00	7.500000000000002325e-03	3.595154946209288221e-14
3.379999999999999893e+00	7.500000000000002325e-03	3.642422121324843438e-14
3.384999999999999787e+00	7.500000000000002325e-03	3.690152797155199892e-14
3.390000000000000124e+00	7.500000000000002325e-03	3.749260552081629203e-14
3.395000000000000018e+00	7.500000000000002325e-03	3.732942835060029231e-14
3.399999999999999911e+00	7.500000000000002325e-03	3.677553494641271473e-14
3.405000000000000249e+00	7.500000000000002325e-03	3.567981108302592692e-14
3.410000000000000142e+00	7.500000000000002325e-03	3.551206496366985561e-14
3.415000000000000036e+00	7.500000000000002325e-03	3.624056054668535207e-14
3.419999999999999929e+00	7.500000000000002325e-03	3.745840110925727605e-14
3.424999999999999822e+00	7.500000000000002325e-03	3.881190893503929652e-14
3.430000000000000160e+00	7.500000000000002325e-03	3.871175866298553126e-14
3.435000000000000053e+00	7.500000000000002325e-03	3.723418771971938610e-14
3.439999999999999947e+00	7.500000000000002325e-03	3.623776998022432005e-14
3.445000000000000284e+00	7.500000000000002325e-03	3.701785758659880926e-14
3.450000000000000178e+00	7.500000000000001457e-03	3.670873595351366628e-14
3.455000000000000071e+00	7.500000000000002325e-03	3.480429655593691529e-14
3.459999999999999964e+00	7.500000000000002325e-03	3.465907535927189714e-14
3.464999999999999858e+00	7.500000000000002325e-03	3.688028169915604456e-14
3.470000000000000195e+00	7.500000000000002325e-03	3.848987427481051879e-14
3.475000000000000089e+00	7.500000000000002325e-03	3.928953286060149179e-14
3.479999999999999982e+00	7.500000000000002325e-03	3.930465104309669164e-14
3.485000000000000320e+00	7.500000000000002325e-03	3.913056727221817593e-14
3.490000000000000213e+00	7.500000000000002325e-03	3.950393257197227778e-14
3.495000000000000107e+00	7.500000000000002325e-03	3.973290328876129689e-14
3.500000000000000000e+00	7.500000000000002325e-03	3.905164772538285377e-14
3.504999999999999893e+00	7.500000000000002325e-03	3.729669830488210937e-14
3.509999999999999787e+00	7.500000000000002325e-03	3.614711920236672520e-14
3.514999999999999680e+00	7.500000000000002325e-03	3.517248816851392653e-14
3.520000000000000018e+00	7.500000000000002325e-03	3.541418110622775916e-14
3.524999999999999911e+00	7.500000000000002325e-03	3.652151145916555027e-14
3.529999999999999805e+00	7.500000000000002325e-03	3.703218795699166151e-14
3.535000000000000142e+00	7.500000000000002325e-03	3.704635115019566231e-14
3.540000000000000036e+00	7.500000000000002325e-03	3.722609387415395920e-14
3.544999999999999929e+00	7.500000000000002325e-03	3.707138549681057215e-14
3.549999999999999822e+00	7.500000000000002325e-03	3.646713764948503555e-14
3.554999999999999716e+00	7.500000000000002325e-03	3.573782297010237525e-14
3.560000000000000053e+00	7.500000000000002325e-03	3.634986217528542700e-14
3.564999999999999947e+00	7.500000000000002325e-03	3.835629630048080240e-14
3.569999999999999840e+00	7.500000000000002325e-03	3.957454400062775461e-14
3.575000000000000178e+00	7.500000000000001457e-03	4.042872231532337452e-14
3.580000000000000071e+00	7.500000000000002325e-03	3.950493939329843360e-14
3.584999999999999964e+00	7.500000000000002325e-03	3.825166886984371601e-14
3.589999999999999858e+00	7.500000000000002325e-03	3.777226127182724594e-14
3.594999999999999751e+00	7.500000000000002325e-03	3.763031593473611066e-14
3.600000000000000089e+00	7.500000000000002325e-03	3.791352833285281143e-14
3.604999999999999982e+00	7.500000000000002325e-03	3.769441834467386633e-14
3.609999999999999876e+00	7.500000000000002325e-03	3.726400650123008509e-14
3.615000000000000213e+00	7.500000000000002325e-03	3.649309860810188702e-14
3.620000000000000107e+00	7.500000000000002325e-03	3.656273479056042487e-14
3.625000000000000000e+00	7.500000000000002325e-03	3.660320074703082490e-14
3.629999999999999893e+00	7.500000000000002325e-03	3.668882710010291081e-14
3.634999999999999787e+00	7.500000000000002325e-03	3.652978923716146710e-14
3.640000000000000124e+00	7.500000000000002325e-03	3.612689587064567175e-14
3.645000000000000018e+00	7.500000000000002325e-03	3.579296979831705040e-14
3.649999999999999911e+00	7.500000000000002325e-03	3.663698978211995778e-14
3.655000000000000249e+00	7.500000000000002325e-03	3.834801316383535330e-14
3.660000000000000142e+00	7.500000000000001457e-03	3.826858481739729843e-14
3.665000000000000036e+00	7.500000000000002325e-03	3.653488521711166232e-14
3.669999999999999929e+00	7.500000000000002325e-03	3.649967685114751699e-14
3.674999999999999822e+00	7.500000000000002325e-03	3.805716830090218492e-14
3.680000000000000160e+00	7.500000000000002325e-03	3.870430768164034713e-14
3.685000000000000053e+00	7.500000000000002325e-03	3.819522113595440221e-14
3.689999999999999947e+00	7.500000000000002325e-03	3.782008468047426374e-14
3.695000000000000284e+00	7.500000000000002325e-03	3.778153954821146288e-14
3.700000000000000178e+00	7.500000000000002325e-03	3.824913868088397069e-14
3.705000000000000071e+00	7.500000000000002325e-03	3.847650412830858794e-14
3.709999999999999964e+00	7.500000000000002325e-03	3.789935134603185272e-14
3.714999999999999858e+00	7.500000000000002325e-03	3.656205891991689759e-14
3.720000000000000195e+00	7.500000000000002325e-03	3.630483819409241672e-14
3.725000000000000089e+00	7.500000000000002325e-03	3.699980681671544843e-14
3.729999999999999982e+00	7.500000000000002325e-03	3.822705967069942226e-14
3.735000000000000320e+00	7.500000000000002325e-03	3.993722159125872683e-14
3.740000000000000213e+00	7.500000000000002325e-03	3.991700284023501613e-14
3.745000000000000107e+00	7.500000000000002325e-03	3.928852613022866963e-14
3.750000000000000000e+00	7.500000000000002325e-03	3.864278114429993658e-14
3.754999999999999893e+00	7.500000000000002325e-03	3.713195295218678444e-14
3.759999999999999787e+00	7.500000000000002325e-03	3.586855089407507565e-14
3.764999999999999680e+00	7.500000000000002325e-03	3.484573065647171527e-14
3.770000000000000018e+00	7.500000000000002325e-03	3.501773056016028732e-14
3.774999999999999911e+00	7.500000000000002325e-03	3.586634009252272406e-14
3.779999999999999805e+00	7.500000000000002325e-03	3.652065105099052505e-14
3.785000000000000142e+00	7.500000000000002325e-03	3.698741112002177358e-14
3.790000000000000036e+00	7.500000000000002325e-03	3.777184938196294265e-14
3.794999999999999929e+00	7.500000000000002325e-03	3.838871417918580935e-14
3.799999999999999822e+00	7.500000000000002325e-03	3.866804414308448671e-14
3.804999999999999716e+00	7.500000000000002325e-03	3.842573610710402791e-14
3.810000000000000053e+00	7.500000000000002325e-03	3.743980099015843059e-14
3.814999999999999947e+00	7.500000000000002325e-03	3.605323202258638811e-14
3.819999999999999840e+00	7.500000000000002325e-03	3.667098537093548881e-14
3.825000000000000178e+00	7.500000000000001457e-03	3.826705482055421658e-14
3.830000000000000071e+00	7.500000000000002325e-03	3.791614916310604513e-14
3.834999999999999964e+00	7.500000000000002325e-03	3.698952481431781193e-14
3.839999999999999858e+00	7.500000000000002325e-03	3.679656799429580147e-14
3.844999999999999751e+00	7.500000000000002325e-03	3.708140152552382330e-14
3.850000000000000089e+00	7.500000000000002325e-03	3.783779299427634646e-14
3.854999999999999982e+00	7.500000000000002325e-03	3.826279698801586553e-14
3.859999999999999876e+00	7.500000000000002325e-03	3.779981601178980597e-14
3.865000000000000213e+00	7.500000000000002325e-03	3.649096926816844320e-14
3.870000000000000107e+00	7.500000000000002325e-03	3.611675371259026022e-14
3.875000000000000000e+00	7.500000000000002325e-03	3.662644084431987278e-14
3.879999999999999893e+00	7.500000000000002325e-03	3.745093697334044812e-14
3.884999999999999787e+00	7.500000000000002325e-03	3.829980452455855780e-14
3.890000000000000124e+00	7.500000000000002325e-03	3.838904009261510100e-14
3.895000000000000018e+00	7.500000000000002325e-03	3.771452850108153440e-14
3.899999999999999911e+00	7.500000000000002325e-03	3.750432092080655922e-14
3.905000000000000249e+00	7.500000000000002325e-03	3.910801734156890283e-14
3.910000000000000142e+00	7.500000000000001457e-03	3.963447838896536216e-14
3.915000000000000036e+00	7.500000000000002325e-03	3.809041793943946913e-14
3.919999999999999929e+00	7.500000000000002325e-03	3.651554471250720907e-14
3.924999999999999822e+00	7.500000000000002325e-03	3.541478105628599057e-14
3.930000000000000160e+00	7.500000000000002325e-03	3.591657081585875362e-14
3.935000000000000053e+00	7.500000000000002325e-03	3.670526978107305140e-14
3.939999999999999947e+00	7.500000000000002325e-03	3.676888426589073326e-14
3.945000000000000284e+00	7.500000000000002325e-03	3.686683849032692093e-14
3.950000000000000178e+00	7.500000000000002325e-03	3.754696929836093137e-14
3.955000000000000071e+00	7.500000000000002325e-03	3.814408105091182003e-14
3.959999999999999964e+00	7.500000000000002325e-03	3.838820127262134519e-14
3.964999999999999858e+00	7.500000000000002325e-03	3.803587979036481971e-14
3.970000000000000195e+00	7.500000000000002325e-03	3.684517934913691105e-14
3.975000000000000089e+00	7.500000000000002325e-03	3.518152054763436441e-14
3.979999999999999982e+00	7.500000000000002325e-03	3.558458657123312615e-14
3.985000000000000320e+00	7.500000000000002325e-03	3.763037550799675078e-14
3.990000000000000213e+00	7.500000000000002325e-03	3.874368875217629140e-14
3.995000000000000107e+00	7.500000000000002325e-03	3.867119512315541860e-14
4.000000000000000000e+00	7.500000000000002325e-03	3.867701423434863849e-14
4.004999999999999893e+00	7.500000000000002325e-03	3.859891032558209478e-14
4.009999999999999787e+00	7.500000000000002325e-03	3.773047805268207152e-14
4.014999999999999680e+00	7.500000000000002325e-03	3.606228357603800811e-14
4.019999999999999574e+00	7.500000000000002325e-03	3.582106568638751689e-14
4.025000000000000355e+00	7.500000000000002325e-03	3.670693885795181520e-14
4.030000000000000249e+00	7.500000000000002325e-03	3.813025441491976011e-14
4.035000000000000142e+00	7.500000000000001457e-03	3.930536740704854123e-14
4.040000000000000036e+00	7.500000000000002325e-03	3.844966776781018314e-14
4.044999999999999929e+00	7.500000000000002325e-03	3.747197644626262256e-14
4.049999999999999822e+00	7.500000000000002325e-03	3.756784699158543590e-14
4.054999999999999716e+00	7.500000000000002325e-03	3.799922867557704842e-14
4.059999999999999609e+00	7.500000000000002325e-03	3.787887439282261466e-14
4.064999999999999503e+00	7.500000000000002325e-03	3.586013088498046369e-14
4.070000000000000284e+00	7.500000000000002325e-03	3.267025773546871561e-14
4.075000000000000178e+00	7.500000000000002325e-03	3.272835229152314663e-14
4.080000000000000071e+00	7.500000000000002325e-03	3.512090911846909230e-14
4.084999999999999964e+00	7.500000000000002325e-03	3.765299343115610551e-14
4.089999999999999858e+00	7.500000000000002325e-03	3.861045766118694722e-14
4.094999999999999751e+00	7.500000000000002325e-03	3.834203112170302857e-14
4.099999999999999645e+00	7.500000000000002325e-03	3.805141223840260475e-14
4.105000000000000426e+00	7.500000000000002325e-03	3.775631321711160097e-14
4.110000000000000320e+00	7.500000000000002325e-03	3.790359561619381639e-14
4.115000000000000213e+00	7.500000000000002325e-03	3.807119523707450767e-14
4.120000000000000107e+00	7.500000000000002325e-03	3.752439075197877298e-14
4.125000000000000000e+00	7.500000000000002325e-03	3.633930299555387157e-14
4.129999999999999893e+00	7.500000000000002325e-03	3.692911980818872416e-14
4.134999999999999787e+00	7.500000000000002325e-03	3.830689309019325729e-14
4.139999999999999680e+00	7.500000000000002325e-03	3.812469269552316719e-14
4.144999999999999574e+00	7.500000000000002325e-03	3.784151662310686976e-14
4.150000000000000355e+00	7.500000000000002325e-03	3.743612685392805807e-14
4.155000000000000249e+00	7.500000000000002325e-03	3.714845064635609792e-14
4.160000000000000142e+00	7.500000000000002325e-03	3.756238852730481297e-14
4.165000000000000036e+00	7.500000000000002325e-03	3.803386327360983078e-14
4.169999999999999929e+00	7.500000000000002325e-03	3.767837512107470544e-14
4.174999999999999822e+00	7.500000000000002325e-03	3.640206966969807724e-14
4.179999999999999716e+00	7.500000000000002325e-03	3.631935860873084628e-14
4.185000000000000497e+00	7.500000000000002325e-03	3.659561433083757058e-14
4.190000000000000391e+00	7.500000000000002325e-03	3.645829278679510084e-14
4.195000000000000284e+00	7.500000000000002325e-03	3.735806310786818987e-14
4.200000000000000178e+00	7.500000000000002325e-03	3.786572877682163791e-14
4.205000000000000071e+00	7.500000000000002325e-03	3.781808441595499677e-14
4.209999999999999964e+00	7.500000000000002325e-03	3.830134102089320501e-14
4.214999999999999858e+00	7.500000000000002325e-03	3.912304694032033938e-14
4.219999999999999751e+00	7.500000000000002325e-03	3.977322809431455951e-14
4.224999999999999645e+00	7.500000000000002325e-03	3.953948212893034063e-14
4.230000000000000426e+00	7.500000000000002325e-03	3.824411963039565592e-14
4.235000000000000320e+00	7.500000000000002325e-03	3.687957514923239940e-14
4.240000000000000213e+00	7.500000000000002325e-03	3.707263800200318764e-14
4.245000000000000107e+00	7.500000000000002325e-03	3.743882489572895197e-14
4.250000000000000000e+00	7.500000000000002325e-03	3.743355964514504635e-14
4.254999999999999893e+00	7.500000000000002325e-03	3.809598985799853606e-14
4.259999999999999787e+00	7.500000000000002325e-03	3.850445302878461915e-14
4.264999999999999680e+00	7.500000000000002325e-03	3.769432504400582838e-14
4.269999999999999574e+00	7.500000000000002325e-03	3.688806014126056826e-14
4.275000000000000355e+00	7.500000000000002325e-03	3.601310093228361153e-14
4.280000000000000249e+00	7.500000000000002325e-03	3.624957977185422868e-14
4.285000000000000142e+00	7.500000000000002325e-03	3.683853406040122051e-14
4.290000000000000036e+00	7.500000000000002325e-03	3.633873473286425165e-14
4.294999999999999929e+00	7.500000000000002325e-03	3.613004695745971406e-14
4.299999999999999822e+00	7.500000000000002325e-03	3.700046756348307131e-14
4.304999999999999716e+00	7.500000000000002325e-03	3.825481346315533225e-14
4.309999999999999609e+00	7.500000000000002325e-03	3.919502499625159717e-14
4.314999999999999503e+00	7.500000000000002325e-03	3.903727277235710424e-14
4.320000000000000284e+00	7.500000000000002325e-03	3.759419871268413751e-14
4.325000000000000178e+00	7.500000000000002325e-03	3.576578536017772422e-14
4.330000000000000071e+00	7.500000000000002325e-03	3.539598832170266694e-14
4.334999999999999964e+00	7.500000000000002325e-03	3.618642656126549187e-14
4.339999999999999858e+00	7.500000000000002325e-03	3.688021768040152546e-14
4.344999999999999751e+00	7.500000000000002325e-03	3.707079114386923615e-14
4.349999999999999645e+00	7.500000000000002325e-03	3.734353948450179753e-14
4.355000000000000426e+00	7.500000000000002325e-03	3.756663498625332042e-14
4.360000000000000320e+00	7.500000000000002325e-03	3.818523424109969643e-14
4.365000000000000213e+00	7.500000000000002325e-03	3.879609660854890306e-14
4.370000000000000107e+00	7.500000000000002325e-03	3.860936690123878559e-14
4.375000000000000000e+00	7.500000000000002325e-03	3.738040118038791242e-14
4.379999999999999893e+00	7.500000000000002325e-03	3.708456014606175316e-14
4.384999999999999787e+00	7.500000000000002325e-03	3.735009098868319321e-14
4.389999999999999680e+00	7.500000000000002325e-03	3.698082326399556537e-14
4.394999999999999574e+00	7.500000000000002325e-03	3.704667280119676198e-14
4.400000000000000355e+00	7.500000000000002325e-03	3.707708104269982279e-14
4.405000000000000249e+00	7.500000000000002325e-03	3.723723209095698200e-14
4.410000000000000142e+00	7.500000000000002325e-03	3.812290204372187800e-14
4.415000000000000036e+00	7.500000000000002325e-03	3.909291360932704305e-14
4.419999999999999929e+00	7.500000000000001457e-03	3.914593886971779274e-14
4.424999999999999822e+00	7.500000000000002325e-03	3.774189802721201347e-14
4.429999999999999716e+00	7.500000000000002325e-03	3.630037015860329041e-14
4.435000000000000497e+00	7.500000000000002325e-03	3.502910936134041930e-14
4.440000000000000391e+00	7.500000000000002325e-03	3.533655183968942225e-14
4.445000000000000284e+00	7.500000000000002325e-03	3.641892127865231902e-14
4.450000000000000178e+00	7.500000000000002325e-03	3.714473859964673431e-14
4.455000000000000071e+00	7.500000000000002325e-03	3.742798611383330480e-14
4.459999999999999964e+00	7.500000000000002325e-03	3.813346183753283344e-14
4.464999999999999858e+00	7.500000000000002325e-03	3.908544482788018743e-14
4.469999999999999751e+00	7.500000000000002325e-03	3.979859340645582217e-14
4.474999999999999645e+00	7.500000000000002325e-03	3.957091632155648051e-14
4.480000000000000426e+00	7.500000000000002325e-03	3.821024406351932849e-14
4.485000000000000320e+00	7.500000000000002325e-03	3.656050372759393646e-14
4.490000000000000213e+00	7.500000000000002325e-03	3.630029160053658175e-14
4.495000000000000107e+00	7.500000000000002325e-03	3.651061774368163875e-14
4.500000000000000000e+00	7.500000000000002325e-03	3.559873874703015576e-14
4.504999999999999893e+00	7.500000000000002325e-03	3.485085680116775538e-14
4.509999999999999787e+00	7.500000000000002325e-03	3.508887188362545308e-14
4.514999999999999680e+00	7.500000000000002325e-03	3.585853851892936052e-14
4.519999999999999574e+00	7.500000000000002325e-03	3.718970539182423279e-14
4.525000000000000355e+00	7.500000000000002325e-03	3.873565605757323382e-14
4.530000000000000249e+00	7.500000000000002325e-03	3.841386592977475842e-14
4.535000000000000142e+00	7.500000000000002325e-03	3.672859815646727105e-14
4.540000000000000036e+00	7.500000000000002325e-03	3.678506976150763116e-14
4.544999999999999929e+00	7.500000000000002325e-03	3.820897295949709563e-14
4.549999999999999822e+00	7.500000000000002325e-03	3.876844236420205820e-14
4.554999999999999716e+00	7.500000000000002325e-03	3.847397737778596340e-14
4.559999999999999609e+00	7.500000000000002325e-03	3.827881473495417193e-14
4.564999999999999503e+00	7.500000000000002325e-03	3.788189118204549948e-14
4.570000000000000284e+00	7.500000000000002325e-03	3.761127772049050156e-14
4.575000000000000178e+00	7.500000000000002325e-03	3.762829794491052036e-14
4.580000000000000071e+00	7.500000000000002325e-03	3.719194614233532836e-14
4.584999999999999964e+00	7.500000000000002325e-03	3.621556436310722167e-14
4.589999999999999858e+00	7.500000000000002325e-03	3.705879733488724800e-14
4.594999999999999751e+00	7.500000000000002325e-03	3.871810748326988959e-14
4.599999999999999645e+00	7.500000000000002325e-03	3.880814635247780736e-14
4.605000000000000426e+00	7.500000000000002325e-03	3.844342776963730502e-14
4.610000000000000320e+00	7.500000000000002325e-03	3.733574614245535876e-14
4.615000000000000213e+00	7.500000000000002325e-03	3.680080248188014495e-14
4.620000000000000107e+00	7.500000000000002325e-03	3.746486429107887019e-14
4.625000000000000000e+00	7.500000000000002325e-03	3.836948809601344305e-14
4.629999999999999893e+00	7.500000000000001457e-03	3.839930595129539116e-14
4.634999999999999787e+00	7.500000000000002325e-03	3.715305134641021534e-14
4.639999999999999680e+00	7.500000000000002325e-03	3.615484897298680288e-14
4.644999999999999574e+00	7.500000000000002325e-03	3.492167052838932750e-14
4.650000000000000355e+00	7.500000000000002325e-03	3.506182227426163431e-14
4.655000000000000249e+00	7.500000000000002325e-03	3.652088875996308400e-14
4.660000000000000142e+00	7.500000000000002325e-03	3.705934987822221577e-14
4.665000000000000036e+00	7.500000000000002325e-03	3.664000898630338729e-14
4.669999999999999929e+00	7.500000000000002325e-03	3.652619609568749001e-14
4.674999999999999822e+00	7.500000000000002325e-03	3.684932949690811931e-14
4.679999999999999716e+00	7.500000000000002325e-03	3.786242607089771358e-14
4.685000000000000497e+00	7.500000000000002325e-03	3.929805843264576189e-14
4.690000000000000391e+00	7.500000000000002325e-03	3.906729163914277279e-14
4.695000000000000284e+00	7.500000000000002325e-03	3.762676447294880945e-14
4.700000000000000178e+00	7.500000000000002325e-03	3.793534168501268699e-14
4.705000000000000071e+00	7.500000000000001457e-03	3.902189464689407660e-14
4.709999999999999964e+00	7.500000000000002325e-03	3.831930370960740779e-14
4.714999999999999858e+00	7.500000000000002325e-03	3.747266837386998856e-14
4.719999999999999751e+00	7.500000000000002325e-03	3.743702362614258101e-14
4.724999999999999645e+00	7.500000000000002325e-03	3.743224760969504730e-14
4.730000000000000426e+00	7.500000000000002325e-03	3.757860815706883959e-14
4.735000000000000320e+00	7.500000000000002325e-03	3.792113397626031202e-14
4.740000000000000213e+00	7.500000000000002325e-03	3.757989727530222171e-14
4.745000000000000107e+00	7.500000000000002325e-03	3.620360356823328544e-14
4.750000000000000000e+00	7.500000000000002325e-03	3.563422739756915794e-14
4.754999999999999893e+00	7.500000000000002325e-03	3.544791559955859717e-14
4.759999999999999787e+00	7.500000000000002325e-03	3.578962902844935536e-14
4.764999999999999680e+00	7.500000000000002325e-03	3.656332330005307031e-14
4.769999999999999574e+00	7.500000000000002325e-03	3.796245809277714451e-14
4.775000000000000355e+00	7.500000000000002325e-03	3.969308988024860309e-14
4.780000000000000249e+00	7.500000000000001457e-03	3.958670048821597295e-14
4.785000000000000142e+00	7.500000000000002325e-03	3.778850654382592157e-14
4.790000000000000036e+00	7.500000000000002325e-03	3.693259375542131265e-14
4.794999999999999929e+00	7.500000000000002325e-03	3.723630487240070444e-14
4.799999999999999822e+00	7.500000000000002325e-03	3.760424871441018592e-14
4.804999999999999716e+00	7.500000000000002325e-03	3.764657312694751152e-14
4.809999999999999609e+00	7.500000000000002325e-03	3.785793174653081448e-14
4.814999999999999503e+00	7.500000000000002325e-03	3.785401340123920044e-14
4.820000000000000284e+00	7.500000000000002325e-03	3.797191588842196451e-14
4.825000000000000178e+00	7.500000000000002325e-03	3.838575308417933029e-14
4.830000000000000071e+00	7.500000000000002325e-03	3.828729619057006505e-14
4.834999999999999964e+00	7.500000000000002325e-03	3.725857006132926759e-14
4.839999999999999858e+00	7.500000000000002325e-03	3.721291881239533181e-14
4.844999999999999751e+00	7.500000000000002325e-03	3.775474127067365881e-14
4.849999999999999645e+00	7.500000000000002325e-03	3.764293886310988737e-14
4.855000000000000426e+00	7.500000000000002325e-03	3.759363270316142611e-14
4.860000000000000320e+00	7.500000000000002325e-03	3.685847340784387486e-14
4.865000000000000213e+00	7.500000000000002325e-03	3.666849339599027342e-14
4.870000000000000107e+00	7.500000000000002325e-03	3.766589844996112221e-14
4.875000000000000000e+00	7.500000000000002325e-03	3.892893582973500133e-14
4.879999999999999893e+00	7.500000000000001457e-03	3.934100013050713113e-14
4.884999999999999787e+00	7.500000000000002325e-03	3.829772666146798240e-14
4.889999999999999680e+00	7.500000000000002325e-03	3.711026188271863173e-14
4.894999999999999574e+00	7.500000000000002325e-03	3.555375397760818005e-14
4.900000000000000355e+00	7.500000000000002325e-03	3.482227011600420978e-14
4.905000000000000249e+00	7.500000000000002325e-03	3.527676441179348724e-14
4.910000000000000142e+00	7.500000000000002325e-03	3.573300046188720984e-14
4.915000000000000036e+00	7.500000000000002325e-03	3.572820551005097228e-14
4.919999999999999929e+00	7.500000000000002325e-03	3.606870210323002072e-14
4.924999999999999822e+00	7.500000000000002325e-03	3.681055410360531622e-14
4.929999999999999716e+00	7.500000000000002325e-03	3.822481762038799394e-14
4.935000000000000497e+00	7.500000000000002325e-03	4.006386760720161176e-14
4.940000000000000391e+00	7.500000000000002325e-03	4.017613632490539621e-14
4.945000000000000284e+00	7.500000000000002325e-03	3.868957188836012555e-14
4.950000000000000178e+00	7.500000000000002325e-03	3.811671680902180186e-14
4.955000000000000071e+00	7.500000000000002325e-03	3.809105597215379466e-14
4.959999999999999964e+00	7.500000000000002325e-03	3.717945300726560118e-14
4.964999999999999858e+00	7.500000000000002325e-03	3.660844809850761385e-14
4.969999999999999751e+00	7.500000000000002325e-03	3.683620069603429207e-14
4.974999999999999645e+00	7.500000000000002325e-03	3.694227653897355497e-14
4.980000000000000426e+00	7.500000000000002325e-03	3.699402371453911047e-14
4.985000000000000320e+00	7.500000000000002325e-03	3.701005903252307566e-14
4.990000000000000213e+00	7.500000000000002325e-03	3.614105851229513546e-14
4.995000000000000107e+00	7.500000000000002325e-03	3.417164933029513410e-14
5.000000000000000000e+00	7.500000000000002325e-03	3.338780437171955221e-14
