# coordinate_x	h	p	@time=841.29
0.000000000000000000e+00	2.699866288674333537e-01	5.715617792262005503e-01
5.000000000000000104e-03	2.699830611974599059e-01	5.715617791418678983e-01
1.000000000000000021e-02	2.699723581887079060e-01	5.715617788888259776e-01
1.499999999999999944e-02	2.699545198424355696e-01	5.715617784670273815e-01
2.000000000000000042e-02	2.699295461616996739e-01	5.715617778763572021e-01
2.500000000000000139e-02	2.698974371500049152e-01	5.715617771166831007e-01
2.999999999999999889e-02	2.698581928126137508e-01	5.715617761878070135e-01
3.500000000000000333e-02	2.698118131552308951e-01	5.715617750895140015e-01
4.000000000000000083e-02	2.697582981853222650e-01	5.715617738215224009e-01
4.499999999999999833e-02	2.696976479107994762e-01	5.715617723835338948e-01
5.000000000000000278e-02	2.696298623413417306e-01	5.715617707751834420e-01
5.500000000000000028e-02	2.695549414870785365e-01	5.715617689960883485e-01
5.999999999999999778e-02	2.694728853599157037e-01	5.715617670457988631e-01
6.500000000000000222e-02	2.693836939722151769e-01	5.715617649238476927e-01
7.000000000000000666e-02	2.692873673381259714e-01	5.715617626296995990e-01
7.500000000000001110e-02	2.691839054722602875e-01	5.715617601628012467e-01
8.000000000000000167e-02	2.690733083910301082e-01	5.715617575225308000e-01
8.499999999999999223e-02	2.689555761113189281e-01	5.715617547082477712e-01
8.999999999999999667e-02	2.688307086518247901e-01	5.715617517192425057e-01
9.500000000000000111e-02	2.686987060317268527e-01	5.715617485547858090e-01
1.000000000000000056e-01	2.685595682720358091e-01	5.715617452140785426e-01
1.050000000000000100e-01	2.684132953942541255e-01	5.715617416963012509e-01
1.100000000000000006e-01	2.682598874217349549e-01	5.715617380005637571e-01
1.149999999999999911e-01	2.680993443783354913e-01	5.715617341259545681e-01
1.199999999999999956e-01	2.679316662897846535e-01	5.715617300714903593e-01
1.250000000000000000e-01	2.677568531823290021e-01	5.715617258361657127e-01
1.300000000000000044e-01	2.675749050841103593e-01	5.715617214189017137e-01
1.350000000000000089e-01	2.673858220238031769e-01	5.715617168185966879e-01
1.400000000000000133e-01	2.671896040320026477e-01	5.715617120340743540e-01
1.450000000000000178e-01	2.669862511398534144e-01	5.715617070641340058e-01
1.499999999999999944e-01	2.667757633804487272e-01	5.715617019074992200e-01
1.549999999999999989e-01	2.665581407874492159e-01	5.715616965628677049e-01
1.600000000000000033e-01	2.663333833964948161e-01	5.715616910288596753e-01
1.650000000000000078e-01	2.661014912438122160e-01	5.715616853040684786e-01
1.700000000000000122e-01	2.658624643676406607e-01	5.715616793870081924e-01
1.749999999999999889e-01	2.656163028068272980e-01	5.715616732761643615e-01
1.799999999999999933e-01	2.653630066022671929e-01	5.715616669699413732e-01
1.849999999999999978e-01	2.651025757954865725e-01	5.715616604667135281e-01
1.900000000000000022e-01	2.648350104300980501e-01	5.715616537647719708e-01
1.950000000000000067e-01	2.645603105503697150e-01	5.715616468623756496e-01
2.000000000000000111e-01	2.642784762026974543e-01	5.715616397576988028e-01
2.050000000000000155e-01	2.639895074341592207e-01	5.715616324488811406e-01
2.099999999999999922e-01	2.636934042940049516e-01	5.715616249339751098e-01
2.149999999999999967e-01	2.633901668321950162e-01	5.715616172109970750e-01
2.200000000000000011e-01	2.630797951009091751e-01	5.715616092778731394e-01
2.250000000000000056e-01	2.627622891530680405e-01	5.715616011324913259e-01
2.300000000000000100e-01	2.624376490438620757e-01	5.715615927726467316e-01
2.349999999999999867e-01	2.621058748292555141e-01	5.715615841960934862e-01
2.399999999999999911e-01	2.617669665675360635e-01	5.715615754004905735e-01
2.449999999999999956e-01	2.614209243178002851e-01	5.715615663834530125e-01
2.500000000000000000e-01	2.610677481415255574e-01	5.715615571424974561e-01
2.550000000000000044e-01	2.607074381010354713e-01	5.715615476750940394e-01
2.600000000000000089e-01	2.603399942610954976e-01	5.715615379786110894e-01
2.650000000000000133e-01	2.599654166873572314e-01	5.715615280503674178e-01
2.700000000000000178e-01	2.595837054479792072e-01	5.715615178875762536e-01
2.750000000000000222e-01	2.591948606120484944e-01	5.715615074873982016e-01
2.800000000000000266e-01	2.587988822512283238e-01	5.715614968468846202e-01
2.850000000000000311e-01	2.583957704381556475e-01	5.715614859630304689e-01
2.899999999999999800e-01	2.579855252481171868e-01	5.715614748327176864e-01
2.949999999999999845e-01	2.575681467574216232e-01	5.715614634527677040e-01
2.999999999999999889e-01	2.571436350451054564e-01	5.715614518198848248e-01
3.049999999999999933e-01	2.567119901912786606e-01	5.715614399307085147e-01
3.099999999999999978e-01	2.562732122788617950e-01	5.715614277817566702e-01
3.150000000000000022e-01	2.558273013919037386e-01	5.715614153694781319e-01
3.200000000000000067e-01	2.553742576173518852e-01	5.715614026901947309e-01
3.250000000000000111e-01	2.549140810433404014e-01	5.715613897401546906e-01
3.300000000000000155e-01	2.544467717609953383e-01	5.715613765154743398e-01
3.350000000000000200e-01	2.539723298626916370e-01	5.715613630121910704e-01
3.400000000000000244e-01	2.534907554438953214e-01	5.715613492262043849e-01
3.449999999999999734e-01	2.530020486013873082e-01	5.715613351533295194e-01
3.499999999999999778e-01	2.525062094351449016e-01	5.715613207892380476e-01
3.549999999999999822e-01	2.520032380465310196e-01	5.715613061295115038e-01
3.599999999999999867e-01	2.514931345402161567e-01	5.715612911695808762e-01
3.649999999999999911e-01	2.509758990223318054e-01	5.715612759047806746e-01
3.699999999999999956e-01	2.504515316024355509e-01	5.715612603302884231e-01
3.750000000000000000e-01	2.499200323916256905e-01	5.715612444411780624e-01
3.800000000000000044e-01	2.493814015045527910e-01	5.715612282323595528e-01
3.850000000000000089e-01	2.488356390574931465e-01	5.715612116986311664e-01
3.900000000000000133e-01	2.482827451704087418e-01	5.715611948346195348e-01
3.950000000000000178e-01	2.477227199649783274e-01	5.715611776348319406e-01
4.000000000000000222e-01	2.471555635667082307e-01	5.715611600935956993e-01
4.050000000000000266e-01	2.465812761029182731e-01	5.715611422051097845e-01
4.099999999999999756e-01	2.459998577049064827e-01	5.715611239633843210e-01
4.149999999999999800e-01	2.454113085058877430e-01	5.715611053622917659e-01
4.199999999999999845e-01	2.448156286432152384e-01	5.715610863955059573e-01
4.249999999999999889e-01	2.442128182562692262e-01	5.715610670565532958e-01
4.299999999999999933e-01	2.436028774887383785e-01	5.715610473387513490e-01
4.349999999999999978e-01	2.429858064864560130e-01	5.715610272352587007e-01
4.400000000000000022e-01	2.423616053997450781e-01	5.715610067390144433e-01
4.450000000000000067e-01	2.417302743811984567e-01	5.715609858427872503e-01
4.500000000000000111e-01	2.410918135880913415e-01	5.715609645391138693e-01
4.550000000000000155e-01	2.404462231801028915e-01	5.715609428203484166e-01
4.600000000000000200e-01	2.397935033217996059e-01	5.715609206785997598e-01
4.649999999999999689e-01	2.391336541802953353e-01	5.715608981057805904e-01
4.699999999999999734e-01	2.384666759278093739e-01	5.715608750935450288e-01
4.749999999999999778e-01	2.377925687392617171e-01	5.715608516333355871e-01
4.799999999999999822e-01	2.371113327949102845e-01	5.715608277163215512e-01
4.849999999999999867e-01	2.364229682778777319e-01	5.715608033334446114e-01
4.899999999999999911e-01	2.357274753768725528e-01	5.715607784753573561e-01
4.949999999999999956e-01	2.350248542836433363e-01	5.715607531324671253e-01
5.000000000000000000e-01	2.343151051957891862e-01	5.715607272948750595e-01
5.050000000000000044e-01	2.335982283141370131e-01	5.715607009524179549e-01
5.100000000000000089e-01	2.328742238456467106e-01	5.715606740946083120e-01
5.150000000000000133e-01	2.321430920007073739e-01	5.715606467106734145e-01
5.200000000000000178e-01	2.314048329961425066e-01	5.715606187894961554e-01
5.250000000000000222e-01	2.306594470524209739e-01	5.715605903196517845e-01
5.300000000000000266e-01	2.299069343967682089e-01	5.715605612893500664e-01
5.350000000000000311e-01	2.291472952602867930e-01	5.715605316864683649e-01
5.400000000000000355e-01	2.283805298811805717e-01	5.715605014984954657e-01
5.450000000000000400e-01	2.276066385017795068e-01	5.715604707125608863e-01
5.500000000000000444e-01	2.268256213718837511e-01	5.715604393153806972e-01
5.550000000000000488e-01	2.260374787456870815e-01	5.715604072932827240e-01
5.600000000000000533e-01	2.252422108852485116e-01	5.715603746321538114e-01
5.649999999999999467e-01	2.244398180573085877e-01	5.715603413174612513e-01
5.699999999999999512e-01	2.236303005368966146e-01	5.715603073342018225e-01
5.749999999999999556e-01	2.228136586040331268e-01	5.715602726669178901e-01
5.799999999999999600e-01	2.219898925474818596e-01	5.715602372996497760e-01
5.849999999999999645e-01	2.211590026613315108e-01	5.715602012159450851e-01
5.899999999999999689e-01	2.203209892489018384e-01	5.715601643988149627e-01
5.949999999999999734e-01	2.194758526191972758e-01	5.715601268307366478e-01
5.999999999999999778e-01	2.186235930909777858e-01	5.715600884936127279e-01
6.049999999999999822e-01	2.177642109890761957e-01	5.715600493687666983e-01
6.099999999999999867e-01	2.168977066486448002e-01	5.715600094369065465e-01
6.149999999999999911e-01	2.160240804113281454e-01	5.715599686781112077e-01
6.199999999999999956e-01	2.151433326296975090e-01	5.715599270717993674e-01
6.250000000000000000e-01	2.142554636632696963e-01	5.715598845967063690e-01
6.300000000000000044e-01	2.133604738831425540e-01	5.715598412308581233e-01
6.350000000000000089e-01	2.124583636678501752e-01	5.715597969515371357e-01
6.400000000000000133e-01	2.115491334082134911e-01	5.715597517352637436e-01
6.450000000000000178e-01	2.106327835030211426e-01	5.715597055577484875e-01
6.500000000000000222e-01	2.097093143641107216e-01	5.715596583938813424e-01
6.550000000000000266e-01	2.087787264118638741e-01	5.715596102176697668e-01
6.600000000000000311e-01	2.078410200805350938e-01	5.715595610022370376e-01
6.650000000000000355e-01	2.068961958135482615e-01	5.715595107197436464e-01
6.700000000000000400e-01	2.059442540690918644e-01	5.715594593413958480e-01
6.750000000000000444e-01	2.049851953152034001e-01	5.715594068373486270e-01
6.800000000000000488e-01	2.040190200356507833e-01	5.715593531767254598e-01
6.850000000000000533e-01	2.030457287247903475e-01	5.715592983275011862e-01
6.899999999999999467e-01	2.020653218937565609e-01	5.715592422565345387e-01
6.949999999999999512e-01	2.010778000650773611e-01	5.715591849294267002e-01
6.999999999999999556e-01	2.000831637791965212e-01	5.715591263105701536e-01
7.049999999999999600e-01	1.990814135888293035e-01	5.715590663629794843e-01
7.099999999999999645e-01	1.980725500658437055e-01	5.715590050483578821e-01
7.149999999999999689e-01	1.970565737953376140e-01	5.715589423268974123e-01
7.199999999999999734e-01	1.960334853829082957e-01	5.715588781573649468e-01
7.249999999999999778e-01	1.950032854484305411e-01	5.715588124968679073e-01
7.299999999999999822e-01	1.939659746337463464e-01	5.715587453009635110e-01
7.349999999999999867e-01	1.929215535961218697e-01	5.715586765233839905e-01
7.399999999999999911e-01	1.918700230163928322e-01	5.715586061161723741e-01
7.449999999999999956e-01	1.908113835920757229e-01	5.715585340293624084e-01
7.500000000000000000e-01	1.897456360460079705e-01	5.715584602111443147e-01
7.550000000000000044e-01	1.886727811190869464e-01	5.715583846074934193e-01
7.600000000000000089e-01	1.875928195794482889e-01	5.715583071623696609e-01
7.650000000000000133e-01	1.865057522148031444e-01	5.715582278172878228e-01
7.700000000000000178e-01	1.854115798422028838e-01	5.715581465115564530e-01
7.750000000000000222e-01	1.843103032999428292e-01	5.715580631817802626e-01
7.800000000000000266e-01	1.832019234579662093e-01	5.715579777621450086e-01
7.850000000000000311e-01	1.820864412092994267e-01	5.715578901838422876e-01
7.900000000000000355e-01	1.809638574811547052e-01	5.715578003754065994e-01
7.950000000000000400e-01	1.798341732258582348e-01	5.715577082620517668e-01
8.000000000000000444e-01	1.786973894327175960e-01	5.715576137660682843e-01
8.050000000000000488e-01	1.775535071184002889e-01	5.715575168060569311e-01
8.100000000000000533e-01	1.764025273396398197e-01	5.715574172973968414e-01
8.149999999999999467e-01	1.752444511830178742e-01	5.715573151513609895e-01
8.199999999999999512e-01	1.740792797785917778e-01	5.715572102756646400e-01
8.249999999999999556e-01	1.729070142890282991e-01	5.715571025734461630e-01
8.299999999999999600e-01	1.717276559242457146e-01	5.715569919439067448e-01
8.349999999999999645e-01	1.705412059298417882e-01	5.715568782811366599e-01
8.399999999999999689e-01	1.693476656028551075e-01	5.715567614748615632e-01
8.449999999999999734e-01	1.681470362794233453e-01	5.715566414090881286e-01
8.499999999999999778e-01	1.669393193517819951e-01	5.715565179629744641e-01
8.549999999999999822e-01	1.657245162550826378e-01	5.715563910092675837e-01
8.599999999999999867e-01	1.645026284857619703e-01	5.715562604153157089e-01
8.649999999999999911e-01	1.632736575874415563e-01	5.715561260412662659e-01
8.699999999999999956e-01	1.620376051708186660e-01	5.715559877412421663e-01
8.750000000000000000e-01	1.607944728985596372e-01	5.715558453612602507e-01
8.800000000000000044e-01	1.595442625068845266e-01	5.715556987406000822e-01
8.850000000000000089e-01	1.582869757893562712e-01	5.715555477093959835e-01
8.900000000000000133e-01	1.570226146203550222e-01	5.715553920902293195e-01
8.950000000000000178e-01	1.557511809376537215e-01	5.715552316953402823e-01
9.000000000000000222e-01	1.544726767680061341e-01	5.715550663284812982e-01
9.050000000000000266e-01	1.531871042083860213e-01	5.715548957816825038e-01
9.100000000000000311e-01	1.518944654539460537e-01	5.715547198374114624e-01
9.150000000000000355e-01	1.505947627777823594e-01	5.715545382648152817e-01
9.200000000000000400e-01	1.492879985615599980e-01	5.715543508222376001e-01
9.250000000000000444e-01	1.479741752736476457e-01	5.715541572528463066e-01
9.300000000000000488e-01	1.466532955027511076e-01	5.715539572875708574e-01
9.350000000000000533e-01	1.453253619342423919e-01	5.715537506400030221e-01
9.399999999999999467e-01	1.439903773871967774e-01	5.715535370098305812e-01
9.449999999999999512e-01	1.426483447887183786e-01	5.715533160768768717e-01
9.499999999999999556e-01	1.412992672148398188e-01	5.715530875051216819e-01
9.549999999999999600e-01	1.399431478626197711e-01	5.715528509357171716e-01
9.599999999999999645e-01	1.385799900954416131e-01	5.715526059917040991e-01
9.649999999999999689e-01	1.372097974126276210e-01	5.715523522698090497e-01
9.699999999999999734e-01	1.358325734997649081e-01	5.715520893459857810e-01
9.749999999999999778e-01	1.344483221955455887e-01	5.715518167657550608e-01
9.799999999999999822e-01	1.330570475478589365e-01	5.715515340507302255e-01
9.849999999999999867e-01	1.316587537775263106e-01	5.715512406872061968e-01
9.899999999999999911e-01	1.302534453410320592e-01	5.715509361338634298e-01
9.949999999999999956e-01	1.288411268907744545e-01	5.715506198082455080e-01
1.000000000000000000e+00	1.274218033454710408e-01	5.715502910958781824e-01
1.004999999999999893e+00	1.259954798464914538e-01	5.715499493341905657e-01
1.010000000000000009e+00	1.245621618371719197e-01	5.715495938233404738e-01
1.015000000000000124e+00	1.231218550147313157e-01	5.715492238070256636e-01
1.020000000000000018e+00	1.216745654199751642e-01	5.715488384853745218e-01
1.024999999999999911e+00	1.202202993842199225e-01	5.715484369919567875e-01
1.030000000000000027e+00	1.187590636311696979e-01	5.715480184091855653e-01
1.035000000000000142e+00	1.172908652181872680e-01	5.715475817406587833e-01
1.040000000000000036e+00	1.158157116525023456e-01	5.715471259296287521e-01
1.044999999999999929e+00	1.143336108260639417e-01	5.715466498255779015e-01
1.050000000000000044e+00	1.128445711487123942e-01	5.715461522064523292e-01
1.055000000000000160e+00	1.113486014757271991e-01	5.715456317380765983e-01
1.060000000000000053e+00	1.098457112611896241e-01	5.715450870010303497e-01
1.064999999999999947e+00	1.083359104771983578e-01	5.715445164411170342e-01
1.070000000000000062e+00	1.068192097914058697e-01	5.715439184019965868e-01
1.075000000000000178e+00	1.052956204767112047e-01	5.715432910644060449e-01
1.080000000000000071e+00	1.037651546179189782e-01	5.715426324859732565e-01
1.084999999999999964e+00	1.022278250105259495e-01	5.715419405261941144e-01
1.090000000000000080e+00	1.006836454027018740e-01	5.715412128952590542e-01
1.095000000000000195e+00	9.913263038156566731e-02	5.715404470608662635e-01
1.100000000000000089e+00	9.757479565830994017e-02	5.715396403084326282e-01
1.104999999999999982e+00	9.601015794010922533e-02	5.715387896245606170e-01
1.110000000000000098e+00	9.443873526834362098e-02	5.715378917717297558e-01
1.115000000000000213e+00	9.286054687399830643e-02	5.715369431415058266e-01
1.120000000000000107e+00	9.127561358176951301e-02	5.715359398477891650e-01
1.125000000000000000e+00	8.968395764650070878e-02	5.715348775404539561e-01
1.129999999999999893e+00	8.808560323974698458e-02	5.715337515225675791e-01
1.134999999999999787e+00	8.648057626446692403e-02	5.715325565117811424e-01
1.139999999999999902e+00	8.486890494575838328e-02	5.715312867887795134e-01
1.145000000000000018e+00	8.325061962070887112e-02	5.715299358889602832e-01
1.149999999999999911e+00	8.162575346206571436e-02	5.715284967919458392e-01
1.154999999999999805e+00	7.999434223989727866e-02	5.715269615192027919e-01
1.159999999999999920e+00	7.835642521675330319e-02	5.715253213780790986e-01
1.165000000000000036e+00	7.671204487771017544e-02	5.715235664309534780e-01
1.169999999999999929e+00	7.506124804937405748e-02	5.715216858124505528e-01
1.174999999999999822e+00	7.340408559515865239e-02	5.715196670207872698e-01
1.179999999999999938e+00	7.174061383021880511e-02	5.715174963343363501e-01
1.185000000000000053e+00	7.007089417978804025e-02	5.715151578533153032e-01
1.189999999999999947e+00	6.839499499081688749e-02	5.715126340529265159e-01
1.194999999999999840e+00	6.671299115350277920e-02	5.715099044689233576e-01
1.199999999999999956e+00	6.502496645285049670e-02	5.715069464410746924e-01
1.205000000000000071e+00	6.333101315831254907e-02	5.715037332818739824e-01
1.209999999999999964e+00	6.163123512249497893e-02	5.715002352891925819e-01
1.214999999999999858e+00	5.992574735320541773e-02	5.714964171504222090e-01
1.219999999999999973e+00	5.821468016509234733e-02	5.714922393420978075e-01
1.225000000000000089e+00	5.649817876633778102e-02	5.714876543789783048e-01
1.229999999999999982e+00	5.477640892428994185e-02	5.714826087799896870e-01
1.234999999999999876e+00	5.304955663306666624e-02	5.714770375310634920e-01
1.239999999999999991e+00	5.131783600500545300e-02	5.714708668964201266e-01
1.245000000000000107e+00	4.958148915017888264e-02	5.714640060462734539e-01
1.250000000000000000e+00	4.784079742159743492e-02	5.714563511579967559e-01
1.254999999999999893e+00	4.609608176204270380e-02	5.714477724111136636e-01
1.260000000000000009e+00	4.434771914215193678e-02	5.714381201058217341e-01
1.265000000000000124e+00	4.259614387291057319e-02	5.714272038370407092e-01
1.270000000000000018e+00	4.084187233072316542e-02	5.714148018576487020e-01
1.274999999999999911e+00	3.908550621802746317e-02	5.714006265564353093e-01
1.280000000000000027e+00	3.732777096069291034e-02	5.713843392116630948e-01
1.285000000000000142e+00	3.556952288640659321e-02	5.713654904761329423e-01
1.290000000000000036e+00	3.381181101251341803e-02	5.713435444359171722e-01
1.294999999999999929e+00	3.205589217143078873e-02	5.713177713383558176e-01
1.300000000000000044e+00	3.030333438079938976e-02	5.712872884959758757e-01
1.305000000000000160e+00	2.855604831541391428e-02	5.712508570041202605e-01
1.310000000000000053e+00	2.681646745434633147e-02	5.712069551090919184e-01
1.314999999999999947e+00	2.508761353687263482e-02	5.711533711904150934e-01
1.320000000000000062e+00	2.337342280377738973e-02	5.710873454913485414e-01
1.325000000000000178e+00	2.167888129350641416e-02	5.710047076014468370e-01
1.330000000000000071e+00	2.001062960081903541e-02	5.709001823841314271e-01
1.334999999999999964e+00	1.837722904215676606e-02	5.707654721761716843e-01
1.340000000000000080e+00	1.679024966131698049e-02	5.705900374398934494e-01
1.345000000000000195e+00	1.526468556723613659e-02	5.703567928796919873e-01
1.350000000000000089e+00	1.382051208912128681e-02	5.700445655554386981e-01
1.354999999999999982e+00	1.248264990893322227e-02	5.696195043842235961e-01
1.360000000000000098e+00	1.128096884004588414e-02	5.690438903083676614e-01
1.365000000000000213e+00	1.024660070849752781e-02	5.682660227158876642e-01
1.370000000000000107e+00	9.404037465360478090e-03	5.672454282998233843e-01
1.375000000000000000e+00	8.762416397031829590e-03	5.659545291318174298e-01
1.379999999999999893e+00	8.306912167931878102e-03	5.644018491563757012e-01
1.384999999999999787e+00	8.004720902709280481e-03	5.626312480127383386e-01
1.389999999999999902e+00	7.814810219830678126e-03	5.606955863352542924e-01
1.395000000000000018e+00	7.699958358802493595e-03	5.586544095258046960e-01
1.399999999999999911e+00	7.632476299585575982e-03	5.565464408259106488e-01
1.404999999999999805e+00	7.593257073096965071e-03	5.544033632138620771e-01
1.409999999999999920e+00	7.570792794223089872e-03	5.522415752230348529e-01
1.415000000000000036e+00	7.557877869454191974e-03	5.500730675375730128e-01
1.419999999999999929e+00	7.550502770219811276e-03	5.479035377273933083e-01
1.424999999999999822e+00	7.546235104059454725e-03	5.457369939349826504e-01
1.429999999999999938e+00	7.543757502909914127e-03	5.435752736998299417e-01
1.435000000000000053e+00	7.542278826335927985e-03	5.414196467506061650e-01
1.439999999999999947e+00	7.541374409719201269e-03	5.392706757547760521e-01
1.444999999999999840e+00	7.540790055735476470e-03	5.371287402639594033e-01
1.449999999999999956e+00	7.540389722285755283e-03	5.349939938852114052e-01
1.455000000000000071e+00	7.540092065365448272e-03	5.328665321338141858e-01
1.459999999999999964e+00	7.539853595943307729e-03	5.307463789298730861e-01
1.464999999999999858e+00	7.539648320172545083e-03	5.286335400470169033e-01
1.469999999999999973e+00	7.539462346043420728e-03	5.265279987861877231e-01
1.475000000000000089e+00	7.539287370841445644e-03	5.244297329880466263e-01
1.479999999999999982e+00	7.539118957418448376e-03	5.223387136072210613e-01
1.484999999999999876e+00	7.538954453347406978e-03	5.202549101534618137e-01
1.489999999999999991e+00	7.538792440429270200e-03	5.181782901863697388e-01
1.495000000000000107e+00	7.538632070178465441e-03	5.161088210850089952e-01
1.500000000000000000e+00	7.538472888082791389e-03	5.140464698360044382e-01
1.504999999999999893e+00	7.538314621461759610e-03	5.119912036379561382e-01
1.510000000000000009e+00	7.538157123375730830e-03	5.099429897840139780e-01
1.515000000000000124e+00	7.538000304920865029e-03	5.079017958958444989e-01
1.520000000000000018e+00	7.537844117328046725e-03	5.058675898375432078e-01
1.524999999999999911e+00	7.537688530362268713e-03	5.038403398311037673e-01
1.530000000000000027e+00	7.537533526608112926e-03	5.018200143815946257e-01
1.535000000000000142e+00	7.537379094582207818e-03	4.998065823540104868e-01
1.540000000000000036e+00	7.537225226906684242e-03	4.978000129032955634e-01
1.544999999999999929e+00	7.537071918115814499e-03	4.958002755379237181e-01
1.550000000000000044e+00	7.536919164069683617e-03	4.938073400526866163e-01
1.555000000000000160e+00	7.536766961258104663e-03	4.918211765870696417e-01
1.560000000000000053e+00	7.536615306609880695e-03	4.898417555600993456e-01
1.564999999999999947e+00	7.536464197274141998e-03	4.878690477261041769e-01
1.570000000000000062e+00	7.536313630555828251e-03	4.859030241113559412e-01
1.575000000000000178e+00	7.536163603849162750e-03	4.839436560680716037e-01
1.580000000000000071e+00	7.536014114613469490e-03	4.819909152127206942e-01
1.584999999999999964e+00	7.535865160355065262e-03	4.800447734785738274e-01
1.590000000000000080e+00	7.535716738616019504e-03	4.781052030555953958e-01
1.595000000000000195e+00	7.535568846971407372e-03	4.761721764416687042e-01
1.600000000000000089e+00	7.535421483022278037e-03	4.742456663840098341e-01
1.604999999999999982e+00	7.535274644397730280e-03	4.723256459291406695e-01
1.610000000000000098e+00	7.535128328749307602e-03	4.704120883657678664e-01
1.615000000000000213e+00	7.534982533754543133e-03	4.685049672735569493e-01
1.620000000000000107e+00	7.534837257111890764e-03	4.666042564674221516e-01
1.625000000000000000e+00	7.534692496544663845e-03	4.647099300451463799e-01
1.629999999999999893e+00	7.534548249796224791e-03	4.628219623330326882e-01
1.634999999999999787e+00	7.534404514633982752e-03	4.609403279324121305e-01
1.639999999999999902e+00	7.534261288844739356e-03	4.590650016666064648e-01
1.645000000000000018e+00	7.534118570238642135e-03	4.571959586263656394e-01
1.649999999999999911e+00	7.533976356644660373e-03	4.553331741180946524e-01
1.654999999999999805e+00	7.533834645914456139e-03	4.534766237082581419e-01
1.659999999999999920e+00	7.533693435917977223e-03	4.516262831728260485e-01
1.665000000000000036e+00	7.533552724547244034e-03	4.497821285406843339e-01
1.669999999999999929e+00	7.533412509712044888e-03	4.479441360442548148e-01
1.674999999999999822e+00	7.533272789343644846e-03	4.461122821619464274e-01
1.679999999999999938e+00	7.533133561390574669e-03	4.442865435699087096e-01
1.685000000000000053e+00	7.532994823822268537e-03	4.424668971835585274e-01
1.689999999999999947e+00	7.532856574624938011e-03	4.406533201104264053e-01
1.694999999999999840e+00	7.532718811805137749e-03	4.388457896907900779e-01
1.699999999999999956e+00	7.532581533385733150e-03	4.370442834515768094e-01
1.705000000000000071e+00	7.532444737409386276e-03	4.352487791461360778e-01
1.709999999999999964e+00	7.532308421934616298e-03	4.334592547091591919e-01
1.714999999999999858e+00	7.532172585039209958e-03	4.316756882956218067e-01
1.719999999999999973e+00	7.532037224816371355e-03	4.298980582366857539e-01
1.725000000000000089e+00	7.531902339378056949e-03	4.281263430778403101e-01
1.729999999999999982e+00	7.531767926851215544e-03	4.263605215357524347e-01
1.734999999999999876e+00	7.531633985381048710e-03	4.246005725356344906e-01
1.739999999999999991e+00	7.531500513127334893e-03	4.228464751690088619e-01
1.745000000000000107e+00	7.531367508267623918e-03	4.210982087303315469e-01
1.750000000000000000e+00	7.531234968993636564e-03	4.193557526756384046e-01
1.754999999999999893e+00	7.531102893514397476e-03	4.176190866584498784e-01
1.760000000000000009e+00	7.530971280052709341e-03	4.158881904892688386e-01
1.765000000000000124e+00	7.530840126848226818e-03	4.141630441707922494e-01
1.770000000000000018e+00	7.530709432153998364e-03	4.124436278582305215e-01
1.774999999999999911e+00	7.530579194239484658e-03	4.107299218938502139e-01
1.780000000000000027e+00	7.530449411387168078e-03	4.090219067680866960e-01
1.785000000000000142e+00	7.530320081895516479e-03	4.073195631534418659e-01
1.790000000000000036e+00	7.530191204075660331e-03	4.056228718663626442e-01
1.794999999999999929e+00	7.530062776254297513e-03	4.039318139005147468e-01
1.800000000000000044e+00	7.529934796770438969e-03	4.022463703894023079e-01
1.805000000000000160e+00	7.529807263978259731e-03	4.005665226390391909e-01
1.810000000000000053e+00	7.529680176243908757e-03	3.988922520912838166e-01
1.814999999999999947e+00	7.529553531948306178e-03	3.972235403559297162e-01
1.820000000000000062e+00	7.529427329484015587e-03	3.955603691747300310e-01
1.825000000000000178e+00	7.529301567257989242e-03	3.939027204529283455e-01
1.830000000000000071e+00	7.529176243688501940e-03	3.922505762239490990e-01
1.834999999999999964e+00	7.529051357207850251e-03	3.906039186803877961e-01
1.840000000000000080e+00	7.528926906259338428e-03	3.889627301393452363e-01
1.845000000000000195e+00	7.528802889299931675e-03	3.873269930728956423e-01
1.850000000000000089e+00	7.528679304797300173e-03	3.856966900740427251e-01
1.854999999999999982e+00	7.528556151232428106e-03	3.840718038866833273e-01
1.860000000000000098e+00	7.528433427096704531e-03	3.824523173721648961e-01
1.865000000000000213e+00	7.528311130894496835e-03	3.808382135387621270e-01
1.870000000000000107e+00	7.528189261140289315e-03	3.792294755088154168e-01
1.875000000000000000e+00	7.528067816361212403e-03	3.776260865477365503e-01
1.879999999999999893e+00	7.527946795094237614e-03	3.760280300317092039e-01
1.884999999999999787e+00	7.527826195888657340e-03	3.744352894762405515e-01
1.889999999999999902e+00	7.527706017303337910e-03	3.728478485044035007e-01
1.895000000000000018e+00	7.527586257909153408e-03	3.712656908749507045e-01
1.899999999999999911e+00	7.527466916286285580e-03	3.696888004510806014e-01
1.904999999999999805e+00	7.527347991026622082e-03	3.681171612281274874e-01
1.909999999999999920e+00	7.527229480731099757e-03	3.665507573028348731e-01
1.915000000000000036e+00	7.527111384012069931e-03	3.649895729006368272e-01
1.919999999999999929e+00	7.526993699490682442e-03	3.634335923454208861e-01
1.924999999999999822e+00	7.526876425799211047e-03	3.618828000864136585e-01
1.929999999999999938e+00	7.526759561578486891e-03	3.603371806684179668e-01
1.935000000000000053e+00	7.526643105480190082e-03	3.587967187583172568e-01
1.939999999999999947e+00	7.526527056164315256e-03	3.572613991157700397e-01
1.944999999999999840e+00	7.526411412301437127e-03	3.557312066193455413e-01
1.949999999999999956e+00	7.526296172570218559e-03	3.542061262376612896e-01
1.955000000000000071e+00	7.526181335659631877e-03	3.526861430551622156e-01
1.959999999999999964e+00	7.526066900266518978e-03	3.511712422436872316e-01
1.964999999999999858e+00	7.525952865097772747e-03	3.496614090879033299e-01
1.969999999999999973e+00	7.525839228867937068e-03	3.481566289572863848e-01
1.975000000000000089e+00	7.525725990301358748e-03	3.466568873312231291e-01
1.979999999999999982e+00	7.525613148129820483e-03	3.451621697713924686e-01
1.984999999999999876e+00	7.525500701094668503e-03	3.436724619465462149e-01
1.989999999999999991e+00	7.525388647944477628e-03	3.421877496052772583e-01
1.995000000000000107e+00	7.525276987437149422e-03	3.407080186004904920e-01
2.000000000000000000e+00	7.525165718337611942e-03	3.392332548625460742e-01
2.004999999999999893e+00	7.525054839419891006e-03	3.377634444234290378e-01
2.009999999999999787e+00	7.524944349464845507e-03	3.362985733902563168e-01
2.014999999999999680e+00	7.524834247262206580e-03	3.348386279691561995e-01
2.020000000000000018e+00	7.524724531608345882e-03	3.333835944391259076e-01
2.024999999999999911e+00	7.524615201308293942e-03	3.319334591756311070e-01
2.029999999999999805e+00	7.524506255173533595e-03	3.304882086248031037e-01
2.035000000000000142e+00	7.524397692023994909e-03	3.290478293267662946e-01
2.040000000000000036e+00	7.524289510685883316e-03	3.276123078901658214e-01
2.044999999999999929e+00	7.524181709993641581e-03	3.261816310152317322e-01
2.049999999999999822e+00	7.524074288787811760e-03	3.247557854686254353e-01
2.054999999999999716e+00	7.523967245916976347e-03	3.233347581062498421e-01
2.060000000000000053e+00	7.523860580235643657e-03	3.219185358484045745e-01
2.064999999999999947e+00	7.523754290606168155e-03	3.205071057023508585e-01
2.069999999999999840e+00	7.523648375896662722e-03	3.191004547377652711e-01
2.075000000000000178e+00	7.523542834982898178e-03	3.176985701090662140e-01
2.080000000000000071e+00	7.523437666746239823e-03	3.163014390311589819e-01
2.084999999999999964e+00	7.523332870075526146e-03	3.149090488015309219e-01
2.089999999999999858e+00	7.523228443865034865e-03	3.135213867762771112e-01
2.094999999999999751e+00	7.523124387016334735e-03	3.121384403919734707e-01
2.100000000000000089e+00	7.523020698436278485e-03	3.107601971419741704e-01
2.104999999999999982e+00	7.522917377038840746e-03	3.093866445980691382e-01
2.109999999999999876e+00	7.522814421743124862e-03	3.080177703870447536e-01
2.115000000000000213e+00	7.522711831475186080e-03	3.066535622121329130e-01
2.120000000000000107e+00	7.522609605166066978e-03	3.052940078298276294e-01
2.125000000000000000e+00	7.522507741753592901e-03	3.039390950711312600e-01
2.129999999999999893e+00	7.522406240180434280e-03	3.025888118186191855e-01
2.134999999999999787e+00	7.522305099395882981e-03	3.012431460274902495e-01
2.140000000000000124e+00	7.522204318353940648e-03	2.999020857028718012e-01
2.145000000000000018e+00	7.522103896015072504e-03	2.985656189206804534e-01
2.149999999999999911e+00	7.522003831344313898e-03	2.972337338051600497e-01
2.155000000000000249e+00	7.521904123313018047e-03	2.959064185495579591e-01
2.160000000000000142e+00	7.521804770896974718e-03	2.945836613938908055e-01
2.165000000000000036e+00	7.521705773078139756e-03	2.932654506454414056e-01
2.169999999999999929e+00	7.521607128842783263e-03	2.919517746567438787e-01
2.174999999999999822e+00	7.521508837183192228e-03	2.906426218459082778e-01
2.180000000000000160e+00	7.521410897095845600e-03	2.893379806748188066e-01
2.185000000000000053e+00	7.521313307583098705e-03	2.880378396692905296e-01
2.189999999999999947e+00	7.521216067651378262e-03	2.867421873974746460e-01
2.195000000000000284e+00	7.521119176312847723e-03	2.854510124898523293e-01
2.200000000000000178e+00	7.521022632583624842e-03	2.841643036178415072e-01
2.205000000000000071e+00	7.520926435485434866e-03	2.828820495136324387e-01
2.209999999999999964e+00	7.520830584043837648e-03	2.816042389489899489e-01
2.214999999999999858e+00	7.520735077289872166e-03	2.803308607549356846e-01
2.220000000000000195e+00	7.520639914258301847e-03	2.790619038007401409e-01
2.225000000000000089e+00	7.520545093989240877e-03	2.777973570134564807e-01
2.229999999999999982e+00	7.520450615526419469e-03	2.765372093570965251e-01
2.235000000000000320e+00	7.520356477918797161e-03	2.752814498520197994e-01
2.240000000000000213e+00	7.520262680218842838e-03	2.740300675542899356e-01
2.245000000000000107e+00	7.520169221484134144e-03	2.727830515749223861e-01
2.250000000000000000e+00	7.520076100775655720e-03	2.715403910594155201e-01
2.254999999999999893e+00	7.519983317159385609e-03	2.703020752068618360e-01
2.259999999999999787e+00	7.519890869704607371e-03	2.690680932496490874e-01
2.264999999999999680e+00	7.519798757485483473e-03	2.678384344724382693e-01
2.270000000000000018e+00	7.519706979579387357e-03	2.666130881920300566e-01
2.274999999999999911e+00	7.519615535068459485e-03	2.653920437762140594e-01
2.279999999999999805e+00	7.519524423037955013e-03	2.641752906237957443e-01
2.285000000000000142e+00	7.519433642577791170e-03	2.629628181833198464e-01
2.290000000000000036e+00	7.519343192780906203e-03	2.617546159332546640e-01
2.294999999999999929e+00	7.519253072744793744e-03	2.605506734005922920e-01
2.299999999999999822e+00	7.519163281569884311e-03	2.593509801411857940e-01
2.304999999999999716e+00	7.519073818361057121e-03	2.581555257582305862e-01
2.310000000000000053e+00	7.518984682226042410e-03	2.569642998827502134e-01
2.314999999999999947e+00	7.518895872276921098e-03	2.557772921919615472e-01
2.319999999999999840e+00	7.518807387628538390e-03	2.545944923899055579e-01
2.325000000000000178e+00	7.518719227399995632e-03	2.534158902256990475e-01
2.330000000000000071e+00	7.518631390713073452e-03	2.522414754743079190e-01
2.334999999999999964e+00	7.518543876693717549e-03	2.510712379546872763e-01
2.339999999999999858e+00	7.518456684470471371e-03	2.499051675106933323e-01
2.344999999999999751e+00	7.518369813175952363e-03	2.487432540291157901e-01
2.350000000000000089e+00	7.518283261945295920e-03	2.475854874207243372e-01
2.354999999999999982e+00	7.518197029917624702e-03	2.464318576381961112e-01
2.359999999999999876e+00	7.518111116234503857e-03	2.452823546572935332e-01
2.365000000000000213e+00	7.518025520041397326e-03	2.441369684946889385e-01
2.370000000000000107e+00	7.517940240486139548e-03	2.429956891892716131e-01
2.375000000000000000e+00	7.517855276720378753e-03	2.418585068198711163e-01
2.379999999999999893e+00	7.517770627898062545e-03	2.407254114866906325e-01
2.384999999999999787e+00	7.517686293176869053e-03	2.395963933289319003e-01
2.390000000000000124e+00	7.517602271716707259e-03	2.384714425063516885e-01
2.395000000000000018e+00	7.517518562681138605e-03	2.373505492167904685e-01
2.399999999999999911e+00	7.517435165235886001e-03	2.362337036778490162e-01
2.405000000000000249e+00	7.517352078550247618e-03	2.351208961443228551e-01
2.410000000000000142e+00	7.517269301795616310e-03	2.340121168899978177e-01
2.415000000000000036e+00	7.517186834146885599e-03	2.329073562249906471e-01
2.419999999999999929e+00	7.517104674780982973e-03	2.318066044776606327e-01
2.424999999999999822e+00	7.517022822878259396e-03	2.307098520118602281e-01
2.430000000000000160e+00	7.516941277621037344e-03	2.296170892089592075e-01
2.435000000000000053e+00	7.516860038194995985e-03	2.285283064850067436e-01
2.439999999999999947e+00	7.516779103787723550e-03	2.274434942728665310e-01
2.445000000000000284e+00	7.516698473590092099e-03	2.263626430392914335e-01
2.450000000000000178e+00	7.516618146794830715e-03	2.252857432671680760e-01
2.455000000000000071e+00	7.516538122597882926e-03	2.242127854725053382e-01
2.459999999999999964e+00	7.516458400196987695e-03	2.231437601867857223e-01
2.464999999999999858e+00	7.516378978793039449e-03	2.220786579738701083e-01
2.470000000000000195e+00	7.516299857588671675e-03	2.210174694124539263e-01
2.475000000000000089e+00	7.516221035789607402e-03	2.199601851128892560e-01
2.479999999999999982e+00	7.516142512603257546e-03	2.189067956997436670e-01
2.485000000000000320e+00	7.516064287240059247e-03	2.178572918285410220e-01
2.490000000000000213e+00	7.515986358912085490e-03	2.168116641684224577e-01
2.495000000000000107e+00	7.515908726834379973e-03	2.157699034188058085e-01
2.500000000000000000e+00	7.515831390223565861e-03	2.147320002921468685e-01
2.504999999999999893e+00	7.515754348299182389e-03	2.136979455305198228e-01
2.509999999999999787e+00	7.515677600282300551e-03	2.126677298884764311e-01
2.514999999999999680e+00	7.515601145396844963e-03	2.116413441495488823e-01
2.520000000000000018e+00	7.515524982868232104e-03	2.106187791092049566e-01
2.524999999999999911e+00	7.515449111924673090e-03	2.096000255912748855e-01
2.529999999999999805e+00	7.515373531795825797e-03	2.085850744310009941e-01
2.535000000000000142e+00	7.515298241714091568e-03	2.075739164913883439e-01
2.540000000000000036e+00	7.515223240913270798e-03	2.065665426463492438e-01
2.544999999999999929e+00	7.515148528629856176e-03	2.055629437969783146e-01
2.549999999999999822e+00	7.515074104101698675e-03	2.045631108547892874e-01
2.554999999999999716e+00	7.514999966569289522e-03	2.035670347579163209e-01
2.560000000000000053e+00	7.514926115274438330e-03	2.025747064544419773e-01
2.564999999999999947e+00	7.514852549461546391e-03	2.015861169185254043e-01
2.569999999999999840e+00	7.514779268376290018e-03	2.006012571338200434e-01
2.575000000000000178e+00	7.514706271266892099e-03	1.996201181095293153e-01
2.580000000000000071e+00	7.514633557382811510e-03	1.986426908639138678e-01
2.584999999999999964e+00	7.514561125976010336e-03	1.976689664402748459e-01
2.589999999999999858e+00	7.514488976299644150e-03	1.966989358905492369e-01
2.594999999999999751e+00	7.514417107609330099e-03	1.957325902912220861e-01
2.600000000000000089e+00	7.514345519161843255e-03	1.947699207270087440e-01
2.604999999999999982e+00	7.514274210216373429e-03	1.938109183066964725e-01
2.609999999999999876e+00	7.514203180033240601e-03	1.928555741469126228e-01
2.615000000000000213e+00	7.514132427875129180e-03	1.919038793878962146e-01
2.620000000000000107e+00	7.514061953005823392e-03	1.909558251773518234e-01
2.625000000000000000e+00	7.513991754691435460e-03	1.900114026861509930e-01
2.629999999999999893e+00	7.513921832199136654e-03	1.890706030922706671e-01
2.634999999999999787e+00	7.513852184798392418e-03	1.881334175964253785e-01
2.640000000000000124e+00	7.513782811759696020e-03	1.871998374060896142e-01
2.645000000000000018e+00	7.513713712355793266e-03	1.862698537510614483e-01
2.649999999999999911e+00	7.513644885860431763e-03	1.853434578675670907e-01
2.655000000000000249e+00	7.513576331549571760e-03	1.844206410137566587e-01
2.660000000000000142e+00	7.513508048700145818e-03	1.835013944538915476e-01
2.665000000000000036e+00	7.513440036591265310e-03	1.825857094737707853e-01
2.669999999999999929e+00	7.513372294502983564e-03	1.816735773650011154e-01
2.674999999999999822e+00	7.513304821717499762e-03	1.807649894403558222e-01
2.680000000000000160e+00	7.513237617517929019e-03	1.798599370181250545e-01
2.685000000000000053e+00	7.513170681189496741e-03	1.789584114374078716e-01
2.689999999999999947e+00	7.513104012018319115e-03	1.780604040425426138e-01
2.695000000000000284e+00	7.513037609292588792e-03	1.771659061983317518e-01
2.700000000000000178e+00	7.512971472301366652e-03	1.762749092745529156e-01
2.705000000000000071e+00	7.512905600335757078e-03	1.753874046611160753e-01
2.709999999999999964e+00	7.512839992687708399e-03	1.745033837526541454e-01
2.714999999999999858e+00	7.512774648651183822e-03	1.736228379636136632e-01
2.720000000000000195e+00	7.512709567520965345e-03	1.727457587129243577e-01
2.725000000000000089e+00	7.512644748593822093e-03	1.718721374390232148e-01
2.729999999999999982e+00	7.512580191167320294e-03	1.710019655846023168e-01
2.735000000000000320e+00	7.512515894540982946e-03	1.701352346115667935e-01
2.740000000000000213e+00	7.512451858015109334e-03	1.692719359858613493e-01
2.745000000000000107e+00	7.512388080891931226e-03	1.684120611923606015e-01
2.750000000000000000e+00	7.512324562474434128e-03	1.675556017197744330e-01
2.754999999999999893e+00	7.512261302067507404e-03	1.667025490754719674e-01
2.759999999999999787e+00	7.512198298976778543e-03	1.658528947704640544e-01
2.764999999999999680e+00	7.512135552509752005e-03	1.650066303341615193e-01
2.770000000000000018e+00	7.512073061974651293e-03	1.641637472994346980e-01
2.774999999999999911e+00	7.512010826681555196e-03	1.633242372173052404e-01
2.779999999999999805e+00	7.511948845941238996e-03	1.624880916420830546e-01
2.785000000000000142e+00	7.511887119066311576e-03	1.616553021459912753e-01
2.790000000000000036e+00	7.511825645370065301e-03	1.608258603043810075e-01
2.794999999999999929e+00	7.511764424167599249e-03	1.599997577102891810e-01
2.799999999999999822e+00	7.511703454774680370e-03	1.591769859597302328e-01
2.804999999999999716e+00	7.511642736508859775e-03	1.583575366661875150e-01
2.810000000000000053e+00	7.511582268688343431e-03	1.575414014459814993e-01
2.814999999999999947e+00	7.511522050633099787e-03	1.567285719326949323e-01
2.819999999999999840e+00	7.511462081663736537e-03	1.559190397626175062e-01
2.825000000000000178e+00	7.511402361102604772e-03	1.551127965891033744e-01
2.830000000000000071e+00	7.511342888272680950e-03	1.543098340680936209e-01
2.834999999999999964e+00	7.511283662498664977e-03	1.535101438724063849e-01
2.839999999999999858e+00	7.511224683105868251e-03	1.527137176773350202e-01
2.844999999999999751e+00	7.511165949421308267e-03	1.519205471748722169e-01
2.850000000000000089e+00	7.511107460772601871e-03	1.511306240593841832e-01
2.854999999999999982e+00	7.511049216489052924e-03	1.503439400417671823e-01
2.859999999999999876e+00	7.510991215900555962e-03	1.495604868351984029e-01
2.865000000000000213e+00	7.510933458338670855e-03	1.487802561692246894e-01
2.870000000000000107e+00	7.510875943135539475e-03	1.480032397755904061e-01
2.875000000000000000e+00	7.510818669624953411e-03	1.472294294022579719e-01
2.879999999999999893e+00	7.510761637141274982e-03	1.464588167993122469e-01
2.884999999999999787e+00	7.510704845020502347e-03	1.456913937329132047e-01
2.890000000000000124e+00	7.510648292599190513e-03	1.449271519712764800e-01
2.895000000000000018e+00	7.510591979215519055e-03	1.441660832985584839e-01
2.899999999999999911e+00	7.510535904208215721e-03	1.434081795009131965e-01
2.905000000000000249e+00	7.510480066917614612e-03	1.426534323803081150e-01
2.910000000000000142e+00	7.510424466684594534e-03	1.419018337406587615e-01
2.915000000000000036e+00	7.510369102851624165e-03	1.411533754015755204e-01
2.919999999999999929e+00	7.510313974761708214e-03	1.404080491845741963e-01
2.924999999999999822e+00	7.510259081759429987e-03	1.396658469267546832e-01
2.930000000000000160e+00	7.510204423189901883e-03	1.389267604670881007e-01
2.935000000000000053e+00	7.510149998399801886e-03	1.381907816600260741e-01
2.939999999999999947e+00	7.510095806736330135e-03	1.374579023618646423e-01
2.945000000000000284e+00	7.510041847548241944e-03	1.367281144442839824e-01
2.950000000000000178e+00	7.509988120184806978e-03	1.360014097807896727e-01
2.955000000000000071e+00	7.509934623996837935e-03	1.352777802601822510e-01
2.959999999999999964e+00	7.509881358335660125e-03	1.345572177730755548e-01
2.964999999999999858e+00	7.509828322554130617e-03	1.338397142252963079e-01
2.970000000000000195e+00	7.509775516005611287e-03	1.331252615244793713e-01
2.975000000000000089e+00	7.509722938044986230e-03	1.324138515933974691e-01
2.979999999999999982e+00	7.509670588027642611e-03	1.317054763566335163e-01
2.985000000000000320e+00	7.509618465310477671e-03	1.310001277538389852e-01
2.990000000000000213e+00	7.509566569250891721e-03	1.302977977264847820e-01
2.995000000000000107e+00	7.509514899207782139e-03	1.295984782310480865e-01
3.000000000000000000e+00	7.509463454540545035e-03	1.289021612258403615e-01
3.004999999999999893e+00	7.509412234610069251e-03	1.282088386841237215e-01
3.009999999999999787e+00	7.509361238777738888e-03	1.275185025810164352e-01
3.014999999999999680e+00	7.509310466406419506e-03	1.268311449065370744e-01
3.020000000000000018e+00	7.509259916859473659e-03	1.261467576525886203e-01
3.024999999999999911e+00	7.509209589501735817e-03	1.254653328259306422e-01
3.029999999999999805e+00	7.509159483698535711e-03	1.247868624352410361e-01
3.035000000000000142e+00	7.509109598816667182e-03	1.241113385040160111e-01
3.040000000000000036e+00	7.509059934223420198e-03	1.234387530577107234e-01
3.044999999999999929e+00	7.509010489287541029e-03	1.227690981365656686e-01
3.049999999999999822e+00	7.508961263378269475e-03	1.221023657828263775e-01
3.054999999999999716e+00	7.508912255866299901e-03	1.214385480534969086e-01
3.060000000000000053e+00	7.508863466122815862e-03	1.207776370076378142e-01
3.064999999999999947e+00	7.508814893520450277e-03	1.201196247190465666e-01
3.069999999999999840e+00	7.508766537432326992e-03	1.194645032636344750e-01
3.075000000000000178e+00	7.508718397233013139e-03	1.188122647320329350e-01
3.080000000000000071e+00	7.508670472297567650e-03	1.181629012170501702e-01
3.084999999999999964e+00	7.508622762002486670e-03	1.175164048262028332e-01
3.089999999999999858e+00	7.508575265724759876e-03	1.168727676692524198e-01
3.094999999999999751e+00	7.508527982842809825e-03	1.162319818706621516e-01
3.100000000000000089e+00	7.508480912735553472e-03	1.155940395572131046e-01
3.104999999999999982e+00	7.508434054783336316e-03	1.149589328703865820e-01
3.109999999999999876e+00	7.508387408367002587e-03	1.143266539540594984e-01
3.115000000000000213e+00	7.508340972868817256e-03	1.136971949668117154e-01
3.120000000000000107e+00	7.508294747671548364e-03	1.130705480697020704e-01
3.125000000000000000e+00	7.508248732159382086e-03	1.124467054384991893e-01
3.129999999999999893e+00	7.508202925717008536e-03	1.118256592515384507e-01
3.134999999999999787e+00	7.508157327730533362e-03	1.112074017018767624e-01
3.140000000000000124e+00	7.508111937586570486e-03	1.105919249852300029e-01
3.145000000000000018e+00	7.508066754673144161e-03	1.099792213120514145e-01
3.149999999999999911e+00	7.508021778378791249e-03	1.093692828955500213e-01
3.155000000000000249e+00	7.507977008093458943e-03	1.087621019636920705e-01
3.160000000000000142e+00	7.507932443207607914e-03	1.081576707473009269e-01
3.165000000000000036e+00	7.507888083113105696e-03	1.075559814919807566e-01
3.169999999999999929e+00	7.507843927202341970e-03	1.069570264462984394e-01
3.174999999999999822e+00	7.507799974869108078e-03	1.063607978736293425e-01
3.180000000000000160e+00	7.507756225507722717e-03	1.057672880404208204e-01
3.185000000000000053e+00	7.507712678513906238e-03	1.051764892279608149e-01
3.189999999999999947e+00	7.507669333283908085e-03	1.045883937207220671e-01
3.195000000000000284e+00	7.507626189215379359e-03	1.040029938180530716e-01
3.200000000000000178e+00	7.507583245706506321e-03	1.034202818226050147e-01
3.205000000000000071e+00	7.507540502156876891e-03	1.028402500519429580e-01
3.209999999999999964e+00	7.507497957966616751e-03	1.022628908270555165e-01
3.214999999999999858e+00	7.507455612537252375e-03	1.016881964838875496e-01
3.220000000000000195e+00	7.507413465270856671e-03	1.011161593619321897e-01
3.225000000000000089e+00	7.507371515570902473e-03	1.005467718156839996e-01
3.229999999999999982e+00	7.507329762841411652e-03	9.998002620331380985e-02
3.235000000000000320e+00	7.507288206487810339e-03	9.941591489804242621e-02
3.240000000000000213e+00	7.507246845916076307e-03	9.885443027689864992e-02
3.245000000000000107e+00	7.507205680533592454e-03	9.829556473201274402e-02
3.250000000000000000e+00	7.507164709748303730e-03	9.773931065945783148e-02
3.254999999999999893e+00	7.507123932969553270e-03	9.718566047046292566e-02
3.259999999999999787e+00	7.507083349607259273e-03	9.663460658033788675e-02
3.264999999999999680e+00	7.507042959072738122e-03	9.608614141960587773e-02
3.270000000000000018e+00	7.507002760777884733e-03	9.554025742301200386e-02
3.274999999999999911e+00	7.506962754135995675e-03	9.499694704057481953e-02
3.279999999999999805e+00	7.506922938560953856e-03	9.445620272667896999e-02
3.285000000000000142e+00	7.506883313468042974e-03	9.391801695104473602e-02
3.290000000000000036e+00	7.506843878273140869e-03	9.338238218790607947e-02
3.294999999999999929e+00	7.506804632393528770e-03	9.284929092689782337e-02
3.299999999999999822e+00	7.506765575247089858e-03	9.231873566231760253e-02
3.304999999999999716e+00	7.506726706253110705e-03	9.179070890393216386e-02
3.310000000000000053e+00	7.506688024831487636e-03	9.126520316632334706e-02
3.314999999999999947e+00	7.506649530403523840e-03	9.074221097961203408e-02
3.319999999999999840e+00	7.506611222391140932e-03	9.022172487888927006e-02
3.325000000000000178e+00	7.506573100217665655e-03	8.970373741485716812e-02
3.330000000000000071e+00	7.506535163307054455e-03	8.918824114334571174e-02
3.334999999999999964e+00	7.506497411084671507e-03	8.867522863587018467e-02
3.339999999999999858e+00	7.506459842976516764e-03	8.816469246923369640e-02
3.344999999999999751e+00	7.506422458410003107e-03	8.765662523600113720e-02
3.350000000000000089e+00	7.506385256813185268e-03	8.715101953418705194e-02
3.354999999999999982e+00	7.506348237615535247e-03	8.664786797764656434e-02
3.359999999999999876e+00	7.506311400247174699e-03	8.614716318584868249e-02
3.365000000000000213e+00	7.506274744139645148e-03	8.564889779418305427e-02
3.370000000000000107e+00	7.506238268725149050e-03	8.515306444381991191e-02
3.375000000000000000e+00	7.506201973437306996e-03	8.465965579193196477e-02
3.379999999999999893e+00	7.506165857710414384e-03	8.416866450164092739e-02
3.384999999999999787e+00	7.506129920980186485e-03	8.368008325215502141e-02
3.390000000000000124e+00	7.506094162683022049e-03	8.319390472880161536e-02
3.395000000000000018e+00	7.506058582256742301e-03	8.271012163308003040e-02
3.399999999999999911e+00	7.506023179139863222e-03	8.222872667278090242e-02
3.405000000000000249e+00	7.505987952772325000e-03	8.174971257195377816e-02
3.410000000000000142e+00	7.505952902594772991e-03	8.127307206111321347e-02
3.415000000000000036e+00	7.505918028049280225e-03	8.079879788712147903e-02
3.419999999999999929e+00	7.505883328578633572e-03	8.032688280348107557e-02
3.424999999999999822e+00	7.505848803627052784e-03	7.985731958013209120e-02
3.430000000000000160e+00	7.505814452639482728e-03	7.939010099383191077e-02
3.435000000000000053e+00	7.505780275062302886e-03	7.892521983786669748e-02
3.439999999999999947e+00	7.505746270342624794e-03	7.846266891251844899e-02
3.445000000000000284e+00	7.505712437929003278e-03	7.800244103468997880e-02
3.450000000000000178e+00	7.505678777270734757e-03	7.754452902846033224e-02
3.455000000000000071e+00	7.505645287818562411e-03	7.708892573462287900e-02
3.459999999999999964e+00	7.505611969023979688e-03	7.663562400132790942e-02
3.464999999999999858e+00	7.505578820339930263e-03	7.618461669353514265e-02
3.470000000000000195e+00	7.505545841220124560e-03	7.573589668374355877e-02
3.475000000000000089e+00	7.505513031119722366e-03	7.528945686135711524e-02
3.479999999999999982e+00	7.505480389494658885e-03	7.484529012350268906e-02
3.485000000000000320e+00	7.505447915802326495e-03	7.440338938430864080e-02
3.490000000000000213e+00	7.505415609500904264e-03	7.396374756581095000e-02
3.495000000000000107e+00	7.505383470050031904e-03	7.352635760714455737e-02
3.500000000000000000e+00	7.505351496910143624e-03	7.309121245553758250e-02
3.504999999999999893e+00	7.505319689543142950e-03	7.265830507541544414e-02
3.509999999999999787e+00	7.505288047411735712e-03	7.222762843948318801e-02
3.514999999999999680e+00	7.505256569980103126e-03	7.179917553774217698e-02
3.520000000000000018e+00	7.505225256713239992e-03	7.137293936866087596e-02
3.524999999999999911e+00	7.505194107077618228e-03	7.094891294810375115e-02
3.529999999999999805e+00	7.505163120540538947e-03	7.052708930059031767e-02
3.535000000000000142e+00	7.505132296570782117e-03	7.010746146813638668e-02
3.540000000000000036e+00	7.505101634637968179e-03	6.969002250160183376e-02
3.544999999999999929e+00	7.505071134213199893e-03	6.927476546944354163e-02
3.549999999999999822e+00	7.505040794768436108e-03	6.886168344915194472e-02
3.554999999999999716e+00	7.505010615777118858e-03	6.845076953591573699e-02
3.560000000000000053e+00	7.504980596713555809e-03	6.804201683414706769e-02
3.564999999999999947e+00	7.504950737053548218e-03	6.763541846605825025e-02
3.569999999999999840e+00	7.504921036273771648e-03	6.723096756327540113e-02
3.575000000000000178e+00	7.504891493852397857e-03	6.682865727532683042e-02
3.580000000000000071e+00	7.504862109268487652e-03	6.642848076134584556e-02
3.584999999999999964e+00	7.504832882002602373e-03	6.603043119846987996e-02
3.589999999999999858e+00	7.504803811536200214e-03	6.563450177363273907e-02
3.594999999999999751e+00	7.504774897352247710e-03	6.524068569187510547e-02
3.600000000000000089e+00	7.504746138934622994e-03	6.484897616822542232e-02
3.604999999999999982e+00	7.504717535768712540e-03	6.445936643592174720e-02
3.609999999999999876e+00	7.504689087340825696e-03	6.407184973838175868e-02
3.615000000000000213e+00	7.504660793138790559e-03	6.368641933733544536e-02
3.620000000000000107e+00	7.504632652651363305e-03	6.330306850488445769e-02
3.625000000000000000e+00	7.504604665368826664e-03	6.292179053154564605e-02
3.629999999999999893e+00	7.504576830782405325e-03	6.254257871839953575e-02
3.634999999999999787e+00	7.504549148384851397e-03	6.216542638504478357e-02
3.640000000000000124e+00	7.504521617669872822e-03	6.179032686183564410e-02
3.645000000000000018e+00	7.504494238132710174e-03	6.141727349774762923e-02
3.649999999999999911e+00	7.504467009269570263e-03	6.104625965270363275e-02
3.655000000000000249e+00	7.504439930578198602e-03	6.067727870535048057e-02
3.660000000000000142e+00	7.504413001557319086e-03	6.031032404547472664e-02
3.665000000000000036e+00	7.504386221707198650e-03	5.994538908168927510e-02
3.669999999999999929e+00	7.504359590529093016e-03	5.958246723393829936e-02
3.674999999999999822e+00	7.504333107525807019e-03	5.922155194109490067e-02
3.680000000000000160e+00	7.504306772201149028e-03	5.886263665355518510e-02
3.685000000000000053e+00	7.504280584060477391e-03	5.850571484074616746e-02
3.689999999999999947e+00	7.504254542610166133e-03	5.815077998380915880e-02
3.695000000000000284e+00	7.504228647358146195e-03	5.779782558301837375e-02
3.700000000000000178e+00	7.504202897813375475e-03	5.744684515055322599e-02
3.705000000000000071e+00	7.504177293486373121e-03	5.709783221782748636e-02
3.709999999999999964e+00	7.504151833888696513e-03	5.675078032835084024e-02
3.714999999999999858e+00	7.504126518533472956e-03	5.640568304496842295e-02
3.720000000000000195e+00	7.504101346934874926e-03	5.606253394281137531e-02
3.725000000000000089e+00	7.504076318608650029e-03	5.572132661644715185e-02
3.729999999999999982e+00	7.504051433071607519e-03	5.538205467291876238e-02
3.735000000000000320e+00	7.504026689842131781e-03	5.504471173880571416e-02
3.740000000000000213e+00	7.504002088439684463e-03	5.470929145335247379e-02
3.745000000000000107e+00	7.503977628385304945e-03	5.437578747543933555e-02
3.750000000000000000e+00	7.503953309201121143e-03	5.404419347680026325e-02
3.754999999999999893e+00	7.503929130410846512e-03	5.371450314890426070e-02
3.759999999999999787e+00	7.503905091539290854e-03	5.338671019626169134e-02
3.764999999999999680e+00	7.503881192112856445e-03	5.306080834321668521e-02
3.770000000000000018e+00	7.503857431659054049e-03	5.273679132734185315e-02
3.774999999999999911e+00	7.503833809706992979e-03	5.241465290614136935e-02
3.779999999999999805e+00	7.503810325786899708e-03	5.209438685053448953e-02
3.785000000000000142e+00	7.503786979430604465e-03	5.177598695146903851e-02
3.790000000000000036e+00	7.503763770171069380e-03	5.145944701349382949e-02
3.794999999999999929e+00	7.503740697542862076e-03	5.114476086128254273e-02
3.799999999999999822e+00	7.503717761081692486e-03	5.083192233329473370e-02
3.804999999999999716e+00	7.503694960324886441e-03	5.052092528821044287e-02
3.810000000000000053e+00	7.503672294810919026e-03	5.021176359867947359e-02
3.814999999999999947e+00	7.503649764079885556e-03	4.990443115766708682e-02
3.819999999999999840e+00	7.503627367673045348e-03	4.959892187229144461e-02
3.825000000000000178e+00	7.503605105133279683e-03	4.929522967007991807e-02
3.830000000000000071e+00	7.503582976004647721e-03	4.899334849289515431e-02
3.834999999999999964e+00	7.503560979832833190e-03	4.869327230310183802e-02
3.839999999999999858e+00	7.503539116164710705e-03	4.839499507758108360e-02
3.844999999999999751e+00	7.503517384548782920e-03	4.809851081380835114e-02
3.850000000000000089e+00	7.503495784534754652e-03	4.780381352395542127e-02
3.854999999999999982e+00	7.503474315673964827e-03	4.751089724087968758e-02
3.859999999999999876e+00	7.503452977518964076e-03	4.721975601231377662e-02
3.865000000000000213e+00	7.503431769623944078e-03	4.693038390676609883e-02
3.870000000000000107e+00	7.503410691544315156e-03	4.664277500779819702e-02
3.875000000000000000e+00	7.503389742837135619e-03	4.635692341983664588e-02
3.879999999999999893e+00	7.503368923060697165e-03	4.607282326253760857e-02
3.884999999999999787e+00	7.503348231774938613e-03	4.579046867651040409e-02
3.890000000000000124e+00	7.503327668541043445e-03	4.550985381776935512e-02
3.895000000000000018e+00	7.503307232921850936e-03	4.523097286336909273e-02
3.899999999999999911e+00	7.503286924481452833e-03	4.495382000594341787e-02
3.905000000000000249e+00	7.503266742785598409e-03	4.467838945925205890e-02
3.910000000000000142e+00	7.503246687401307624e-03	4.440467545280707418e-02
3.915000000000000036e+00	7.503226757897257966e-03	4.413267223733119415e-02
3.919999999999999929e+00	7.503206953843404546e-03	4.386237407947074507e-02
3.924999999999999822e+00	7.503187274811372147e-03	4.359377526716661649e-02
3.930000000000000160e+00	7.503167720374068379e-03	4.332687010445331055e-02
3.935000000000000053e+00	7.503148290106074862e-03	4.306165291674218798e-02
3.939999999999999947e+00	7.503128983583271655e-03	4.279811804570700373e-02
3.945000000000000284e+00	7.503109800383211958e-03	4.253625985447952174e-02
3.950000000000000178e+00	7.503090740084757820e-03	4.227607272262123850e-02
3.955000000000000071e+00	7.503071802268451371e-03	4.201755105123142209e-02
3.959999999999999964e+00	7.503052986516153128e-03	4.176068925800496129e-02
3.964999999999999858e+00	7.503034292411407159e-03	4.150548178225310636e-02
3.970000000000000195e+00	7.503015719539084596e-03	4.125192308004687475e-02
3.975000000000000089e+00	7.502997267485748793e-03	4.100000762915104180e-02
3.979999999999999982e+00	7.502978935839296239e-03	4.074972992425298507e-02
3.985000000000000320e+00	7.502960724189317379e-03	4.050108448180958498e-02
3.990000000000000213e+00	7.502942632126754878e-03	4.025406583536161181e-02
3.995000000000000107e+00	7.502924659244241887e-03	4.000866854029386244e-02
4.000000000000000000e+00	7.502906805135773315e-03	3.976488716923447242e-02
4.004999999999999893e+00	7.502889069397041498e-03	3.952271631672885782e-02
4.009999999999999787e+00	7.502871451625110072e-03	3.928215059472368181e-02
4.014999999999999680e+00	7.502853951418742701e-03	3.904318463715465704e-02
4.019999999999999574e+00	7.502836568378084756e-03	3.880581309551491692e-02
4.025000000000000355e+00	7.502819302104983372e-03	3.857003064335694231e-02
4.030000000000000249e+00	7.502802152202680402e-03	3.833583197194533054e-02
4.035000000000000142e+00	7.502785118276121198e-03	3.810321179467274222e-02
4.040000000000000036e+00	7.502768199931655370e-03	3.787216484279672807e-02
4.044999999999999929e+00	7.502751396777339495e-03	3.764268586977027181e-02
4.049999999999999822e+00	7.502734708422642215e-03	3.741476964706226538e-02
4.054999999999999716e+00	7.502718134478746081e-03	3.718841096840302257e-02
4.059999999999999609e+00	7.502701674558251779e-03	3.696360464568791693e-02
4.064999999999999503e+00	7.502685328275480840e-03	3.674034551313812985e-02
4.070000000000000284e+00	7.502669095246179004e-03	3.651862842328716663e-02
4.075000000000000178e+00	7.502652975087814591e-03	3.629844825105736639e-02
4.080000000000000071e+00	7.502636967419293139e-03	3.607979988982881053e-02
4.084999999999999964e+00	7.502621071861243635e-03	3.586267825543158760e-02
4.089999999999999858e+00	7.502605288035741823e-03	3.564707828229751047e-02
4.094999999999999751e+00	7.502589615566591236e-03	3.543299492736785850e-02
4.099999999999999645e+00	7.502574054079049100e-03	3.522042316632741088e-02
4.105000000000000426e+00	7.502558603200102164e-03	3.500935799742854043e-02
4.110000000000000320e+00	7.502543262558203883e-03	3.479979443780700787e-02
4.115000000000000213e+00	7.502528031783536368e-03	3.459172752722254607e-02
4.120000000000000107e+00	7.502512910507755373e-03	3.438515232445624181e-02
4.125000000000000000e+00	7.502497898364255714e-03	3.418006391096802682e-02
4.129999999999999893e+00	7.502482994987906724e-03	3.397645738737500171e-02
4.134999999999999787e+00	7.502468200015321130e-03	3.377432787702635414e-02
4.139999999999999680e+00	7.502453513084597451e-03	3.357367052256251400e-02
4.144999999999999574e+00	7.502438933835576737e-03	3.337448048940728357e-02
4.150000000000000355e+00	7.502424461909597102e-03	3.317675296240765043e-02
4.155000000000000249e+00	7.502410096949738323e-03	3.298048314924402480e-02
4.160000000000000142e+00	7.502395838600585919e-03	3.278566627714974563e-02
4.165000000000000036e+00	7.502381686508472272e-03	3.259229759623960554e-02
4.169999999999999929e+00	7.502367640321241579e-03	3.240037237630931377e-02
4.174999999999999822e+00	7.502353699688487504e-03	3.220988591008241281e-02
4.179999999999999716e+00	7.502339864261321593e-03	3.202083351008908757e-02
4.185000000000000497e+00	7.502326133692605731e-03	3.183321051183202188e-02
4.190000000000000391e+00	7.502312507636735295e-03	3.164701227074429024e-02
4.195000000000000284e+00	7.502298985749849061e-03	3.146223416527420269e-02
4.200000000000000178e+00	7.502285567689631444e-03	3.127887159392213345e-02
4.205000000000000071e+00	7.502272253115511991e-03	3.109691997824499954e-02
4.209999999999999964e+00	7.502259041688469354e-03	3.091637475997098539e-02
4.214999999999999858e+00	7.502245933071233393e-03	3.073723140392426931e-02
4.219999999999999751e+00	7.502232926928090011e-03	3.055948539521756435e-02
4.224999999999999645e+00	7.502220022925078918e-03	3.038313224209721400e-02
4.230000000000000426e+00	7.502207220729795872e-03	3.020816747321308088e-02
4.235000000000000320e+00	7.502194520011600844e-03	3.003458664038466050e-02
4.240000000000000213e+00	7.502181920441412452e-03	2.986238531594777312e-02
4.245000000000000107e+00	7.502169421691912664e-03	2.969155909544177532e-02
4.250000000000000000e+00	7.502157023437356839e-03	2.952210359503324930e-02
4.254999999999999893e+00	7.502144725353756746e-03	2.935401445412434002e-02
4.259999999999999787e+00	7.502132527118708823e-03	2.918728733285287646e-02
4.264999999999999680e+00	7.502120428411565914e-03	2.902191791462277112e-02
4.269999999999999574e+00	7.502108428913269872e-03	2.885790190367965719e-02
4.275000000000000355e+00	7.502096528306525028e-03	2.869523502756391245e-02
4.280000000000000249e+00	7.502084726275627322e-03	2.853391303476157312e-02
4.285000000000000142e+00	7.502073022506636039e-03	2.837393169708011045e-02
4.290000000000000036e+00	7.502061416687210750e-03	2.821528680737433320e-02
4.294999999999999929e+00	7.502049908506772634e-03	2.805797418184523967e-02
4.299999999999999822e+00	7.502038497656350093e-03	2.790198965784063817e-02
4.304999999999999716e+00	7.502027183828734874e-03	2.774732909607759493e-02
4.309999999999999609e+00	7.502015966718332020e-03	2.759398837851697109e-02
4.314999999999999503e+00	7.502004846021309917e-03	2.744196341050996607e-02
4.320000000000000284e+00	7.501993821435453715e-03	2.729125011874631787e-02
4.325000000000000178e+00	7.501982892660315379e-03	2.714184445332550044e-02
4.330000000000000071e+00	7.501972059397069709e-03	2.699374238577781707e-02
4.334999999999999964e+00	7.501961321348654850e-03	2.684693991106068545e-02
4.339999999999999858e+00	7.501950678219642191e-03	2.670143304565251313e-02
4.344999999999999751e+00	7.501940129716364730e-03	2.655721782947416398e-02
4.349999999999999645e+00	7.501929675546791312e-03	2.641429032405529995e-02
4.355000000000000426e+00	7.501919315420655862e-03	2.627264661438159093e-02
4.360000000000000320e+00	7.501909049049332485e-03	2.613228280713290885e-02
4.365000000000000213e+00	7.501898876145960370e-03	2.599319503245674581e-02
4.370000000000000107e+00	7.501888796425323219e-03	2.585537944227777468e-02
4.375000000000000000e+00	7.501878809603970688e-03	2.571883221199805850e-02
4.379999999999999893e+00	7.501868915400100417e-03	2.558354953887732874e-02
4.384999999999999787e+00	7.501859113533677730e-03	2.544952764366068682e-02
4.389999999999999680e+00	7.501849403726318539e-03	2.531676276902907613e-02
4.394999999999999574e+00	7.501839785701407311e-03	2.518525118115457623e-02
4.400000000000000355e+00	7.501830259183985168e-03	2.505498916822099936e-02
4.405000000000000249e+00	7.501820823900856583e-03	2.492597304190732541e-02
4.410000000000000142e+00	7.501811479580492228e-03	2.479819913597750003e-02
4.415000000000000036e+00	7.501802225953121787e-03	2.467166380769269043e-02
4.419999999999999929e+00	7.501793062750647216e-03	2.454636343647001451e-02
4.424999999999999822e+00	7.501783989706731215e-03	2.442229442522391228e-02
4.429999999999999716e+00	7.501775006556707023e-03	2.429945319909324400e-02
4.435000000000000497e+00	7.501766113037669492e-03	2.417783620671236366e-02
4.440000000000000391e+00	7.501757308888390083e-03	2.405743991900607601e-02
4.445000000000000284e+00	7.501748593849401868e-03	2.393826083039089433e-02
4.450000000000000178e+00	7.501739967662915398e-03	2.382029545763737766e-02
4.455000000000000071e+00	7.501731430072901968e-03	2.370354034100206897e-02
4.459999999999999964e+00	7.501722980825014687e-03	2.358799204315667128e-02
4.464999999999999858e+00	7.501714619666664807e-03	2.347364715025119022e-02
4.469999999999999751e+00	7.501706346346953200e-03	2.336050227090946327e-02
4.474999999999999645e+00	7.501698160616732808e-03	2.324855403722395769e-02
4.480000000000000426e+00	7.501690062228547930e-03	2.313779910381708396e-02
4.485000000000000320e+00	7.501682050936701006e-03	2.302823414876841585e-02
4.490000000000000213e+00	7.501674126497181495e-03	2.291985587274108019e-02
4.495000000000000107e+00	7.501666288667737867e-03	2.281266099984181894e-02
4.500000000000000000e+00	7.501658537207811679e-03	2.270664627681219863e-02
4.504999999999999893e+00	7.501650871878595694e-03	2.260180847382175714e-02
4.509999999999999787e+00	7.501643292442983571e-03	2.249814438372363390e-02
4.514999999999999680e+00	7.501635798665614967e-03	2.239565082278146407e-02
4.519999999999999574e+00	7.501628390312834772e-03	2.229432462998865924e-02
4.525000000000000355e+00	7.501621067152733011e-03	2.219416266772964580e-02
4.530000000000000249e+00	7.501613828955104070e-03	2.209516182116237973e-02
4.535000000000000142e+00	7.501606675491487471e-03	2.199731899881446004e-02
4.540000000000000036e+00	7.501599606535128834e-03	2.190063113202806583e-02
4.544999999999999929e+00	7.501592621861015442e-03	2.180509517549166637e-02
4.549999999999999822e+00	7.501585721245846751e-03	2.171070810674705087e-02
4.554999999999999716e+00	7.501578904468057807e-03	2.161746692665691277e-02
4.559999999999999609e+00	7.501572171307796695e-03	2.152536865897337545e-02
4.564999999999999503e+00	7.501565521546947959e-03	2.143441035074220014e-02
4.570000000000000284e+00	7.501558954969109183e-03	2.134458907193217958e-02
4.575000000000000178e+00	7.501552471359611805e-03	2.125590191577648655e-02
4.580000000000000071e+00	7.501546070505502907e-03	2.116834599846232484e-02
4.584999999999999964e+00	7.501539752195558221e-03	2.108191845941008447e-02
4.589999999999999858e+00	7.501533516220271723e-03	2.099661646102279552e-02
4.594999999999999751e+00	7.501527362371864308e-03	2.091243718890338846e-02
4.599999999999999645e+00	7.501521290444275979e-03	2.082937785166350669e-02
4.605000000000000426e+00	7.501515300233169321e-03	2.074743568107943748e-02
4.610000000000000320e+00	7.501509391535926899e-03	2.066660793195971776e-02
4.615000000000000213e+00	7.501503564151651253e-03	2.058689188224040872e-02
4.620000000000000107e+00	7.501497817881167506e-03	2.050828483291065527e-02
4.625000000000000000e+00	7.501492152527016420e-03	2.043078410804812645e-02
4.629999999999999893e+00	7.501486567893459606e-03	2.035438705480193886e-02
4.634999999999999787e+00	7.501481063786474314e-03	2.027909104336863416e-02
4.639999999999999680e+00	7.501475640013755171e-03	2.020489346703208469e-02
4.644999999999999574e+00	7.501470296384713313e-03	2.013179174208057365e-02
4.650000000000000355e+00	7.501465032710475517e-03	2.005978330790299594e-02
4.655000000000000249e+00	7.501459848803879865e-03	1.998886562684768983e-02
4.660000000000000142e+00	7.501454744479484418e-03	1.991903618437436407e-02
4.665000000000000036e+00	7.501449719553549868e-03	1.985029248885522221e-02
4.669999999999999929e+00	7.501444773844060353e-03	1.978263207178204003e-02
4.674999999999999822e+00	7.501439907170695705e-03	1.971605248751019321e-02
4.679999999999999716e+00	7.501435119354861805e-03	1.965055131352031262e-02
4.685000000000000497e+00	7.501430410219655891e-03	1.958612615010576347e-02
4.690000000000000391e+00	7.501425779589898646e-03	1.952277462068829211e-02
4.695000000000000284e+00	7.501421227292101243e-03	1.946049437144961244e-02
4.700000000000000178e+00	7.501416753154493099e-03	1.939928307170032604e-02
4.705000000000000071e+00	7.501412357006992382e-03	1.933913841345630963e-02
4.709999999999999964e+00	7.501408038681237241e-03	1.928005811186035354e-02
4.714999999999999858e+00	7.501403798010546770e-03	1.922203990470380819e-02
4.719999999999999751e+00	7.501399634829960042e-03	1.916508155290037527e-02
4.724999999999999645e+00	7.501395548976191874e-03	1.910918083995376965e-02
4.730000000000000426e+00	7.501391540287677059e-03	1.905433557248298326e-02
4.735000000000000320e+00	7.501387608604521799e-03	1.900054357963645510e-02
4.740000000000000213e+00	7.501383753768549670e-03	1.894780271366824226e-02
4.745000000000000107e+00	7.501379975623250450e-03	1.889611084929939538e-02
4.750000000000000000e+00	7.501376274013831294e-03	1.884546588434437425e-02
4.754999999999999893e+00	7.501372648787160355e-03	1.879586573902022884e-02
4.759999999999999787e+00	7.501369099791822294e-03	1.874730835662273901e-02
4.764999999999999680e+00	7.501365626878054964e-03	1.869979170278396330e-02
4.769999999999999574e+00	7.501362229897810992e-03	1.865331376619741577e-02
4.775000000000000355e+00	7.501358908704695329e-03	1.860787255782458960e-02
4.780000000000000249e+00	7.501355663154023364e-03	1.856346611166864724e-02
4.785000000000000142e+00	7.501352493102757604e-03	1.852009248393060581e-02
4.790000000000000036e+00	7.501349398409564925e-03	1.847774975383079110e-02
4.794999999999999929e+00	7.501346378934757586e-03	1.843643602271533011e-02
4.799999999999999822e+00	7.501343434540352212e-03	1.839614941492478256e-02
4.804999999999999716e+00	7.501340565090002140e-03	1.835688807685153384e-02
4.809999999999999609e+00	7.501337770449061602e-03	1.831865017785497957e-02
4.814999999999999503e+00	7.501335050484516341e-03	1.828143390927049194e-02
4.820000000000000284e+00	7.501332405065054727e-03	1.824523748537048781e-02
4.825000000000000178e+00	7.501329834060984497e-03	1.821005914232561723e-02
4.830000000000000071e+00	7.501327337344316018e-03	1.817589713921114944e-02
4.834999999999999964e+00	7.501324914788673817e-03	1.814274975692085901e-02
4.839999999999999858e+00	7.501322566269380716e-03	1.811061529921814336e-02
4.844999999999999751e+00	7.501320291663368493e-03	1.807949209160346696e-02
4.849999999999999645e+00	7.501318090849262883e-03	1.804937848240936726e-02
4.855000000000000426e+00	7.501315963707294240e-03	1.802027284162197387e-02
4.860000000000000320e+00	7.501313910119380805e-03	1.799217356201957690e-02
4.865000000000000213e+00	7.501311929969040233e-03	1.796507905794872753e-02
4.870000000000000107e+00	7.501310023141477198e-03	1.793898776650553611e-02
4.875000000000000000e+00	7.501308189523485381e-03	1.791389814626733260e-02
4.879999999999999893e+00	7.501306429003542879e-03	1.788980867851592757e-02
4.884999999999999787e+00	7.501304741471712459e-03	1.786671786592532521e-02
4.889999999999999680e+00	7.501303126819735233e-03	1.784462423382645810e-02
4.894999999999999574e+00	7.501301584940929176e-03	1.782352632885162574e-02
4.900000000000000355e+00	7.501300115730288008e-03	1.780342272023999542e-02
4.905000000000000249e+00	7.501298719084377974e-03	1.778431199843940116e-02
4.910000000000000142e+00	7.501297394901432387e-03	1.776619277645200001e-02
4.915000000000000036e+00	7.501296143081251019e-03	1.774906368839410109e-02
4.919999999999999929e+00	7.501294963525299841e-03	1.773292339088132150e-02
4.924999999999999822e+00	7.501293856136601740e-03	1.771777056154699714e-02
4.929999999999999716e+00	7.501292820819839731e-03	1.770360390046625196e-02
4.935000000000000497e+00	7.501291857481245939e-03	1.769042212863382313e-02
4.940000000000000391e+00	7.501290966028713487e-03	1.767822398942623871e-02
4.945000000000000284e+00	7.501290146371674197e-03	1.766700824703955688e-02
4.950000000000000178e+00	7.501289398421212215e-03	1.765677368798914890e-02
4.955000000000000071e+00	7.501288722089946917e-03	1.764751911950817459e-02
4.959999999999999964e+00	7.501288117292145667e-03	1.763924337108419699e-02
4.964999999999999858e+00	7.501287583943600651e-03	1.763194529281886594e-02
4.969999999999999751e+00	7.501287121961749439e-03	1.762562375700084741e-02
4.974999999999999645e+00	7.501286731265544017e-03	1.762027765642752708e-02
4.980000000000000426e+00	7.501286411775576549e-03	1.761590590601341821e-02
4.985000000000000320e+00	7.501286163413949278e-03	1.761250744107456176e-02
4.990000000000000213e+00	7.501285986104396820e-03	1.761008121897185766e-02
4.995000000000000107e+00	7.501285879772154330e-03	1.760862621735874087e-02
5.000000000000000000e+00	7.501285844344083263e-03	1.760814143585875957e-02
