# coordinate_x	h	p	@time=91.28999999999999
0.000000000000000000e+00	2.753498952914312792e-01	5.968596598011230991e-01
5.000000000000000104e-03	2.753461692460004717e-01	5.968595360854093146e-01
1.000000000000000021e-02	2.753349911157816354e-01	5.968591648979126862e-01
1.499999999999999944e-02	2.753163609073159268e-01	5.968585461951665394e-01
2.000000000000000042e-02	2.752902786364913035e-01	5.968576798715887755e-01
2.500000000000000139e-02	2.752567443215230836e-01	5.968565658060951407e-01
2.999999999999999889e-02	2.752157579897549500e-01	5.968552038169064877e-01
3.500000000000000333e-02	2.751673196708223079e-01	5.968535937069087138e-01
4.000000000000000083e-02	2.751114294034982533e-01	5.968517352181770264e-01
4.499999999999999833e-02	2.750480872288557643e-01	5.968496280772945806e-01
5.000000000000000278e-02	2.749772931971253831e-01	5.968472719498277845e-01
5.500000000000000028e-02	2.748990473608511342e-01	5.968446664856223993e-01
5.999999999999999778e-02	2.748133497817605853e-01	5.968418112732363223e-01
6.500000000000000222e-02	2.747202005239124389e-01	5.968387058852161475e-01
7.000000000000000666e-02	2.746195996605814149e-01	5.968353498324874273e-01
7.500000000000001110e-02	2.745115472673946289e-01	5.968317426096120260e-01
8.000000000000000167e-02	2.743960434292334050e-01	5.968278836491344164e-01
8.499999999999999223e-02	2.742730882333567211e-01	5.968237723668217143e-01
8.999999999999999667e-02	2.741426817763219503e-01	5.968194081159629016e-01
9.500000000000000111e-02	2.740048241570931520e-01	5.968147902325933174e-01
1.000000000000000056e-01	2.738595154839834622e-01	5.968099179897442541e-01
1.050000000000000100e-01	2.737067558677451773e-01	5.968047906426516835e-01
1.100000000000000006e-01	2.735465454285365139e-01	5.967994073829562263e-01
1.149999999999999911e-01	2.733788842889916526e-01	5.967937673838946688e-01
1.199999999999999956e-01	2.732037725812138662e-01	5.967878697544486410e-01
1.250000000000000000e-01	2.730212104398228590e-01	5.967817135845200349e-01
1.300000000000000044e-01	2.728311980089772604e-01	5.967752978990253920e-01
1.350000000000000089e-01	2.726337354353967624e-01	5.967686217030544471e-01
1.400000000000000133e-01	2.724288228754162544e-01	5.967616839359105585e-01
1.450000000000000178e-01	2.722164604879807603e-01	5.967544835162492678e-01
1.499999999999999944e-01	2.719966484417336572e-01	5.967470192960654396e-01
1.549999999999999989e-01	2.717693869079812474e-01	5.967392901058082844e-01
1.600000000000000033e-01	2.715346760678185589e-01	5.967312947083159846e-01
1.650000000000000078e-01	2.712925161050611655e-01	5.967230318439044057e-01
1.700000000000000122e-01	2.710429072134105666e-01	5.967145001842492080e-01
1.749999999999999889e-01	2.707858495893508688e-01	5.967056983774438050e-01
1.799999999999999933e-01	2.705213434393566874e-01	5.966966250018310713e-01
1.849999999999999978e-01	2.702493889727520804e-01	5.966872786110249960e-01
1.900000000000000022e-01	2.699699864089638579e-01	5.966776576876942073e-01
1.950000000000000067e-01	2.696831359703398823e-01	5.966677606885411045e-01
2.000000000000000111e-01	2.693888378894506164e-01	5.966575859980400853e-01
2.050000000000000155e-01	2.690870924018644583e-01	5.966471319733666068e-01
2.099999999999999922e-01	2.687778997535003045e-01	5.966363968980941124e-01
2.149999999999999967e-01	2.684612601933567544e-01	5.966253790270643620e-01
2.200000000000000011e-01	2.681371739809195187e-01	5.966140765400476109e-01
2.250000000000000056e-01	2.678056413788411638e-01	5.966024875865446608e-01
2.300000000000000100e-01	2.674666626604062514e-01	5.965906102394152866e-01
2.349999999999999867e-01	2.671202381021591798e-01	5.965784425396007951e-01
2.399999999999999911e-01	2.667663679914303865e-01	5.965659824497286934e-01
2.449999999999999956e-01	2.664050526189088441e-01	5.965532278987406567e-01
2.500000000000000000e-01	2.660362922862325452e-01	5.965401767354833185e-01
2.550000000000000044e-01	2.656600872985030448e-01	5.965268267732257712e-01
2.600000000000000089e-01	2.652764379719438903e-01	5.965131757432464710e-01
2.650000000000000133e-01	2.648853446263533251e-01	5.964992213392237286e-01
2.700000000000000178e-01	2.644868075928343831e-01	5.964849611708284982e-01
2.750000000000000222e-01	2.640808272061828110e-01	5.964703928079702067e-01
2.800000000000000266e-01	2.636674038126924913e-01	5.964555137344086377e-01
2.850000000000000311e-01	2.632465377624748082e-01	5.964403213918316737e-01
2.899999999999999800e-01	2.628182294173436184e-01	5.964248131335028180e-01
2.949999999999999845e-01	2.623824791430625081e-01	5.964089862681462018e-01
2.999999999999999889e-01	2.619392873173131409e-01	5.963928380136466201e-01
3.049999999999999933e-01	2.614886543218667425e-01	5.963763655407150477e-01
3.099999999999999978e-01	2.610305805506401566e-01	5.963595659266598403e-01
3.150000000000000022e-01	2.605650664017880036e-01	5.963424361988038935e-01
3.200000000000000067e-01	2.600921122858500523e-01	5.963249732883475485e-01
3.250000000000000111e-01	2.596117186177606673e-01	5.963071740735036430e-01
3.300000000000000155e-01	2.591238858250922705e-01	5.962890353334787674e-01
3.350000000000000200e-01	2.586286143399773030e-01	5.962705537912869058e-01
3.400000000000000244e-01	2.581259046074529384e-01	5.962517260678761311e-01
3.449999999999999734e-01	2.576157570772912297e-01	5.962325487245816458e-01
3.499999999999999778e-01	2.570981722124500157e-01	5.962130182174286697e-01
3.549999999999999822e-01	2.565731504808068109e-01	5.961931309391764744e-01
3.599999999999999867e-01	2.560406923637209564e-01	5.961728831738336565e-01
3.649999999999999911e-01	2.555007983476668132e-01	5.961522711382433171e-01
3.699999999999999956e-01	2.549534689329127080e-01	5.961312909368483570e-01
3.750000000000000000e-01	2.543987046250482664e-01	5.961099386027615132e-01
3.800000000000000044e-01	2.538365059437857618e-01	5.960882100528231975e-01
3.850000000000000089e-01	2.532668734143769251e-01	5.960661011280961041e-01
3.900000000000000133e-01	2.526898075765425244e-01	5.960436075492615560e-01
3.950000000000000178e-01	2.521053089757734345e-01	5.960207249564708487e-01
4.000000000000000222e-01	2.515133781723943862e-01	5.959974488651345048e-01
4.050000000000000266e-01	2.509140157327440224e-01	5.959737747050523060e-01
4.099999999999999756e-01	2.503072222383793677e-01	5.959496977766556292e-01
4.149999999999999800e-01	2.496929982771292078e-01	5.959252132893334553e-01
4.199999999999999845e-01	2.490713444524460529e-01	5.959003163181926244e-01
4.249999999999999889e-01	2.484422613743265951e-01	5.958750018414877836e-01
4.299999999999999933e-01	2.478057496688188810e-01	5.958492646979712815e-01
4.349999999999999978e-01	2.471618099688033532e-01	5.958230996233266907e-01
4.400000000000000022e-01	2.465104429236623929e-01	5.957965012081888334e-01
4.450000000000000067e-01	2.458516491899160605e-01	5.957694639334684128e-01
4.500000000000000111e-01	2.451854294410616697e-01	5.957419821291304318e-01
4.550000000000000155e-01	2.445117843580571770e-01	5.957140500082881429e-01
4.600000000000000200e-01	2.438307146393394187e-01	5.956856616268373372e-01
4.649999999999999689e-01	2.431422209911479615e-01	5.956568109161838320e-01
4.699999999999999734e-01	2.424463041377306338e-01	5.956274916438422107e-01
4.749999999999999778e-01	2.417429648115005658e-01	5.955976974446480776e-01
4.799999999999999822e-01	2.410322037634380354e-01	5.955674217824405980e-01
4.849999999999999867e-01	2.403140217530727873e-01	5.955366579795944304e-01
4.899999999999999911e-01	2.395884195590924359e-01	5.955053991799194035e-01
4.949999999999999956e-01	2.388553979691412643e-01	5.954736383763306051e-01
5.000000000000000000e-01	2.381149577906457593e-01	5.954413683751115238e-01
5.050000000000000044e-01	2.373670998404211752e-01	5.954085818215217873e-01
5.100000000000000089e-01	2.366118249557250808e-01	5.953752711655863061e-01
5.150000000000000133e-01	2.358491339836626399e-01	5.953414286854202819e-01
5.200000000000000178e-01	2.350790277924796334e-01	5.953070464547223217e-01
5.250000000000000222e-01	2.343015072607567695e-01	5.952721163635740220e-01
5.300000000000000266e-01	2.335165732889547263e-01	5.952366300878355609e-01
5.350000000000000311e-01	2.327242267883869731e-01	5.952005791071498519e-01
5.400000000000000355e-01	2.319244686930300725e-01	5.951639546764604383e-01
5.450000000000000400e-01	2.311172999482641044e-01	5.951267478409232314e-01
5.500000000000000444e-01	2.303027215229623559e-01	5.950889494097894028e-01
5.550000000000000488e-01	2.294807343979877734e-01	5.950505499678968580e-01
5.600000000000000533e-01	2.286513395785768066e-01	5.950115398521853560e-01
5.649999999999999467e-01	2.278145380825798150e-01	5.949719091594056763e-01
5.699999999999999512e-01	2.269703309531550528e-01	5.949316477255658375e-01
5.749999999999999556e-01	2.261187192467398466e-01	5.948907451294542792e-01
5.799999999999999600e-01	2.252597040460719291e-01	5.948491906753472502e-01
5.849999999999999645e-01	2.243932864478774547e-01	5.948069733919030266e-01
5.899999999999999689e-01	2.235194675762381122e-01	5.947640820184948440e-01
5.949999999999999734e-01	2.226382485699810454e-01	5.947205049989831016e-01
5.999999999999999778e-01	2.217496305964113124e-01	5.946762304720807357e-01
6.049999999999999822e-01	2.208536148383883346e-01	5.946312462594574022e-01
6.099999999999999867e-01	2.199502025084442147e-01	5.945855398605857101e-01
6.149999999999999911e-01	2.190393948355303100e-01	5.945390984345729768e-01
6.199999999999999956e-01	2.181211930795439180e-01	5.944919087999891438e-01
6.250000000000000000e-01	2.171955985177270454e-01	5.944439574097514223e-01
6.300000000000000044e-01	2.162626124596256361e-01	5.943952303564908890e-01
6.350000000000000089e-01	2.153222362331216055e-01	5.943457133397423986e-01
6.400000000000000133e-01	2.143744711998506469e-01	5.942953916774681433e-01
6.450000000000000178e-01	2.134193187408470749e-01	5.942442502647207192e-01
6.500000000000000222e-01	2.124567802724482146e-01	5.941922735920114329e-01
6.550000000000000266e-01	2.114868572315305728e-01	5.941394456945228164e-01
6.600000000000000311e-01	2.105095510919308965e-01	5.940857501780867356e-01
6.650000000000000355e-01	2.095248633492503287e-01	5.940311701579137349e-01
6.700000000000000400e-01	2.085327955378248055e-01	5.939756882930384840e-01
6.750000000000000444e-01	2.075333492150722159e-01	5.939192867134119869e-01
6.800000000000000488e-01	2.065265259790477204e-01	5.938619470637709341e-01
6.850000000000000533e-01	2.055123274523069643e-01	5.938036504178062502e-01
6.899999999999999467e-01	2.044907553000843980e-01	5.937443773325230545e-01
6.949999999999999512e-01	2.034618112136439838e-01	5.936841077480465856e-01
6.999999999999999556e-01	2.024254969291220396e-01	5.936228210536668159e-01
7.049999999999999600e-01	2.013818142103344921e-01	5.935604959716722639e-01
7.099999999999999645e-01	2.003307648683292641e-01	5.934971106364157478e-01
7.149999999999999689e-01	1.992723507436168773e-01	5.934326424603687533e-01
7.199999999999999734e-01	1.982065737264813443e-01	5.933670682277093489e-01
7.249999999999999778e-01	1.971334357385981506e-01	5.933003639405700635e-01
7.299999999999999822e-01	1.960529387541574686e-01	5.932325049288306174e-01
7.349999999999999867e-01	1.949650847808303833e-01	5.931634656742806877e-01
7.399999999999999911e-01	1.938698758817632151e-01	5.930932199385102743e-01
7.449999999999999956e-01	1.927673141558496894e-01	5.930217405624218507e-01
7.500000000000000000e-01	1.916574017606605118e-01	5.929489996143484376e-01
7.550000000000000044e-01	1.905401408919759898e-01	5.928749681620233414e-01
7.600000000000000089e-01	1.894155338077212758e-01	5.927996164433274595e-01
7.650000000000000133e-01	1.882835828067097039e-01	5.927229136074511073e-01
7.700000000000000178e-01	1.871442902536610553e-01	5.926448279109813866e-01
7.750000000000000222e-01	1.859976585571019858e-01	5.925653264245640539e-01
7.800000000000000266e-01	1.848436901955522460e-01	5.924843752573933919e-01
7.850000000000000311e-01	1.836823876945235523e-01	5.924019392251943517e-01
7.900000000000000355e-01	1.825137536539679917e-01	5.923179821065831518e-01
7.950000000000000400e-01	1.813377907243111098e-01	5.922324662676237139e-01
8.000000000000000444e-01	1.801545016352666673e-01	5.921453529539949523e-01
8.050000000000000488e-01	1.789638891708341950e-01	5.920566018667274832e-01
8.100000000000000533e-01	1.777659561995948156e-01	5.919661714946465869e-01
8.149999999999999467e-01	1.765607056485973547e-01	5.918740186351476584e-01
8.199999999999999512e-01	1.753481405352632083e-01	5.917800987720015504e-01
8.249999999999999556e-01	1.741282639400767995e-01	5.916843655341614827e-01
8.299999999999999600e-01	1.729010790402426556e-01	5.915867711247287941e-01
8.349999999999999645e-01	1.716665890810879502e-01	5.914872657097804964e-01
8.399999999999999689e-01	1.704247974116308850e-01	5.913857979051206915e-01
8.449999999999999734e-01	1.691757074545942596e-01	5.912823140859482240e-01
8.499999999999999778e-01	1.679193227440632652e-01	5.911767589389792521e-01
8.549999999999999822e-01	1.666556468939988656e-01	5.910690746824138753e-01
8.599999999999999867e-01	1.653846836381847596e-01	5.909592016921286772e-01
8.649999999999999911e-01	1.641064367971171722e-01	5.908470776198146979e-01
8.699999999999999956e-01	1.628209103204664721e-01	5.907326381032387275e-01
8.750000000000000000e-01	1.615281082522074807e-01	5.906158157685609256e-01
8.800000000000000044e-01	1.602280347758489598e-01	5.904965410361870948e-01
8.850000000000000089e-01	1.589206941776538928e-01	5.903747409910860000e-01
8.900000000000000133e-01	1.576060908949246941e-01	5.902503402975403102e-01
8.950000000000000178e-01	1.562842294771454865e-01	5.901232599187032912e-01
9.000000000000000222e-01	1.549551146376496047e-01	5.899934181556563129e-01
9.050000000000000266e-01	1.536187512124973786e-01	5.898607291943963604e-01
9.100000000000000311e-01	1.522751442158982449e-01	5.897251042870869098e-01
9.150000000000000355e-01	1.509242987966154248e-01	5.895864501010497083e-01
9.200000000000000400e-01	1.495662202975681088e-01	5.894446700630281422e-01
9.250000000000000444e-01	1.482009142095308540e-01	5.892996624804550665e-01
9.300000000000000488e-01	1.468283862354036184e-01	5.891513220730306699e-01
9.350000000000000533e-01	1.454486422409448088e-01	5.889995378313999108e-01
9.399999999999999467e-01	1.440616883242718527e-01	5.888441947644937891e-01
9.449999999999999512e-01	1.426675307633348266e-01	5.886851714545928704e-01
9.499999999999999556e-01	1.412661760912972964e-01	5.885223420538424621e-01
9.549999999999999600e-01	1.398576310404211209e-01	5.883555734872688570e-01
9.599999999999999645e-01	1.384419026240820139e-01	5.881847277378341454e-01
9.649999999999999689e-01	1.370189980766931825e-01	5.880096586400219705e-01
9.699999999999999734e-01	1.355889249432359056e-01	5.878302144999671963e-01
9.749999999999999778e-01	1.341516910148003172e-01	5.876462344113787539e-01
9.799999999999999822e-01	1.327073044266617041e-01	5.874575512659536702e-01
9.849999999999999867e-01	1.312557735889613164e-01	5.872639875101784979e-01
9.899999999999999911e-01	1.297971072945402204e-01	5.870653586117786649e-01
9.949999999999999956e-01	1.283313146442172092e-01	5.868614681597597027e-01
1.000000000000000000e+00	1.268584051658147027e-01	5.866521118654974831e-01
1.004999999999999893e+00	1.253783887334144753e-01	5.864370718884820421e-01
1.010000000000000009e+00	1.238912756992800179e-01	5.862161214664183273e-01
1.015000000000000124e+00	1.223970768063831899e-01	5.859890183245415329e-01
1.020000000000000018e+00	1.208958033352606071e-01	5.857555100485140054e-01
1.024999999999999911e+00	1.193874670090010193e-01	5.855153264046208950e-01
1.030000000000000027e+00	1.178720801574850985e-01	5.852681855932947430e-01
1.035000000000000142e+00	1.163496556139051452e-01	5.850137852693153562e-01
1.040000000000000036e+00	1.148202068993498109e-01	5.847518098437305412e-01
1.044999999999999929e+00	1.132837481097874605e-01	5.844819199451867231e-01
1.050000000000000044e+00	1.117402941246027209e-01	5.842037609755034167e-01
1.055000000000000160e+00	1.101898604828126377e-01	5.839169506925541153e-01
1.060000000000000053e+00	1.086324636199751670e-01	5.836210892719846388e-01
1.064999999999999947e+00	1.070681207322176504e-01	5.833157446147724245e-01
1.070000000000000062e+00	1.054968500469747744e-01	5.830004642274703164e-01
1.075000000000000178e+00	1.039186706731912435e-01	5.826747577584784343e-01
1.080000000000000071e+00	1.023336029126772628e-01	5.823381110856568066e-01
1.084999999999999964e+00	1.007416680945929371e-01	5.819899654573560399e-01
1.090000000000000080e+00	9.914288893593793672e-02	5.816297342745662124e-01
1.095000000000000195e+00	9.753728935813593681e-02	5.812567780461422862e-01
1.100000000000000089e+00	9.592489490743269509e-02	5.808704244800787508e-01
1.104999999999999982e+00	9.430573255107151109e-02	5.804699382436543376e-01
1.110000000000000098e+00	9.267983117135954185e-02	5.800545451449071743e-01
1.115000000000000213e+00	9.104722133856658906e-02	5.796233953987758314e-01
1.120000000000000107e+00	8.940793589640559647e-02	5.791755928992825542e-01
1.125000000000000000e+00	8.776200970840307425e-02	5.787101503054986607e-01
1.129999999999999893e+00	8.610948035792918842e-02	5.782260246968949913e-01
1.134999999999999787e+00	8.445038786441169676e-02	5.777220622699713592e-01
1.139999999999999902e+00	8.278477552841884135e-02	5.771970420615918362e-01
1.145000000000000018e+00	8.111268961376981446e-02	5.766496073331401906e-01
1.149999999999999911e+00	7.943418037838995138e-02	5.760783195796894685e-01
1.154999999999999805e+00	7.774930171821349545e-02	5.754815726925058827e-01
1.159999999999999920e+00	7.605811243889130935e-02	5.748576602045410988e-01
1.165000000000000036e+00	7.436067585758204812e-02	5.742046669433561457e-01
1.169999999999999929e+00	7.265706139109262551e-02	5.735205534832112928e-01
1.174999999999999822e+00	7.094734411256016504e-02	5.728030180468078880e-01
1.179999999999999938e+00	6.923160676136379255e-02	5.720496035733360074e-01
1.185000000000000053e+00	6.750993925395956663e-02	5.712575198192656467e-01
1.189999999999999947e+00	6.578244126488014265e-02	5.704237805130915051e-01
1.194999999999999840e+00	6.404922169577854929e-02	5.695449715065891150e-01
1.199999999999999956e+00	6.231040204310830943e-02	5.686174284885322505e-01
1.205000000000000071e+00	6.056611583895839951e-02	5.676369309557496301e-01
1.209999999999999964e+00	5.881651312303159268e-02	5.665989354081153451e-01
1.214999999999999858e+00	5.706175988721641501e-02	5.654981657229131153e-01
1.219999999999999973e+00	5.530204413023708659e-02	5.643289234840856983e-01
1.225000000000000089e+00	5.353757537295597557e-02	5.630845312057974894e-01
1.229999999999999982e+00	5.176859303385856342e-02	5.617577518585693541e-01
1.234999999999999876e+00	4.999536614906223420e-02	5.603400191901001248e-01
1.239999999999999991e+00	4.821820523842647310e-02	5.588220150190424951e-01
1.245000000000000107e+00	4.643746249352825178e-02	5.571925853132572160e-01
1.250000000000000000e+00	4.465354904325272850e-02	5.554395507570800694e-01
1.254999999999999893e+00	4.286693612651602814e-02	5.535481489716449488e-01
1.260000000000000009e+00	4.107818097366076893e-02	5.515021992682644925e-01
1.265000000000000124e+00	3.928792998815792276e-02	5.492818140153389317e-01
1.270000000000000018e+00	3.749695885506466875e-02	5.468651179935479778e-01
1.274999999999999911e+00	3.570617979570313988e-02	5.442248064365043936e-01
1.280000000000000027e+00	3.391670606201162980e-02	5.413307649343906958e-01
1.285000000000000142e+00	3.212986750928260166e-02	5.381447683490818701e-01
1.290000000000000036e+00	3.034731857343545697e-02	5.346246279412388835e-01
1.294999999999999929e+00	2.857107106291089521e-02	5.307158477701569010e-01
1.300000000000000044e+00	2.680368275276749299e-02	5.263585013350748909e-01
1.305000000000000160e+00	2.504832620144812130e-02	5.214739187527801523e-01
1.310000000000000053e+00	2.330913149700435463e-02	5.159767573397089357e-01
1.314999999999999947e+00	2.159132953059877610e-02	5.097539627346553415e-01
1.320000000000000062e+00	1.990188988012556170e-02	5.026874326753187905e-01
1.325000000000000178e+00	1.824980377193840056e-02	4.946232007022331456e-01
1.330000000000000071e+00	1.664723273397234957e-02	4.854168803562743384e-01
1.334999999999999964e+00	1.510994449047240590e-02	4.749004316960103167e-01
1.340000000000000080e+00	1.365892397463204858e-02	4.629737182687994057e-01
1.345000000000000195e+00	1.232026282947194448e-02	4.496082892103885342e-01
1.350000000000000089e+00	1.112489450639989920e-02	4.349834993873216704e-01
1.354999999999999982e+00	1.010436804355263271e-02	4.195553375807858365e-01
1.360000000000000098e+00	9.281978557340402752e-03	4.039978862378389435e-01
1.365000000000000213e+00	8.663868419034487581e-03	3.891267227747151058e-01
1.370000000000000107e+00	8.231202016437892677e-03	3.754343830406178806e-01
1.375000000000000000e+00	7.948017211415676561e-03	3.631177754690863568e-01
1.379999999999999893e+00	7.772146100885190569e-03	3.519796870830155244e-01
1.384999999999999787e+00	7.666725531141780833e-03	3.417527427439044918e-01
1.389999999999999902e+00	7.605175448436030973e-03	3.321571327233679982e-01
1.395000000000000018e+00	7.569484372549573244e-03	3.229980694072610570e-01
1.399999999999999911e+00	7.548991922803140013e-03	3.141417516896516937e-01
1.404999999999999805e+00	7.537088111486883908e-03	3.055080888366393244e-01
1.409999999999999920e+00	7.530135467417793139e-03	2.970483702634906242e-01
1.415000000000000036e+00	7.525942139008268313e-03	2.887347038189765347e-01
1.419999999999999929e+00	7.523331445037207028e-03	2.805508049413183436e-01
1.424999999999999822e+00	7.521600855722172622e-03	2.724874575631343609e-01
1.429999999999999938e+00	7.520376354501807740e-03	2.645393524045190903e-01
1.435000000000000053e+00	7.519435333794877684e-03	2.567034736411468177e-01
1.439999999999999947e+00	7.518659631501803560e-03	2.489780699644354445e-01
1.444999999999999840e+00	7.517978999289748852e-03	2.413621128548334716e-01
1.449999999999999956e+00	7.517356189075368421e-03	2.338549658837442702e-01
1.455000000000000071e+00	7.516769062054996092e-03	2.264562079692548080e-01
1.459999999999999964e+00	7.516205878371184576e-03	2.191655259973709358e-01
1.464999999999999858e+00	7.515659654002755652e-03	2.119826595918000989e-01
1.469999999999999973e+00	7.515126676370519933e-03	2.049073645671342370e-01
1.475000000000000089e+00	7.514604727526934778e-03	1.979393978420108668e-01
1.479999999999999982e+00	7.514092616864339116e-03	1.910785032607142386e-01
1.484999999999999876e+00	7.513589622451508077e-03	1.843244097480349619e-01
1.489999999999999991e+00	7.513095343943502168e-03	1.776768241587979857e-01
1.495000000000000107e+00	7.512609527253372860e-03	1.711354338212181803e-01
1.500000000000000000e+00	7.512132018158724014e-03	1.646999015712888592e-01
1.504999999999999893e+00	7.511662707487379992e-03	1.583698697755211160e-01
1.510000000000000009e+00	7.511201516361525055e-03	1.521449560270368984e-01
1.515000000000000124e+00	7.510748379237901749e-03	1.460247576892312049e-01
1.520000000000000018e+00	7.510303239083458184e-03	1.400088477789470931e-01
1.524999999999999911e+00	7.509866042296192180e-03	1.340967797110690640e-01
1.530000000000000027e+00	7.509436736995988952e-03	1.282880832248763092e-01
1.535000000000000142e+00	7.509015271671074486e-03	1.225822692182196444e-01
1.540000000000000036e+00	7.508601594445495596e-03	1.169788256772133633e-01
1.544999999999999929e+00	7.508195652892592914e-03	1.114772225568450292e-01
1.550000000000000044e+00	7.507797393608888620e-03	1.060769077067679755e-01
1.555000000000000160e+00	7.507406762392248613e-03	1.007773117776235156e-01
1.560000000000000053e+00	7.507023703912471535e-03	9.557784414576345200e-02
1.564999999999999947e+00	7.506648162002487260e-03	9.047789783211455938e-02
1.570000000000000062e+00	7.506280079360277621e-03	8.547684543164718596e-02
1.575000000000000178e+00	7.505919397874045128e-03	8.057404403434380302e-02
1.580000000000000071e+00	7.505566058335241125e-03	7.576883116598637224e-02
1.584999999999999964e+00	7.505220000772688284e-03	7.106052970194695617e-02
1.590000000000000080e+00	7.504881164170649870e-03	6.644844382594394805e-02
1.595000000000000195e+00	7.504549486803797909e-03	6.193186392801570267e-02
1.600000000000000089e+00	7.504224905958654761e-03	5.751006258775769042e-02
1.604999999999999982e+00	7.503907358266618394e-03	5.318229944830363265e-02
1.610000000000000098e+00	7.503596779428489162e-03	4.894781723035957627e-02
1.615000000000000213e+00	7.503293104544419417e-03	4.480584657441900875e-02
1.620000000000000107e+00	7.502996267841650392e-03	4.075560209169085124e-02
1.625000000000000000e+00	7.502706203000804146e-03	3.679628716713783526e-02
1.629999999999999893e+00	7.502422842887086427e-03	3.292709005318140980e-02
1.634999999999999787e+00	7.502146119872502017e-03	2.914718862649455164e-02
1.639999999999999902e+00	7.501875965570804598e-03	2.545574653014519295e-02
1.645000000000000018e+00	7.501612311155294623e-03	2.185191787739643871e-02
1.649999999999999911e+00	7.501355087097814553e-03	1.833484344773198341e-02
1.654999999999999805e+00	7.501104223481793593e-03	1.490365533122196308e-02
1.659999999999999920e+00	7.500859649745575397e-03	1.155747318364828448e-02
1.665000000000000036e+00	7.500621294990423432e-03	8.295408805289282081e-03
1.669999999999999929e+00	7.500389087728443101e-03	5.116562460136027217e-03
1.674999999999999822e+00	7.500162956185255428e-03	2.020027383221271317e-03
1.679999999999999938e+00	7.499942828052793761e-03	-9.951138313101762396e-04
1.685000000000000053e+00	7.499728630786360421e-03	-3.929784799931914513e-03
1.689999999999999947e+00	7.499520291362550377e-03	-6.784918888290575670e-03
1.694999999999999840e+00	7.499317736570426315e-03	-9.561454863340925273e-03
1.699999999999999956e+00	7.499120892774816492e-03	-1.226034035424805775e-02
1.705000000000000071e+00	7.498929686201346277e-03	-1.488252759201201016e-02
1.709999999999999964e+00	7.498744042705342630e-03	-1.742897678870013872e-02
1.714999999999999858e+00	7.498563888050473192e-03	-1.990065196939257153e-02
1.719999999999999973e+00	7.498389147683482900e-03	-2.229852426598636153e-02
1.725000000000000089e+00	7.498219747006192558e-03	-2.462356784604009460e-02
1.729999999999999982e+00	7.498055611156276626e-03	-2.687676311766199616e-02
1.734999999999999876e+00	7.497896665272398356e-03	-2.905909275957629934e-02
1.739999999999999991e+00	7.497742834281212639e-03	-3.117154483388751354e-02
1.745000000000000107e+00	7.497594043155426068e-03	-3.321510892142755245e-02
1.750000000000000000e+00	7.497450216707194845e-03	-3.519077913947472186e-02
1.754999999999999893e+00	7.497311279838900742e-03	-3.709955038617717554e-02
1.760000000000000009e+00	7.497177157343120138e-03	-3.894242126059709042e-02
1.765000000000000124e+00	7.497047774145909442e-03	-4.072039041973127271e-02
1.770000000000000018e+00	7.496923055113481442e-03	-4.243445939855025606e-02
1.774999999999999911e+00	7.496802925287827588e-03	-4.408562908285790227e-02
1.780000000000000027e+00	7.496687309700238687e-03	-4.567490242729708300e-02
1.785000000000000142e+00	7.496576133599074966e-03	-4.720328104700040328e-02
1.790000000000000036e+00	7.496469322270250812e-03	-4.867176783184205130e-02
1.794999999999999929e+00	7.496366801256999085e-03	-5.008136365953579777e-02
1.800000000000000044e+00	7.496268496187407510e-03	-5.143306990471972762e-02
1.805000000000000160e+00	7.496174332986041931e-03	-5.272788527585214879e-02
1.810000000000000053e+00	7.496084237708603749e-03	-5.396680821802660177e-02
1.814999999999999947e+00	7.495998136745290683e-03	-5.515083387570408890e-02
1.820000000000000062e+00	7.495915956662634223e-03	-5.628095638846299098e-02
1.825000000000000178e+00	7.495837624398482557e-03	-5.735816598128751220e-02
1.830000000000000071e+00	7.495763067111058803e-03	-5.838345115276276365e-02
1.834999999999999964e+00	7.495692212365479348e-03	-5.935779589431555009e-02
1.840000000000000080e+00	7.495624987990051960e-03	-6.028218177066595185e-02
1.845000000000000195e+00	7.495561322254251473e-03	-6.115758526908744719e-02
1.850000000000000089e+00	7.495501143732263838e-03	-6.198497977222315602e-02
1.854999999999999982e+00	7.495444381472361924e-03	-6.276533303810105657e-02
1.860000000000000098e+00	7.495390964867684226e-03	-6.349960906571147645e-02
1.865000000000000213e+00	7.495340823816972614e-03	-6.418876570618023414e-02
1.870000000000000107e+00	7.495293888602545807e-03	-6.483375642178500209e-02
1.875000000000000000e+00	7.495250090042392989e-03	-6.543552802835730930e-02
1.879999999999999893e+00	7.495209359375288281e-03	-6.599502234868598327e-02
1.884999999999999787e+00	7.495171628404238492e-03	-6.651317408588777735e-02
1.889999999999999902e+00	7.495136829388676127e-03	-6.699091237240750729e-02
1.895000000000000018e+00	7.495104895179282960e-03	-6.742915877377045342e-02
1.899999999999999911e+00	7.495075759117175718e-03	-6.782882873463608187e-02
1.904999999999999805e+00	7.495049355160149709e-03	-6.819082971202543308e-02
1.909999999999999920e+00	7.495025617788758296e-03	-6.851606252012029663e-02
1.915000000000000036e+00	7.495004482124044236e-03	-6.880541959174477085e-02
1.919999999999999929e+00	7.494985883840385443e-03	-6.905978622382343002e-02
1.924999999999999822e+00	7.494969759274800782e-03	-6.928003896559241370e-02
1.929999999999999938e+00	7.494956045346444148e-03	-6.946704676683612689e-02
1.935000000000000053e+00	7.494944679657575791e-03	-6.962166949100928592e-02
1.939999999999999947e+00	7.494935600419560737e-03	-6.974475896856353885e-02
1.944999999999999840e+00	7.494928746545629662e-03	-6.983715763288066147e-02
1.949999999999999956e+00	7.494924057583227280e-03	-6.989969948117565057e-02
1.955000000000000071e+00	7.494921473798698067e-03	-6.993320883087340845e-02
1.959999999999999964e+00	7.494920936115823280e-03	-6.993850119073456717e-02
1.964999999999999858e+00	7.494922386192583337e-03	-6.991638213505513288e-02
1.969999999999999973e+00	7.494925766365696101e-03	-6.986764808780387970e-02
1.975000000000000089e+00	7.494931019719645870e-03	-6.979308531178825270e-02
1.979999999999999982e+00	7.494938090037029516e-03	-6.969347060871849964e-02
1.984999999999999876e+00	7.494946921860033348e-03	-6.956957042026298832e-02
1.989999999999999991e+00	7.494957460446398899e-03	-6.942214144706443379e-02
1.995000000000000107e+00	7.494969651823544556e-03	-6.925192985840600279e-02
2.000000000000000000e+00	7.494983442749949751e-03	-6.905967183329862757e-02
2.004999999999999893e+00	7.494998780762140815e-03	-6.884609287529572241e-02
2.009999999999999787e+00	7.495015614141281070e-03	-6.861190827884777743e-02
2.014999999999999680e+00	7.495033891953241205e-03	-6.835782254563946281e-02
2.020000000000000018e+00	7.495053564020193182e-03	-6.808452977946923002e-02
2.024999999999999911e+00	7.495074580954000192e-03	-6.779271320033744552e-02
2.029999999999999805e+00	7.495096894132587118e-03	-6.748304547115482888e-02
2.035000000000000142e+00	7.495120455726906813e-03	-6.715618830568444164e-02
2.040000000000000036e+00	7.495145218681867685e-03	-6.681279273041473843e-02
2.044999999999999929e+00	7.495171136737122618e-03	-6.645349878235183583e-02
2.049999999999999822e+00	7.495198164412335100e-03	-6.607893570940907846e-02
2.054999999999999716e+00	7.495226257022058816e-03	-6.568972175396042834e-02
2.060000000000000053e+00	7.495255370665109863e-03	-6.528646429510159832e-02
2.064999999999999947e+00	7.495285462233811091e-03	-6.486975971380713746e-02
2.069999999999999840e+00	7.495316489407243161e-03	-6.444019348040873341e-02
2.075000000000000178e+00	7.495348410655129461e-03	-6.399834009714966410e-02
2.080000000000000071e+00	7.495381185234737016e-03	-6.354476313420394373e-02
2.084999999999999964e+00	7.495414773189684743e-03	-6.308001524539172400e-02
2.089999999999999858e+00	7.495449135350273039e-03	-6.260463815602818061e-02
2.094999999999999751e+00	7.495484233327487714e-03	-6.211916274755105438e-02
2.100000000000000089e+00	7.495520029516538826e-03	-6.162410900044459905e-02
2.104999999999999982e+00	7.495556487086345657e-03	-6.111998614353384568e-02
2.109999999999999876e+00	7.495593569986064471e-03	-6.060729255517415676e-02
2.115000000000000213e+00	7.495631242930333830e-03	-6.008651597298759334e-02
2.120000000000000107e+00	7.495669471408580517e-03	-5.955813335644561529e-02
2.125000000000000000e+00	7.495708221666302733e-03	-5.902261115285845072e-02
2.129999999999999893e+00	7.495747460716940813e-03	-5.848040512440594307e-02
2.134999999999999787e+00	7.495787156319483682e-03	-5.793196066624153179e-02
2.140000000000000124e+00	7.495827276992688380e-03	-5.737771260094742809e-02
2.145000000000000018e+00	7.495867791989293399e-03	-5.681808554467793204e-02
2.149999999999999911e+00	7.495908671312388402e-03	-5.625349367192954142e-02
2.155000000000000249e+00	7.495949885686493779e-03	-5.568434112572379080e-02
2.160000000000000142e+00	7.495991406575893204e-03	-5.511102175549205395e-02
2.165000000000000036e+00	7.496033206152848301e-03	-5.453391956738622148e-02
2.169999999999999929e+00	7.496075257317701482e-03	-5.395340843797975794e-02
2.174999999999999822e+00	7.496117533664485057e-03	-5.336985260089316396e-02
2.180000000000000160e+00	7.496160009502611347e-03	-5.278360633891280435e-02
2.185000000000000053e+00	7.496202659820139051e-03	-5.219501450322443226e-02
2.189999999999999947e+00	7.496245460306865012e-03	-5.160441218644720024e-02
2.195000000000000284e+00	7.496288387315497639e-03	-5.101212527088428567e-02
2.200000000000000178e+00	7.496331417885988141e-03	-5.041847008486263770e-02
2.205000000000000071e+00	7.496374529704841715e-03	-4.982375397653265175e-02
2.209999999999999964e+00	7.496417701130530381e-03	-4.922827495579438356e-02
2.214999999999999858e+00	7.496460911151179608e-03	-4.863232229030785281e-02
2.220000000000000195e+00	7.496504139410902282e-03	-4.803617613517611323e-02
2.225000000000000089e+00	7.496547366166080202e-03	-4.744010814796204706e-02
2.229999999999999982e+00	7.496590572312477815e-03	-4.684438110818719969e-02
2.235000000000000320e+00	7.496633739340343230e-03	-4.624924954828905227e-02
2.240000000000000213e+00	7.496676849362143846e-03	-4.565495936488392359e-02
2.245000000000000107e+00	7.496719885066696794e-03	-4.506174846274090678e-02
2.250000000000000000e+00	7.496762829747406764e-03	-4.446984635964423144e-02
2.254999999999999893e+00	7.496805667255614959e-03	-4.387947484060597536e-02
2.259999999999999787e+00	7.496848382029208148e-03	-4.329084755805288204e-02
2.264999999999999680e+00	7.496890959045376078e-03	-4.270417069364517565e-02
2.270000000000000018e+00	7.496933383849484211e-03	-4.211964255540381896e-02
2.274999999999999911e+00	7.496975642507409596e-03	-4.153745424465050268e-02
2.279999999999999805e+00	7.497017721634563654e-03	-4.095778925158288786e-02
2.285000000000000142e+00	7.497059608347974788e-03	-4.038082412499773011e-02
2.290000000000000036e+00	7.497101290295365809e-03	-3.980672806771692190e-02
2.294999999999999929e+00	7.497142755607141135e-03	-3.923566360690224769e-02
2.299999999999999822e+00	7.497183992925412176e-03	-3.866778619063004213e-02
2.304999999999999716e+00	7.497224991356046114e-03	-3.810324485675289224e-02
2.310000000000000053e+00	7.497265740497548181e-03	-3.754218183182028018e-02
2.314999999999999947e+00	7.497306230393308187e-03	-3.698473319658519831e-02
2.319999999999999840e+00	7.497346451560268563e-03	-3.643102848837014712e-02
2.325000000000000178e+00	7.497386394941479675e-03	-3.588119136145809240e-02
2.330000000000000071e+00	7.497426051934487704e-03	-3.533533919390882683e-02
2.334999999999999964e+00	7.497465414344330580e-03	-3.479358374121171993e-02
2.339999999999999858e+00	7.497504474411553765e-03	-3.425603074846497037e-02
2.344999999999999751e+00	7.497543224765762168e-03	-3.372278059580436499e-02
2.350000000000000089e+00	7.497581658453216988e-03	-3.319392791676892968e-02
2.354999999999999982e+00	7.497619768891033813e-03	-3.266956223415091315e-02
2.359999999999999876e+00	7.497657549894297217e-03	-3.214976758528768214e-02
2.365000000000000213e+00	7.497694995631004784e-03	-3.163462314710489831e-02
2.370000000000000107e+00	7.497732100648654349e-03	-3.112420286899384228e-02
2.375000000000000000e+00	7.497768859830005080e-03	-3.061857608594325403e-02
2.379999999999999893e+00	7.497805268419097460e-03	-3.011780715958304808e-02
2.384999999999999787e+00	7.497841321977903421e-03	-2.962195607841979980e-02
2.390000000000000124e+00	7.497877016411746975e-03	-2.913107810755442492e-02
2.395000000000000018e+00	7.497912347926909311e-03	-2.864522437514964784e-02
2.399999999999999911e+00	7.497947313055401512e-03	-2.816444153125944802e-02
2.405000000000000249e+00	7.497981908613595738e-03	-2.768877231976618267e-02
2.410000000000000142e+00	7.498016131726319665e-03	-2.721825524669430410e-02
2.415000000000000036e+00	7.498049979786560598e-03	-2.675292513695804245e-02
2.419999999999999929e+00	7.498083450478865153e-03	-2.629281281246906646e-02
2.424999999999999822e+00	7.498116541740144046e-03	-2.583794563313611403e-02
2.430000000000000160e+00	7.498149251782368352e-03	-2.538834718501748258e-02
2.435000000000000053e+00	7.498181579054516606e-03	-2.494403780510677862e-02
2.439999999999999947e+00	7.498213522264536406e-03	-2.450503427972711146e-02
2.445000000000000284e+00	7.498245080342472862e-03	-2.407135035272559703e-02
2.450000000000000178e+00	7.498276252461686005e-03	-2.364299643425524580e-02
2.455000000000000071e+00	7.498307038003178791e-03	-2.321998009208412969e-02
2.459999999999999964e+00	7.498337436576060777e-03	-2.280230577086286847e-02
2.464999999999999858e+00	7.498367447983097372e-03	-2.238997526633332291e-02
2.470000000000000195e+00	7.498397072240416301e-03	-2.198298745513564342e-02
2.475000000000000089e+00	7.498426309544285913e-03	-2.158133875177373900e-02
2.479999999999999982e+00	7.498455160290064432e-03	-2.118502284897540514e-02
2.485000000000000320e+00	7.498483625040214262e-03	-2.079403115733996846e-02
2.490000000000000213e+00	7.498511704542494029e-03	-2.040835255622796066e-02
2.495000000000000107e+00	7.498539399699216679e-03	-2.002797381607933358e-02
2.500000000000000000e+00	7.498566711584679113e-03	-1.965287935977423281e-02
2.504999999999999893e+00	7.498593641415664951e-03	-1.928305166766931464e-02
2.509999999999999787e+00	7.498620190568129965e-03	-1.891847104933989249e-02
2.514999999999999680e+00	7.498646360548925222e-03	-1.855911603143514665e-02
2.520000000000000018e+00	7.498672153011751336e-03	-1.820496313968388014e-02
2.524999999999999911e+00	7.498697569730104588e-03	-1.785598726971840758e-02
2.529999999999999805e+00	7.498722612612494787e-03	-1.751216147920073990e-02
2.535000000000000142e+00	7.498747283676610031e-03	-1.717345734180952127e-02
2.540000000000000036e+00	7.498771585063806859e-03	-1.683984474932099379e-02
2.544999999999999929e+00	7.498795519014475434e-03	-1.651129224899368711e-02
2.549999999999999822e+00	7.498819087881824531e-03	-1.618776685541763877e-02
2.554999999999999716e+00	7.498842294108420264e-03	-1.586923437156877517e-02
2.560000000000000053e+00	7.498865140239278047e-03	-1.555565921022178909e-02
2.564999999999999947e+00	7.498887628899561855e-03	-1.524700469897821362e-02
2.569999999999999840e+00	7.498909762806994436e-03	-1.494323291102310665e-02
2.575000000000000178e+00	7.498931544750695420e-03	-1.464430495445963841e-02
2.580000000000000071e+00	7.498952977602925396e-03	-1.435018081217622442e-02
2.584999999999999964e+00	7.498974064299037713e-03	-1.406081961584578974e-02
2.589999999999999858e+00	7.498994807848574640e-03	-1.377617949465822708e-02
2.594999999999999751e+00	7.499015211316305100e-03	-1.349621783436486325e-02
2.600000000000000089e+00	7.499035277832692865e-03	-1.322089113462143924e-02
2.604999999999999982e+00	7.499055010575991602e-03	-1.295015525347689191e-02
2.609999999999999876e+00	7.499074412782103308e-03	-1.268396527306446704e-02
2.615000000000000213e+00	7.499093487727700319e-03	-1.242227572994956258e-02
2.620000000000000107e+00	7.499112238739496540e-03	-1.216504048890040129e-02
2.625000000000000000e+00	7.499130669178361713e-03	-1.191221295952300807e-02
2.629999999999999893e+00	7.499148782448026261e-03	-1.166374597783792315e-02
2.634999999999999787e+00	7.499166581980162664e-03	-1.141959200964084466e-02
2.640000000000000124e+00	7.499184071242536061e-03	-1.117970303960865927e-02
2.645000000000000018e+00	7.499201253725023240e-03	-1.094403076183252110e-02
2.649999999999999911e+00	7.499218132947229817e-03	-1.071252647617413657e-02
2.655000000000000249e+00	7.499234712445413883e-03	-1.048514126642349602e-02
2.660000000000000142e+00	7.499250995779593171e-03	-1.026182590362633568e-02
2.665000000000000036e+00	7.499266986521334333e-03	-1.004253101232214715e-02
2.669999999999999929e+00	7.499282688260373517e-03	-9.827206980563581509e-03
2.674999999999999822e+00	7.499298104593241782e-03	-9.615804114692660248e-03
2.680000000000000160e+00	7.499313239129417295e-03	-9.408272555773897899e-03
2.685000000000000053e+00	7.499328095480750460e-03	-9.204562423366357063e-03
2.689999999999999947e+00	7.499342677267167682e-03	-9.004623738094784738e-03
2.695000000000000284e+00	7.499356988106866719e-03	-8.808406554873379410e-03
2.700000000000000178e+00	7.499371031621594567e-03	-8.615860891342350114e-03
2.705000000000000071e+00	7.499384811427575737e-03	-8.426936850995873918e-03
2.709999999999999964e+00	7.499398331140381610e-03	-8.241584557215025572e-03
2.714999999999999858e+00	7.499411594366566479e-03	-8.059754266748275081e-03
2.720000000000000195e+00	7.499424604708140527e-03	-7.881396309076112508e-03
2.725000000000000089e+00	7.499437365754885003e-03	-7.706461190686613588e-03
2.729999999999999982e+00	7.499449881088449642e-03	-7.534899539511812246e-03
2.735000000000000320e+00	7.499462154275309683e-03	-7.366662200433971019e-03
2.740000000000000213e+00	7.499474188870512009e-03	-7.201700184539799356e-03
2.745000000000000107e+00	7.499485988411242789e-03	-7.039964756284915019e-03
2.750000000000000000e+00	7.499497556420235342e-03	-6.881407387317536525e-03
2.754999999999999893e+00	7.499508896399920653e-03	-6.725979835720537897e-03
2.759999999999999787e+00	7.499520011835515178e-03	-6.573634104162407940e-03
2.764999999999999680e+00	7.499530906189726467e-03	-6.424322511626781411e-03
2.770000000000000018e+00	7.499541582905537400e-03	-6.277997655655076677e-03
2.774999999999999911e+00	7.499552045401428751e-03	-6.134612476963076030e-03
2.779999999999999805e+00	7.499562297073890209e-03	-5.994120225546858451e-03
2.785000000000000142e+00	7.499572341293128663e-03	-5.856474518575580449e-03
2.790000000000000036e+00	7.499582181405309474e-03	-5.721629310138952491e-03
2.794999999999999929e+00	7.499591820728739207e-03	-5.589538942794387497e-03
2.799999999999999822e+00	7.499601262555846692e-03	-5.460158120741710579e-03
2.804999999999999716e+00	7.499610510149808985e-03	-5.333441955391349763e-03
2.810000000000000053e+00	7.499619566746296498e-03	-5.209345941759201647e-03
2.814999999999999947e+00	7.499628435550504887e-03	-5.087825998410799161e-03
2.819999999999999840e+00	7.499637119738685950e-03	-4.968838446876892856e-03
2.825000000000000178e+00	7.499645622455567220e-03	-4.852340046316497638e-03
2.830000000000000071e+00	7.499653946815668625e-03	-4.738287975761108078e-03
2.834999999999999964e+00	7.499662095901089842e-03	-4.626639863827597225e-03
2.839999999999999858e+00	7.499670072762634407e-03	-4.517353773606174773e-03
2.844999999999999751e+00	7.499677880417931000e-03	-4.410388227742080731e-03
2.850000000000000089e+00	7.499685521852384081e-03	-4.305702195790152113e-03
2.854999999999999982e+00	7.499693000017608295e-03	-4.203255114971517041e-03
2.859999999999999876e+00	7.499700317832209973e-03	-4.103006879825172107e-03
2.865000000000000213e+00	7.499707478180520775e-03	-4.004917858933837449e-03
2.870000000000000107e+00	7.499714483913218731e-03	-3.908948886710182473e-03
2.875000000000000000e+00	7.499721337846337703e-03	-3.815061276373791707e-03
2.879999999999999893e+00	7.499728042761749647e-03	-3.723216813716911672e-03
2.884999999999999787e+00	7.499734601406424749e-03	-3.633377766602336432e-03
2.890000000000000124e+00	7.499741016492770564e-03	-3.545506880560680280e-03
2.895000000000000018e+00	7.499747290698146295e-03	-3.459567385067258659e-03
2.899999999999999911e+00	7.499753426665066620e-03	-3.375522990829952098e-03
2.905000000000000249e+00	7.499759427000933683e-03	-3.293337893090802181e-03
2.910000000000000142e+00	7.499765294278137699e-03	-3.212976770470707833e-03
2.915000000000000036e+00	7.499771031033976298e-03	-3.134404785530182490e-03
2.919999999999999929e+00	7.499776639770657123e-03	-3.057587585043305099e-03
2.924999999999999822e+00	7.499782122955406249e-03	-2.982491298040863565e-03
2.930000000000000160e+00	7.499787483020367573e-03	-2.909082537392924332e-03
2.935000000000000053e+00	7.499792722362883836e-03	-2.837328395545947630e-03
2.939999999999999947e+00	7.499797843345309273e-03	-2.767196447299787899e-03
2.945000000000000284e+00	7.499802848295447633e-03	-2.698654743439644465e-03
2.950000000000000178e+00	7.499807739506276355e-03	-2.631671814599367484e-03
2.955000000000000071e+00	7.499812519236532908e-03	-2.566216662978533687e-03
2.959999999999999964e+00	7.499817189710368710e-03	-2.502258767190050897e-03
2.964999999999999858e+00	7.499821753118057766e-03	-2.439768072242210189e-03
2.970000000000000195e+00	7.499826211615587268e-03	-2.378714995274300130e-03
2.975000000000000089e+00	7.499830567325480729e-03	-2.319070413973638688e-03
2.979999999999999982e+00	7.499834822336331336e-03	-2.260805673108636383e-03
2.985000000000000320e+00	7.499838978703731764e-03	-2.203892571540745551e-03
2.990000000000000213e+00	7.499843038449748554e-03	-2.148303369469934960e-03
2.995000000000000107e+00	7.499847003563947338e-03	-2.094010774192317341e-03
3.000000000000000000e+00	7.499850876002820375e-03	-2.040987947978009642e-03
3.004999999999999893e+00	7.499854657690898513e-03	-1.989208492716315353e-03
3.009999999999999787e+00	7.499858350520133624e-03	-1.938646458351052891e-03
3.014999999999999680e+00	7.499861956351078218e-03	-1.889276326545876340e-03
3.020000000000000018e+00	7.499865477012242730e-03	-1.841073019607237637e-03
3.024999999999999911e+00	7.499868914301330639e-03	-1.794011883294493190e-03
3.029999999999999805e+00	7.499872269984564528e-03	-1.748068696164887430e-03
3.035000000000000142e+00	7.499875545797981928e-03	-1.703219651644842861e-03
3.040000000000000036e+00	7.499878743446730146e-03	-1.659441367736095695e-03
3.044999999999999929e+00	7.499881864606409813e-03	-1.616710868456629029e-03
3.049999999999999822e+00	7.499884910922346298e-03	-1.575005593851292775e-03
3.054999999999999716e+00	7.499887884010974018e-03	-1.534303380903757202e-03
3.060000000000000053e+00	7.499890785459088771e-03	-1.494582473798726540e-03
3.064999999999999947e+00	7.499893616825265875e-03	-1.455821504398978252e-03
3.069999999999999840e+00	7.499896379639096021e-03	-1.417999502710439548e-03
3.075000000000000178e+00	7.499899075402626826e-03	-1.381095877011528873e-03
3.080000000000000071e+00	7.499901705589593487e-03	-1.345090424476008120e-03
3.084999999999999964e+00	7.499904271646875946e-03	-1.309963311035538831e-03
3.089999999999999858e+00	7.499906774993719133e-03	-1.275695082118496332e-03
3.094999999999999751e+00	7.499909217023209215e-03	-1.242266642320314241e-03
3.100000000000000089e+00	7.499911599101486900e-03	-1.209659266219980387e-03
3.104999999999999982e+00	7.499913922569232359e-03	-1.177854577927197081e-03
3.109999999999999876e+00	7.499916188740873325e-03	-1.146834561941120594e-03
3.115000000000000213e+00	7.499918398906076956e-03	-1.116581542637563092e-03
3.120000000000000107e+00	7.499920554328959668e-03	-1.087078195137795682e-03
3.125000000000000000e+00	7.499922656249577262e-03	-1.058307524793746521e-03
3.129999999999999893e+00	7.499924705883131287e-03	-1.030252878037396860e-03
3.134999999999999787e+00	7.499926704421462642e-03	-1.002897921917112519e-03
3.140000000000000124e+00	7.499928653032262270e-03	-9.762266549006814965e-04
3.145000000000000018e+00	7.499930552860551748e-03	-9.502233865110280842e-04
3.149999999999999911e+00	7.499932405027899193e-03	-9.248727480585383761e-04
3.155000000000000249e+00	7.499934210633895509e-03	-9.001596724201795267e-04
3.160000000000000142e+00	7.499935970755376366e-03	-8.760694046790969179e-04
3.165000000000000036e+00	7.499937686447876763e-03	-8.525874820867650672e-04
3.169999999999999929e+00	7.499939358744872955e-03	-8.296997445900255270e-04
3.174999999999999822e+00	7.499940988659214471e-03	-8.073923150119404531e-04
3.180000000000000160e+00	7.499942577182373837e-03	-7.856516094485778163e-04
3.185000000000000053e+00	7.499944125285867326e-03	-7.644643177007637725e-04
3.189999999999999947e+00	7.499945633920507282e-03	-7.438174135246597429e-04
3.195000000000000284e+00	7.499947104017811589e-03	-7.236981353429535824e-04
3.200000000000000178e+00	7.499948536489262942e-03	-7.040939963352864459e-04
3.205000000000000071e+00	7.499949932227691421e-03	-6.849927654541689524e-04
3.209999999999999964e+00	7.499951292106554583e-03	-6.663824773429160393e-04
3.214999999999999858e+00	7.499952616981294014e-03	-6.482514136786248545e-04
3.220000000000000195e+00	7.499953907688625826e-03	-6.305881129068940808e-04
3.225000000000000089e+00	7.499955165047876397e-03	-6.133813519312204679e-04
3.229999999999999982e+00	7.499956389860281541e-03	-5.966201556551914984e-04
3.235000000000000320e+00	7.499957582910302296e-03	-5.802937790350904063e-04
3.240000000000000213e+00	7.499958744964933637e-03	-5.643917164217114764e-04
3.245000000000000107e+00	7.499959876774993373e-03	-5.489036839906107860e-04
3.250000000000000000e+00	7.499960979074449946e-03	-5.338196288767477074e-04
3.254999999999999893e+00	7.499962052581679237e-03	-5.191297119942871055e-04
3.259999999999999787e+00	7.499963097998810571e-03	-5.048243169586974239e-04
3.264999999999999680e+00	7.499964116012949704e-03	-4.908940333060591568e-04
3.270000000000000018e+00	7.499965107295544775e-03	-4.773296651982795124e-04
3.274999999999999911e+00	7.499966072503581535e-03	-4.641222150497437723e-04
3.279999999999999805e+00	7.499967012278960579e-03	-4.512628920121154481e-04
3.285000000000000142e+00	7.499967927249664816e-03	-4.387430960147061789e-04
3.290000000000000036e+00	7.499968818029150580e-03	-4.265544260263673371e-04
3.294999999999999929e+00	7.499969685217490814e-03	-4.146886645138390536e-04
3.299999999999999822e+00	7.499970529400777457e-03	-4.031377854791092451e-04
3.304999999999999716e+00	7.499971351152231666e-03	-3.918939393388115242e-04
3.310000000000000053e+00	7.499972151031630493e-03	-3.809494607361804371e-04
3.314999999999999947e+00	7.499972929586380677e-03	-3.702968538429762964e-04
3.319999999999999840e+00	7.499973687350961794e-03	-3.599287999458695552e-04
3.325000000000000178e+00	7.499974424847970569e-03	-3.498381431710841940e-04
3.330000000000000071e+00	7.499975142587583105e-03	-3.400178978456483273e-04
3.334999999999999964e+00	7.499975841068564492e-03	-3.304612346438808696e-04
3.339999999999999858e+00	7.499976520777747527e-03	-3.211614877245892686e-04
3.344999999999999751e+00	7.499977182191013697e-03	-3.121121412974600835e-04
3.350000000000000089e+00	7.499977825772786641e-03	-3.033068365376769514e-04
3.354999999999999982e+00	7.499978451976984511e-03	-2.947393585692137342e-04
3.359999999999999876e+00	7.499979061246529917e-03	-2.864036431589781851e-04
3.365000000000000213e+00	7.499979654014269324e-03	-2.782937641132155588e-04
3.370000000000000107e+00	7.499980230702499480e-03	-2.704039397536791233e-04
3.375000000000000000e+00	7.499980791723858189e-03	-2.627285207225060174e-04
3.379999999999999893e+00	7.499981337480868086e-03	-2.552619962431723838e-04
3.384999999999999787e+00	7.499981868366795319e-03	-2.479989823285700832e-04
3.390000000000000124e+00	7.499982384765208066e-03	-2.409342278300171888e-04
3.395000000000000018e+00	7.499982887050810933e-03	-2.340626030426459531e-04
3.399999999999999911e+00	7.499983375589013013e-03	-2.273791055458019900e-04
3.405000000000000249e+00	7.499983850736736263e-03	-2.208788491994248722e-04
3.410000000000000142e+00	7.499984312842001774e-03	-2.145570697795439179e-04
3.415000000000000036e+00	7.499984762244703458e-03	-2.084091143585915828e-04
3.419999999999999929e+00	7.499985199276214265e-03	-2.024304467400775192e-04
3.424999999999999822e+00	7.499985624260131246e-03	-1.966166372154818937e-04
3.430000000000000160e+00	7.499986037511893917e-03	-1.909633678021740739e-04
3.435000000000000053e+00	7.499986439339505900e-03	-1.854664223693006293e-04
3.439999999999999947e+00	7.499986830043164562e-03	-1.801216916832532001e-04
3.445000000000000284e+00	7.499987209915955771e-03	-1.749251638944531405e-04
3.450000000000000178e+00	7.499987579243501748e-03	-1.698729293948182965e-04
3.455000000000000071e+00	7.499987938304628066e-03	-1.649611716572987896e-04
3.459999999999999964e+00	7.499988287371018442e-03	-1.601861719098091291e-04
3.464999999999999858e+00	7.499988626707866125e-03	-1.555443003190314707e-04
3.470000000000000195e+00	7.499988956573539964e-03	-1.510320204854622577e-04
3.475000000000000089e+00	7.499989277220203698e-03	-1.466458809630317615e-04
3.479999999999999982e+00	7.499989588893502847e-03	-1.423825195799218455e-04
3.485000000000000320e+00	7.499989891833158846e-03	-1.382386552850265176e-04
3.490000000000000213e+00	7.499990186272665477e-03	-1.342110922993969323e-04
3.495000000000000107e+00	7.499990472439861319e-03	-1.302967122808956020e-04
3.500000000000000000e+00	7.499990750556639191e-03	-1.264924783109107570e-04
3.504999999999999893e+00	7.499991020839492581e-03	-1.227954273682448571e-04
3.509999999999999787e+00	7.499991283499241566e-03	-1.192026741559607667e-04
3.514999999999999680e+00	7.499991538741554963e-03	-1.157114038757441315e-04
3.520000000000000018e+00	7.499991786766684911e-03	-1.123188758994975763e-04
3.524999999999999911e+00	7.499992027769972550e-03	-1.090224168352578801e-04
3.529999999999999805e+00	7.499992261941593880e-03	-1.058194240483748352e-04
3.535000000000000142e+00	7.499992489467038545e-03	-1.027073590100981029e-04
3.540000000000000036e+00	7.499992710526869576e-03	-9.968375067311909812e-05
3.544999999999999929e+00	7.499992925297186558e-03	-9.674618909393357068e-05
3.549999999999999822e+00	7.499993133949388845e-03	-9.389232866743022800e-05
3.554999999999999716e+00	7.499993336650623114e-03	-9.111988201451210595e-05
3.560000000000000053e+00	7.499993533563556990e-03	-8.842662308014457792e-05
3.564999999999999947e+00	7.499993724846805779e-03	-8.581038127749321355e-05
3.569999999999999840e+00	7.499993910654717370e-03	-8.326904445424077657e-05
3.575000000000000178e+00	7.499994091137778159e-03	-8.080055328468961498e-05
3.580000000000000071e+00	7.499994266442412683e-03	-7.840290410874881728e-05
3.584999999999999964e+00	7.499994436711367000e-03	-7.607414356358979874e-05
3.589999999999999858e+00	7.499994602083516135e-03	-7.381237129979528950e-05
3.594999999999999751e+00	7.499994762694237906e-03	-7.161573484429515290e-05
3.600000000000000089e+00	7.499994918675222111e-03	-6.948243219796881648e-05
3.604999999999999982e+00	7.499995070154832216e-03	-6.741070692180204098e-05
3.609999999999999876e+00	7.499995217257918005e-03	-6.539885062014631387e-05
3.615000000000000213e+00	7.499995360106166860e-03	-6.344519824208739143e-05
3.620000000000000107e+00	7.499995498817922483e-03	-6.154813045468934254e-05
3.625000000000000000e+00	7.499995633508519700e-03	-5.970606915167235145e-05
3.629999999999999893e+00	7.499995764290113588e-03	-5.791747972061243106e-05
3.634999999999999787e+00	7.499995891271996930e-03	-5.618086675141665257e-05
3.640000000000000124e+00	7.499996014560439753e-03	-5.449477620151096073e-05
3.645000000000000018e+00	7.499996134258987701e-03	-5.285779129653503643e-05
3.649999999999999911e+00	7.499996250468311983e-03	-5.126853459742850434e-05
3.655000000000000249e+00	7.499996363286499067e-03	-4.972566408608483814e-05
3.660000000000000142e+00	7.499996472808903233e-03	-4.822787513813171165e-05
3.665000000000000036e+00	7.499996579128416323e-03	-4.677389678639078070e-05
3.669999999999999929e+00	7.499996682335333294e-03	-4.536249360303121442e-05
3.674999999999999822e+00	7.499996782517616770e-03	-4.399246213405072145e-05
3.680000000000000160e+00	7.499996879760759995e-03	-4.266263269436541068e-05
3.685000000000000053e+00	7.499996974148037503e-03	-4.137186596634182759e-05
3.689999999999999947e+00	7.499997065760378480e-03	-4.011905471145410355e-05
3.695000000000000284e+00	7.499997154676607027e-03	-3.890312052651959498e-05
3.700000000000000178e+00	7.499997240973319858e-03	-3.772301547511272552e-05
3.705000000000000071e+00	7.499997324725113552e-03	-3.657771899507520724e-05
3.709999999999999964e+00	7.499997406004470929e-03	-3.546623945310981534e-05
3.714999999999999858e+00	7.499997484881977886e-03	-3.438761119738621474e-05
3.720000000000000195e+00	7.499997561426210643e-03	-3.334089603845578399e-05
3.725000000000000089e+00	7.499997635703945648e-03	-3.232518044092733622e-05
3.729999999999999982e+00	7.499997707780054618e-03	-3.133957693386612490e-05
3.735000000000000320e+00	7.499997777717698835e-03	-3.038322143583979150e-05
3.740000000000000213e+00	7.499997845578234602e-03	-2.945527459762741756e-05
3.745000000000000107e+00	7.499997911421394520e-03	-2.855491925503589307e-05
3.750000000000000000e+00	7.499997975305196414e-03	-2.768136170690110626e-05
3.754999999999999893e+00	7.499998037286124616e-03	-2.683382929014965188e-05
3.759999999999999787e+00	7.499998097419031950e-03	-2.601157159592626324e-05
3.764999999999999680e+00	7.499998155757317542e-03	-2.521385816172869426e-05
3.770000000000000018e+00	7.499998212352835744e-03	-2.443997962822499651e-05
3.774999999999999911e+00	7.499998267256060940e-03	-2.368924554344578482e-05
3.779999999999999805e+00	7.499998320516002535e-03	-2.296098546299553904e-05
3.785000000000000142e+00	7.499998372180364560e-03	-2.225454686137834565e-05
3.790000000000000036e+00	7.499998422295461528e-03	-2.156929617799580783e-05
3.794999999999999929e+00	7.499998470906369362e-03	-2.090461683086801141e-05
3.799999999999999822e+00	7.499998518056848196e-03	-2.025991021097583550e-05
3.804999999999999716e+00	7.499998563789483756e-03	-1.963459379383524717e-05
3.810000000000000053e+00	7.499998608145617973e-03	-1.902810208442981874e-05
3.814999999999999947e+00	7.499998651165479084e-03	-1.843988482236253227e-05
3.819999999999999840e+00	7.499998692888113112e-03	-1.786940787953894913e-05
3.825000000000000178e+00	7.499998733351515706e-03	-1.731615155462410714e-05
3.830000000000000071e+00	7.499998772592565352e-03	-1.677961142571583652e-05
3.834999999999999964e+00	7.499998810647140468e-03	-1.625929673006548085e-05
3.839999999999999858e+00	7.499998847550061291e-03	-1.575473117378994929e-05
3.844999999999999751e+00	7.499998883335206104e-03	-1.526545139294025196e-05
3.850000000000000089e+00	7.499998918035448783e-03	-1.479100772227072040e-05
3.854999999999999982e+00	7.499998951682771559e-03	-1.433096273395235632e-05
3.859999999999999876e+00	7.499998984308205163e-03	-1.388489196720176919e-05
3.865000000000000213e+00	7.499999015941938990e-03	-1.345238254106546064e-05
3.870000000000000107e+00	7.499999046613259508e-03	-1.303303384682167759e-05
3.875000000000000000e+00	7.499999076350656949e-03	-1.262645623134249215e-05
3.879999999999999893e+00	7.499999105181770660e-03	-1.223227165398281418e-05
3.884999999999999787e+00	7.499999133133484520e-03	-1.185011243723461580e-05
3.890000000000000124e+00	7.499999160231876627e-03	-1.147962188983915835e-05
3.895000000000000018e+00	7.499999186502309505e-03	-1.112045312154111108e-05
3.899999999999999911e+00	7.499999211969387604e-03	-1.077226963394993774e-05
3.905000000000000249e+00	7.499999236657034496e-03	-1.043474419636485863e-05
3.910000000000000142e+00	7.499999260588459914e-03	-1.010755940603690939e-05
3.915000000000000036e+00	7.499999283786231742e-03	-9.790406622179506597e-06
3.919999999999999929e+00	7.499999306272233518e-03	-9.482986496956970012e-06
3.924999999999999822e+00	7.499999328067751166e-03	-9.185007964851921839e-06
3.930000000000000160e+00	7.499999349193421823e-03	-8.896188745976324681e-06
3.935000000000000053e+00	7.499999369669315373e-03	-8.616254388076481272e-06
3.939999999999999947e+00	7.499999389514891077e-03	-8.344938743429477010e-06
3.945000000000000284e+00	7.499999408749068695e-03	-8.081983061038751061e-06
3.950000000000000178e+00	7.499999427390195532e-03	-7.827136438317615575e-06
3.955000000000000071e+00	7.499999445456105411e-03	-7.580154961005069771e-06
3.959999999999999964e+00	7.499999462964092659e-03	-7.340802130995836287e-06
3.964999999999999858e+00	7.499999479930967612e-03	-7.108848051613294573e-06
3.970000000000000195e+00	7.499999496373027132e-03	-6.884069832718557234e-06
3.975000000000000089e+00	7.499999512306116181e-03	-6.666250819066953322e-06
3.979999999999999982e+00	7.499999527745590533e-03	-6.455180973867966472e-06
3.985000000000000320e+00	7.499999542706380085e-03	-6.250656148146811025e-06
3.990000000000000213e+00	7.499999557202955899e-03	-6.052478443791694499e-06
3.995000000000000107e+00	7.499999571249381380e-03	-5.860455521837567308e-06
4.000000000000000000e+00	7.499999584859291454e-03	-5.674400946065549424e-06
4.004999999999999893e+00	7.499999598045935072e-03	-5.494133528223888718e-06
4.009999999999999787e+00	7.499999610822153523e-03	-5.319477653168245090e-06
4.014999999999999680e+00	7.499999623200428144e-03	-5.150262659317957341e-06
4.019999999999999574e+00	7.499999635192852558e-03	-4.986323146130198190e-06
4.025000000000000355e+00	7.499999646811181253e-03	-4.827498387901515080e-06
4.030000000000000249e+00	7.499999658066804423e-03	-4.673632624628316544e-06
4.035000000000000142e+00	7.499999668970789603e-03	-4.524574507500178686e-06
4.040000000000000036e+00	7.499999679533863456e-03	-4.380177373957946814e-06
4.044999999999999929e+00	7.499999689766444731e-03	-4.240298723145755317e-06
4.049999999999999822e+00	7.499999699678632989e-03	-4.104800476029998197e-06
4.054999999999999716e+00	7.499999709280237223e-03	-3.973548479452143160e-06
4.059999999999999609e+00	7.499999718580764585e-03	-3.846412751964601455e-06
4.064999999999999503e+00	7.499999727589449876e-03	-3.723267014817124619e-06
4.070000000000000284e+00	7.499999736315239064e-03	-3.603988924407095663e-06
4.075000000000000178e+00	7.499999744766825717e-03	-3.488459628952566706e-06
4.080000000000000071e+00	7.499999752952628447e-03	-3.376563988093079831e-06
4.084999999999999964e+00	7.499999760880827343e-03	-3.268190153947933699e-06
4.089999999999999858e+00	7.499999768559347489e-03	-3.163229778626287557e-06
4.094999999999999751e+00	7.499999775995885853e-03	-3.061577618230475082e-06
4.099999999999999645e+00	7.499999783197896543e-03	-2.963131728891934541e-06
4.105000000000000426e+00	7.499999790172622027e-03	-2.867793092706201251e-06
4.110000000000000320e+00	7.499999796927075794e-03	-2.775465802909254905e-06
4.115000000000000213e+00	7.499999803468070970e-03	-2.686056710409522096e-06
4.120000000000000107e+00	7.499999809802205576e-03	-2.599475598700360775e-06
4.125000000000000000e+00	7.499999815935887680e-03	-2.515634850096479698e-06
4.129999999999999893e+00	7.499999821875323255e-03	-2.434449610806079016e-06
4.134999999999999787e+00	7.499999827626536997e-03	-2.355837475722769458e-06
4.139999999999999680e+00	7.499999833195369718e-03	-2.279718644339742625e-06
4.144999999999999574e+00	7.499999838587485292e-03	-2.206015623079694955e-06
4.150000000000000355e+00	7.499999843808374117e-03	-2.134653372445836556e-06
4.155000000000000249e+00	7.499999848863364398e-03	-2.065559026097312216e-06
4.160000000000000142e+00	7.499999853757616936e-03	-1.998662029668198279e-06
4.165000000000000036e+00	7.499999858496141612e-03	-1.933893875604721533e-06
4.169999999999999929e+00	7.499999863083791317e-03	-1.871188234136284493e-06
4.174999999999999822e+00	7.499999867525275823e-03	-1.810480703031735630e-06
4.179999999999999716e+00	7.499999871825154853e-03	-1.751708931223701395e-06
4.185000000000000497e+00	7.499999875987855419e-03	-1.694812382657930809e-06
4.190000000000000391e+00	7.499999880017666626e-03	-1.639732452894475614e-06
4.195000000000000284e+00	7.499999883918746606e-03	-1.586412246316476838e-06
4.200000000000000178e+00	7.499999887695126856e-03	-1.534796686129905580e-06
4.205000000000000071e+00	7.499999891350716576e-03	-1.484832304187359700e-06
4.209999999999999964e+00	7.499999894889300932e-03	-1.436467344672909282e-06
4.214999999999999858e+00	7.499999898314556671e-03	-1.389651565902404727e-06
4.219999999999999751e+00	7.499999901630038240e-03	-1.344336338133006920e-06
4.224999999999999645e+00	7.499999904839200343e-03	-1.300474456624564153e-06
4.230000000000000426e+00	7.499999907945384056e-03	-1.258020233899859728e-06
4.235000000000000320e+00	7.499999910951833312e-03	-1.216929323450478073e-06
4.240000000000000213e+00	7.499999913861687094e-03	-1.177158806650127854e-06
4.245000000000000107e+00	7.499999916677992443e-03	-1.138667026560494436e-06
4.250000000000000000e+00	7.499999919403698388e-03	-1.101413669865509365e-06
4.254999999999999893e+00	7.499999922041666357e-03	-1.065359610303731847e-06
4.259999999999999787e+00	7.499999924594666703e-03	-1.030466985816669262e-06
4.264999999999999680e+00	7.499999927065387380e-03	-9.966990509398731246e-07
4.269999999999999574e+00	7.499999929456427870e-03	-9.640202495499565517e-07
4.275000000000000355e+00	7.499999931770313932e-03	-9.323960757384740424e-07
4.280000000000000249e+00	7.499999934009486321e-03	-9.017931423493324739e-07
4.285000000000000142e+00	7.499999936176315538e-03	-8.721790499479552387e-07
4.290000000000000036e+00	7.499999938273094885e-03	-8.435224513658297936e-07
4.294999999999999929e+00	7.499999940302049146e-03	-8.157929281729776356e-07
4.299999999999999822e+00	7.499999942265331114e-03	-7.889610514948449521e-07
4.304999999999999716e+00	7.499999944165030262e-03	-7.629982657302624634e-07
4.309999999999999609e+00	7.499999946003165809e-03	-7.378769457893245622e-07
4.314999999999999503e+00	7.499999947781699726e-03	-7.135702875649104513e-07
4.320000000000000284e+00	7.499999949502528934e-03	-6.900523618212049571e-07
4.325000000000000178e+00	7.499999951167493975e-03	-6.672980110821972793e-07
4.330000000000000071e+00	7.499999952778373807e-03	-6.452829003641659369e-07
4.334999999999999964e+00	7.499999954336896216e-03	-6.239834200060703390e-07
4.339999999999999858e+00	7.499999955844730871e-03	-6.033767335229487197e-07
4.344999999999999751e+00	7.499999957303499741e-03	-5.834406861563561301e-07
4.349999999999999645e+00	7.499999958714770147e-03	-5.641538498167366089e-07
4.355000000000000426e+00	7.499999960080062575e-03	-5.454954369892039023e-07
4.360000000000000320e+00	7.499999961400847202e-03	-5.274453431400853488e-07
4.365000000000000213e+00	7.499999962678551707e-03	-5.099840656247494724e-07
4.370000000000000107e+00	7.499999963914554327e-03	-4.930927435430232150e-07
4.375000000000000000e+00	7.499999965110196003e-03	-4.767530814829334363e-07
4.379999999999999893e+00	7.499999966266769104e-03	-4.609473870298437293e-07
4.384999999999999787e+00	7.499999967385529570e-03	-4.456584989715632937e-07
4.389999999999999680e+00	7.499999968467691708e-03	-4.308698226042835574e-07
4.394999999999999574e+00	7.499999969514431659e-03	-4.165652622290394516e-07
4.400000000000000355e+00	7.499999970526890006e-03	-4.027292542938717291e-07
4.405000000000000249e+00	7.499999971506169164e-03	-3.893467039200610378e-07
4.410000000000000142e+00	7.499999972453338590e-03	-3.764030161023458701e-07
4.415000000000000036e+00	7.499999973369433047e-03	-3.638840359472262767e-07
4.419999999999999929e+00	7.499999974255453471e-03	-3.517760780300024939e-07
4.424999999999999822e+00	7.499999975112371306e-03	-3.400658702070032594e-07
4.429999999999999716e+00	7.499999975941125038e-03	-3.287405812131098442e-07
4.435000000000000497e+00	7.499999976742625397e-03	-3.177877678300099028e-07
4.440000000000000391e+00	7.499999977517751888e-03	-3.071954008500452486e-07
4.445000000000000284e+00	7.499999978267357995e-03	-2.969518153786836434e-07
4.450000000000000178e+00	7.499999978992268578e-03	-2.870457352250156324e-07
4.455000000000000071e+00	7.499999979693284212e-03	-2.774662261712237171e-07
4.459999999999999964e+00	7.499999980371177717e-03	-2.682027189747700609e-07
4.464999999999999858e+00	7.499999981026698494e-03	-2.592449654252106405e-07
4.469999999999999751e+00	7.499999981660572523e-03	-2.505830598656009585e-07
4.474999999999999645e+00	7.499999982273501502e-03	-2.422073979671851304e-07
4.480000000000000426e+00	7.499999982866163706e-03	-2.341086969582533805e-07
4.485000000000000320e+00	7.499999983439220065e-03	-2.262779568367251474e-07
4.490000000000000213e+00	7.499999983993304621e-03	-2.187064794399753729e-07
4.495000000000000107e+00	7.499999984529035803e-03	-2.113858319735179488e-07
4.500000000000000000e+00	7.499999985047009488e-03	-2.043078649071724604e-07
4.504999999999999893e+00	7.499999985547802471e-03	-1.974646776925057567e-07
4.509999999999999787e+00	7.499999986031975069e-03	-1.908486356189022418e-07
4.514999999999999680e+00	7.499999986500068515e-03	-1.844523376219027281e-07
4.519999999999999574e+00	7.499999986952604961e-03	-1.782686320409110113e-07
4.525000000000000355e+00	7.499999987390092680e-03	-1.722905863958806980e-07
4.530000000000000249e+00	7.499999987813020866e-03	-1.665115022882666954e-07
4.535000000000000142e+00	7.499999988221866566e-03	-1.609248869093897163e-07
4.540000000000000036e+00	7.499999988617086881e-03	-1.555244670599381526e-07
4.544999999999999929e+00	7.499999988999125899e-03	-1.503041624319143015e-07
4.549999999999999822e+00	7.499999989368415568e-03	-1.452580987132573290e-07
4.554999999999999716e+00	7.499999989725372219e-03	-1.403805825241644859e-07
4.559999999999999609e+00	7.499999990070396576e-03	-1.356661137636638137e-07
4.564999999999999503e+00	7.499999990403879817e-03	-1.311093620209951699e-07
4.570000000000000284e+00	7.499999990726199245e-03	-1.267051781740560120e-07
4.575000000000000178e+00	7.499999991037718285e-03	-1.224485722515815134e-07
4.580000000000000071e+00	7.499999991338790820e-03	-1.183347243620737213e-07
4.584999999999999964e+00	7.499999991629759458e-03	-1.143589638590978033e-07
4.589999999999999858e+00	7.499999991910952062e-03	-1.105167796279157695e-07
4.594999999999999751e+00	7.499999992182689555e-03	-1.068038005417515235e-07
4.599999999999999645e+00	7.499999992445281587e-03	-1.032158050821899196e-07
4.605000000000000426e+00	7.499999992699026528e-03	-9.974870300249548810e-08
4.610000000000000320e+00	7.499999992944214079e-03	-9.639854437006919961e-08
4.615000000000000213e+00	7.499999993181123530e-03	-9.316150237954744738e-08
4.620000000000000107e+00	7.499999993410025496e-03	-9.003388183359470587e-08
4.625000000000000000e+00	7.499999993631181923e-03	-8.701210297474440403e-08
4.629999999999999893e+00	7.499999993844845211e-03	-8.409270948175999488e-08
4.634999999999999787e+00	7.499999994051261692e-03	-8.127235332471611358e-08
4.639999999999999680e+00	7.499999994250666421e-03	-7.854780224646420024e-08
4.644999999999999574e+00	7.499999994443289249e-03	-7.591592551663467893e-08
4.650000000000000355e+00	7.499999994629351352e-03	-7.337370100125503127e-08
4.655000000000000249e+00	7.499999994809066102e-03	-7.091820177627868511e-08
4.660000000000000142e+00	7.499999994982641666e-03	-6.854660274549923739e-08
4.665000000000000036e+00	7.499999995150276669e-03	-6.625616814654920200e-08
4.669999999999999929e+00	7.499999995312166268e-03	-6.404425778629854765e-08
4.674999999999999822e+00	7.499999995468495211e-03	-6.190831522009683152e-08
4.679999999999999716e+00	7.499999995619445643e-03	-5.984587363204488900e-08
4.685000000000000497e+00	7.499999995765190171e-03	-5.785454475623825262e-08
4.690000000000000391e+00	7.499999995905900531e-03	-5.593202447565758702e-08
4.695000000000000284e+00	7.499999996041738920e-03	-5.407608234621737873e-08
4.700000000000000178e+00	7.499999996172861463e-03	-5.228456682841301435e-08
4.705000000000000071e+00	7.499999996299420817e-03	-5.055539555616867750e-08
4.709999999999999964e+00	7.499999996421566166e-03	-4.888656022720640218e-08
4.714999999999999858e+00	7.499999996539437157e-03	-4.727611744323568538e-08
4.719999999999999751e+00	7.499999996653170832e-03	-4.572219333476583979e-08
4.724999999999999645e+00	7.499999996762902500e-03	-4.422297498170050199e-08
4.730000000000000426e+00	7.499999996868757061e-03	-4.277671470466844181e-08
4.735000000000000320e+00	7.499999996970860283e-03	-4.138172200895304921e-08
4.740000000000000213e+00	7.499999997069330127e-03	-4.003636776031603997e-08
4.745000000000000107e+00	7.499999997164282818e-03	-3.873907651458089785e-08
4.750000000000000000e+00	7.499999997255828513e-03	-3.748833044630958485e-08
4.754999999999999893e+00	7.499999997344075631e-03	-3.628266218763354022e-08
4.759999999999999787e+00	7.499999997429126521e-03	-3.512065853654504390e-08
4.764999999999999680e+00	7.499999997511081797e-03	-3.400095373011740919e-08
4.769999999999999574e+00	7.499999997590036868e-03	-3.292223293954984606e-08
4.775000000000000355e+00	7.499999997666086278e-03	-3.188322590852823797e-08
4.780000000000000249e+00	7.499999997739317630e-03	-3.088271030757167843e-08
4.785000000000000142e+00	7.499999997809819394e-03	-2.991950574928052461e-08
4.790000000000000036e+00	7.499999997877673102e-03	-2.899247699283498369e-08
4.794999999999999929e+00	7.499999997942959420e-03	-2.810052831019081037e-08
4.799999999999999822e+00	7.499999998005754676e-03	-2.724260645049621136e-08
4.804999999999999716e+00	7.499999998066134328e-03	-2.641769540915535172e-08
4.809999999999999609e+00	7.499999998124168635e-03	-2.562481926939812879e-08
4.814999999999999503e+00	7.499999998179927851e-03	-2.486303719726953732e-08
4.820000000000000284e+00	7.499999998233477030e-03	-2.413144620289449632e-08
4.825000000000000178e+00	7.499999998284879489e-03	-2.342917639996739671e-08
4.830000000000000071e+00	7.499999998334197678e-03	-2.275539368385489264e-08
4.834999999999999964e+00	7.499999998381490576e-03	-2.210929518705492231e-08
4.839999999999999858e+00	7.499999998426811962e-03	-2.149011192611466779e-08
4.844999999999999751e+00	7.499999998470218213e-03	-2.089710452633943613e-08
4.849999999999999645e+00	7.499999998511759636e-03	-2.032956563483787077e-08
4.855000000000000426e+00	7.499999998551487405e-03	-1.978681591291238496e-08
4.860000000000000320e+00	7.499999998589448359e-03	-1.926820648845242518e-08
4.865000000000000213e+00	7.499999998625687600e-03	-1.877311503166998190e-08
4.870000000000000107e+00	7.499999998660248496e-03	-1.830094815865738685e-08
4.875000000000000000e+00	7.499999998693172680e-03	-1.785113777766000870e-08
4.879999999999999893e+00	7.499999998724500919e-03	-1.742314329457643903e-08
4.884999999999999787e+00	7.499999998754270508e-03	-1.701644819896189386e-08
4.889999999999999680e+00	7.499999998782516143e-03	-1.663056224342331732e-08
4.894999999999999574e+00	7.499999998809273385e-03	-1.626501811685694285e-08
4.900000000000000355e+00	7.499999998834574327e-03	-1.591937362299342581e-08
4.905000000000000249e+00	7.499999998858448459e-03	-1.559320854493838145e-08
4.910000000000000142e+00	7.499999998880926139e-03	-1.528612680028041365e-08
4.915000000000000036e+00	7.499999998902035121e-03	-1.499775334782218861e-08
4.919999999999999929e+00	7.499999998921799693e-03	-1.472773628695871670e-08
4.924999999999999822e+00	7.499999998940245008e-03	-1.447574399031332411e-08
4.929999999999999716e+00	7.499999998957392749e-03	-1.424146714964067518e-08
4.935000000000000497e+00	7.499999998973266337e-03	-1.402461602223118028e-08
4.940000000000000391e+00	7.499999998987883117e-03	-1.382492248014115191e-08
4.945000000000000284e+00	7.499999999001263906e-03	-1.364213725695955579e-08
4.950000000000000178e+00	7.499999999013422583e-03	-1.347603208238034622e-08
4.955000000000000071e+00	7.499999999024375627e-03	-1.332639704459796105e-08
4.959999999999999964e+00	7.499999999034136916e-03	-1.319304269261974382e-08
4.964999999999999858e+00	7.499999999042719460e-03	-1.307579743620887248e-08
4.969999999999999751e+00	7.499999999050132801e-03	-1.297450968765049580e-08
4.974999999999999645e+00	7.499999999056389081e-03	-1.288904535629098901e-08
4.980000000000000426e+00	7.499999999061495240e-03	-1.281929000413709285e-08
4.985000000000000320e+00	7.499999999065458216e-03	-1.276514637905839665e-08
4.990000000000000213e+00	7.499999999068284080e-03	-1.272653660459201038e-08
4.995000000000000107e+00	7.499999999069978038e-03	-1.270339975882032501e-08
5.000000000000000000e+00	7.499999999070541823e-03	-1.269569408781871009e-08
