# coordinate_x	h	p	@time=181.29
0.000000000000000000e+00	2.705852708679728491e-01	5.740094119209819823e-01
5.000000000000000104e-03	2.705816878698318328e-01	5.740094001149728120e-01
1.000000000000000021e-02	2.705709388770407009e-01	5.740093646931653248e-01
1.499999999999999944e-02	2.705530238913569918e-01	5.740093056514882219e-01
2.000000000000000042e-02	2.705279429170501238e-01	5.740092229800517476e-01
2.500000000000000139e-02	2.704956959590149590e-01	5.740091166675146406e-01
2.999999999999999889e-02	2.704562830246008964e-01	5.740089866968504095e-01
3.500000000000000333e-02	2.704097041217741748e-01	5.740088330495964897e-01
4.000000000000000083e-02	2.703559592609594553e-01	5.740086557015945390e-01
4.499999999999999833e-02	2.702950484532020137e-01	5.740084546272359312e-01
5.000000000000000278e-02	2.702269717120135417e-01	5.740082297951970558e-01
5.500000000000000028e-02	2.701517290515315639e-01	5.740079811726827019e-01
5.999999999999999778e-02	2.700693204883701792e-01	5.740077087211579165e-01
6.500000000000000222e-02	2.699797460397764248e-01	5.740074124005891676e-01
7.000000000000000666e-02	2.698830057254867354e-01	5.740070921651724278e-01
7.500000000000001110e-02	2.697790995658786439e-01	5.740067479675726725e-01
8.000000000000000167e-02	2.696680275838341245e-01	5.740063797546475222e-01
8.499999999999999223e-02	2.695497898028863526e-01	5.740059874716855193e-01
8.999999999999999667e-02	2.694243862490903751e-01	5.740055710581253301e-01
9.500000000000000111e-02	2.692918169491637093e-01	5.740051304517924669e-01
1.000000000000000056e-01	2.691520819323655611e-01	5.740046655846140489e-01
1.050000000000000100e-01	2.690051812286309851e-01	5.740041763868541924e-01
1.100000000000000006e-01	2.688511148704588738e-01	5.740036627828235538e-01
1.149999999999999911e-01	2.686898828910383452e-01	5.740031246951140531e-01
1.199999999999999956e-01	2.685214853261476131e-01	5.740025620403028661e-01
1.250000000000000000e-01	2.683459222122711041e-01	5.740019747331865929e-01
1.300000000000000044e-01	2.681631935885098739e-01	5.740013626824791437e-01
1.350000000000000089e-01	2.679732994946891211e-01	5.740007257950446862e-01
1.400000000000000133e-01	2.677762399732810383e-01	5.740000639715915343e-01
1.450000000000000178e-01	2.675720150675012787e-01	5.739993771109020981e-01
1.499999999999999944e-01	2.673606248232456850e-01	5.739986651055217770e-01
1.549999999999999989e-01	2.671420692871747660e-01	5.739979278459879097e-01
1.600000000000000033e-01	2.669163485086651355e-01	5.739971652165125615e-01
1.650000000000000078e-01	2.666834625378813328e-01	5.739963770992101422e-01
1.700000000000000122e-01	2.664434114277428045e-01	5.739955633697744197e-01
1.749999999999999889e-01	2.661961952319817359e-01	5.739947239017039182e-01
1.799999999999999933e-01	2.659418140071274639e-01	5.739938585619740463e-01
1.849999999999999978e-01	2.656802678105489313e-01	5.739929672152590534e-01
1.900000000000000022e-01	2.654115567024573075e-01	5.739920497195999394e-01
1.950000000000000067e-01	2.651356807439324004e-01	5.739911059306226360e-01
2.000000000000000111e-01	2.648526399989447055e-01	5.739901356972012536e-01
2.050000000000000155e-01	2.645624345323645543e-01	5.739891388656721549e-01
2.099999999999999922e-01	2.642650644120048131e-01	5.739881152754927607e-01
2.149999999999999967e-01	2.639605297066114908e-01	5.739870647634514045e-01
2.200000000000000011e-01	2.636488304879285871e-01	5.739859871593213647e-01
2.250000000000000056e-01	2.633299668286690487e-01	5.739848822900655012e-01
2.300000000000000100e-01	2.630039388046029880e-01	5.739837499754865124e-01
2.349999999999999867e-01	2.626707464925075453e-01	5.739825900324251329e-01
2.399999999999999911e-01	2.623303899722801424e-01	5.739814022704073926e-01
2.449999999999999956e-01	2.619828693248660301e-01	5.739801864958351540e-01
2.500000000000000000e-01	2.616281846343977979e-01	5.739789425076310403e-01
2.550000000000000044e-01	2.612663359860993850e-01	5.739776701014194238e-01
2.600000000000000089e-01	2.608973234684535125e-01	5.739763690651704664e-01
2.650000000000000133e-01	2.605211471710805471e-01	5.739750391833702281e-01
2.700000000000000178e-01	2.601378071869353548e-01	5.739736802326649290e-01
2.750000000000000222e-01	2.597473036101600741e-01	5.739722919860176242e-01
2.800000000000000266e-01	2.593496365383117230e-01	5.739708742083536874e-01
2.850000000000000311e-01	2.589448060701872723e-01	5.739694266607039408e-01
2.899999999999999800e-01	2.585328123080839480e-01	5.739679490958511376e-01
2.949999999999999845e-01	2.581136553555946622e-01	5.739664412624571055e-01
2.999999999999999889e-01	2.576873353199036765e-01	5.739649029007128922e-01
3.049999999999999933e-01	2.572538523095502794e-01	5.739633337464465912e-01
3.099999999999999978e-01	2.568132064367609213e-01	5.739617335267793719e-01
3.150000000000000022e-01	2.563653978151807511e-01	5.739601019642120994e-01
3.200000000000000067e-01	2.559104265622439423e-01	5.739584387722870273e-01
3.250000000000000111e-01	2.554482927968704797e-01	5.739567436596512140e-01
3.300000000000000155e-01	2.549789966418773979e-01	5.739550163257274296e-01
3.350000000000000200e-01	2.545025382216392629e-01	5.739532564647494839e-01
3.400000000000000244e-01	2.540189176645419877e-01	5.739514637614445691e-01
3.449999999999999734e-01	2.535281351006051787e-01	5.739496378950381672e-01
3.499999999999999778e-01	2.530301906639809695e-01	5.739477785349496042e-01
3.549999999999999822e-01	2.525250844905360670e-01	5.739458853447625408e-01
3.599999999999999867e-01	2.520128167203983249e-01	5.739439579779372913e-01
3.649999999999999911e-01	2.514933874954961013e-01	5.739419960817412347e-01
3.699999999999999956e-01	2.509667969621550698e-01	5.739399992929827832e-01
3.750000000000000000e-01	2.504330452685928354e-01	5.739379672418962741e-01
3.800000000000000044e-01	2.498921325675687310e-01	5.739358995479003633e-01
3.850000000000000089e-01	2.493440590138313040e-01	5.739337958234329573e-01
3.900000000000000133e-01	2.487888247668236519e-01	5.739316556697380278e-01
3.950000000000000178e-01	2.482264299880818093e-01	5.739294786806444781e-01
4.000000000000000222e-01	2.476568748439984535e-01	5.739272644383859312e-01
4.050000000000000266e-01	2.470801595031693887e-01	5.739250125173169792e-01
4.099999999999999756e-01	2.464962841392189796e-01	5.739227224797709415e-01
4.149999999999999800e-01	2.459052489280920129e-01	5.739203938797059479e-01
4.199999999999999845e-01	2.453070540509443564e-01	5.739180262586071057e-01
4.249999999999999889e-01	2.447016996913771447e-01	5.739156191490542014e-01
4.299999999999999933e-01	2.440891860383961887e-01	5.739131720706733830e-01
4.349999999999999978e-01	2.434695132835855980e-01	5.739106845336189311e-01
4.400000000000000022e-01	2.428426816241397446e-01	5.739081560345813404e-01
4.450000000000000067e-01	2.422086912599730746e-01	5.739055860601720571e-01
4.500000000000000111e-01	2.415675423968284274e-01	5.739029740829970638e-01
4.550000000000000155e-01	2.409192352433200401e-01	5.739003195649339251e-01
4.600000000000000200e-01	2.402637700141224963e-01	5.738976219532780920e-01
4.649999999999999689e-01	2.396011469269429262e-01	5.738948806839010430e-01
4.699999999999999734e-01	2.389313662057953036e-01	5.738920951774789669e-01
4.749999999999999778e-01	2.382544280778983725e-01	5.738892648425184539e-01
4.799999999999999822e-01	2.375703327770398443e-01	5.738863890716787708e-01
4.849999999999999867e-01	2.368790805403959976e-01	5.738834672446497809e-01
4.899999999999999911e-01	2.361806716119910499e-01	5.738804987245795797e-01
4.949999999999999956e-01	2.354751062394342120e-01	5.738774828607889900e-01
5.000000000000000000e-01	2.347623846774796463e-01	5.738744189853167699e-01
5.050000000000000044e-01	2.340425071846764515e-01	5.738713064154539190e-01
5.100000000000000089e-01	2.333154740270351191e-01	5.738681444504202256e-01
5.150000000000000133e-01	2.325812854745857861e-01	5.738649323736986219e-01
5.200000000000000178e-01	2.318399418051572680e-01	5.738616694498589466e-01
5.250000000000000222e-01	2.310914433008384172e-01	5.738583549266710326e-01
5.300000000000000266e-01	2.303357902518767542e-01	5.738549880320932273e-01
5.350000000000000311e-01	2.295729829530373522e-01	5.738515679761404531e-01
5.400000000000000355e-01	2.288030217076281181e-01	5.738480939480556930e-01
5.450000000000000400e-01	2.280259068237505959e-01	5.738445651179078233e-01
5.500000000000000444e-01	2.272416386184596404e-01	5.738409806339681563e-01
5.550000000000000488e-01	2.264502174138998958e-01	5.738373396240074031e-01
5.600000000000000533e-01	2.256516435416080213e-01	5.738336411929010339e-01
5.649999999999999467e-01	2.248459173385285448e-01	5.738298844235949492e-01
5.699999999999999512e-01	2.240330391514674113e-01	5.738260683749641933e-01
5.749999999999999556e-01	2.232130093329800502e-01	5.738221920824122524e-01
5.799999999999999600e-01	2.223858282459861002e-01	5.738182545560125414e-01
5.849999999999999645e-01	2.215514962595219739e-01	5.738142547807021376e-01
5.899999999999999689e-01	2.207100137535270290e-01	5.738101917147373499e-01
5.949999999999999734e-01	2.198613811144527752e-01	5.738060642894388108e-01
5.999999999999999778e-01	2.190055987402315940e-01	5.738018714079974325e-01
6.049999999999999822e-01	2.181426670357338726e-01	5.737976119447221190e-01
6.099999999999999867e-01	2.172725864179312072e-01	5.737932847442350770e-01
6.149999999999999911e-01	2.163953573111923878e-01	5.737888886201699679e-01
6.199999999999999956e-01	2.155109801526542412e-01	5.737844223547994282e-01
6.250000000000000000e-01	2.146194553873461419e-01	5.737798846971253752e-01
6.300000000000000044e-01	2.137207834737827050e-01	5.737752743629861429e-01
6.350000000000000089e-01	2.128149648789062209e-01	5.737705900324741037e-01
6.400000000000000133e-01	2.119020000839165752e-01	5.737658303505770441e-01
6.450000000000000178e-01	2.109818895790199211e-01	5.737609939238491608e-01
6.500000000000000222e-01	2.100546338695122583e-01	5.737560793216461841e-01
6.550000000000000266e-01	2.091202334703222976e-01	5.737510850719701461e-01
6.600000000000000311e-01	2.081786889123666273e-01	5.737460096633640871e-01
6.650000000000000355e-01	2.072300007368731711e-01	5.737408515398406683e-01
6.700000000000000400e-01	2.062741695020278154e-01	5.737356091035111794e-01
6.750000000000000444e-01	2.053111957770639151e-01	5.737302807084959655e-01
6.800000000000000488e-01	2.043410801492217821e-01	5.737248646643715588e-01
6.850000000000000533e-01	2.033638232175885852e-01	5.737193592289522304e-01
6.899999999999999467e-01	2.023794256003943193e-01	5.737137626126449508e-01
6.949999999999999512e-01	2.013878879285846690e-01	5.737080729699781667e-01
6.999999999999999556e-01	2.003892108534793548e-01	5.737022884049682858e-01
7.049999999999999600e-01	1.993833950400598909e-01	5.736964069612549011e-01
7.099999999999999645e-01	1.983704411750178975e-01	5.736904266285944853e-01
7.149999999999999689e-01	1.973503499597377142e-01	5.736843453314451891e-01
7.199999999999999734e-01	1.963231221187658193e-01	5.736781609367170853e-01
7.249999999999999778e-01	1.952887583924665105e-01	5.736718712406309040e-01
7.299999999999999822e-01	1.942472595459461826e-01	5.736654739778695999e-01
7.349999999999999867e-01	1.931986263613583998e-01	5.736589668065136260e-01
7.399999999999999911e-01	1.921428596473205297e-01	5.736523473187566946e-01
7.449999999999999956e-01	1.910799602308420886e-01	5.736456130236954332e-01
7.500000000000000000e-01	1.900099289672751990e-01	5.736387613597927482e-01
7.550000000000000044e-01	1.889327667318378146e-01	5.736317896752716194e-01
7.600000000000000089e-01	1.878484744301436304e-01	5.736246952425317902e-01
7.650000000000000133e-01	1.867570529892893516e-01	5.736174752358661477e-01
7.700000000000000178e-01	1.856585033690142383e-01	5.736101267480634425e-01
7.750000000000000222e-01	1.845528265523179445e-01	5.736026467651282879e-01
7.800000000000000266e-01	1.834400235573056537e-01	5.735950321853314771e-01
7.850000000000000311e-01	1.823200954272989061e-01	5.735872797905751108e-01
7.900000000000000355e-01	1.811930432434289973e-01	5.735793862681864974e-01
7.950000000000000400e-01	1.800588681142001879e-01	5.735713481785181811e-01
8.000000000000000444e-01	1.789175711889002818e-01	5.735631619798238212e-01
8.050000000000000488e-01	1.777691536465715316e-01	5.735548239916291591e-01
8.100000000000000533e-01	1.766136167103157240e-01	5.735463304230697945e-01
8.149999999999999467e-01	1.754509616356234869e-01	5.735376773315066234e-01
8.199999999999999512e-01	1.742811897256606735e-01	5.735288606547588319e-01
8.249999999999999556e-01	1.731043023189010044e-01	5.735198761643627297e-01
8.299999999999999600e-01	1.719203008054911441e-01	5.735107195021934556e-01
8.349999999999999645e-01	1.707291866141266157e-01	5.735013861276799796e-01
8.399999999999999689e-01	1.695309612296043156e-01	5.734918713593800677e-01
8.449999999999999734e-01	1.683256261788750041e-01	5.734821703153647476e-01
8.499999999999999778e-01	1.671131830499064108e-01	5.734722779603905751e-01
8.549999999999999822e-01	1.658936334768380816e-01	5.734621890385531717e-01
8.599999999999999867e-01	1.646669791602941302e-01	5.734518981267928694e-01
8.649999999999999911e-01	1.634332218515577584e-01	5.734413995587828161e-01
8.699999999999999956e-01	1.621923633744912219e-01	5.734306874856149872e-01
8.750000000000000000e-01	1.609444056086385133e-01	5.734197557897292574e-01
8.800000000000000044e-01	1.596893505129309276e-01	5.734085981537532239e-01
8.850000000000000089e-01	1.584272001076155456e-01	5.733972079630950125e-01
8.900000000000000133e-01	1.571579564999500966e-01	5.733855783840605680e-01
8.950000000000000178e-01	1.558816218648428342e-01	5.733737022535145833e-01
9.000000000000000222e-01	1.545981984727691771e-01	5.733615721675727750e-01
9.050000000000000266e-01	1.533076886689946627e-01	5.733491803564813027e-01
9.100000000000000311e-01	1.520100949039799310e-01	5.733365187853863842e-01
9.150000000000000355e-01	1.507054197110429261e-01	5.733235790122782616e-01
9.200000000000000400e-01	1.493936657395582013e-01	5.733103523025858683e-01
9.250000000000000444e-01	1.480748357308967478e-01	5.732968294676690224e-01
9.300000000000000488e-01	1.467489325547728374e-01	5.732830009952745165e-01
9.350000000000000533e-01	1.454159591832789866e-01	5.732688568656320038e-01
9.399999999999999467e-01	1.440759187307889266e-01	5.732543867001488325e-01
9.449999999999999512e-01	1.427288144258819225e-01	5.732395795516511683e-01
9.499999999999999556e-01	1.413746496552765464e-01	5.732244240741053432e-01
9.549999999999999600e-01	1.400134279334107890e-01	5.732089082829272542e-01
9.599999999999999645e-01	1.386451529509605263e-01	5.731930197490072709e-01
9.649999999999999689e-01	1.372698285418106345e-01	5.731767453242669896e-01
9.699999999999999734e-01	1.358874587368060771e-01	5.731600713638540512e-01
9.749999999999999778e-01	1.344980477278126807e-01	5.731429834112243826e-01
9.799999999999999822e-01	1.331015999274630102e-01	5.731254664530810450e-01
9.849999999999999867e-01	1.316981199299634975e-01	5.731075045571668580e-01
9.899999999999999911e-01	1.302876125777340521e-01	5.730890811653824857e-01
9.949999999999999956e-01	1.288700829185695507e-01	5.730701786761343008e-01
1.000000000000000000e+00	1.274455362802399683e-01	5.730507787821140786e-01
1.004999999999999893e+00	1.260139782235571160e-01	5.730308619874079357e-01
1.010000000000000009e+00	1.245754146262060547e-01	5.730104079976964249e-01
1.015000000000000124e+00	1.231298516312018254e-01	5.729893951603084457e-01
1.020000000000000018e+00	1.216772957414753026e-01	5.729678009161717211e-01
1.024999999999999911e+00	1.202177537631259202e-01	5.729456011484856948e-01
1.030000000000000027e+00	1.187512329125958860e-01	5.729227707076912646e-01
1.035000000000000142e+00	1.172777407540361028e-01	5.728992826513117365e-01
1.040000000000000036e+00	1.157972853212884817e-01	5.728751088556156557e-01
1.044999999999999929e+00	1.143098750485753573e-01	5.728502191252557996e-01
1.050000000000000044e+00	1.128155189099952771e-01	5.728245819082981027e-01
1.055000000000000160e+00	1.113142263426227796e-01	5.727981632493464037e-01
1.060000000000000053e+00	1.098060074068334946e-01	5.727709276283775575e-01
1.064999999999999947e+00	1.082908727007553945e-01	5.727428367247613394e-01
1.070000000000000062e+00	1.067688335455157372e-01	5.727138504050988121e-01
1.075000000000000178e+00	1.052399018898175220e-01	5.726839252575227635e-01
1.080000000000000071e+00	1.037040905251925549e-01	5.726530157597810033e-01
1.084999999999999964e+00	1.021614129792795117e-01	5.726210725328699791e-01
1.090000000000000080e+00	1.006118837674512823e-01	5.725880437283449309e-01
1.095000000000000195e+00	9.905551827314484914e-02	5.725538729369266111e-01
1.100000000000000089e+00	9.749233304389841315e-02	5.725185008440007994e-01
1.104999999999999982e+00	9.592234565682405956e-02	5.724818627112888691e-01
1.110000000000000098e+00	9.434557506928328841e-02	5.724438903624726738e-01
1.115000000000000213e+00	9.276204146730354649e-02	5.724045091328475721e-01
1.120000000000000107e+00	9.117176668402889039e-02	5.723636402640190912e-01
1.125000000000000000e+00	8.957477402856166282e-02	5.723211971855755031e-01
1.129999999999999893e+00	8.797108878922747788e-02	5.722770884202978969e-01
1.134999999999999787e+00	8.636073803999153031e-02	5.722312130203234259e-01
1.139999999999999902e+00	8.474375125086586191e-02	5.721834641143490607e-01
1.145000000000000018e+00	8.312016006873118590e-02	5.721337232641963144e-01
1.149999999999999911e+00	8.148999906447818020e-02	5.720818648260219685e-01
1.154999999999999805e+00	7.985330548481743562e-02	5.720277489153317019e-01
1.159999999999999920e+00	7.821012017584563769e-02	5.719712268095140661e-01
1.165000000000000036e+00	7.656048730236042488e-02	5.719121321008189263e-01
1.169999999999999929e+00	7.490445550178333189e-02	5.718502874438909922e-01
1.174999999999999822e+00	7.324207756780592993e-02	5.717854933229067349e-01
1.179999999999999938e+00	7.157341190899438321e-02	5.717175365545890120e-01
1.185000000000000053e+00	6.989852219464405547e-02	5.716461758759142642e-01
1.189999999999999947e+00	6.821747922207072046e-02	5.715711527646071266e-01
1.194999999999999840e+00	6.653036052499920749e-02	5.714921727337680668e-01
1.199999999999999956e+00	6.483725279751957615e-02	5.714089192501070613e-01
1.205000000000000071e+00	6.313825147039649199e-02	5.713210291476892300e-01
1.209999999999999964e+00	6.143346390608549895e-02	5.712281107438841321e-01
1.214999999999999858e+00	5.972300895825141676e-02	5.711297110687568734e-01
1.219999999999999973e+00	5.800702125469672094e-02	5.710253397557681909e-01
1.225000000000000089e+00	5.628565077430808944e-02	5.709144246808778300e-01
1.229999999999999982e+00	5.455906869646762886e-02	5.707963439315284493e-01
1.234999999999999876e+00	5.282746706557207850e-02	5.706703647129719448e-01
1.239999999999999991e+00	5.109106694724389192e-02	5.705356868308237850e-01
1.245000000000000107e+00	4.935011831898069440e-02	5.703913569192587962e-01
1.250000000000000000e+00	4.760491170887585360e-02	5.702363286809323251e-01
1.254999999999999893e+00	4.585577858262888939e-02	5.700693398455752847e-01
1.260000000000000009e+00	4.410310838663986099e-02	5.698889973854687208e-01
1.265000000000000124e+00	4.234734995923682827e-02	5.696935966843249544e-01
1.270000000000000018e+00	4.058903722057201346e-02	5.694812450023295503e-01
1.274999999999999911e+00	3.882879265047169126e-02	5.692495883727366479e-01
1.280000000000000027e+00	3.706736728621842086e-02	5.689959955193676366e-01
1.285000000000000142e+00	3.530564836121533046e-02	5.687171325734790006e-01
1.290000000000000036e+00	3.354472386050953020e-02	5.684092461427761034e-01
1.294999999999999929e+00	3.178589861392918520e-02	5.680674780246920408e-01
1.300000000000000044e+00	3.003080266123045808e-02	5.676863182961376930e-01
1.305000000000000160e+00	2.828142476733616281e-02	5.672584589170039937e-01
1.310000000000000053e+00	2.654030194833876741e-02	5.667755547110128189e-01
1.314999999999999947e+00	2.481058924386442613e-02	5.662262288393064003e-01
1.320000000000000062e+00	2.309640402567349204e-02	5.655974306922217920e-01
1.325000000000000178e+00	2.140297010936019484e-02	5.648708371040812581e-01
1.330000000000000071e+00	1.973725660889723635e-02	5.640254702522601304e-01
1.334999999999999964e+00	1.810825925928198285e-02	5.630310671958932422e-01
1.340000000000000080e+00	1.652814163384104529e-02	5.618536322694366314e-01
1.345000000000000195e+00	1.501265634274331039e-02	5.604435694286041825e-01
1.350000000000000089e+00	1.358270998376055402e-02	5.587486212801560104e-01
1.354999999999999982e+00	1.226419721445219831e-02	5.566960199168198287e-01
1.360000000000000098e+00	1.108761480567157891e-02	5.542226929301804494e-01
1.365000000000000213e+00	1.008379957484614731e-02	5.512607093011200332e-01
1.370000000000000107e+00	9.275152628012225606e-03	5.477862768936302418e-01
1.375000000000000000e+00	8.667125542018242271e-03	5.438197180399974018e-01
1.379999999999999893e+00	8.240897870543172771e-03	5.394296179550329695e-01
1.384999999999999787e+00	7.961208234220633340e-03	5.347309082354830823e-01
1.389999999999999902e+00	7.786927428559899285e-03	5.298166971158985161e-01
1.395000000000000018e+00	7.682088408941032190e-03	5.247826548638157007e-01
1.399999999999999911e+00	7.620675595934188647e-03	5.196797585262030728e-01
1.404999999999999805e+00	7.584990025935477512e-03	5.145514523748162539e-01
1.409999999999999920e+00	7.564496705368991929e-03	5.094170559757202899e-01
1.415000000000000036e+00	7.552633934004622344e-03	5.042920652890308109e-01
1.419999999999999929e+00	7.545768436332978869e-03	4.991829530176860596e-01
1.424999999999999822e+00	7.541701130261669987e-03	4.940948443789249800e-01
1.429999999999999938e+00	7.539244043529017697e-03	4.890298772237717806e-01
1.435000000000000053e+00	7.537684758565042602e-03	4.839897590817162087e-01
1.439999999999999947e+00	7.536641587320475413e-03	4.789752464876372295e-01
1.444999999999999840e+00	7.535886341583974968e-03	4.739869616509395644e-01
1.449999999999999956e+00	7.535297120743952859e-03	4.690252268310518002e-01
1.455000000000000071e+00	7.534801131745379188e-03	4.640903214282537381e-01
1.459999999999999964e+00	7.534359534570688084e-03	4.591824292851933165e-01
1.464999999999999858e+00	7.533949149116424791e-03	4.543017191714739944e-01
1.469999999999999973e+00	7.533557616358520399e-03	4.494483280076674858e-01
1.475000000000000089e+00	7.533177563942936895e-03	4.446223860020068197e-01
1.479999999999999982e+00	7.532805064317694456e-03	4.398240112887226716e-01
1.484999999999999876e+00	7.532437776445519324e-03	4.350533177860245182e-01
1.489999999999999991e+00	7.532074454998123961e-03	4.303104134489363908e-01
1.495000000000000107e+00	7.531714358971679756e-03	4.255954027569828768e-01
1.500000000000000000e+00	7.531357095557184370e-03	4.209083860999822124e-01
1.504999999999999893e+00	7.531002432064820735e-03	4.162494606123288698e-01
1.510000000000000009e+00	7.530650246279493171e-03	4.116187199027171451e-01
1.515000000000000124e+00	7.530300466690994197e-03	4.070162543928939058e-01
1.520000000000000018e+00	7.529953056708811078e-03	4.024421511408046714e-01
1.524999999999999911e+00	7.529607995687423797e-03	3.978964940435990583e-01
1.530000000000000027e+00	7.529265273900668035e-03	3.933793636750099743e-01
1.535000000000000142e+00	7.528924886531427468e-03	3.888908374638813115e-01
1.540000000000000036e+00	7.528586832062616162e-03	3.844309895210684114e-01
1.544999999999999929e+00	7.528251110385318634e-03	3.799998908274801468e-01
1.550000000000000044e+00	7.527917722273510387e-03	3.755976090431255021e-01
1.555000000000000160e+00	7.527586668800494325e-03	3.712242087146658820e-01
1.560000000000000053e+00	7.527257951156626423e-03	3.668797510647420768e-01
1.564999999999999947e+00	7.526931570481768322e-03	3.625642942215889231e-01
1.570000000000000062e+00	7.526607527790976984e-03	3.582778929885332975e-01
1.575000000000000178e+00	7.526285823939781600e-03	3.540205990959227611e-01
1.580000000000000071e+00	7.525966459583314366e-03	3.497924609512371719e-01
1.584999999999999964e+00	7.525649435184559102e-03	3.455935239128687941e-01
1.590000000000000080e+00	7.525334750983323981e-03	3.414238300214719746e-01
1.595000000000000195e+00	7.525022407018941255e-03	3.372834182949102644e-01
1.600000000000000089e+00	7.524712403101641717e-03	3.331723244415248919e-01
1.604999999999999982e+00	7.524404738840626862e-03	3.290905811754926691e-01
1.610000000000000098e+00	7.524099413615529218e-03	3.250382179127146443e-01
1.615000000000000213e+00	7.523796426606934803e-03	3.210152611058109118e-01
1.620000000000000107e+00	7.523495776767230234e-03	3.170217339233306619e-01
1.625000000000000000e+00	7.523197462852622246e-03	3.130576566036026298e-01
1.629999999999999893e+00	7.522901483393175555e-03	3.091230461179722000e-01
1.634999999999999787e+00	7.522607836725992043e-03	3.052179165427264529e-01
1.639999999999999902e+00	7.522316520964411612e-03	3.013422787070590414e-01
1.645000000000000018e+00	7.522027534032209653e-03	2.974961405822902361e-01
1.649999999999999911e+00	7.521740873631982578e-03	2.936795069152597915e-01
1.654999999999999805e+00	7.521456537280275106e-03	2.898923796340645564e-01
1.659999999999999920e+00	7.521174522275199045e-03	2.861347574675720540e-01
1.665000000000000036e+00	7.520894825732429671e-03	2.824066363669074931e-01
1.669999999999999929e+00	7.520617444552094195e-03	2.787080091117766778e-01
1.674999999999999822e+00	7.520342375455586932e-03	2.750388657469316489e-01
1.679999999999999938e+00	7.520069614951772549e-03	2.713991931759907605e-01
1.685000000000000053e+00	7.519799159374567117e-03	2.677889756121205056e-01
1.689999999999999947e+00	7.519531004848499511e-03	2.642081941600317174e-01
1.694999999999999840e+00	7.519265147327013239e-03	2.606568272801179642e-01
1.699999999999999956e+00	7.519001582557425893e-03	2.571348503593033352e-01
1.705000000000000071e+00	7.518740306119895377e-03	2.536422361878889475e-01
1.709999999999999964e+00	7.518481313391835522e-03	2.501789545199147868e-01
1.714999999999999858e+00	7.518224599587492937e-03	2.467449725619722534e-01
1.719999999999999973e+00	7.517970159721856088e-03	2.433402545237390302e-01
1.725000000000000089e+00	7.517717988650795061e-03	2.399647621180223123e-01
1.729999999999999982e+00	7.517468081034512674e-03	2.366184541021183196e-01
1.734999999999999876e+00	7.517220431378201194e-03	2.333012867883570707e-01
1.739999999999999991e+00	7.516975033995068438e-03	2.300132135769284436e-01
1.745000000000000107e+00	7.516731883047468067e-03	2.267541854762130660e-01
1.750000000000000000e+00	7.516490972509543185e-03	2.235241506277070855e-01
1.754999999999999893e+00	7.516252296208789443e-03	2.203230548354288554e-01
1.760000000000000009e+00	7.516015847788349094e-03	2.171508410835672476e-01
1.765000000000000124e+00	7.515781620748962673e-03	2.140074500742659147e-01
1.770000000000000018e+00	7.515549608410953403e-03	2.108928197386090442e-01
1.774999999999999911e+00	7.515319803956527558e-03	2.078068857820929427e-01
1.780000000000000027e+00	7.515092200391483915e-03	2.047495811895548579e-01
1.785000000000000142e+00	7.514866790587820290e-03	2.017208367776545108e-01
1.790000000000000036e+00	7.514643567245211410e-03	1.987205806943390107e-01
1.794999999999999929e+00	7.514422522933865249e-03	1.957487389776655928e-01
1.800000000000000044e+00	7.514203650055820485e-03	1.928052350503874079e-01
1.805000000000000160e+00	7.513986940888011876e-03	1.898899902844629617e-01
1.810000000000000053e+00	7.513772387543409849e-03	1.870029234913329341e-01
1.814999999999999947e+00	7.513559982014266295e-03	1.841439514914731124e-01
1.820000000000000062e+00	7.513349716133126653e-03	1.813129886009223479e-01
1.825000000000000178e+00	7.513141581616221421e-03	1.785099472052488478e-01
1.830000000000000071e+00	7.512935570024384564e-03	1.757347372428774424e-01
1.834999999999999964e+00	7.512731672806539571e-03	1.729872667828494248e-01
1.840000000000000080e+00	7.512529881260574492e-03	1.702674415054869494e-01
1.845000000000000195e+00	7.512330186576886976e-03	1.675751652833412375e-01
1.850000000000000089e+00	7.512132579799227217e-03	1.649103396597176585e-01
1.854999999999999982e+00	7.511937051868281152e-03	1.622728644322187219e-01
1.860000000000000098e+00	7.511743593582519488e-03	1.596626371296431812e-01
1.865000000000000213e+00	7.511552195641767876e-03	1.570795535975451351e-01
1.870000000000000107e+00	7.511362848608098448e-03	1.545235074740061443e-01
1.875000000000000000e+00	7.511175542949356625e-03	1.519943907766428681e-01
1.879999999999999893e+00	7.510990269000127235e-03	1.494920933777407202e-01
1.884999999999999787e+00	7.510807017005175466e-03	1.470165035921595087e-01
1.889999999999999902e+00	7.510625777080515326e-03	1.445675076522996150e-01
1.895000000000000018e+00	7.510446539256745643e-03	1.421449902963695944e-01
1.899999999999999911e+00	7.510269293440239961e-03	1.397488342436454534e-01
1.904999999999999805e+00	7.510094029456347228e-03	1.373789207825755476e-01
1.909999999999999920e+00	7.509920737010730013e-03	1.350351292467813769e-01
1.915000000000000036e+00	7.509749405732399526e-03	1.327173376024909646e-01
1.919999999999999929e+00	7.509580025135229910e-03	1.304254219257154623e-01
1.924999999999999822e+00	7.509412584660794636e-03	1.281592569885143806e-01
1.929999999999999938e+00	7.509247073640090697e-03	1.259187157377701927e-01
1.935000000000000053e+00	7.509083481336140814e-03	1.237036698798067991e-01
1.939999999999999947e+00	7.508921796905944877e-03	1.215139893611672794e-01
1.944999999999999840e+00	7.508762009442835825e-03	1.193495429511209210e-01
1.949999999999999956e+00	7.508604107938680015e-03	1.172101977248379140e-01
1.955000000000000071e+00	7.508448081325947744e-03	1.150958196433346931e-01
1.959999999999999964e+00	7.508293918440193775e-03	1.130062730394264803e-01
1.964999999999999858e+00	7.508141608061817338e-03	1.109414211946742057e-01
1.969999999999999973e+00	7.507991138878843639e-03	1.089011258284809935e-01
1.975000000000000089e+00	7.507842499528349922e-03	1.068852476716220384e-01
1.979999999999999982e+00	7.507695678559563567e-03	1.048936459588372949e-01
1.984999999999999876e+00	7.507550664474937734e-03	1.029261789985376901e-01
1.989999999999999991e+00	7.507407445693583398e-03	1.009827036692339808e-01
1.995000000000000107e+00	7.507266010591969428e-03	9.906307598502936407e-02
2.000000000000000000e+00	7.507126347467710237e-03	9.716715059621006123e-02
2.004999999999999893e+00	7.506988444579868608e-03	9.529478135014757267e-02
2.009999999999999787e+00	7.506852290113118047e-03	9.344582079636398753e-02
2.014999999999999680e+00	7.506717872217623204e-03	9.162012074248415683e-02
2.020000000000000018e+00	7.506585178973602945e-03	8.981753176407336614e-02
2.024999999999999911e+00	7.506454198430760616e-03	8.803790375529438328e-02
2.029999999999999805e+00	7.506324918573262575e-03	8.628108544380229394e-02
2.035000000000000142e+00	7.506197327358710494e-03	8.454692493577473100e-02
2.040000000000000036e+00	7.506071412683544032e-03	8.283526923613818149e-02
2.044999999999999929e+00	7.505947162421536083e-03	8.114596478765455367e-02
2.049999999999999822e+00	7.505824564389634336e-03	7.947885699673616633e-02
2.054999999999999716e+00	7.505703606385964732e-03	7.783379076628918480e-02
2.060000000000000053e+00	7.505584276156132724e-03	7.621061002736208290e-02
2.064999999999999947e+00	7.505466561430707180e-03	7.460915826546009322e-02
2.069999999999999840e+00	7.505350449891992626e-03	7.302927805825895624e-02
2.075000000000000178e+00	7.505235929210994465e-03	7.147081159511747828e-02
2.080000000000000071e+00	7.505122987014663065e-03	6.993360022107855678e-02
2.084999999999999964e+00	7.505011610922322079e-03	6.841748494932131663e-02
2.089999999999999858e+00	7.504901788513413004e-03	6.692230601165440051e-02
2.094999999999999751e+00	7.504793507363356243e-03	6.544790336366680672e-02
2.100000000000000089e+00	7.504686755011807410e-03	6.399411624190702585e-02
2.104999999999999982e+00	7.504581518997952873e-03	6.256078366150329140e-02
2.109999999999999876e+00	7.504477786829276929e-03	6.114774398020982049e-02
2.115000000000000213e+00	7.504375546016279694e-03	5.975483538828168378e-02
2.120000000000000107e+00	7.504274784041770757e-03	5.838189547955811853e-02
2.125000000000000000e+00	7.504175488394994667e-03	5.702876173339074123e-02
2.129999999999999893e+00	7.504077646541454545e-03	5.569527109291997485e-02
2.134999999999999787e+00	7.503981245956445160e-03	5.438126043887069744e-02
2.140000000000000124e+00	7.503886274095415178e-03	5.308656617516590431e-02
2.145000000000000018e+00	7.503792718426881801e-03	5.181102469441658392e-02
2.149999999999999911e+00	7.503700566403352472e-03	5.055447197100591122e-02
2.155000000000000249e+00	7.503609805493619347e-03	4.931674401811163982e-02
2.160000000000000142e+00	7.503520423154232642e-03	4.809767648838423476e-02
2.165000000000000036e+00	7.503432406861166269e-03	4.689710512235473194e-02
2.169999999999999929e+00	7.503345744081859302e-03	4.571486535681446028e-02
2.174999999999999822e+00	7.503260422306246707e-03	4.455079276447638376e-02
2.180000000000000160e+00	7.503176429019362860e-03	4.340472267015513252e-02
2.185000000000000053e+00	7.503093751731734762e-03	4.227649058155984879e-02
2.189999999999999947e+00	7.503012377952560617e-03	4.116593181336230395e-02
2.195000000000000284e+00	7.502932295219448197e-03	4.007288190901248798e-02
2.200000000000000178e+00	7.502853491072180615e-03	3.899717627277232701e-02
2.205000000000000071e+00	7.502775953081792897e-03	3.793865058245739913e-02
2.209999999999999964e+00	7.502699668824922355e-03	3.689714042950192202e-02
2.214999999999999858e+00	7.502624625912231171e-03	3.587248172254315498e-02
2.220000000000000195e+00	7.502550811963336168e-03	3.486451033557321638e-02
2.225000000000000089e+00	7.502478214634569591e-03	3.387306250229395188e-02
2.229999999999999982e+00	7.502406821594498690e-03	3.289797447240137146e-02
2.235000000000000320e+00	7.502336620551022968e-03	3.193908289664935257e-02
2.240000000000000213e+00	7.502267599227475763e-03	3.099622449130423618e-02
2.245000000000000107e+00	7.502199745389062299e-03	3.006923641386709950e-02
2.250000000000000000e+00	7.502133046819545008e-03	2.915795593572400105e-02
2.254999999999999893e+00	7.502067491347018044e-03	2.826222080848976234e-02
2.259999999999999787e+00	7.502003066821177207e-03	2.738186894487064371e-02
2.264999999999999680e+00	7.501939761138429197e-03	2.651673877560120976e-02
2.270000000000000018e+00	7.501877562219750467e-03	2.566666893852784237e-02
2.274999999999999911e+00	7.501816458035126881e-03	2.483149862612184580e-02
2.279999999999999805e+00	7.501756436581998901e-03	2.401106728278273525e-02
2.285000000000000142e+00	7.501697485909034242e-03	2.320521494292001816e-02
2.290000000000000036e+00	7.501639594095165474e-03	2.241378193646789349e-02
2.294999999999999929e+00	7.501582749272683523e-03	2.163660921753829403e-02
2.299999999999999822e+00	7.501526939606872890e-03	2.087353807812866724e-02
2.304999999999999716e+00	7.501472153318432950e-03	2.012441046735978512e-02
2.310000000000000053e+00	7.501418378663692564e-03	1.938906871335088072e-02
2.314999999999999947e+00	7.501365603956377387e-03	1.866735583306372570e-02
2.319999999999999840e+00	7.501313817548396941e-03	1.795911526231182276e-02
2.325000000000000178e+00	7.501263007850951861e-03	1.726419115624171219e-02
2.330000000000000071e+00	7.501213163315902967e-03	1.658242812743612390e-02
2.334999999999999964e+00	7.501164272456217579e-03	1.591367153707140200e-02
2.339999999999999858e+00	7.501116323827906711e-03	1.525776724106654193e-02
2.344999999999999751e+00	7.501069306049826073e-03	1.461456187196589172e-02
2.350000000000000089e+00	7.501023207786179647e-03	1.398390259307824568e-02
2.354999999999999982e+00	7.500978017765668436e-03	1.336563737114157026e-02
2.359999999999999876e+00	7.500933724764559558e-03	1.275961473839072255e-02
2.365000000000000213e+00	7.500890317625193149e-03	1.216568405606788424e-02
2.370000000000000107e+00	7.500847785239607435e-03	1.158369528435178319e-02
2.375000000000000000e+00	7.500806116567408123e-03	1.101349923678507196e-02
2.379999999999999893e+00	7.500765300619946854e-03	1.045494735799087568e-02
2.384999999999999787e+00	7.500725326477557416e-03	9.907891969096829093e-03
2.390000000000000124e+00	7.500686183274280633e-03	9.372186053158893318e-03
2.395000000000000018e+00	7.500647860214478685e-03	8.847683491667980918e-03
2.399999999999999911e+00	7.500610346558094291e-03	8.334238857595483232e-03
2.405000000000000249e+00	7.500573631636649197e-03	7.831707643075214859e-03
2.410000000000000142e+00	7.500537704839039393e-03	7.339946059980663635e-03
2.415000000000000036e+00	7.500502555626916909e-03	6.858811258880535312e-03
2.419999999999999929e+00	7.500468173521016718e-03	6.388161137052049236e-03
2.424999999999999822e+00	7.500434548115927913e-03	5.927854548815961189e-03
2.430000000000000160e+00	7.500401669066948836e-03	5.477751120884946472e-03
2.435000000000000053e+00	7.500369526104255433e-03	5.037711454188906375e-03
2.439999999999999947e+00	7.500338109020269865e-03	4.607596946453941522e-03
2.445000000000000284e+00	7.500307407683242528e-03	4.187269985633890884e-03
2.450000000000000178e+00	7.500277412025121992e-03	3.776593779611222331e-03
2.455000000000000071e+00	7.500248112054560233e-03	3.375432541356170654e-03
2.459999999999999964e+00	7.500219497845276966e-03	2.983651325636292595e-03
2.464999999999999858e+00	7.500191559548495882e-03	2.601116206029790556e-03
2.470000000000000195e+00	7.500164287381797315e-03	2.227694118527226777e-03
2.475000000000000089e+00	7.500137671640988088e-03	1.863253030529676271e-03
2.479999999999999982e+00	7.500111702689439899e-03	1.507661791222588083e-03
2.485000000000000320e+00	7.500086370969404927e-03	1.160790292693800923e-03
2.490000000000000213e+00	7.500061666991824326e-03	8.225093269569425537e-04
2.495000000000000107e+00	7.500037581347099996e-03	4.926907393278792463e-04
2.500000000000000000e+00	7.500014104695367119e-03	1.712072919714706170e-04
2.504999999999999893e+00	7.499991227776736831e-03	-1.420671903202688291e-04
2.509999999999999787e+00	7.499968941402015456e-03	-4.472579501870139812e-04
2.514999999999999680e+00	7.499947236462422423e-03	-7.444891593741236871e-04
2.520000000000000018e+00	7.499926103920768333e-03	-1.033884042528092915e-03
2.524999999999999911e+00	7.499905534820644655e-03	-1.315564746173382383e-03
2.529999999999999805e+00	7.499885520278039806e-03	-1.589652456377734207e-03
2.535000000000000142e+00	7.499866051490036191e-03	-1.856267274879970551e-03
2.540000000000000036e+00	7.499847119726839144e-03	-2.115528330759907510e-03
2.544999999999999929e+00	7.499828716339991715e-03	-2.367553663562650679e-03
2.549999999999999822e+00	7.499810832754817344e-03	-2.612460329110124612e-03
2.554999999999999716e+00	7.499793460478149792e-03	-2.850364289464512885e-03
2.560000000000000053e+00	7.499776591091186946e-03	-3.081380513019827024e-03
2.564999999999999947e+00	7.499760216256751502e-03	-3.305622871145572159e-03
2.569999999999999840e+00	7.499744327712537691e-03	-3.523204232697866450e-03
2.575000000000000178e+00	7.499728917277913125e-03	-3.734236367182576163e-03
2.580000000000000071e+00	7.499713976847558437e-03	-3.938830033826399082e-03
2.584999999999999964e+00	7.499699498397816369e-03	-4.137094891097158750e-03
2.589999999999999858e+00	7.499685473980708707e-03	-4.329139580476452573e-03
2.594999999999999751e+00	7.499671895729850823e-03	-4.515071642173236303e-03
2.600000000000000089e+00	7.499658755854834644e-03	-4.694997593740047812e-03
2.604999999999999982e+00	7.499646046646720778e-03	-4.869022851815333307e-03
2.609999999999999876e+00	7.499633760472775371e-03	-5.037251805725674950e-03
2.615000000000000213e+00	7.499621889781550241e-03	-5.199787745091274255e-03
2.620000000000000107e+00	7.499610427097964938e-03	-5.356732928556810769e-03
2.625000000000000000e+00	7.499599365027989628e-03	-5.508188517094067017e-03
2.629999999999999893e+00	7.499588696254062825e-03	-5.654254638004145225e-03
2.634999999999999787e+00	7.499578413539379623e-03	-5.795030323750719435e-03
2.640000000000000124e+00	7.499568509723640759e-03	-5.930613571376240969e-03
2.645000000000000018e+00	7.499558977726961811e-03	-6.061101286699097784e-03
2.649999999999999911e+00	7.499549810545936245e-03	-6.186589339286115846e-03
2.655000000000000249e+00	7.499541001257182052e-03	-6.307172511847070583e-03
2.660000000000000142e+00	7.499532543013710979e-03	-6.422944550905227562e-03
2.665000000000000036e+00	7.499524429048112610e-03	-6.533998121223126218e-03
2.669999999999999929e+00	7.499516652669231502e-03	-6.640424852312136472e-03
2.674999999999999822e+00	7.499509207265002593e-03	-6.742315297723434908e-03
2.680000000000000160e+00	7.499502086299409363e-03	-6.839758977537135909e-03
2.685000000000000053e+00	7.499495283314999185e-03	-6.932844342353491549e-03
2.689999999999999947e+00	7.499488791930108630e-03	-7.021658811900764567e-03
2.695000000000000284e+00	7.499482605841061370e-03	-7.106288743562270450e-03
2.700000000000000178e+00	7.499476718819662359e-03	-7.186819467241196795e-03
2.705000000000000071e+00	7.499471124715083488e-03	-7.263335258260343770e-03
2.709999999999999964e+00	7.499465817451618846e-03	-7.335919368620952112e-03
2.714999999999999858e+00	7.499460791030268525e-03	-7.404654004112941855e-03
2.720000000000000195e+00	7.499456039526744555e-03	-7.469620352103431213e-03
2.725000000000000089e+00	7.499451557092768478e-03	-7.530898562696642165e-03
2.729999999999999982e+00	7.499447337954314070e-03	-7.588567773186281548e-03
2.735000000000000320e+00	7.499443376412628232e-03	-7.642706093105929195e-03
2.740000000000000213e+00	7.499439666842707027e-03	-7.693390625477744722e-03
2.745000000000000107e+00	7.499436203694047690e-03	-7.740697455595968446e-03
2.750000000000000000e+00	7.499432981489346714e-03	-7.784701669202590685e-03
2.754999999999999893e+00	7.499429994825000320e-03	-7.825477344848100550e-03
2.759999999999999787e+00	7.499427238370008110e-03	-7.863097569123173383e-03
2.764999999999999680e+00	7.499424706866233276e-03	-7.897634432442918878e-03
2.770000000000000018e+00	7.499422395127509217e-03	-7.929159041461610047e-03
2.774999999999999911e+00	7.499420298039668163e-03	-7.957741518128664052e-03
2.779999999999999805e+00	7.499418410559837746e-03	-7.983451009411359628e-03
2.785000000000000142e+00	7.499416727716247573e-03	-8.006355689473013126e-03
2.790000000000000036e+00	7.499415244607713152e-03	-8.026522766826577407e-03
2.794999999999999929e+00	7.499413956403229962e-03	-8.044018489487827009e-03
2.799999999999999822e+00	7.499412858341633452e-03	-8.058908149680464247e-03
2.804999999999999716e+00	7.499411945730989279e-03	-8.071256091819453693e-03
2.810000000000000053e+00	7.499411213948421577e-03	-8.081125714886047695e-03
2.814999999999999947e+00	7.499410658439314113e-03	-8.088579483099085296e-03
2.819999999999999840e+00	7.499410274717297278e-03	-8.093678926075936406e-03
2.825000000000000178e+00	7.499410058363265366e-03	-8.096484652052052255e-03
2.830000000000000071e+00	7.499410005025516218e-03	-8.097056345941485572e-03
2.834999999999999964e+00	7.499410110418596766e-03	-8.095452784967677173e-03
2.839999999999999858e+00	7.499410370323584055e-03	-8.091731834734805159e-03
2.844999999999999751e+00	7.499410780586771193e-03	-8.085950467135595565e-03
2.850000000000000089e+00	7.499411337120082816e-03	-8.078164754542104670e-03
2.854999999999999982e+00	7.499412035899604909e-03	-8.068429889859226462e-03
2.859999999999999876e+00	7.499412872966134715e-03	-8.056800178941125185e-03
2.865000000000000213e+00	7.499413844423558767e-03	-8.043329062661874057e-03
2.870000000000000107e+00	7.499414946439526830e-03	-8.028069107661071555e-03
2.875000000000000000e+00	7.499416175243698093e-03	-8.011072030306209957e-03
2.879999999999999893e+00	7.499417527128525267e-03	-7.992388685868320047e-03
2.884999999999999787e+00	7.499418998447371539e-03	-7.972069094253613625e-03
2.890000000000000124e+00	7.499420585615402222e-03	-7.950162427707362783e-03
2.895000000000000018e+00	7.499422285107587224e-03	-7.926717038195642620e-03
2.899999999999999911e+00	7.499424093459692436e-03	-7.901780443732919074e-03
2.905000000000000249e+00	7.499426007266165976e-03	-7.875399357297344430e-03
2.910000000000000142e+00	7.499428023181229329e-03	-7.847619671875111225e-03
2.915000000000000036e+00	7.499430137916656032e-03	-7.818486490796338825e-03
2.919999999999999929e+00	7.499432348242952157e-03	-7.788044111586215137e-03
2.924999999999999822e+00	7.499434650987043920e-03	-7.756336057611467640e-03
2.930000000000000160e+00	7.499437043033528420e-03	-7.723405060825762856e-03
2.935000000000000053e+00	7.499439521322289262e-03	-7.689293094620103242e-03
2.939999999999999947e+00	7.499442082849810606e-03	-7.654041355547054788e-03
2.945000000000000284e+00	7.499444724666713864e-03	-7.617690297271537125e-03
2.950000000000000178e+00	7.499447443879147211e-03	-7.580279611355984597e-03
2.955000000000000071e+00	7.499450237646242481e-03	-7.541848262211128980e-03
2.959999999999999964e+00	7.499453103181572336e-03	-7.502434467021259004e-03
2.964999999999999858e+00	7.499456037750541239e-03	-7.462075731598102717e-03
2.970000000000000195e+00	7.499459038671896401e-03	-7.420808829522643375e-03
2.975000000000000089e+00	7.499462103315064111e-03	-7.378669838808167916e-03
2.979999999999999982e+00	7.499465229101712725e-03	-7.335694120332524569e-03
2.985000000000000320e+00	7.499468413503032616e-03	-7.291916355219846442e-03
2.990000000000000213e+00	7.499471654041352069e-03	-7.247370522634291254e-03
2.995000000000000107e+00	7.499474948287366931e-03	-7.202089937792949259e-03
3.000000000000000000e+00	7.499478293861795535e-03	-7.156107229189652592e-03
3.004999999999999893e+00	7.499481688432578855e-03	-7.109454377155047071e-03
3.009999999999999787e+00	7.499485129716564925e-03	-7.062162690575992524e-03
3.014999999999999680e+00	7.499488615476672566e-03	-7.014262845921798162e-03
3.020000000000000018e+00	7.499492143523617434e-03	-6.965784863522682217e-03
3.024999999999999911e+00	7.499495711713040184e-03	-6.916758146984351187e-03
3.029999999999999805e+00	7.499499317947260282e-03	-6.867211459085877621e-03
3.035000000000000142e+00	7.499502960172386816e-03	-6.817172961508050945e-03
3.040000000000000036e+00	7.499506636380093121e-03	-6.766670190408765814e-03
3.044999999999999929e+00	7.499510344604707647e-03	-6.715730096393604520e-03
3.049999999999999822e+00	7.499514082925010268e-03	-6.664379019824204567e-03
3.054999999999999716e+00	7.499517849461312738e-03	-6.612642730962575363e-03
3.060000000000000053e+00	7.499521642377268010e-03	-6.560546405065465110e-03
3.064999999999999947e+00	7.499525459876942024e-03	-6.508114662637135873e-03
3.069999999999999840e+00	7.499529300206638632e-03	-6.455371544360174671e-03
3.075000000000000178e+00	7.499533161651965318e-03	-6.402340551394230909e-03
3.080000000000000071e+00	7.499537042539665063e-03	-6.349044620191573313e-03
3.084999999999999964e+00	7.499540941234689000e-03	-6.295506162782339016e-03
3.089999999999999858e+00	7.499544856142028280e-03	-6.241747041520502061e-03
3.094999999999999751e+00	7.499548785703791069e-03	-6.187788609299178441e-03
3.100000000000000089e+00	7.499552728401043082e-03	-6.133651684270495681e-03
3.104999999999999982e+00	7.499556682750885446e-03	-6.079356589937344804e-03
3.109999999999999876e+00	7.499560647308299577e-03	-6.024923129888159860e-03
3.115000000000000213e+00	7.499564620663238049e-03	-5.970370627714285082e-03
3.120000000000000107e+00	7.499568601442458196e-03	-5.915717901798821406e-03
3.125000000000000000e+00	7.499572588306639871e-03	-5.860983305011522281e-03
3.129999999999999893e+00	7.499576579952205169e-03	-5.806184699588241328e-03
3.134999999999999787e+00	7.499580575108456132e-03	-5.751339496558117818e-03
3.140000000000000124e+00	7.499584572539391009e-03	-5.696464630748425753e-03
3.145000000000000018e+00	7.499588571040860172e-03	-5.641576599901174452e-03
3.149999999999999911e+00	7.499592569442365894e-03	-5.586691439835902474e-03
3.155000000000000249e+00	7.499596566604252966e-03	-5.531824763215710539e-03
3.160000000000000142e+00	7.499600561419493723e-03	-5.476991734898553968e-03
3.165000000000000036e+00	7.499604552810900347e-03	-5.422207110314949084e-03
3.169999999999999929e+00	7.499608539732898621e-03	-5.367485211036427013e-03
3.174999999999999822e+00	7.499612521168770585e-03	-5.312839962730020460e-03
3.180000000000000160e+00	7.499616496132410944e-03	-5.258284870970371568e-03
3.185000000000000053e+00	7.499620463665600950e-03	-5.203833058738244893e-03
3.189999999999999947e+00	7.499624422839748332e-03	-5.149497242501178268e-03
3.195000000000000284e+00	7.499628372753192398e-03	-5.095289769225595788e-03
3.200000000000000178e+00	7.499632312532927489e-03	-5.041222592749129879e-03
3.205000000000000071e+00	7.499636241331942774e-03	-4.987307310278249126e-03
3.209999999999999964e+00	7.499640158330922284e-03	-4.933555139073438588e-03
3.214999999999999858e+00	7.499644062735623742e-03	-4.879976952406436114e-03
3.220000000000000195e+00	7.499647953778559514e-03	-4.826583256577964345e-03
3.225000000000000089e+00	7.499651830716410131e-03	-4.773384226310905219e-03
3.229999999999999982e+00	7.499655692831680952e-03	-4.720389682118390599e-03
3.235000000000000320e+00	7.499659539430162530e-03	-4.667609125111181478e-03
3.240000000000000213e+00	7.499663369842553447e-03	-4.615051714732718545e-03
3.245000000000000107e+00	7.499667183421975317e-03	-4.562726302961067279e-03
3.250000000000000000e+00	7.499670979545555727e-03	-4.510641412425596408e-03
3.254999999999999893e+00	7.499674757611991815e-03	-4.458805269985800790e-03
3.259999999999999787e+00	7.499678517043117595e-03	-4.407225785243216662e-03
3.264999999999999680e+00	7.499682257281493555e-03	-4.355910583481187141e-03
3.270000000000000018e+00	7.499685977791953166e-03	-4.304866984583884115e-03
3.274999999999999911e+00	7.499689678059249728e-03	-4.254102035323030148e-03
3.279999999999999805e+00	7.499693357589555173e-03	-4.203622488694829136e-03
3.285000000000000142e+00	7.499697015908165891e-03	-4.153434835541202318e-03
3.290000000000000036e+00	7.499700652560969440e-03	-4.103545284314020353e-03
3.294999999999999929e+00	7.499704267112198945e-03	-4.053959792020213511e-03
3.299999999999999822e+00	7.499707859145865983e-03	-4.004684044421379444e-03
3.304999999999999716e+00	7.499711428263563552e-03	-3.955723486293882298e-03
3.310000000000000053e+00	7.499714974085872933e-03	-3.907083302070657113e-03
3.314999999999999947e+00	7.499718496250214368e-03	-3.858768445408653370e-03
3.319999999999999840e+00	7.499721994412218359e-03	-3.810783620278885425e-03
3.325000000000000178e+00	7.499725468243626653e-03	-3.763133309835068295e-03
3.330000000000000071e+00	7.499728917433639251e-03	-3.715821757956669011e-03
3.334999999999999964e+00	7.499732341686858768e-03	-3.668852997414119403e-03
3.339999999999999858e+00	7.499735740724599274e-03	-3.622230831868479203e-03
3.344999999999999751e+00	7.499739114282896572e-03	-3.575958863329941565e-03
3.350000000000000089e+00	7.499742462113774544e-03	-3.530040474616829259e-03
3.354999999999999982e+00	7.499745783983303993e-03	-3.484478856105381953e-03
3.359999999999999876e+00	7.499749079672841240e-03	-3.439276988649973311e-03
3.365000000000000213e+00	7.499752348977139008e-03	-3.394437669623178236e-03
3.370000000000000107e+00	7.499755591705550319e-03	-3.349963496298234353e-03
3.375000000000000000e+00	7.499758807680183617e-03	-3.305856891179724880e-03
3.379999999999999893e+00	7.499761996737082381e-03	-3.262120085848300120e-03
3.384999999999999787e+00	7.499765158724433153e-03	-3.218755145583467384e-03
3.390000000000000124e+00	7.499768293503701784e-03	-3.175763953669816578e-03
3.395000000000000018e+00	7.499771400947896974e-03	-3.133148235314341893e-03
3.399999999999999911e+00	7.499774480942677894e-03	-3.090909542412806268e-03
3.405000000000000249e+00	7.499777533384666302e-03	-3.049049276764937647e-03
3.410000000000000142e+00	7.499780558182515128e-03	-3.007568675298848051e-03
3.415000000000000036e+00	7.499783555255274368e-03	-2.966468832588390475e-03
3.419999999999999929e+00	7.499786524533434522e-03	-2.925750686532836188e-03
3.424999999999999822e+00	7.499789465957331508e-03	-2.885415040181658897e-03
3.430000000000000160e+00	7.499792379478164087e-03	-2.845462547866030745e-03
3.435000000000000053e+00	7.499795265056444747e-03	-2.805893736336976477e-03
3.439999999999999947e+00	7.499798122662985900e-03	-2.766708991344799754e-03
3.445000000000000284e+00	7.499800952277403676e-03	-2.727908578097269516e-03
3.450000000000000178e+00	7.499803753889066824e-03	-2.689492628282525322e-03
3.455000000000000071e+00	7.499806527495653415e-03	-2.651461159854746116e-03
3.459999999999999964e+00	7.499809273104060710e-03	-2.613814064495515160e-03
3.464999999999999858e+00	7.499811990729019981e-03	-2.576551126735119202e-03
3.470000000000000195e+00	7.499814680393973414e-03	-2.539672011846906899e-03
3.475000000000000089e+00	7.499817342129725360e-03	-2.503176284312802220e-03
3.479999999999999982e+00	7.499819975975298425e-03	-2.467063396144905316e-03
3.485000000000000320e+00	7.499822581976635892e-03	-2.431332704704529998e-03
3.490000000000000213e+00	7.499825160187414443e-03	-2.395983461444750433e-03
3.495000000000000107e+00	7.499827710667801225e-03	-2.361014829092638115e-03
3.500000000000000000e+00	7.499830233485234483e-03	-2.326425870806218387e-03
3.504999999999999893e+00	7.499832728713226593e-03	-2.292215566730093201e-03
3.509999999999999787e+00	7.499835196432115200e-03	-2.258382803559877243e-03
3.514999999999999680e+00	7.499837636727908763e-03	-2.224926390482006439e-03
3.520000000000000018e+00	7.499840049693013398e-03	-2.191845049138424657e-03
3.524999999999999911e+00	7.499842435425115722e-03	-2.159137428961415209e-03
3.529999999999999805e+00	7.499844794027887146e-03	-2.126802097531188540e-03
3.535000000000000142e+00	7.499847125609909217e-03	-2.094837555317145134e-03
3.540000000000000036e+00	7.499849430285344953e-03	-2.063242226420619087e-03
3.544999999999999929e+00	7.499851708172909290e-03	-2.032014472734223684e-03
3.549999999999999822e+00	7.499853959396518728e-03	-2.001152585061883021e-03
3.554999999999999716e+00	7.499856184084293005e-03	-1.970654796708281014e-03
3.560000000000000053e+00	7.499858382369183930e-03	-1.940519274968139328e-03
3.564999999999999947e+00	7.499860554388017818e-03	-1.910744134157799697e-03
3.569999999999999840e+00	7.499862700282097436e-03	-1.881327427465470485e-03
3.575000000000000178e+00	7.499864820196281735e-03	-1.852267159437410863e-03
3.580000000000000071e+00	7.499866914279564381e-03	-1.823561278180947263e-03
3.584999999999999964e+00	7.499868982684194246e-03	-1.795207687317724706e-03
3.589999999999999858e+00	7.499871025566220983e-03	-1.767204238530845333e-03
3.594999999999999751e+00	7.499873043084664959e-03	-1.739548742997964635e-03
3.600000000000000089e+00	7.499875035402029863e-03	-1.712238964274190268e-03
3.604999999999999982e+00	7.499877002683511679e-03	-1.685272629217608167e-03
3.609999999999999876e+00	7.499878945097487870e-03	-1.658647421199367991e-03
3.615000000000000213e+00	7.499880862814761913e-03	-1.632360990534681856e-03
3.620000000000000107e+00	7.499882756009031669e-03	-1.606410948011264064e-03
3.625000000000000000e+00	7.499884624856165138e-03	-1.580794874838622284e-03
3.629999999999999893e+00	7.499886469534650622e-03	-1.555510316486445090e-03
3.634999999999999787e+00	7.499888290224902831e-03	-1.530554792165075666e-03
3.640000000000000124e+00	7.499890087109689629e-03	-1.505925788965033251e-03
3.645000000000000018e+00	7.499891860373478908e-03	-1.481620770881715782e-03
3.649999999999999911e+00	7.499893610202836708e-03	-1.457637173247307034e-03
3.655000000000000249e+00	7.499895336785808789e-03	-1.433972411312720583e-03
3.660000000000000142e+00	7.499897040312302268e-03	-1.410623874963376012e-03
3.665000000000000036e+00	7.499898720973488878e-03	-1.387588936871040962e-03
3.669999999999999929e+00	7.499900378962172723e-03	-1.364864947484906426e-03
3.674999999999999822e+00	7.499902014472228234e-03	-1.342449242766315196e-03
3.680000000000000160e+00	7.499903627698941040e-03	-1.320339139446429248e-03
3.685000000000000053e+00	7.499905218838476273e-03	-1.298531942356625363e-03
3.689999999999999947e+00	7.499906788088203831e-03	-1.277024939944386515e-03
3.695000000000000284e+00	7.499908335646193573e-03	-1.255815411211846011e-03
3.700000000000000178e+00	7.499909861711524101e-03	-1.234900621481498572e-03
3.705000000000000071e+00	7.499911366483802237e-03	-1.214277828955642345e-03
3.709999999999999964e+00	7.499912850163456199e-03	-1.193944280723487810e-03
3.714999999999999858e+00	7.499914312951282830e-03	-1.173897218953815066e-03
3.720000000000000195e+00	7.499915755048719955e-03	-1.154133877135313496e-03
3.725000000000000089e+00	7.499917176657425709e-03	-1.134651485914780393e-03
3.729999999999999982e+00	7.499918577979529204e-03	-1.115447269562481591e-03
3.735000000000000320e+00	7.499919959217234144e-03	-1.096518451468113647e-03
3.740000000000000213e+00	7.499921320573062558e-03	-1.077862250823174040e-03
3.745000000000000107e+00	7.499922662249469685e-03	-1.059475887786484128e-03
3.750000000000000000e+00	7.499923984449078165e-03	-1.041356580375795825e-03
3.754999999999999893e+00	7.499925287374323291e-03	-1.023501549314753201e-03
3.759999999999999787e+00	7.499926571227660300e-03	-1.005908015125853497e-03
3.764999999999999680e+00	7.499927836211238256e-03	-9.885732026705161893e-04
3.770000000000000018e+00	7.499929082527095198e-03	-9.714943384357071316e-04
3.774999999999999911e+00	7.499930310376851095e-03	-9.546686547784956258e-04
3.779999999999999805e+00	7.499931519961885659e-03	-9.380933873989183696e-04
3.785000000000000142e+00	7.499932711483057318e-03	-9.217657793002718373e-04
3.790000000000000036e+00	7.499933885140868013e-03	-9.056830784408315300e-04
3.794999999999999929e+00	7.499935041135199522e-03	-8.898425414208180730e-04
3.799999999999999822e+00	7.499936179665466982e-03	-8.742414313057783040e-04
3.804999999999999716e+00	7.499937300930373425e-03	-8.588770210510984424e-04
3.810000000000000053e+00	7.499938405128051162e-03	-8.437465914899015818e-04
3.814999999999999947e+00	7.499939492455837131e-03	-8.288474345056796606e-04
3.819999999999999840e+00	7.499940563110400402e-03	-8.141768511779598266e-04
3.825000000000000178e+00	7.499941617287534008e-03	-7.997321547133232544e-04
3.830000000000000071e+00	7.499942655182278983e-03	-7.855106687419729367e-04
3.834999999999999964e+00	7.499943676988722260e-03	-7.715097300173141522e-04
3.839999999999999858e+00	7.499944682900114637e-03	-7.577266868568854029e-04
3.844999999999999751e+00	7.499945673108688628e-03	-7.441589016203499669e-04
3.850000000000000089e+00	7.499946647805761681e-03	-7.308037492884168242e-04
3.854999999999999982e+00	7.499947607181573113e-03	-7.176586197289100411e-04
3.859999999999999876e+00	7.499948551425373450e-03	-7.047209164073060935e-04
3.865000000000000213e+00	7.499949480725279574e-03	-6.919880584503407478e-04
3.870000000000000107e+00	7.499950395268351055e-03	-6.794574794821624806e-04
3.875000000000000000e+00	7.499951295240464381e-03	-6.671266294945370993e-04
3.879999999999999893e+00	7.499952180826380613e-03	-6.549929738026347408e-04
3.884999999999999787e+00	7.499953052209625687e-03	-6.430539947308513840e-04
3.890000000000000124e+00	7.499953909572558940e-03	-6.313071906825714090e-04
3.895000000000000018e+00	7.499954753096259481e-03	-6.197500776500966058e-04
3.899999999999999911e+00	7.499955582960588646e-03	-6.083801883927363605e-04
3.905000000000000249e+00	7.499956399344091980e-03	-5.971950737795044418e-04
3.910000000000000142e+00	7.499957202424052151e-03	-5.861923020701271863e-04
3.915000000000000036e+00	7.499957992376398742e-03	-5.753694600985012359e-04
3.919999999999999929e+00	7.499958769375757693e-03	-5.647241526513550533e-04
3.924999999999999822e+00	7.499959533595375837e-03	-5.542540035005705029e-04
3.930000000000000160e+00	7.499960285207152993e-03	-5.439566548743894787e-04
3.935000000000000053e+00	7.499961024381585593e-03	-5.338297683461928640e-04
3.939999999999999947e+00	7.499961751287795297e-03	-5.238710243933345466e-04
3.945000000000000284e+00	7.499962466093472620e-03	-5.140781231499514520e-04
3.950000000000000178e+00	7.499963168964903816e-03	-5.044487840486238826e-04
3.955000000000000071e+00	7.499963860066925780e-03	-4.949807464443124012e-04
3.959999999999999964e+00	7.499964539562946862e-03	-4.856717693343795875e-04
3.964999999999999858e+00	7.499965207614908702e-03	-4.765196318607157772e-04
3.970000000000000195e+00	7.499965864383300977e-03	-4.675221331034802781e-04
3.975000000000000089e+00	7.499966510027136248e-03	-4.586770924681466376e-04
3.979999999999999982e+00	7.499967144703956028e-03	-4.499823495488494219e-04
3.985000000000000320e+00	7.499967768569809970e-03	-4.414357644068524363e-04
3.990000000000000213e+00	7.499968381779268008e-03	-4.330352174992365202e-04
3.995000000000000107e+00	7.499968984485399538e-03	-4.247786098552017164e-04
4.000000000000000000e+00	7.499969576839774291e-03	-4.166638630661174394e-04
4.004999999999999893e+00	7.499970158992463193e-03	-4.086889193656371012e-04
4.009999999999999787e+00	7.499970731092028831e-03	-4.008517416773397439e-04
4.014999999999999680e+00	7.499971293285528917e-03	-3.931503136044734326e-04
4.019999999999999574e+00	7.499971845718505017e-03	-3.855826395315327480e-04
4.025000000000000355e+00	7.499972388534995558e-03	-3.781467445292297663e-04
4.030000000000000249e+00	7.499972921877518482e-03	-3.708406745064213045e-04
4.035000000000000142e+00	7.499973445887088593e-03	-3.636624960358410936e-04
4.040000000000000036e+00	7.499973960703201943e-03	-3.566102965530047980e-04
4.044999999999999929e+00	7.499974466463848848e-03	-3.496821841078415248e-04
4.049999999999999822e+00	7.499974963305505206e-03	-3.428762876072142369e-04
4.054999999999999716e+00	7.499975451363147250e-03	-3.361907564975027615e-04
4.059999999999999609e+00	7.499975930770235930e-03	-3.296237610476813887e-04
4.064999999999999503e+00	7.499976401658742936e-03	-3.231734919676021857e-04
4.070000000000000284e+00	7.499976864159126413e-03	-3.168381607286725092e-04
4.075000000000000178e+00	7.499977318400365654e-03	-3.106159991224367281e-04
4.080000000000000071e+00	7.499977764509930742e-03	-3.045052596159928738e-04
4.084999999999999964e+00	7.499978202613823315e-03	-2.985042148552488270e-04
4.089999999999999858e+00	7.499978632836547948e-03	-2.926111580523034711e-04
4.094999999999999751e+00	7.499979055301147710e-03	-2.868244024376443834e-04
4.099999999999999645e+00	7.499979470129177275e-03	-2.811422816768684749e-04
4.105000000000000426e+00	7.499979877440746297e-03	-2.755631492758913890e-04
4.110000000000000320e+00	7.499980277354485574e-03	-2.700853790245848164e-04
4.115000000000000213e+00	7.499980669987594759e-03	-2.647073643586862735e-04
4.120000000000000107e+00	7.499981055455805928e-03	-2.594275188279320139e-04
4.125000000000000000e+00	7.499981433873437360e-03	-2.542442754185940596e-04
4.129999999999999893e+00	7.499981805353351898e-03	-2.491560870437685123e-04
4.134999999999999787e+00	7.499982170007014198e-03	-2.441614258298329928e-04
4.139999999999999680e+00	7.499982527944450833e-03	-2.392587836269075095e-04
4.144999999999999574e+00	7.499982879274304064e-03	-2.344466712627256595e-04
4.150000000000000355e+00	7.499983224103796281e-03	-2.297236190710396937e-04
4.155000000000000249e+00	7.499983562538781179e-03	-2.250881761159297524e-04
4.160000000000000142e+00	7.499983894683711662e-03	-2.205389107363825982e-04
4.165000000000000036e+00	7.499984220641689285e-03	-2.160744097442684000e-04
4.169999999999999929e+00	7.499984540514433029e-03	-2.116932789830998265e-04
4.174999999999999822e+00	7.499984854402332209e-03	-2.073941425023736573e-04
4.179999999999999716e+00	7.499985162404405707e-03	-2.031756431288931502e-04
4.185000000000000497e+00	7.499985464618367896e-03	-1.990364416202358873e-04
4.190000000000000391e+00	7.499985761140582664e-03	-1.949752172469716694e-04
4.195000000000000284e+00	7.499986052066125002e-03	-1.909906669279005866e-04
4.200000000000000178e+00	7.499986337488743701e-03	-1.870815058215134113e-04
4.205000000000000071e+00	7.499986617500920341e-03	-1.832464664453651887e-04
4.209999999999999964e+00	7.499986892193824181e-03	-1.794842992755182041e-04
4.214999999999999858e+00	7.499987161657385888e-03	-1.757937718523767609e-04
4.219999999999999751e+00	7.499987425980242893e-03	-1.721736693865195955e-04
4.224999999999999645e+00	7.499987685249812248e-03	-1.686227938532471353e-04
4.230000000000000426e+00	7.499987939552244659e-03	-1.651399646035367139e-04
4.235000000000000320e+00	7.499988188972488666e-03	-1.617240174494012704e-04
4.240000000000000213e+00	7.499988433594247279e-03	-1.583738052787748518e-04
4.245000000000000107e+00	7.499988673500049101e-03	-1.550881971334845070e-04
4.250000000000000000e+00	7.499988908771197151e-03	-1.518660788269994111e-04
4.254999999999999893e+00	7.499989139487836520e-03	-1.487063520168401248e-04
4.259999999999999787e+00	7.499989365728917078e-03	-1.456079348240446342e-04
4.264999999999999680e+00	7.499989587572251579e-03	-1.425697609018840046e-04
4.269999999999999574e+00	7.499989805094476637e-03	-1.395907800560059646e-04
4.275000000000000355e+00	7.499990018371119511e-03	-1.366699573109249105e-04
4.280000000000000249e+00	7.499990227476550399e-03	-1.338062735299442316e-04
4.285000000000000142e+00	7.499990432484054427e-03	-1.309987244810277768e-04
4.290000000000000036e+00	7.499990633465783083e-03	-1.282463214556658969e-04
4.294999999999999929e+00	7.499990830492825333e-03	-1.255480903353965098e-04
4.299999999999999822e+00	7.499991023635158190e-03	-1.229030722087435135e-04
4.304999999999999716e+00	7.499991212961720430e-03	-1.203103224398378694e-04
4.309999999999999609e+00	7.499991398540363161e-03	-1.177689112827577515e-04
4.314999999999999503e+00	7.499991580437920073e-03	-1.152779229533530816e-04
4.320000000000000284e+00	7.499991758720161474e-03	-1.128364562402576658e-04
4.325000000000000178e+00	7.499991933451861069e-03	-1.104436235811131101e-04
4.330000000000000071e+00	7.499992104696753467e-03	-1.080985516695489310e-04
4.334999999999999964e+00	7.499992272517600964e-03	-1.058003805369262668e-04
4.339999999999999858e+00	7.499992436976148438e-03	-1.035482641548090210e-04
4.344999999999999751e+00	7.499992598133191010e-03	-1.013413695229250399e-04
4.349999999999999645e+00	7.499992756048528934e-03	-9.917887726661414756e-05
4.355000000000000426e+00	7.499992910781034389e-03	-9.705998073219568398e-05
4.360000000000000320e+00	7.499993062388609841e-03	-9.498388657883063589e-05
4.365000000000000213e+00	7.499993210928249630e-03	-9.294981388187799679e-05
4.370000000000000107e+00	7.499993356456002673e-03	-9.095699471875154244e-05
4.375000000000000000e+00	7.499993499027031441e-03	-8.900467328124097080e-05
4.379999999999999893e+00	7.499993638695573797e-03	-8.709210645495017353e-05
4.384999999999999787e+00	7.499993775515003715e-03	-8.521856294104104151e-05
4.389999999999999680e+00	7.499993909537795711e-03	-8.338332382896562062e-05
4.394999999999999574e+00	7.499994040815577759e-03	-8.158568172838060102e-05
4.400000000000000355e+00	7.499994169399101795e-03	-7.982494133479909064e-05
4.405000000000000249e+00	7.499994295338296632e-03	-7.810041857221328143e-05
4.410000000000000142e+00	7.499994418682233259e-03	-7.641144115137250966e-05
4.415000000000000036e+00	7.499994539479182959e-03	-7.475734772358181039e-05
4.419999999999999929e+00	7.499994657776580011e-03	-7.313748843144156071e-05
4.424999999999999822e+00	7.499994773621081537e-03	-7.155122407424518148e-05
4.429999999999999716e+00	7.499994887058524136e-03	-6.999792665090826937e-05
4.435000000000000497e+00	7.499994998133992403e-03	-6.847697853742526952e-05
4.440000000000000391e+00	7.499995106891769493e-03	-6.698777302185074162e-05
4.445000000000000284e+00	7.499995213375406505e-03	-6.552971349406531856e-05
4.450000000000000178e+00	7.499995317627673914e-03	-6.410221397268256666e-05
4.455000000000000071e+00	7.499995419690629224e-03	-6.270469830744320263e-05
4.459999999999999964e+00	7.499995519605571863e-03	-6.133660069791759266e-05
4.464999999999999858e+00	7.499995617413105636e-03	-5.999736490877690987e-05
4.469999999999999751e+00	7.499995713153097092e-03	-5.868644478020526790e-05
4.474999999999999645e+00	7.499995806864735368e-03	-5.740330345622284296e-05
4.480000000000000426e+00	7.499995898586493161e-03	-5.614741388677435015e-05
4.485000000000000320e+00	7.499995988356183974e-03	-5.491825806933033533e-05
4.490000000000000213e+00	7.499996076210922215e-03	-5.371532754257618130e-05
4.495000000000000107e+00	7.499996162187184782e-03	-5.253812264135347747e-05
4.500000000000000000e+00	7.499996246320768563e-03	-5.138615298197067756e-05
4.504999999999999893e+00	7.499996328646845942e-03	-5.025893673060649261e-05
4.509999999999999787e+00	7.499996409199931845e-03	-4.915600108021428205e-05
4.514999999999999680e+00	7.499996488013936646e-03	-4.807688153248981198e-05
4.519999999999999574e+00	7.499996565122126271e-03	-4.702112236639736551e-05
4.525000000000000355e+00	7.499996640557179441e-03	-4.598827593365887776e-05
4.530000000000000249e+00	7.499996714351152977e-03	-4.497790311905869694e-05
4.535000000000000142e+00	7.499996786535532110e-03	-4.398957264931552144e-05
4.540000000000000036e+00	7.499996857141191450e-03	-4.302286154521860559e-05
4.544999999999999929e+00	7.499996926198456565e-03	-4.207735444409759770e-05
4.549999999999999822e+00	7.499996993737060615e-03	-4.115264404375716981e-05
4.554999999999999716e+00	7.499997059786198995e-03	-4.024833043834474854e-05
4.559999999999999609e+00	7.499997124374493777e-03	-3.936402155431068873e-05
4.564999999999999503e+00	7.499997187530044879e-03	-3.849933249953703694e-05
4.570000000000000284e+00	7.499997249280394504e-03	-3.765388599143756464e-05
4.575000000000000178e+00	7.499997309652578319e-03	-3.682731171940104936e-05
4.580000000000000071e+00	7.499997368673089887e-03	-3.601924676504712547e-05
4.584999999999999964e+00	7.499997426367932714e-03	-3.522933497765882234e-05
4.589999999999999858e+00	7.499997482762582081e-03	-3.445722738692352533e-05
4.594999999999999751e+00	7.499997537882035353e-03	-3.370258159139314491e-05
4.599999999999999645e+00	7.499997591750783357e-03	-3.296506216376975112e-05
4.605000000000000426e+00	7.499997644392847676e-03	-3.224434005193092763e-05
4.610000000000000320e+00	7.499997695831757231e-03	-3.154009297704869427e-05
4.615000000000000213e+00	7.499997746090589917e-03	-3.085200484727379565e-05
4.620000000000000107e+00	7.499997795191942242e-03	-3.017976614868560445e-05
4.625000000000000000e+00	7.499997843157974430e-03	-2.952307337127622289e-05
4.629999999999999893e+00	7.499997890010378331e-03	-2.888162939318125654e-05
4.634999999999999787e+00	7.499997935770422522e-03	-2.825514291872972730e-05
4.639999999999999680e+00	7.499997980458920216e-03	-2.764332885598555698e-05
4.644999999999999574e+00	7.499998024096275230e-03	-2.704590776663250249e-05
4.650000000000000355e+00	7.499998066702447293e-03	-2.646260623711028473e-05
4.655000000000000249e+00	7.499998108296999748e-03	-2.589315634019909523e-05
4.660000000000000142e+00	7.499998148899067463e-03	-2.533729599997751759e-05
4.665000000000000036e+00	7.499998188527395859e-03	-2.479476846464513177e-05
4.669999999999999929e+00	7.499998227200315760e-03	-2.426532266555124560e-05
4.674999999999999822e+00	7.499998264935781554e-03	-2.374871270110278867e-05
4.679999999999999716e+00	7.499998301751344305e-03	-2.324469819008759928e-05
4.685000000000000497e+00	7.499998337664188185e-03	-2.275304376639094322e-05
4.690000000000000391e+00	7.499998372691107917e-03	-2.227351942679951717e-05
4.695000000000000284e+00	7.499998406848541743e-03	-2.180590003621958356e-05
4.700000000000000178e+00	7.499998440152545395e-03	-2.134996567035728858e-05
4.705000000000000071e+00	7.499998472618831999e-03	-2.090550113106082287e-05
4.709999999999999964e+00	7.499998504262746918e-03	-2.047229628403934227e-05
4.714999999999999858e+00	7.499998535099295510e-03	-2.005014558404327732e-05
4.719999999999999751e+00	7.499998565143127516e-03	-1.963884840803348762e-05
4.724999999999999645e+00	7.499998594408566546e-03	-1.923820858981719326e-05
4.730000000000000426e+00	7.499998622909584932e-03	-1.884803474890296343e-05
4.735000000000000320e+00	7.499998650659841885e-03	-1.846813983422955664e-05
4.740000000000000213e+00	7.499998677672655746e-03	-1.809834144900877178e-05
4.745000000000000107e+00	7.499998703961036940e-03	-1.773846140336000291e-05
4.750000000000000000e+00	7.499998729537665429e-03	-1.738832603534600928e-05
4.754999999999999893e+00	7.499998754414923668e-03	-1.704776577193300774e-05
4.759999999999999787e+00	7.499998778604871456e-03	-1.671661544672456944e-05
4.764999999999999680e+00	7.499998802119278891e-03	-1.639471386906549019e-05
4.769999999999999574e+00	7.499998824969603822e-03	-1.608190413857179182e-05
4.775000000000000355e+00	7.499998847167017868e-03	-1.577803322196302615e-05
4.780000000000000249e+00	7.499998868722391673e-03	-1.548295226481176873e-05
4.785000000000000142e+00	7.499998889646320929e-03	-1.519651617569975935e-05
4.790000000000000036e+00	7.499998909949101220e-03	-1.491858393552632472e-05
4.794999999999999929e+00	7.499998929640762715e-03	-1.464901818864295409e-05
4.799999999999999822e+00	7.499998948731045022e-03	-1.438768554990640011e-05
4.804999999999999716e+00	7.499998967229428402e-03	-1.413445620246208876e-05
4.809999999999999609e+00	7.499998985145109494e-03	-1.388920420304609642e-05
4.814999999999999503e+00	7.499999002487029061e-03	-1.365180708594725692e-05
4.820000000000000284e+00	7.499999019263854649e-03	-1.342214616676830437e-05
4.825000000000000178e+00	7.499999035484005740e-03	-1.320010615222666297e-05
4.830000000000000071e+00	7.499999051155630328e-03	-1.298557544278653223e-05
4.834999999999999964e+00	7.499999066286637886e-03	-1.277844574789545819e-05
4.839999999999999858e+00	7.499999080884669871e-03	-1.257861238773054250e-05
4.844999999999999751e+00	7.499999094957136153e-03	-1.238597391350364177e-05
4.849999999999999645e+00	7.499999108511186396e-03	-1.220043240883572076e-05
4.855000000000000426e+00	7.499999121553739545e-03	-1.202189311460255833e-05
4.860000000000000320e+00	7.499999134091463876e-03	-1.185026473023943718e-05
4.865000000000000213e+00	7.499999146130800418e-03	-1.168545904278419967e-05
4.870000000000000107e+00	7.499999157677943000e-03	-1.152739122846632033e-05
4.875000000000000000e+00	7.499999168738865143e-03	-1.137597948556385800e-05
4.879999999999999893e+00	7.499999179319298374e-03	-1.123114533656151598e-05
4.884999999999999787e+00	7.499999189424756511e-03	-1.109281326445676988e-05
4.889999999999999680e+00	7.499999199060516583e-03	-1.096091101592350498e-05
4.894999999999999574e+00	7.499999208231642248e-03	-1.083536924057469562e-05
4.900000000000000355e+00	7.499999216942962975e-03	-1.071612179551564757e-05
4.905000000000000249e+00	7.499999225199101803e-03	-1.060310538714828108e-05
4.910000000000000142e+00	7.499999233004450185e-03	-1.049625987746787032e-05
4.915000000000000036e+00	7.499999240363195742e-03	-1.039552792796420388e-05
4.919999999999999929e+00	7.499999247279297981e-03	-1.030085530813251238e-05
4.924999999999999822e+00	7.499999253756516049e-03	-1.021219054108172568e-05
4.929999999999999716e+00	7.499999259798385311e-03	-1.012948521450580583e-05
4.935000000000000497e+00	7.499999265408243375e-03	-1.005269362760887119e-05
4.940000000000000391e+00	7.499999270589206672e-03	-9.981773105001903322e-06
4.945000000000000284e+00	7.499999275344197344e-03	-9.916683644472244400e-06
4.950000000000000178e+00	7.499999279675917223e-03	-9.857388234172595820e-06
4.955000000000000071e+00	7.499999283586876453e-03	-9.803852500784429927e-06
4.959999999999999964e+00	7.499999287079370074e-03	-9.756045030461724791e-06
4.964999999999999858e+00	7.499999290155500570e-03	-9.713937016956520311e-06
4.969999999999999751e+00	7.499999292817158790e-03	-9.677502586732423406e-06
4.974999999999999645e+00	7.499999295066043896e-03	-9.646718446536004673e-06
4.980000000000000426e+00	7.499999296903646882e-03	-9.621564213066819055e-06
4.985000000000000320e+00	7.499999298331267925e-03	-9.602022059693150150e-06
4.990000000000000213e+00	7.499999299349999031e-03	-9.588077051055697944e-06
4.995000000000000107e+00	7.499999299960745727e-03	-9.579716788337758058e-06
5.000000000000000000e+00	7.499999300164202770e-03	-9.576931749384220524e-06
