# coordinate_x	h	p	@time=201.29
0.000000000000000000e+00	2.703838333062476007e-01	5.730663343398048060e-01
5.000000000000000104e-03	2.703802562125655062e-01	5.730663271795157776e-01
1.000000000000000021e-02	2.703695249329669537e-01	5.730663056963445356e-01
1.499999999999999944e-02	2.703516394690110292e-01	5.730662698878093986e-01
2.000000000000000042e-02	2.703265998244849255e-01	5.730662197478821884e-01
2.500000000000000139e-02	2.702944060037309471e-01	5.730661552696495464e-01
2.999999999999999889e-02	2.702550580132687674e-01	5.730660764427326637e-01
3.500000000000000333e-02	2.702085558601655668e-01	5.730659832558775424e-01
4.000000000000000083e-02	2.701548995536697806e-01	5.730658756943580734e-01
4.499999999999999833e-02	2.700940891035808478e-01	5.730657537425639658e-01
5.000000000000000278e-02	2.700261245218869011e-01	5.730656173814012710e-01
5.500000000000000028e-02	2.699510058211320729e-01	5.730654665908788692e-01
5.999999999999999778e-02	2.698687330160586262e-01	5.730653013475064395e-01
6.500000000000000222e-02	2.697793061219714850e-01	5.730651216268802806e-01
7.000000000000000666e-02	2.696827251563859162e-01	5.730649274010786165e-01
7.500000000000001110e-02	2.695789901373872866e-01	5.730647186412464178e-01
8.000000000000000167e-02	2.694681010852855163e-01	5.730644953149880427e-01
8.499999999999999223e-02	2.693500580209701178e-01	5.730642573889509483e-01
8.999999999999999667e-02	2.692248609675713111e-01	5.730640048262162223e-01
9.500000000000000111e-02	2.690925099488097327e-01	5.730637375888810725e-01
1.000000000000000056e-01	2.689530049906653786e-01	5.730634556354462505e-01
1.050000000000000100e-01	2.688063461197208182e-01	5.730631589233985412e-01
1.100000000000000006e-01	2.686525333648389635e-01	5.730628474065943001e-01
1.149999999999999911e-01	2.684915667554990670e-01	5.730625210378417211e-01
1.199999999999999956e-01	2.683234463234840383e-01	5.730621797662811545e-01
1.250000000000000000e-01	2.681481721012082819e-01	5.730618235399665972e-01
1.300000000000000044e-01	2.679657441234157833e-01	5.730614523032426799e-01
1.350000000000000089e-01	2.677761624254987871e-01	5.730610659993257139e-01
1.400000000000000133e-01	2.675794270452075962e-01	5.730606645676772359e-01
1.450000000000000178e-01	2.673755380209588139e-01	5.730602479465838339e-01
1.499999999999999944e-01	2.671644953935586320e-01	5.730598160705279165e-01
1.549999999999999989e-01	2.669462992044990823e-01	5.730593688727663171e-01
1.600000000000000033e-01	2.667209494976958140e-01	5.730589062826977331e-01
1.650000000000000078e-01	2.664884463177719098e-01	5.730584282284402198e-01
1.700000000000000122e-01	2.662487897118105962e-01	5.730579346341950764e-01
1.749999999999999889e-01	2.660019797276262365e-01	5.730574254228234521e-01
1.799999999999999933e-01	2.657480164155325286e-01	5.730569005132067906e-01
1.849999999999999978e-01	2.654868998265997315e-01	5.730563598228215483e-01
1.900000000000000022e-01	2.652186300144400155e-01	5.730558032650968636e-01
1.950000000000000067e-01	2.649432070334493683e-01	5.730552307519867217e-01
2.000000000000000111e-01	2.646606309406109858e-01	5.730546421913254029e-01
2.050000000000000155e-01	2.643709017937214689e-01	5.730540374893969835e-01
2.099999999999999922e-01	2.640740196532134765e-01	5.730534165482874531e-01
2.149999999999999967e-01	2.637699845803643806e-01	5.730527792684523281e-01
2.200000000000000011e-01	2.634587966391397362e-01	5.730521255460653274e-01
2.250000000000000056e-01	2.631404558943836736e-01	5.730514552755833213e-01
2.300000000000000100e-01	2.628149624136840168e-01	5.730507683470920099e-01
2.349999999999999867e-01	2.624823162655431363e-01	5.730500646488673189e-01
2.399999999999999911e-01	2.621425175212667713e-01	5.730493440647196346e-01
2.449999999999999956e-01	2.617955662531134542e-01	5.730486064765497600e-01
2.500000000000000000e-01	2.614414625362083688e-01	5.730478517616915957e-01
2.550000000000000044e-01	2.610802064466705152e-01	5.730470797954632101e-01
2.600000000000000089e-01	2.607117980635528798e-01	5.730462904485079667e-01
2.650000000000000133e-01	2.603362374669459522e-01	5.730454835893401544e-01
2.700000000000000178e-01	2.599535247399457627e-01	5.730446590816844488e-01
2.750000000000000222e-01	2.595636599667325850e-01	5.730438167870146593e-01
2.800000000000000266e-01	2.591666432345681725e-01	5.730429565618938570e-01
2.850000000000000311e-01	2.587624746318481495e-01	5.730420782605040175e-01
2.899999999999999800e-01	2.583511542501303881e-01	5.730411817319873702e-01
2.949999999999999845e-01	2.579326821821594784e-01	5.730402668229661600e-01
2.999999999999999889e-01	2.575070585239278009e-01	5.730393333748858842e-01
3.049999999999999933e-01	2.570742833726709642e-01	5.730383812265239518e-01
3.099999999999999978e-01	2.566343568289630173e-01	5.730374102113358070e-01
3.150000000000000022e-01	2.561872789946811890e-01	5.730364201599504881e-01
3.200000000000000067e-01	2.557330499751375164e-01	5.730354108975205252e-01
3.250000000000000111e-01	2.552716698770110537e-01	5.730343822462036218e-01
3.300000000000000155e-01	2.548031388105177486e-01	5.730333340225174377e-01
3.350000000000000200e-01	2.543274568873082897e-01	5.730322660398043944e-01
3.400000000000000244e-01	2.538446242226787275e-01	5.730311781055935638e-01
3.449999999999999734e-01	2.533546409334319072e-01	5.730300700240463785e-01
3.499999999999999778e-01	2.528575071401309438e-01	5.730289415933271790e-01
3.549999999999999822e-01	2.523532229649224079e-01	5.730277926080272755e-01
3.599999999999999867e-01	2.518417885338349871e-01	5.730266228565455977e-01
3.649999999999999911e-01	2.513232039745626478e-01	5.730254321234893311e-01
3.699999999999999956e-01	2.507974694188102038e-01	5.730242201870660024e-01
3.750000000000000000e-01	2.502645850000349004e-01	5.730229868214576916e-01
3.800000000000000044e-01	2.497245508558418314e-01	5.730217317942275512e-01
3.850000000000000089e-01	2.491773671256807821e-01	5.730204548686631538e-01
3.900000000000000133e-01	2.486230339532946865e-01	5.730191558012001085e-01
3.950000000000000178e-01	2.480615514843697578e-01	5.730178343437321020e-01
4.000000000000000222e-01	2.474929198690393461e-01	5.730164902410533889e-01
4.050000000000000266e-01	2.469171392594848857e-01	5.730151232331315292e-01
4.099999999999999756e-01	2.463342098124984836e-01	5.730137330525718609e-01
4.149999999999999800e-01	2.457441316870319636e-01	5.730123194268486042e-01
4.199999999999999845e-01	2.451469050468214339e-01	5.730108820757949806e-01
4.249999999999999889e-01	2.445425300578817074e-01	5.730094207137875761e-01
4.299999999999999933e-01	2.439310068911961782e-01	5.730079350472659927e-01
4.349999999999999978e-01	2.433123357201537607e-01	5.730064247768642538e-01
4.400000000000000022e-01	2.426865167233077103e-01	5.730048895949654275e-01
4.450000000000000067e-01	2.420535500817521946e-01	5.730033291877739687e-01
4.500000000000000111e-01	2.414134359819535558e-01	5.730017432329088667e-01
4.550000000000000155e-01	2.407661746130635438e-01	5.730001314014111502e-01
4.600000000000000200e-01	2.401117661698272121e-01	5.729984933553810000e-01
4.649999999999999689e-01	2.394502108498290927e-01	5.729968287499128676e-01
4.699999999999999734e-01	2.387815088564822497e-01	5.729951372307817703e-01
4.749999999999999778e-01	2.381056603962038720e-01	5.729934184362985850e-01
4.799999999999999822e-01	2.374226656814899805e-01	5.729916719950522985e-01
4.849999999999999867e-01	2.367325249280165245e-01	5.729898975276754847e-01
4.899999999999999911e-01	2.360352383578050162e-01	5.729880946446500589e-01
4.949999999999999956e-01	2.353308061962448017e-01	5.729862629479739455e-01
5.000000000000000000e-01	2.346192286753548961e-01	5.729844020290371098e-01
5.050000000000000044e-01	2.339005060307232653e-01	5.729825114701785349e-01
5.100000000000000089e-01	2.331746385048703019e-01	5.729805908426421901e-01
5.150000000000000133e-01	2.324416263441008434e-01	5.729786397080119942e-01
5.200000000000000178e-01	2.317014698019750629e-01	5.729766576162564906e-01
5.250000000000000222e-01	2.309541691360682825e-01	5.729746441070295848e-01
5.300000000000000266e-01	2.301997246115560225e-01	5.729725987078144733e-01
5.350000000000000311e-01	2.294381364978761439e-01	5.729705209350749451e-01
5.400000000000000355e-01	2.286694050724351890e-01	5.729684102925107769e-01
5.450000000000000400e-01	2.278935306171672170e-01	5.729662662720437227e-01
5.500000000000000444e-01	2.271105134223687927e-01	5.729640883521969208e-01
5.550000000000000488e-01	2.263203537831487699e-01	5.729618759988985843e-01
5.600000000000000533e-01	2.255230520033997266e-01	5.729596286639986324e-01
5.649999999999999467e-01	2.247186083921324240e-01	5.729573457858705421e-01
5.699999999999999512e-01	2.239070232675925143e-01	5.729550267880829661e-01
5.749999999999999556e-01	2.230882969534726534e-01	5.729526710797765432e-01
5.799999999999999600e-01	2.222624297831837514e-01	5.729502780545070451e-01
5.849999999999999645e-01	2.214294220959376336e-01	5.729478470903759391e-01
5.899999999999999689e-01	2.205892742411827701e-01	5.729453775490628287e-01
5.949999999999999734e-01	2.197419865745495471e-01	5.729428687756824568e-01
5.999999999999999778e-01	2.188875594624615784e-01	5.729403200980303090e-01
6.049999999999999822e-01	2.180259932779351206e-01	5.729377308261355273e-01
6.099999999999999867e-01	2.171572884053774022e-01	5.729351002517424352e-01
6.149999999999999911e-01	2.162814452362315509e-01	5.729324276475281641e-01
6.199999999999999956e-01	2.153984641739745687e-01	5.729297122668474129e-01
6.250000000000000000e-01	2.145083456295978630e-01	5.729269533425774830e-01
6.300000000000000044e-01	2.136110900268186619e-01	5.729241500871551374e-01
6.350000000000000089e-01	2.127066977973859907e-01	5.729213016910101874e-01
6.400000000000000133e-01	2.117951693865202933e-01	5.729184073229270924e-01
6.450000000000000178e-01	2.108765052480334190e-01	5.729154661280220218e-01
6.500000000000000222e-01	2.099507058500128254e-01	5.729124772284659439e-01
6.550000000000000266e-01	2.090177716697437238e-01	5.729094397209556488e-01
6.600000000000000311e-01	2.080777031996550452e-01	5.729063526778386262e-01
6.650000000000000355e-01	2.071305009420308096e-01	5.729032151440228704e-01
6.700000000000000400e-01	2.061761654152374224e-01	5.729000261385492898e-01
6.750000000000000444e-01	2.052146971482096405e-01	5.728967846508777884e-01
6.800000000000000488e-01	2.042460966869802663e-01	5.728934896429579426e-01
6.850000000000000533e-01	2.032703645889256394e-01	5.728901400448239700e-01
6.899999999999999467e-01	2.022875014296205698e-01	5.728867347572184077e-01
6.949999999999999512e-01	2.012975077968267024e-01	5.728832726464184733e-01
6.999999999999999556e-01	2.003003842976976423e-01	5.728797525474778052e-01
7.049999999999999600e-01	1.992961315524924004e-01	5.728761732581975075e-01
7.099999999999999645e-01	1.982847502021582164e-01	5.728725335430558951e-01
7.149999999999999689e-01	1.972662409017494067e-01	5.728688321262277450e-01
7.199999999999999734e-01	1.962406043284181112e-01	5.728650676962818711e-01
7.249999999999999778e-01	1.952078411745173103e-01	5.728612388981401127e-01
7.299999999999999822e-01	1.941679521560326360e-01	5.728573443386314468e-01
7.349999999999999867e-01	1.931209380053465208e-01	5.728533825772683663e-01
7.399999999999999911e-01	1.920667994801475709e-01	5.728493521327586713e-01
7.449999999999999956e-01	1.910055373558305070e-01	5.728452514724619027e-01
7.500000000000000000e-01	1.899371524349235396e-01	5.728410790199700564e-01
7.550000000000000044e-01	1.888616455390965398e-01	5.728368331430908622e-01
7.600000000000000089e-01	1.877790175191509925e-01	5.728325121626236527e-01
7.650000000000000133e-01	1.866892692466062265e-01	5.728281143386952934e-01
7.700000000000000178e-01	1.855924016243014063e-01	5.728236378808744256e-01
7.750000000000000222e-01	1.844884155775266543e-01	5.728190809326620947e-01
7.800000000000000266e-01	1.833773120652922306e-01	5.728144415831063485e-01
7.850000000000000311e-01	1.822590920709679374e-01	5.728097178492251862e-01
7.900000000000000355e-01	1.811337566142804667e-01	5.728049076893034774e-01
7.950000000000000400e-01	1.800013067414216184e-01	5.728000089829944352e-01
8.000000000000000444e-01	1.788617435378417608e-01	5.727950195465074668e-01
8.050000000000000488e-01	1.777150681177825098e-01	5.727899371101005110e-01
8.100000000000000533e-01	1.765612816379425187e-01	5.727847593353927458e-01
8.149999999999999467e-01	1.754003852863866841e-01	5.727794837899217173e-01
8.199999999999999512e-01	1.742323802971686431e-01	5.727741079668480229e-01
8.249999999999999556e-01	1.730572679385632417e-01	5.727686292562038650e-01
8.299999999999999600e-01	1.718750495287415248e-01	5.727630449672942436e-01
8.349999999999999645e-01	1.706857264232668481e-01	5.727573522962110530e-01
8.399999999999999689e-01	1.694893000319298293e-01	5.727515483512786165e-01
8.449999999999999734e-01	1.682857718054427409e-01	5.727456301163440511e-01
8.499999999999999778e-01	1.670751432535551306e-01	5.727395944796659366e-01
8.549999999999999822e-01	1.658574159308740248e-01	5.727334381924205076e-01
8.599999999999999867e-01	1.646325914563966930e-01	5.727271579014882041e-01
8.649999999999999911e-01	1.634006714983756436e-01	5.727207501025328718e-01
8.699999999999999956e-01	1.621616577954238803e-01	5.727142111772091093e-01
8.750000000000000000e-01	1.609155521403343725e-01	5.727075373400707381e-01
8.800000000000000044e-01	1.596623564029333586e-01	5.727007246808024643e-01
8.850000000000000089e-01	1.584020725127541773e-01	5.726937691040991929e-01
8.900000000000000133e-01	1.571347024838390949e-01	5.726866663776168931e-01
8.950000000000000178e-01	1.558602483961548379e-01	5.726794120638277752e-01
9.000000000000000222e-01	1.545787124225719011e-01	5.726720015744947156e-01
9.050000000000000266e-01	1.532900968088959648e-01	5.726644300933468879e-01
9.100000000000000311e-01	1.519944039032872229e-01	5.726566926380101119e-01
9.150000000000000355e-01	1.506916361347661326e-01	5.726487839721562390e-01
9.200000000000000400e-01	1.493817960453742710e-01	5.726406986759737805e-01
9.250000000000000444e-01	1.480648862669957100e-01	5.726324310462180822e-01
9.300000000000000488e-01	1.467409095566076238e-01	5.726239751764856667e-01
9.350000000000000533e-01	1.454098687712371829e-01	5.726153248433217824e-01
9.399999999999999467e-01	1.440717669067054785e-01	5.726064735977766107e-01
9.449999999999999512e-01	1.427266070705173473e-01	5.725974146354012584e-01
9.499999999999999556e-01	1.413743925245663224e-01	5.725881409008211076e-01
9.549999999999999600e-01	1.400151266557278229e-01	5.725786449390608546e-01
9.599999999999999645e-01	1.386488130230714988e-01	5.725689190151753705e-01
9.649999999999999689e-01	1.372754553258971055e-01	5.725589549438760972e-01
9.699999999999999734e-01	1.358950574560935931e-01	5.725487442266266047e-01
9.749999999999999778e-01	1.345076234633206802e-01	5.725382778559728880e-01
9.799999999999999822e-01	1.331131576132670580e-01	5.725275464729567831e-01
9.849999999999999867e-01	1.317116643496395179e-01	5.725165401418563782e-01
9.899999999999999911e-01	1.303031483592076434e-01	5.725052485313103512e-01
9.949999999999999956e-01	1.288876145302138843e-01	5.724936606543282736e-01
1.000000000000000000e+00	1.274650680252583101e-01	5.724817650771739652e-01
1.004999999999999893e+00	1.260355142356870128e-01	5.724695496184613042e-01
1.010000000000000009e+00	1.245989588635717654e-01	5.724570015906502718e-01
1.015000000000000124e+00	1.231554078715682149e-01	5.724441074507558014e-01
1.020000000000000018e+00	1.217048675754952569e-01	5.724308530802975081e-01
1.024999999999999911e+00	1.202473445890772236e-01	5.724172233785490560e-01
1.030000000000000027e+00	1.187828459289342331e-01	5.724032025880051444e-01
1.035000000000000142e+00	1.173113789535348700e-01	5.723887738191003605e-01
1.040000000000000036e+00	1.158329514827902973e-01	5.723739194297746691e-01
1.044999999999999929e+00	1.143475717304380801e-01	5.723586204680818357e-01
1.050000000000000044e+00	1.128552484409131307e-01	5.723428571163280409e-01
1.055000000000000160e+00	1.113559908142610216e-01	5.723266080348213825e-01
1.060000000000000053e+00	1.098498086635621568e-01	5.723098508834394416e-01
1.064999999999999947e+00	1.083367123313289659e-01	5.722925615457341575e-01
1.070000000000000062e+00	1.068167128715268588e-01	5.722747147437984294e-01
1.075000000000000178e+00	1.052898219562444782e-01	5.722562831167697928e-01
1.080000000000000071e+00	1.037560520873348630e-01	5.722372379486999616e-01
1.084999999999999964e+00	1.022154164919524683e-01	5.722175480688259652e-01
1.090000000000000080e+00	1.006679293701064626e-01	5.721971807170642688e-01
1.095000000000000195e+00	9.911360577743426326e-02	5.721761002247299777e-01
1.100000000000000089e+00	9.755246191660590926e-02	5.721542690486299820e-01
1.104999999999999982e+00	9.598451500544713522e-02	5.721316461795112884e-01
1.110000000000000098e+00	9.440978362229919540e-02	5.721081883839970184e-01
1.115000000000000213e+00	9.282828755731759030e-02	5.720838482729508900e-01
1.120000000000000107e+00	9.124004822476257381e-02	5.720585758013604361e-01
1.125000000000000000e+00	8.964508849498246945e-02	5.720323159086238007e-01
1.129999999999999893e+00	8.804343319046170624e-02	5.720050103408751418e-01
1.134999999999999787e+00	8.643510889566784205e-02	5.719765947479372725e-01
1.139999999999999902e+00	8.482014455890227178e-02	5.719470009118438059e-01
1.145000000000000018e+00	8.319857127687213527e-02	5.719161531479640681e-01
1.149999999999999911e+00	8.157042303155281893e-02	5.718839710495121631e-01
1.154999999999999805e+00	7.993573644609627826e-02	5.718503649888815321e-01
1.159999999999999920e+00	7.829455169587044849e-02	5.718152395235346352e-01
1.165000000000000036e+00	7.664691223224254224e-02	5.717784877215180694e-01
1.169999999999999929e+00	7.499286592099359272e-02	5.717399954233992609e-01
1.174999999999999822e+00	7.333246473080816397e-02	5.716996340136245580e-01
1.179999999999999938e+00	7.166576617234660107e-02	5.716572658022560649e-01
1.185000000000000053e+00	6.999283294928834720e-02	5.716127347163864059e-01
1.189999999999999947e+00	6.831373480055817626e-02	5.715658731636861223e-01
1.194999999999999840e+00	6.662854811414999079e-02	5.715164899020823697e-01
1.199999999999999956e+00	6.493735831825708793e-02	5.714643788890428899e-01
1.205000000000000071e+00	6.324025946303281354e-02	5.714093032656001325e-01
1.209999999999999964e+00	6.153735737165685893e-02	5.713510069037649464e-01
1.214999999999999858e+00	5.982876920484218181e-02	5.712891929511598743e-01
1.219999999999999973e+00	5.811462768349242441e-02	5.712235391009224950e-01
1.225000000000000089e+00	5.639508066922484242e-02	5.711536683823601468e-01
1.229999999999999982e+00	5.467029692895318538e-02	5.710791696542211193e-01
1.234999999999999876e+00	5.294046579972266908e-02	5.709995571169531603e-01
1.239999999999999991e+00	5.120580522211831687e-02	5.709142982748616202e-01
1.245000000000000107e+00	4.946656162437942234e-02	5.708227566716476131e-01
1.250000000000000000e+00	4.772302137782694770e-02	5.707242307606676945e-01
1.254999999999999893e+00	4.597551116345895833e-02	5.706178710523156505e-01
1.260000000000000009e+00	4.422441473224365815e-02	5.705027353011624669e-01
1.265000000000000124e+00	4.247017426807748325e-02	5.703776655166836740e-01
1.270000000000000018e+00	4.071331562539738658e-02	5.702413682348037582e-01
1.274999999999999911e+00	3.895445170255805445e-02	5.700922265635298691e-01
1.280000000000000027e+00	3.719432168775081704e-02	5.699284202579830705e-01
1.285000000000000142e+00	3.543379847816038181e-02	5.697476288558360746e-01
1.290000000000000036e+00	3.367395193324592556e-02	5.695472173104507707e-01
1.294999999999999929e+00	3.191606450862109756e-02	5.693237492922755827e-01
1.300000000000000044e+00	3.016173726908159478e-02	5.690732857540291567e-01
1.305000000000000160e+00	2.841292243749780899e-02	5.687905530415804378e-01
1.310000000000000053e+00	2.667210850477550951e-02	5.684694471129506654e-01
1.314999999999999947e+00	2.494238796804036651e-02	5.681015459504810128e-01
1.320000000000000062e+00	2.322779314557803926e-02	5.676770158376925890e-01
1.325000000000000178e+00	2.153343615838379868e-02	5.671818287882050003e-01
1.330000000000000071e+00	1.986613183483066508e-02	5.665995310493721071e-01
1.334999999999999964e+00	1.823467204889751142e-02	5.659058584381427837e-01
1.340000000000000080e+00	1.665094247839743122e-02	5.650725817038003695e-01
1.345000000000000195e+00	1.513034185830004937e-02	5.640571701401744242e-01
1.350000000000000089e+00	1.369334598644647918e-02	5.628122496973790856e-01
1.354999999999999982e+00	1.236540608437029787e-02	5.612683399892305358e-01
1.360000000000000098e+00	1.117675280266387447e-02	5.593584579643217092e-01
1.365000000000000213e+00	1.015840464875272971e-02	5.570015993908757901e-01
1.370000000000000107e+00	9.333789017316917319e-03	5.541517395106464461e-01
1.375000000000000000e+00	8.710101404974787687e-03	5.507993390397165623e-01
1.379999999999999893e+00	8.270349224793974857e-03	5.469923289132752053e-01
1.384999999999999787e+00	7.980343259715730678e-03	5.428337908607958617e-01
1.389999999999999902e+00	7.798932703370591545e-03	5.384205194983806564e-01
1.395000000000000018e+00	7.689532679637572574e-03	5.338556340287402557e-01
1.399999999999999911e+00	7.625345465560817715e-03	5.291992080420657718e-01
1.404999999999999805e+00	7.588025104425261819e-03	5.245013933487097102e-01
1.409999999999999920e+00	7.566595218176412445e-03	5.197861697800572056e-01
1.415000000000000036e+00	7.554203929095734162e-03	5.150719241774360802e-01
1.419999999999999929e+00	7.547049683311342523e-03	5.103668521457945806e-01
1.424999999999999822e+00	7.542829554496291791e-03	5.056770879944244568e-01
1.429999999999999938e+00	7.540298371089018854e-03	5.010053330708307273e-01
1.435000000000000053e+00	7.538709085192349044e-03	4.963536115348157196e-01
1.439999999999999947e+00	7.537661243198250788e-03	4.917228442109974340e-01
1.444999999999999840e+00	7.536915362029258068e-03	4.871137365528531715e-01
1.449999999999999956e+00	7.536343451581445883e-03	4.825266441717442345e-01
1.455000000000000071e+00	7.535869059804171759e-03	4.779618541075664195e-01
1.459999999999999964e+00	7.535451376689138517e-03	4.734195422041878043e-01
1.464999999999999858e+00	7.535066038717327941e-03	4.688998616266732977e-01
1.469999999999999973e+00	7.534700049662173757e-03	4.644029293463621810e-01
1.475000000000000089e+00	7.534345654161688811e-03	4.599288538989633190e-01
1.479999999999999982e+00	7.533998718164821098e-03	4.554777311055945854e-01
1.484999999999999876e+00	7.533656776284353325e-03	4.510496527493348951e-01
1.489999999999999991e+00	7.533318515906547302e-03	4.466447052196633183e-01
1.495000000000000107e+00	7.532983155323756501e-03	4.422629722166067090e-01
1.500000000000000000e+00	7.532650279509771341e-03	4.379045343121953371e-01
1.504999999999999893e+00	7.532319642193231746e-03	4.335694697972379275e-01
1.510000000000000009e+00	7.531991113604373338e-03	4.292578545221890085e-01
1.515000000000000124e+00	7.531664617517475069e-03	4.249697621763156019e-01
1.520000000000000018e+00	7.531340114628594026e-03	4.207052642055491565e-01
1.524999999999999911e+00	7.531017582544939463e-03	4.164644299275948036e-01
1.530000000000000027e+00	7.530697010494487482e-03	4.122473264627031786e-01
1.535000000000000142e+00	7.530378392974501796e-03	4.080540188106370758e-01
1.540000000000000036e+00	7.530061728062777821e-03	4.038845697742745600e-01
1.544999999999999929e+00	7.529747015408766106e-03	3.997390400374579711e-01
1.550000000000000044e+00	7.529434255688504871e-03	3.956174880753324796e-01
1.555000000000000160e+00	7.529123449976213821e-03	3.915199702449366770e-01
1.560000000000000053e+00	7.528814599561763944e-03	3.874465406806269496e-01
1.564999999999999947e+00	7.528507705761404434e-03	3.833972514007814580e-01
1.570000000000000062e+00	7.528202769849670455e-03	3.793721521880796810e-01
1.575000000000000178e+00	7.527899793010210672e-03	3.753712907130462018e-01
1.580000000000000071e+00	7.527598776303388688e-03	3.713947123994022492e-01
1.584999999999999964e+00	7.527299720662251545e-03	3.674424605643462627e-01
1.590000000000000080e+00	7.527002626870856090e-03	3.635145762693440807e-01
1.595000000000000195e+00	7.526707495575223755e-03	3.596110984767817986e-01
1.600000000000000089e+00	7.526414327264489314e-03	3.557320638866109941e-01
1.604999999999999982e+00	7.526123122287256724e-03	3.518775071089225159e-01
1.610000000000000098e+00	7.525833880833088761e-03	3.480474604868817323e-01
1.615000000000000213e+00	7.525546602951195194e-03	3.442419542847480196e-01
1.620000000000000107e+00	7.525261288531500010e-03	3.404610164975385711e-01
1.625000000000000000e+00	7.524977937324666202e-03	3.367046730540048660e-01
1.629999999999999893e+00	7.524696548922519407e-03	3.329729476134715704e-01
1.634999999999999787e+00	7.524417122779074492e-03	3.292658617832775469e-01
1.639999999999999902e+00	7.524139658190259240e-03	3.255834349032350472e-01
1.645000000000000018e+00	7.523864154315815234e-03	3.219256842770407689e-01
1.649999999999999911e+00	7.523590610158331984e-03	3.182926249448037037e-01
1.654999999999999805e+00	7.523319024585946660e-03	3.146842699279291944e-01
1.659999999999999920e+00	7.523049396310717285e-03	3.111006299901614702e-01
1.665000000000000036e+00	7.522781723912080540e-03	3.075417138954488205e-01
1.669999999999999929e+00	7.522516005814585717e-03	3.040075281579459610e-01
1.674999999999999822e+00	7.522252240312073297e-03	3.004980773123615001e-01
1.679999999999999938e+00	7.521990425544803488e-03	2.970133636533699439e-01
1.685000000000000053e+00	7.521730559524320882e-03	2.935533875179464069e-01
1.689999999999999947e+00	7.521472640110001863e-03	2.901181470146327879e-01
1.694999999999999840e+00	7.521216665034574124e-03	2.867076383173624010e-01
1.699999999999999956e+00	7.520962631880116767e-03	2.833218553850277432e-01
1.705000000000000071e+00	7.520710538104193911e-03	2.799607902663032721e-01
1.709999999999999964e+00	7.520460381015341318e-03	2.766244328099535799e-01
1.714999999999999858e+00	7.520212157799781132e-03	2.733127709801637661e-01
1.719999999999999973e+00	7.519965865496421042e-03	2.700257905580289997e-01
1.725000000000000089e+00	7.519721501024119806e-03	2.667634754669035990e-01
1.729999999999999982e+00	7.519479061156232776e-03	2.635258074655095206e-01
1.734999999999999876e+00	7.519238542548387430e-03	2.603127664828168153e-01
1.739999999999999991e+00	7.518999941712600429e-03	2.571243303032048622e-01
1.745000000000000107e+00	7.518763255045547537e-03	2.539604749103935855e-01
1.750000000000000000e+00	7.518528478802267816e-03	2.508211741650874793e-01
1.754999999999999893e+00	7.518295609124895848e-03	2.477064001574768581e-01
1.760000000000000009e+00	7.518064642015990368e-03	2.446161228777922469e-01
1.765000000000000124e+00	7.517835573367687152e-03	2.415503105769012948e-01
1.770000000000000018e+00	7.517608398934684175e-03	2.385089294301959706e-01
1.774999999999999911e+00	7.517383114363786548e-03	2.354919439058127673e-01
1.780000000000000027e+00	7.517159715166569882e-03	2.324993164222723119e-01
1.785000000000000142e+00	7.516938196749294726e-03	2.295310077238574553e-01
1.790000000000000036e+00	7.516718554385269820e-03	2.265869765324178275e-01
1.794999999999999929e+00	7.516500783245099598e-03	2.236671799294432383e-01
1.800000000000000044e+00	7.516284878368789842e-03	2.207715730024435163e-01
1.805000000000000160e+00	7.516070834696285743e-03	2.179001092332616407e-01
1.810000000000000053e+00	7.515858647039347709e-03	2.150527401394308202e-01
1.814999999999999947e+00	7.515648310112358309e-03	2.122294156682775490e-01
1.820000000000000062e+00	7.515439818503982967e-03	2.094300838336529691e-01
1.825000000000000178e+00	7.515233166708228454e-03	2.066546911153829547e-01
1.830000000000000071e+00	7.515028349095904947e-03	2.039031820917646953e-01
1.834999999999999964e+00	7.514825359945910901e-03	2.011754998439246322e-01
1.840000000000000080e+00	7.514624193416525981e-03	1.984715855844673138e-01
1.845000000000000195e+00	7.514424843576882410e-03	1.957913790663101949e-01
1.850000000000000089e+00	7.514227304378126061e-03	1.931348182078627684e-01
1.854999999999999982e+00	7.514031569685043939e-03	1.905018395059127623e-01
1.860000000000000098e+00	7.513837633247109904e-03	1.878923776577098026e-01
1.865000000000000213e+00	7.513645488730252668e-03	1.853063659774857042e-01
1.870000000000000107e+00	7.513455129687799175e-03	1.827437360158076785e-01
1.875000000000000000e+00	7.513266549592363154e-03	1.802044179793204082e-01
1.879999999999999893e+00	7.513079741806713910e-03	1.776883403477304002e-01
1.884999999999999787e+00	7.512894699615744673e-03	1.751954302963674714e-01
1.889999999999999902e+00	7.512711416197299756e-03	1.727256133111490510e-01
1.895000000000000018e+00	7.512529884654203620e-03	1.702788136135678643e-01
1.899999999999999911e+00	7.512350097985055937e-03	1.678549537739807418e-01
1.904999999999999805e+00	7.512172049116299689e-03	1.654539551386329521e-01
1.909999999999999920e+00	7.511995730873011895e-03	1.630757374416109962e-01
1.915000000000000036e+00	7.511821136010983849e-03	1.607202192335236424e-01
1.919999999999999929e+00	7.511648257187522257e-03	1.583873174924479155e-01
1.924999999999999822e+00	7.511477086993526876e-03	1.560769480538940490e-01
1.929999999999999938e+00	7.511307617924318537e-03	1.537890252210683539e-01
1.935000000000000053e+00	7.511139842411690762e-03	1.515234621957596839e-01
1.939999999999999947e+00	7.510973752794789828e-03	1.492801706882315727e-01
1.944999999999999840e+00	7.510809341352110008e-03	1.470590613486755516e-01
1.949999999999999956e+00	7.510646600272449097e-03	1.448600433770396156e-01
1.955000000000000071e+00	7.510485521686827322e-03	1.426830249547020868e-01
1.959999999999999964e+00	7.510326097639535674e-03	1.405279128545354472e-01
1.964999999999999858e+00	7.510168320119956810e-03	1.383946128724617419e-01
1.969999999999999973e+00	7.510012181033722672e-03	1.362830294380420471e-01
1.975000000000000089e+00	7.509857672234426101e-03	1.341930660455861735e-01
1.979999999999999982e+00	7.509704785494891212e-03	1.321246248655495448e-01
1.984999999999999876e+00	7.509553512538762708e-03	1.300776071748759588e-01
1.989999999999999991e+00	7.509403845011915907e-03	1.280519129694766001e-01
1.995000000000000107e+00	7.509255774513891660e-03	1.260474413934952742e-01
2.000000000000000000e+00	7.509109292569459901e-03	1.240640903531357309e-01
2.004999999999999893e+00	7.508964390659889770e-03	1.221017569445452811e-01
2.009999999999999787e+00	7.508821060194692705e-03	1.201603370692490846e-01
2.014999999999999680e+00	7.508679292542689600e-03	1.182397258603601342e-01
2.020000000000000018e+00	7.508539079003950789e-03	1.163398172998686697e-01
2.024999999999999911e+00	7.508400410840662849e-03	1.144605046428945755e-01
2.029999999999999805e+00	7.508263279249259396e-03	1.126016800370730625e-01
2.035000000000000142e+00	7.508127675391078858e-03	1.107632349445732689e-01
2.040000000000000036e+00	7.507993590364706038e-03	1.089450597638153689e-01
2.044999999999999929e+00	7.507861015236391364e-03	1.071470442489884933e-01
2.049999999999999822e+00	7.507729941012626640e-03	1.053690771343223226e-01
2.054999999999999716e+00	7.507600358670310156e-03	1.036110465508491840e-01
2.060000000000000053e+00	7.507472259129571376e-03	1.018728396534456515e-01
2.064999999999999947e+00	7.507345633283656755e-03	1.001543430345916835e-01
2.069999999999999840e+00	7.507220471972020706e-03	9.845544235438968839e-02
2.075000000000000178e+00	7.507096766009930394e-03	9.677602275108079799e-02
2.080000000000000071e+00	7.506974506161816912e-03	9.511596847424369505e-02
2.084999999999999964e+00	7.506853683170593844e-03	9.347516329183773454e-02
2.089999999999999858e+00	7.506734287731283393e-03	9.185349012677095082e-02
2.094999999999999751e+00	7.506616310520026168e-03	9.025083146025202063e-02
2.100000000000000089e+00	7.506499742168000477e-03	8.866706897191024839e-02
2.104999999999999982e+00	7.506384573290116394e-03	8.710208393924460946e-02
2.109999999999999876e+00	7.506270794459223884e-03	8.555575688147053215e-02
2.115000000000000213e+00	7.506158396234482479e-03	8.402796795486387749e-02
2.120000000000000107e+00	7.506047369135882517e-03	8.251859660050234191e-02
2.125000000000000000e+00	7.505937703672269611e-03	8.102752193531087554e-02
2.129999999999999893e+00	7.505829390316178136e-03	7.955462240385531569e-02
2.134999999999999787e+00	7.505722419531515692e-03	7.809977616490654251e-02
2.140000000000000124e+00	7.505616781748717520e-03	7.666286074743638990e-02
2.145000000000000018e+00	7.505512467392062327e-03	7.524375343252580339e-02
2.149999999999999911e+00	7.505409466855174523e-03	7.384233091370569213e-02
2.155000000000000249e+00	7.505307770527963607e-03	7.245846967404134809e-02
2.160000000000000142e+00	7.505207368772463805e-03	7.109204565095535167e-02
2.165000000000000036e+00	7.505108251949398762e-03	6.974293460833050351e-02
2.169999999999999929e+00	7.505010410394373326e-03	6.841101180593942011e-02
2.174999999999999822e+00	7.504913834444042718e-03	6.709615236641958136e-02
2.180000000000000160e+00	7.504818514412669485e-03	6.579823094942863215e-02
2.185000000000000053e+00	7.504724440617887606e-03	6.451712211335081104e-02
2.189999999999999947e+00	7.504631603357628938e-03	6.325269999428974332e-02
2.195000000000000284e+00	7.504539992935481407e-03	6.200483866237445352e-02
2.200000000000000178e+00	7.504449599637984074e-03	6.077341180569456602e-02
2.205000000000000071e+00	7.504360413759575063e-03	5.955829308108259029e-02
2.209999999999999964e+00	7.504272425580260468e-03	5.835935580308741766e-02
2.214999999999999858e+00	7.504185625390147676e-03	5.717647328911901888e-02
2.220000000000000195e+00	7.504100003467493313e-03	5.600951855354920073e-02
2.225000000000000089e+00	7.504015550102808955e-03	5.485836464711268956e-02
2.229999999999999982e+00	7.503932255577296789e-03	5.372288435621679764e-02
2.235000000000000320e+00	7.503850110186528581e-03	5.260295053649980540e-02
2.240000000000000213e+00	7.503769104219269043e-03	5.149843581742640647e-02
2.245000000000000107e+00	7.503689227980715921e-03	5.040921292991225322e-02
2.250000000000000000e+00	7.503610471771723217e-03	4.933515441627212700e-02
2.254999999999999893e+00	7.503532825911600652e-03	4.827613295182962144e-02
2.259999999999999787e+00	7.503456280717728070e-03	4.723202106027894753e-02
2.264999999999999680e+00	7.503380826527916887e-03	4.620269142920450933e-02
2.270000000000000018e+00	7.503306453680426945e-03	4.518801663091115417e-02
2.274999999999999911e+00	7.503233152535873467e-03	4.418786943178697191e-02
2.279999999999999805e+00	7.503160913457648969e-03	4.320212251864937597e-02
2.285000000000000142e+00	7.503089726833386992e-03	4.223064880189106307e-02
2.290000000000000036e+00	7.503019583055776931e-03	4.127332114738460622e-02
2.294999999999999929e+00	7.502950472543581939e-03	4.033001267335877688e-02
2.299999999999999822e+00	7.502882385722862285e-03	3.940059648789605989e-02
2.304999999999999716e+00	7.502815313047530958e-03	3.848494597949516510e-02
2.310000000000000053e+00	7.502749244980989017e-03	3.758293456019036471e-02
2.314999999999999947e+00	7.502684172016225832e-03	3.669443594976189160e-02
2.319999999999999840e+00	7.502620084657861226e-03	3.581932392449996977e-02
2.325000000000000178e+00	7.502556973441784280e-03	3.495747259503173554e-02
2.330000000000000071e+00	7.502494828917609208e-03	3.410875616074819650e-02
2.334999999999999964e+00	7.502433641667856194e-03	3.327304918122209881e-02
2.339999999999999858e+00	7.502373402290810588e-03	3.245022633630901404e-02
2.344999999999999751e+00	7.502314101419247511e-03	3.164016269113956170e-02
2.350000000000000089e+00	7.502255729703702185e-03	3.084273346189943601e-02
2.354999999999999982e+00	7.502198277830733966e-03	3.005781427438462827e-02
2.359999999999999876e+00	7.502141736506600864e-03	2.928528093546113945e-02
2.365000000000000213e+00	7.502086096475069944e-03	2.852500968517728344e-02
2.370000000000000107e+00	7.502031348501497776e-03	2.777687697389915125e-02
2.375000000000000000e+00	7.501977483390178530e-03	2.704075970798021714e-02
2.379999999999999893e+00	7.501924491968838156e-03	2.631653503256257617e-02
2.384999999999999787e+00	7.501872365105520177e-03	2.560408057081094146e-02
2.390000000000000124e+00	7.501821093693483190e-03	2.490327421236455258e-02
2.395000000000000018e+00	7.501770668667634770e-03	2.421399434614803295e-02
2.399999999999999911e+00	7.501721080989833153e-03	2.353611965445424892e-02
2.405000000000000249e+00	7.501672321664859706e-03	2.286952933934986373e-02
2.410000000000000142e+00	7.501624381726125675e-03	2.221410292236569370e-02
2.415000000000000036e+00	7.501577252251197085e-03	2.156972046451933328e-02
2.419999999999999929e+00	7.501530924347895278e-03	2.093626237158429521e-02
2.424999999999999822e+00	7.501485389169369050e-03	2.031360960775930105e-02
2.430000000000000160e+00	7.501440637900596772e-03	1.970164350648242330e-02
2.435000000000000053e+00	7.501396661773011842e-03	1.910024597778050073e-02
2.439999999999999947e+00	7.501353452051391646e-03	1.850929932459159655e-02
2.445000000000000284e+00	7.501311000048044124e-03	1.792868644383251858e-02
2.450000000000000178e+00	7.501269297110087914e-03	1.735829064818903561e-02
2.455000000000000071e+00	7.501228334633193960e-03	1.679799586094430849e-02
2.459999999999999964e+00	7.501188104049254235e-03	1.624768644319158142e-02
2.464999999999999858e+00	7.501148596839684463e-03	1.570724738247162786e-02
2.470000000000000195e+00	7.501109804523478815e-03	1.517656412535948150e-02
2.475000000000000089e+00	7.501071718670079824e-03	1.465552275996246691e-02
2.479999999999999982e+00	7.501034330887806044e-03	1.414400985382881053e-02
2.485000000000000320e+00	7.500997632836300423e-03	1.364191263036227710e-02
2.490000000000000213e+00	7.500961616215329197e-03	1.314911881199805170e-02
2.495000000000000107e+00	7.500926272776802656e-03	1.266551679059324705e-02
2.500000000000000000e+00	7.500891594313952200e-03	1.219099547581141418e-02
2.504999999999999893e+00	7.500857572672925237e-03	1.172544445955329973e-02
2.509999999999999787e+00	7.500824199742328266e-03	1.126875386948805215e-02
2.514999999999999680e+00	7.500791467464410639e-03	1.082081452759182071e-02
2.520000000000000018e+00	7.500759367824967605e-03	1.038151780876109612e-02
2.524999999999999911e+00	7.500727892864108605e-03	9.950755793530068408e-03
2.529999999999999805e+00	7.500697034666527208e-03	9.528421131699141636e-03
2.535000000000000142e+00	7.500666785371857409e-03	9.114407189304602960e-03
2.540000000000000036e+00	7.500637137165293115e-03	8.708607917193470632e-03
2.544999999999999929e+00	7.500608082287553262e-03	8.310917992322249676e-03
2.549999999999999822e+00	7.500579613025841301e-03	7.921232691205704057e-03
2.554999999999999716e+00	7.500551721723420877e-03	7.539448025625429539e-03
2.560000000000000053e+00	7.500524400770912717e-03	7.165460620878194575e-03
2.564999999999999947e+00	7.500497642615482595e-03	6.799167845976910977e-03
2.569999999999999840e+00	7.500471439752480832e-03	6.440467696622243464e-03
2.575000000000000178e+00	7.500445784734237342e-03	6.089258919981393320e-03
2.580000000000000071e+00	7.500420670162041142e-03	5.745440902304884551e-03
2.584999999999999964e+00	7.500396088694555492e-03	5.408913788370834329e-03
2.589999999999999858e+00	7.500372033040120928e-03	5.079578373666666577e-03
2.594999999999999751e+00	7.500348495964805247e-03	4.757336218589267376e-03
2.600000000000000089e+00	7.500325470285018788e-03	4.442089545109702796e-03
2.604999999999999982e+00	7.500302948875207064e-03	4.133741345821234300e-03
2.609999999999999876e+00	7.500280924660781764e-03	3.832195285004149667e-03
2.615000000000000213e+00	7.500259390625447359e-03	3.537355802615562393e-03
2.620000000000000107e+00	7.500238339804442614e-03	3.249128019669663033e-03
2.625000000000000000e+00	7.500217765291524591e-03	2.967417837265164289e-03
2.629999999999999893e+00	7.500197660232504199e-03	2.692131846195057986e-03
2.634999999999999787e+00	7.500178017831888450e-03	2.423177421109222896e-03
2.640000000000000124e+00	7.500158831346709180e-03	2.160462634266629382e-03
2.645000000000000018e+00	7.500140094092833110e-03	1.903896344932227720e-03
2.649999999999999911e+00	7.500121799439080257e-03	1.653388117183337896e-03
2.655000000000000249e+00	7.500103940813197465e-03	1.408848304641156573e-03
2.660000000000000142e+00	7.500086511696266514e-03	1.170187972242834901e-03
2.665000000000000036e+00	7.500069505628351521e-03	9.373189764083511176e-04
2.669999999999999929e+00	7.500052916203186343e-03	7.101538906888793566e-04
2.674999999999999822e+00	7.500036737073503650e-03	4.886060814719776465e-04
2.680000000000000160e+00	7.500020961945995553e-03	2.725896374156167642e-04
2.685000000000000053e+00	7.500005584586334761e-03	6.201944079499841964e-05
2.689999999999999947e+00	7.499990598814391951e-03	-1.431888993683075415e-04
2.695000000000000284e+00	7.499975998508966353e-03	-3.431189802140095194e-04
2.700000000000000178e+00	7.499961777603253790e-03	-5.378536683097709424e-04
2.705000000000000071e+00	7.499947930089284967e-03	-7.274750367087621118e-04
2.709999999999999964e+00	7.499934450013645906e-03	-9.120644247034077239e-04
2.714999999999999858e+00	7.499921331481630010e-03	-1.091702378927806184e-03
2.720000000000000195e+00	7.499908568653201359e-03	-1.266468709690016150e-03
2.725000000000000089e+00	7.499896155746867479e-03	-1.436442436013642956e-03
2.729999999999999982e+00	7.499884087035882038e-03	-1.601701838640454253e-03
2.735000000000000320e+00	7.499872356851848727e-03	-1.762324408905524466e-03
2.740000000000000213e+00	7.499860959581149469e-03	-1.918386898501301362e-03
2.745000000000000107e+00	7.499849889668288097e-03	-2.069965272080834424e-03
2.750000000000000000e+00	7.499839141612544939e-03	-2.217134753874491857e-03
2.754999999999999893e+00	7.499828709971060291e-03	-2.359969783915412574e-03
2.759999999999999787e+00	7.499818589355709310e-03	-2.498544061600178629e-03
2.764999999999999680e+00	7.499808774435935688e-03	-2.632930505430729727e-03
2.770000000000000018e+00	7.499799259935840783e-03	-2.763201293609576174e-03
2.774999999999999911e+00	7.499790040636773562e-03	-2.889427827193086565e-03
2.779999999999999805e+00	7.499781111374624436e-03	-3.011680767811384437e-03
2.785000000000000142e+00	7.499772467042184476e-03	-3.130030004128012393e-03
2.790000000000000036e+00	7.499764102586634409e-03	-3.244544686774192884e-03
2.794999999999999929e+00	7.499756013011678324e-03	-3.355293198010431913e-03
2.799999999999999822e+00	7.499748193375226947e-03	-3.462343183964316541e-03
2.804999999999999716e+00	7.499740638791309311e-03	-3.565761527390015964e-03
2.810000000000000053e+00	7.499733344427947715e-03	-3.665614377298085334e-03
2.814999999999999947e+00	7.499726305508849084e-03	-3.761967124709569236e-03
2.819999999999999840e+00	7.499719517311465543e-03	-3.854884429765456557e-03
2.825000000000000178e+00	7.499712975168481080e-03	-3.944430200373038112e-03
2.830000000000000071e+00	7.499706674466042125e-03	-4.030667616881675012e-03
2.834999999999999964e+00	7.499700610645053389e-03	-4.113659113519694925e-03
2.839999999999999858e+00	7.499694779199567174e-03	-4.193466400722579979e-03
2.844999999999999751e+00	7.499689175677892727e-03	-4.270150449259525749e-03
2.850000000000000089e+00	7.499683795681153821e-03	-4.343771510299054492e-03
2.854999999999999982e+00	7.499678634864203816e-03	-4.414389102125519312e-03
2.859999999999999876e+00	7.499673688934343704e-03	-4.482062028025984510e-03
2.865000000000000213e+00	7.499668953652061966e-03	-4.546848365498215062e-03
2.870000000000000107e+00	7.499664424829901796e-03	-4.608805482041520955e-03
2.875000000000000000e+00	7.499660098333025757e-03	-4.667990026758740522e-03
2.879999999999999893e+00	7.499655970078236526e-03	-4.724457944132853110e-03
2.884999999999999787e+00	7.499652036034375018e-03	-4.778264467926565499e-03
2.890000000000000124e+00	7.499648292221473833e-03	-4.829464133025281221e-03
2.895000000000000018e+00	7.499644734711001862e-03	-4.878110771539330426e-03
2.899999999999999911e+00	7.499641359625156510e-03	-4.924257522792567510e-03
2.905000000000000249e+00	7.499638163136955644e-03	-4.967956831533807890e-03
2.910000000000000142e+00	7.499635141469650386e-03	-5.009260456148728786e-03
2.915000000000000036e+00	7.499632290896680008e-03	-5.048219468888302808e-03
2.919999999999999929e+00	7.499629607741207030e-03	-5.084884262380940344e-03
2.924999999999999822e+00	7.499627088375932470e-03	-5.119304551787152296e-03
2.930000000000000160e+00	7.499624729222746297e-03	-5.151529379687071891e-03
2.935000000000000053e+00	7.499622526752418653e-03	-5.181607120072262429e-03
2.939999999999999947e+00	7.499620477484355251e-03	-5.209585481682394575e-03
2.945000000000000284e+00	7.499618577986163701e-03	-5.235511513746588658e-03
2.950000000000000178e+00	7.499616824873518196e-03	-5.259431607841826527e-03
2.955000000000000071e+00	7.499615214809606141e-03	-5.281391505297829483e-03
2.959999999999999964e+00	7.499613744505097788e-03	-5.301436297648024799e-03
2.964999999999999858e+00	7.499612410717472304e-03	-5.319610435613688140e-03
2.970000000000000195e+00	7.499611210251088018e-03	-5.335957728216921339e-03
2.975000000000000089e+00	7.499610139956403541e-03	-5.350521353261399743e-03
2.979999999999999982e+00	7.499609196730136484e-03	-5.363343855175312959e-03
2.985000000000000320e+00	7.499608377514386560e-03	-5.374467156907893756e-03
2.990000000000000213e+00	7.499607679296877577e-03	-5.383932556568653272e-03
2.995000000000000107e+00	7.499607099109985991e-03	-5.391780740660562926e-03
3.000000000000000000e+00	7.499606634031064437e-03	-5.398051779580427187e-03
3.004999999999999893e+00	7.499606281181381805e-03	-5.402785142111355028e-03
3.009999999999999787e+00	7.499606037726527438e-03	-5.406019689847547764e-03
3.014999999999999680e+00	7.499605900875260141e-03	-5.407793692870480756e-03
3.020000000000000018e+00	7.499605867879986960e-03	-5.408144823159710679e-03
3.024999999999999911e+00	7.499605936035535873e-03	-5.407110171379252497e-03
3.029999999999999805e+00	7.499606102679702221e-03	-5.404726239334451017e-03
3.035000000000000142e+00	7.499606365191945068e-03	-5.401028957796554300e-03
3.040000000000000036e+00	7.499606720993999553e-03	-5.396053678064133968e-03
3.044999999999999929e+00	7.499607167548506467e-03	-5.389835190755981262e-03
3.049999999999999822e+00	7.499607702359680980e-03	-5.382407716533853595e-03
3.054999999999999716e+00	7.499608322971879765e-03	-5.373804925795655670e-03
3.060000000000000053e+00	7.499609026970326976e-03	-5.364059928614670417e-03
3.064999999999999947e+00	7.499609811979619789e-03	-5.353205295266730106e-03
3.069999999999999840e+00	7.499610675664509889e-03	-5.341273045439675141e-03
3.075000000000000178e+00	7.499611615728350895e-03	-5.328294669530224577e-03
3.080000000000000071e+00	7.499612629913930163e-03	-5.314301117175548352e-03
3.084999999999999964e+00	7.499613716001865028e-03	-5.299322819257376756e-03
3.089999999999999858e+00	7.499614871811483181e-03	-5.283389675806157877e-03
3.094999999999999751e+00	7.499616095199167741e-03	-5.266531078652015967e-03
3.100000000000000089e+00	7.499617384059280127e-03	-5.248775898750035127e-03
3.104999999999999982e+00	7.499618736322466103e-03	-5.230152509419421641e-03
3.109999999999999876e+00	7.499620149956618548e-03	-5.210688773137301354e-03
3.115000000000000213e+00	7.499621622965137527e-03	-5.190412065309205243e-03
3.120000000000000107e+00	7.499623153387933831e-03	-5.169349260576879684e-03
3.125000000000000000e+00	7.499624739299658692e-03	-5.147526757065474905e-03
3.129999999999999893e+00	7.499626378810728133e-03	-5.124970462249286984e-03
3.134999999999999787e+00	7.499628070065532739e-03	-5.101705817622577063e-03
3.140000000000000124e+00	7.499629811243488028e-03	-5.077757784165702441e-03
3.145000000000000018e+00	7.499631600557214728e-03	-5.053150867388563929e-03
3.149999999999999911e+00	7.499633436253616905e-03	-5.027909102437944089e-03
3.155000000000000249e+00	7.499635316612040560e-03	-5.002056079464249801e-03
3.160000000000000142e+00	7.499637239945374304e-03	-4.975614928409557297e-03
3.165000000000000036e+00	7.499639204598184533e-03	-4.948608344650193974e-03
3.169999999999999929e+00	7.499641208947841267e-03	-4.921058573503219596e-03
3.174999999999999822e+00	7.499643251402635970e-03	-4.892987436099349025e-03
3.180000000000000160e+00	7.499645330402922999e-03	-4.864416313644201635e-03
3.185000000000000053e+00	7.499647444419225290e-03	-4.835366173477773609e-03
3.189999999999999947e+00	7.499649591953394014e-03	-4.805857553125152636e-03
3.195000000000000284e+00	7.499651771536696918e-03	-4.775910586500652262e-03
3.200000000000000178e+00	7.499653981730997065e-03	-4.745544987781565721e-03
3.205000000000000071e+00	7.499656221126830766e-03	-4.714780077716492108e-03
3.209999999999999964e+00	7.499658488344600193e-03	-4.683634767354004878e-03
3.214999999999999858e+00	7.499660782032643511e-03	-4.652127584416816848e-03
3.220000000000000195e+00	7.499663100868434427e-03	-4.620276656915872811e-03
3.225000000000000089e+00	7.499665443556654924e-03	-4.588099739553506973e-03
3.229999999999999982e+00	7.499667808830396548e-03	-4.555614197252176763e-03
3.235000000000000320e+00	7.499670195449238339e-03	-4.522837031551553075e-03
3.240000000000000213e+00	7.499672602200447256e-03	-4.489784864079538959e-03
3.245000000000000107e+00	7.499675027897065652e-03	-4.456473962909874957e-03
3.250000000000000000e+00	7.499677471379104753e-03	-4.422920226001948382e-03
3.254999999999999893e+00	7.499679931511644276e-03	-4.389139207487112795e-03
3.259999999999999787e+00	7.499682407186028521e-03	-4.355146101102386723e-03
3.264999999999999680e+00	7.499684897317963374e-03	-4.320955766375128744e-03
3.270000000000000018e+00	7.499687400848721076e-03	-4.286582712074635086e-03
3.274999999999999911e+00	7.499689916743243305e-03	-4.252041122266617644e-03
3.279999999999999805e+00	7.499692443991341599e-03	-4.217344839805110476e-03
3.285000000000000142e+00	7.499694981605812584e-03	-4.182507392229658713e-03
3.290000000000000036e+00	7.499697528623634063e-03	-4.147541975319015035e-03
3.294999999999999929e+00	7.499700084104095853e-03	-4.112461478805347348e-03
3.299999999999999822e+00	7.499702647129987201e-03	-4.077278470009895739e-03
3.304999999999999716e+00	7.499705216805743237e-03	-4.042005219350134834e-03
3.310000000000000053e+00	7.499707792258625445e-03	-4.006653684076311867e-03
3.314999999999999947e+00	7.499710372636881998e-03	-3.971235533548908223e-03
3.319999999999999840e+00	7.499712957110927364e-03	-3.935762133093961834e-03
3.325000000000000178e+00	7.499715544871513040e-03	-3.900244569029424901e-03
3.330000000000000071e+00	7.499718135130900229e-03	-3.864693632656174618e-03
3.334999999999999964e+00	7.499720727121052255e-03	-3.829119845013357649e-03
3.339999999999999858e+00	7.499723320094788155e-03	-3.793533441020629279e-03
3.344999999999999751e+00	7.499725913324009792e-03	-3.757944393943916158e-03
3.350000000000000089e+00	7.499728506100832026e-03	-3.722362399703653315e-03
3.354999999999999982e+00	7.499731097735834982e-03	-3.686796901033581510e-03
3.359999999999999876e+00	7.499733687559185548e-03	-3.651257071968506442e-03
3.365000000000000213e+00	7.499736274918906986e-03	-3.615751841680292684e-03
3.370000000000000107e+00	7.499738859181989160e-03	-3.580289879157812910e-03
3.375000000000000000e+00	7.499741439732683299e-03	-3.544879616704986469e-03
3.379999999999999893e+00	7.499744015973599208e-03	-3.509529234824865663e-03
3.384999999999999787e+00	7.499746587324019123e-03	-3.474246685366244505e-03
3.390000000000000124e+00	7.499749153220984510e-03	-3.439039676622355005e-03
3.395000000000000018e+00	7.499751713117638538e-03	-3.403915696113710056e-03
3.399999999999999911e+00	7.499754266484289465e-03	-3.368881995911421259e-03
3.405000000000000249e+00	7.499756812806786070e-03	-3.333945615044623355e-03
3.410000000000000142e+00	7.499759351587561088e-03	-3.299113365057471884e-03
3.415000000000000036e+00	7.499761882344035263e-03	-3.264391852031071732e-03
3.419999999999999929e+00	7.499764404609647779e-03	-3.229787462382308679e-03
3.424999999999999822e+00	7.499766917932281125e-03	-3.195306384490924963e-03
3.430000000000000160e+00	7.499769421875277647e-03	-3.160954594747617148e-03
3.435000000000000053e+00	7.499771916015893908e-03	-3.126737878777992741e-03
3.439999999999999947e+00	7.499774399946298152e-03	-3.092661817746576204e-03
3.445000000000000284e+00	7.499776873272053293e-03	-3.058731809170368160e-03
3.450000000000000178e+00	7.499779335613099632e-03	-3.024953053484755617e-03
3.455000000000000071e+00	7.499781786602262995e-03	-2.991330574440227534e-03
3.459999999999999964e+00	7.499784225886216640e-03	-2.957869205935252047e-03
3.464999999999999858e+00	7.499786653124027556e-03	-2.924573611990845777e-03
3.470000000000000195e+00	7.499789067988095817e-03	-2.891448273854938314e-03
3.475000000000000089e+00	7.499791470162727770e-03	-2.858497509550102841e-03
3.479999999999999982e+00	7.499793859345057177e-03	-2.825725461253288454e-03
3.485000000000000320e+00	7.499796235243653963e-03	-2.793136114412890503e-03
3.490000000000000213e+00	7.499798597579419336e-03	-2.760733285407171445e-03
3.495000000000000107e+00	7.499800946084230098e-03	-2.728520640227638603e-03
3.500000000000000000e+00	7.499803280501812948e-03	-2.696501682418749567e-03
3.504999999999999893e+00	7.499805600586415683e-03	-2.664679771325459325e-03
3.509999999999999787e+00	7.499807906103666752e-03	-2.633058110316222489e-03
3.514999999999999680e+00	7.499810196829277686e-03	-2.601639764593139011e-03
3.520000000000000018e+00	7.499812472549877498e-03	-2.570427649699869553e-03
3.524999999999999911e+00	7.499814733061751539e-03	-2.539424548893441744e-03
3.529999999999999805e+00	7.499816978171652479e-03	-2.508633101938119968e-03
3.535000000000000142e+00	7.499819207695573864e-03	-2.478055822038767626e-03
3.540000000000000036e+00	7.499821421459536806e-03	-2.447695084921188736e-03
3.544999999999999929e+00	7.499823619298393897e-03	-2.417553145327479888e-03
3.549999999999999822e+00	7.499825801056605491e-03	-2.387632126382891774e-03
3.554999999999999716e+00	7.499827966587061835e-03	-2.357934035654159211e-03
3.560000000000000053e+00	7.499830115751846341e-03	-2.328460754802522646e-03
3.564999999999999947e+00	7.499832248421088934e-03	-2.299214055206667742e-03
3.569999999999999840e+00	7.499834364473706785e-03	-2.270195587901066830e-03
3.575000000000000178e+00	7.499836463796289744e-03	-2.241406898765621863e-03
3.580000000000000071e+00	7.499838546283819386e-03	-2.212849418748293225e-03
3.584999999999999964e+00	7.499840611838590014e-03	-2.184524478623982649e-03
3.589999999999999858e+00	7.499842660370899076e-03	-2.156433299499825249e-03
3.594999999999999751e+00	7.499844691798008070e-03	-2.128577007146510366e-03
3.600000000000000089e+00	7.499846706044807805e-03	-2.100956622784292196e-03
3.604999999999999982e+00	7.499848703042810531e-03	-2.073573076990207608e-03
3.609999999999999876e+00	7.499850682730794388e-03	-2.046427200762699836e-03
3.615000000000000213e+00	7.499852645053829356e-03	-2.019519739008614288e-03
3.620000000000000107e+00	7.499854589963898290e-03	-1.992851341883920824e-03
3.625000000000000000e+00	7.499856517418952359e-03	-1.966422577864879433e-03
3.629999999999999893e+00	7.499858427383518204e-03	-1.940233925362026346e-03
3.634999999999999787e+00	7.499860319827776796e-03	-1.914285785380114837e-03
3.640000000000000124e+00	7.499862194728151507e-03	-1.888578473402334609e-03
3.645000000000000018e+00	7.499864052066419068e-03	-1.863112231644157082e-03
3.649999999999999911e+00	7.499865891830281156e-03	-1.837887221204407076e-03
3.655000000000000249e+00	7.499867714012496168e-03	-1.812903533918258170e-03
3.660000000000000142e+00	7.499869518611437802e-03	-1.788161184771743612e-03
3.665000000000000036e+00	7.499871305630257182e-03	-1.763660123359485398e-03
3.669999999999999929e+00	7.499873075077414554e-03	-1.739400226558929273e-03
3.674999999999999822e+00	7.499874826965874375e-03	-1.715381309598732916e-03
3.680000000000000160e+00	7.499876561313623992e-03	-1.691603118988676191e-03
3.685000000000000053e+00	7.499878278142888682e-03	-1.668065343204794704e-03
3.689999999999999947e+00	7.499879977480632121e-03	-1.644767605871034002e-03
3.695000000000000284e+00	7.499881659357805243e-03	-1.621709476067454596e-03
3.700000000000000178e+00	7.499883323809820694e-03	-1.598890461759268572e-03
3.705000000000000071e+00	7.499884970875835520e-03	-1.576310019734694168e-03
3.709999999999999964e+00	7.499886600599207399e-03	-1.553967549277019116e-03
3.714999999999999858e+00	7.499888213026796417e-03	-1.531862401738740302e-03
3.720000000000000195e+00	7.499889808209410889e-03	-1.509993874452152237e-03
3.725000000000000089e+00	7.499891386201134290e-03	-1.488361219946805454e-03
3.729999999999999982e+00	7.499892947059754594e-03	-1.466963640093872602e-03
3.735000000000000320e+00	7.499894490846112892e-03	-1.445800294973766022e-03
3.740000000000000213e+00	7.499896017624517117e-03	-1.424870297249782904e-03
3.745000000000000107e+00	7.499897527462118414e-03	-1.404172720693019341e-03
3.750000000000000000e+00	7.499899020429308394e-03	-1.383706594780393078e-03
3.754999999999999893e+00	7.499900496599117179e-03	-1.363470912884070293e-03
3.759999999999999787e+00	7.499901956047593313e-03	-1.343464627089007834e-03
3.764999999999999680e+00	7.499903398853233899e-03	-1.323686656054305199e-03
3.770000000000000018e+00	7.499904825097338489e-03	-1.304135880045247499e-03
3.774999999999999911e+00	7.499906234863469578e-03	-1.284811148473923113e-03
3.779999999999999805e+00	7.499907628237790017e-03	-1.265711275140831002e-03
3.785000000000000142e+00	7.499909005308540849e-03	-1.246835045462242435e-03
3.790000000000000036e+00	7.499910366166374388e-03	-1.228181211916367114e-03
3.794999999999999929e+00	7.499911710903845070e-03	-1.209748500964934756e-03
3.799999999999999822e+00	7.499913039615731247e-03	-1.191535608698839456e-03
3.804999999999999716e+00	7.499914352398548596e-03	-1.173541207461432099e-03
3.810000000000000053e+00	7.499915649350856299e-03	-1.155763941688593829e-03
3.814999999999999947e+00	7.499916930572792136e-03	-1.138202434241290112e-03
3.819999999999999840e+00	7.499918196166365653e-03	-1.120855282435054105e-03
3.825000000000000178e+00	7.499919446235013207e-03	-1.103721064089273601e-03
3.830000000000000071e+00	7.499920680883878123e-03	-1.086798333740917428e-03
3.834999999999999964e+00	7.499921900219383084e-03	-1.070085628418296917e-03
3.839999999999999858e+00	7.499923104349501615e-03	-1.053581464033933940e-03
3.844999999999999751e+00	7.499924293383350427e-03	-1.037284340890123717e-03
3.850000000000000089e+00	7.499925467431438342e-03	-1.021192740246002493e-03
3.854999999999999982e+00	7.499926626605290733e-03	-1.005305129562485914e-03
3.859999999999999876e+00	7.499927771017682841e-03	-9.896199592383731532e-04
3.865000000000000213e+00	7.499928900782274616e-03	-9.741356676020776744e-04
3.870000000000000107e+00	7.499930016013838831e-03	-9.588506778119299792e-04
3.875000000000000000e+00	7.499931116827914142e-03	-9.437634026020283451e-04
3.879999999999999893e+00	7.499932203341021057e-03	-9.288722413417076522e-04
3.884999999999999787e+00	7.499933275670329740e-03	-9.141755845429373100e-04
3.890000000000000124e+00	7.499934333933866437e-03	-8.996718110739942076e-04
3.895000000000000018e+00	7.499935378250201234e-03	-8.853592924357033163e-04
3.899999999999999911e+00	7.499936408738636269e-03	-8.712363901244086399e-04
3.905000000000000249e+00	7.499937425518915166e-03	-8.573014596842683894e-04
3.910000000000000142e+00	7.499938428711402580e-03	-8.435528482147931252e-04
3.915000000000000036e+00	7.499939418436804041e-03	-8.299888982062491065e-04
3.919999999999999929e+00	7.499940394816338556e-03	-8.166079451869783911e-04
3.924999999999999822e+00	7.499941357971472329e-03	-8.034083213489127875e-04
3.930000000000000160e+00	7.499942308024082696e-03	-7.903883533299919419e-04
3.935000000000000053e+00	7.499943245096205718e-03	-7.775463656368269668e-04
3.939999999999999947e+00	7.499944169310192310e-03	-7.648806785576185230e-04
3.945000000000000284e+00	7.499945080788469713e-03	-7.523896113887397746e-04
3.950000000000000178e+00	7.499945979653682010e-03	-7.400714804735022620e-04
3.955000000000000071e+00	7.499946866028475018e-03	-7.279246022395182564e-04
3.959999999999999964e+00	7.499947740035626392e-03	-7.159472913588220324e-04
3.964999999999999858e+00	7.499948601797838330e-03	-7.041378636024828988e-04
3.970000000000000195e+00	7.499949451437860730e-03	-6.924946341178953328e-04
3.975000000000000089e+00	7.499950289078300379e-03	-6.810159201072100250e-04
3.979999999999999982e+00	7.499951114841733706e-03	-6.697000392171794866e-04
3.985000000000000320e+00	7.499951928850526368e-03	-6.585453120479758558e-04
3.990000000000000213e+00	7.499952731226944280e-03	-6.475500606514509759e-04
3.995000000000000107e+00	7.499953522092976665e-03	-6.367126108764339628e-04
4.000000000000000000e+00	7.499954301570443613e-03	-6.260312909713627643e-04
4.004999999999999893e+00	7.499955069780834746e-03	-6.155044337722436094e-04
4.009999999999999787e+00	7.499955826845401165e-03	-6.051303754054342251e-04
4.014999999999999680e+00	7.499956572885013197e-03	-5.949074573243982823e-04
4.019999999999999574e+00	7.499957308020238460e-03	-5.848340251086750182e-04
4.025000000000000355e+00	7.499958032371212627e-03	-5.749084303553220763e-04
4.030000000000000249e+00	7.499958746057715751e-03	-5.651290295702699959e-04
4.035000000000000142e+00	7.499959449199045634e-03	-5.554941859200883706e-04
4.040000000000000036e+00	7.499960141914092417e-03	-5.460022682118710830e-04
4.044999999999999929e+00	7.499960824321218883e-03	-5.366516525111964106e-04
4.049999999999999822e+00	7.499961496538330719e-03	-5.274407212067651037e-04
4.054999999999999716e+00	7.499962158682765487e-03	-5.183678644998980381e-04
4.059999999999999609e+00	7.499962810871357681e-03	-5.094314795503777828e-04
4.064999999999999503e+00	7.499963453220338111e-03	-5.006299718430196272e-04
4.070000000000000284e+00	7.499964085845385944e-03	-4.919617544111502642e-04
4.075000000000000178e+00	7.499964708861547175e-03	-4.834252490853721746e-04
4.080000000000000071e+00	7.499965322383274520e-03	-4.750188857912533463e-04
4.084999999999999964e+00	7.499965926524354565e-03	-4.667411036855403060e-04
4.089999999999999858e+00	7.499966521397946791e-03	-4.585903505246653766e-04
4.094999999999999751e+00	7.499967107116512453e-03	-4.505650836933077028e-04
4.099999999999999645e+00	7.499967683791851879e-03	-4.426637696405458342e-04
4.105000000000000426e+00	7.499968251535042013e-03	-4.348848848056210969e-04
4.110000000000000320e+00	7.499968810456467648e-03	-4.272269151185603079e-04
4.115000000000000213e+00	7.499969360665765042e-03	-4.196883568278316433e-04
4.120000000000000107e+00	7.499969902271850543e-03	-4.122677160623422488e-04
4.125000000000000000e+00	7.499970435382869414e-03	-4.049635095656586490e-04
4.129999999999999893e+00	7.499970960106222724e-03	-3.977742643163713517e-04
4.134999999999999787e+00	7.499971476548517903e-03	-3.906985181733403688e-04
4.139999999999999680e+00	7.499971984815599103e-03	-3.837348195515872347e-04
4.144999999999999574e+00	7.499972485012496894e-03	-3.768817279827446414e-04
4.150000000000000355e+00	7.499972977243455144e-03	-3.701378138436999888e-04
4.155000000000000249e+00	7.499973461611893731e-03	-3.635016588365529828e-04
4.160000000000000142e+00	7.499973938220422416e-03	-3.569718557672830811e-04
4.165000000000000036e+00	7.499974407170816558e-03	-3.505470089492174418e-04
4.169999999999999929e+00	7.499974868564024053e-03	-3.442257340291387732e-04
4.174999999999999822e+00	7.499975322500145383e-03	-3.380066583181815052e-04
4.179999999999999716e+00	7.499975769078438825e-03	-3.318884206628832886e-04
4.185000000000000497e+00	7.499976208397307435e-03	-3.258696717072489656e-04
4.190000000000000391e+00	7.499976640554299918e-03	-3.199490738062735749e-04
4.195000000000000284e+00	7.499977065646095883e-03	-3.141253012229499632e-04
4.200000000000000178e+00	7.499977483768514516e-03	-3.083970400819805628e-04
4.205000000000000071e+00	7.499977895016500702e-03	-3.027629885050622414e-04
4.209999999999999964e+00	7.499978299484124158e-03	-2.972218566025105146e-04
4.214999999999999858e+00	7.499978697264578567e-03	-2.917723665505236961e-04
4.219999999999999751e+00	7.499979088450175503e-03	-2.864132526184010345e-04
4.224999999999999645e+00	7.499979473132344435e-03	-2.811432611909529008e-04
4.230000000000000426e+00	7.499979851401627519e-03	-2.759611508293457268e-04
4.235000000000000320e+00	7.499980223347683071e-03	-2.708656922418257811e-04
4.240000000000000213e+00	7.499980589059276025e-03	-2.658556683761059344e-04
4.245000000000000107e+00	7.499980948624288338e-03	-2.609298743415179914e-04
4.250000000000000000e+00	7.499981302129705117e-03	-2.560871175310789477e-04
4.254999999999999893e+00	7.499981649661624158e-03	-2.513262174978909665e-04
4.259999999999999787e+00	7.499981991305249875e-03	-2.466460061050168790e-04
4.264999999999999680e+00	7.499982327144900235e-03	-2.420453273590431704e-04
4.269999999999999574e+00	7.499982657263994622e-03	-2.375230375860255014e-04
4.275000000000000355e+00	7.499982981745071178e-03	-2.330780052248398006e-04
4.280000000000000249e+00	7.499983300669771195e-03	-2.287091110274293922e-04
4.285000000000000142e+00	7.499983614118854724e-03	-2.244152478147529834e-04
4.290000000000000036e+00	7.499983922172188434e-03	-2.201953206995861515e-04
4.294999999999999929e+00	7.499984224908760357e-03	-2.160482468074894464e-04
4.299999999999999822e+00	7.499984522406669477e-03	-2.119729555207249309e-04
4.304999999999999716e+00	7.499984814743141347e-03	-2.079683881665657288e-04
4.309999999999999609e+00	7.499985101994511606e-03	-2.040334982808410160e-04
4.314999999999999503e+00	7.499985384236253737e-03	-2.001672512659901477e-04
4.320000000000000284e+00	7.499985661542953042e-03	-1.963686246727756250e-04
4.325000000000000178e+00	7.499985933988337870e-03	-1.926366078301707072e-04
4.330000000000000071e+00	7.499986201645254466e-03	-1.889702021439274666e-04
4.334999999999999964e+00	7.499986464585700792e-03	-1.853684207004379649e-04
4.339999999999999858e+00	7.499986722880797908e-03	-1.818302885808254811e-04
4.344999999999999751e+00	7.499986976600824667e-03	-1.783548424408400493e-04
4.349999999999999645e+00	7.499987225815189958e-03	-1.749411308392416942e-04
4.355000000000000426e+00	7.499987470592470867e-03	-1.715882137955944257e-04
4.360000000000000320e+00	7.499987711000380593e-03	-1.682951631317872946e-04
4.365000000000000213e+00	7.499987947105809204e-03	-1.650610620095171067e-04
4.370000000000000107e+00	7.499988178974789817e-03	-1.618850052838481874e-04
4.375000000000000000e+00	7.499988406672542830e-03	-1.587660990221815042e-04
4.379999999999999893e+00	7.499988630263441231e-03	-1.557034608687815700e-04
4.384999999999999787e+00	7.499988849811050490e-03	-1.526962195468802312e-04
4.389999999999999680e+00	7.499989065378104280e-03	-1.497435152331522102e-04
4.394999999999999574e+00	7.499989277026534833e-03	-1.468444990444767824e-04
4.400000000000000355e+00	7.499989484817449516e-03	-1.439983334215154127e-04
4.405000000000000249e+00	7.499989688811171604e-03	-1.412041916016113386e-04
4.410000000000000142e+00	7.499989889067204714e-03	-1.384612580105282404e-04
4.415000000000000036e+00	7.499990085644277910e-03	-1.357687277229274964e-04
4.419999999999999929e+00	7.499990278600314475e-03	-1.331258068613762661e-04
4.424999999999999822e+00	7.499990467992471814e-03	-1.305317120457943978e-04
4.429999999999999716e+00	7.499990653877111960e-03	-1.279856707990136141e-04
4.435000000000000497e+00	7.499990836309844075e-03	-1.254869209863656058e-04
4.440000000000000391e+00	7.499991015345492361e-03	-1.230347112270281196e-04
4.445000000000000284e+00	7.499991191038137689e-03	-1.206283003249644664e-04
4.450000000000000178e+00	7.499991363441088979e-03	-1.182669576853935620e-04
4.455000000000000071e+00	7.499991532606924832e-03	-1.159499627382714932e-04
4.459999999999999964e+00	7.499991698587457969e-03	-1.136766053591774727e-04
4.464999999999999858e+00	7.499991861433787273e-03	-1.114461852862812485e-04
4.469999999999999751e+00	7.499992021196257887e-03	-1.092580125451202193e-04
4.474999999999999645e+00	7.499992177924508924e-03	-1.071114068601367118e-04
4.480000000000000426e+00	7.499992331667440504e-03	-1.050056980827546220e-04
4.485000000000000320e+00	7.499992482473257990e-03	-1.029402255983110693e-04
4.490000000000000213e+00	7.499992630389437295e-03	-1.009143387569849096e-04
4.495000000000000107e+00	7.499992775462776054e-03	-9.892739627705368914e-05
4.500000000000000000e+00	7.499992917739352859e-03	-9.697876667805636008e-05
4.504999999999999893e+00	7.499993057264575831e-03	-9.506782768121984284e-05
4.509999999999999787e+00	7.499993194083152265e-03	-9.319396664457138102e-05
4.514999999999999680e+00	7.499993328239128523e-03	-9.135657996112793422e-05
4.519999999999999574e+00	7.499993459775860551e-03	-8.955507349551106080e-05
4.525000000000000355e+00	7.499993588736057239e-03	-8.778886198074447970e-05
4.530000000000000249e+00	7.499993715161750070e-03	-8.605736945600331333e-05
4.535000000000000142e+00	7.499993839094333883e-03	-8.436002866259117940e-05
4.540000000000000036e+00	7.499993960574537384e-03	-8.269628148245885136e-05
4.544999999999999929e+00	7.499994079642466512e-03	-8.106557833398630238e-05
4.549999999999999822e+00	7.499994196337573214e-03	-7.946737861105682957e-05
4.554999999999999716e+00	7.499994310698698818e-03	-7.790115007915712157e-05
4.559999999999999609e+00	7.499994422764040200e-03	-7.636636931462263255e-05
4.564999999999999503e+00	7.499994532571197491e-03	-7.486252110163992284e-05
4.570000000000000284e+00	7.499994640157138515e-03	-7.338909887154274644e-05
4.575000000000000178e+00	7.499994745558244760e-03	-7.194560410101616204e-05
4.580000000000000071e+00	7.499994848810279287e-03	-7.053154675123343253e-05
4.584999999999999964e+00	7.499994949948429225e-03	-6.914644466779774619e-05
4.589999999999999858e+00	7.499995049007275420e-03	-6.778982401945348553e-05
4.594999999999999751e+00	7.499995146020832330e-03	-6.646121870011618960e-05
4.599999999999999645e+00	7.499995241022524607e-03	-6.516017076703128636e-05
4.605000000000000426e+00	7.499995334045217454e-03	-6.388622984526930030e-05
4.610000000000000320e+00	7.499995425121198413e-03	-6.263895356530160927e-05
4.615000000000000213e+00	7.499995514282210320e-03	-6.141790697003264457e-05
4.620000000000000107e+00	7.499995601559424421e-03	-6.022266295164228667e-05
4.625000000000000000e+00	7.499995686983482873e-03	-5.905280166165708392e-05
4.629999999999999893e+00	7.499995770584464913e-03	-5.790791094702944455e-05
4.634999999999999787e+00	7.499995852391935433e-03	-5.678758576327347477e-05
4.639999999999999680e+00	7.499995932434901612e-03	-5.569142860968471012e-05
4.644999999999999574e+00	7.499996010741870160e-03	-5.461904894584385150e-05
4.650000000000000355e+00	7.499996087340802219e-03	-5.357006362599029022e-05
4.655000000000000249e+00	7.499996162259165398e-03	-5.254409631900131510e-05
4.660000000000000142e+00	7.499996235523898221e-03	-5.154077794190285657e-05
4.665000000000000036e+00	7.499996307161451749e-03	-5.055974608341868009e-05
4.669999999999999929e+00	7.499996377197757497e-03	-4.960064543666195454e-05
4.674999999999999822e+00	7.499996445658271664e-03	-4.866312722640224269e-05
4.679999999999999716e+00	7.499996512567942177e-03	-4.774684964094150555e-05
4.685000000000000497e+00	7.499996577951250319e-03	-4.685147726302523190e-05
4.690000000000000391e+00	7.499996641832180379e-03	-4.597668150108264617e-05
4.695000000000000284e+00	7.499996704234257808e-03	-4.512214002396852073e-05
4.700000000000000178e+00	7.499996765180519734e-03	-4.428753719142589562e-05
4.705000000000000071e+00	7.499996824693557461e-03	-4.347256349264948667e-05
4.709999999999999964e+00	7.499996882795485244e-03	-4.267691597625730910e-05
4.714999999999999858e+00	7.499996939507974983e-03	-4.190029769246744003e-05
4.719999999999999751e+00	7.499996994852231938e-03	-4.114241812266930049e-05
4.724999999999999645e+00	7.499997048849033759e-03	-4.040299262543497674e-05
4.730000000000000426e+00	7.499997101518694059e-03	-3.968174286573126542e-05
4.735000000000000320e+00	7.499997152881110116e-03	-3.897839626447188396e-05
4.740000000000000213e+00	7.499997202955725577e-03	-3.829268642762470050e-05
4.745000000000000107e+00	7.499997251761574696e-03	-3.762435259935455764e-05
4.750000000000000000e+00	7.499997299317245902e-03	-3.697314009107608893e-05
4.754999999999999893e+00	7.499997345640926905e-03	-3.633879973810584757e-05
4.759999999999999787e+00	7.499997390750369995e-03	-3.572108832886812415e-05
4.764999999999999680e+00	7.499997434662933685e-03	-3.511976806478474023e-05
4.769999999999999574e+00	7.499997477395548874e-03	-3.453460698991926996e-05
4.775000000000000355e+00	7.499997518964758754e-03	-3.396537845400846533e-05
4.780000000000000249e+00	7.499997559386688446e-03	-3.341186154269027326e-05
4.785000000000000142e+00	7.499997598677085771e-03	-3.287384054356107932e-05
4.790000000000000036e+00	7.499997636851283948e-03	-3.235110537714320497e-05
4.794999999999999929e+00	7.499997673924244102e-03	-3.184345106569972457e-05
4.799999999999999822e+00	7.499997709910525764e-03	-3.135067816533338185e-05
4.804999999999999716e+00	7.499997744824322445e-03	-3.087259223738706646e-05
4.809999999999999609e+00	7.499997778679429530e-03	-3.040900428175201227e-05
4.814999999999999503e+00	7.499997811489284190e-03	-2.995973021063590719e-05
4.820000000000000284e+00	7.499997843266934146e-03	-2.952459128345061138e-05
4.825000000000000178e+00	7.499997874025074972e-03	-2.910341358267696507e-05
4.830000000000000071e+00	7.499997903776017133e-03	-2.869602845059864208e-05
4.834999999999999964e+00	7.499997932531728487e-03	-2.830227196702910544e-05
4.839999999999999858e+00	7.499997960303794384e-03	-2.792198538808654263e-05
4.844999999999999751e+00	7.499997987103462771e-03	-2.755501462554871687e-05
4.849999999999999645e+00	7.499998012941611232e-03	-2.720121068803378088e-05
4.855000000000000426e+00	7.499998037828781682e-03	-2.686042916164146625e-05
4.860000000000000320e+00	7.499998061775147405e-03	-2.653253065382508695e-05
4.865000000000000213e+00	7.499998084790557296e-03	-2.621738027506183980e-05
4.870000000000000107e+00	7.499998106884495086e-03	-2.591484808565546404e-05
4.875000000000000000e+00	7.499998128066123586e-03	-2.562480857819287306e-05
4.879999999999999893e+00	7.499998148344248251e-03	-2.534714112768698328e-05
4.884999999999999787e+00	7.499998167727355350e-03	-2.508172947437239286e-05
4.889999999999999680e+00	7.499998186223580734e-03	-2.482846217751479600e-05
4.894999999999999574e+00	7.499998203840745406e-03	-2.458723209822748850e-05
4.900000000000000355e+00	7.499998220586321686e-03	-2.435793685723520617e-05
4.905000000000000249e+00	7.499998236467475717e-03	-2.414047831749753737e-05
4.910000000000000142e+00	7.499998251491025829e-03	-2.393476304626332893e-05
4.915000000000000036e+00	7.499998265663488511e-03	-2.374070179706201216e-05
4.919999999999999929e+00	7.499998278991039380e-03	-2.355820997641116060e-05
4.924999999999999822e+00	7.499998291479551341e-03	-2.338720712486020971e-05
4.929999999999999716e+00	7.499998303134562498e-03	-2.322761738867171422e-05
4.935000000000000497e+00	7.499998313961310850e-03	-2.307936899954282227e-05
4.940000000000000391e+00	7.499998323964703929e-03	-2.294239475167925271e-05
4.945000000000000284e+00	7.499998333149353498e-03	-2.281663147982274402e-05
4.950000000000000178e+00	7.499998341519538252e-03	-2.270202054205086586e-05
4.955000000000000071e+00	7.499998349079249789e-03	-2.259850729561747645e-05
4.959999999999999964e+00	7.499998355832147509e-03	-2.250604158594047565e-05
4.964999999999999858e+00	7.499998361781605449e-03	-2.242457721997858229e-05
4.969999999999999751e+00	7.499998366930668917e-03	-2.235407246176918632e-05
4.974999999999999645e+00	7.499998371282100458e-03	-2.229448950282261467e-05
4.980000000000000426e+00	7.499998374838334758e-03	-2.224579496453910052e-05
4.985000000000000320e+00	7.499998377601525476e-03	-2.220795936530837897e-05
4.990000000000000213e+00	7.499998379573502745e-03	-2.218095763029382698e-05
4.995000000000000107e+00	7.499998380755816541e-03	-2.216476855476463275e-05
5.000000000000000000e+00	7.499998381149692445e-03	-2.215937532153702875e-05
