# coordinate_x	h	p	@time=641.29
0.000000000000000000e+00	2.700064079475760770e-01	5.715600913705675135e-01
5.000000000000000104e-03	2.700028402871427202e-01	5.715600912636533693e-01
1.000000000000000021e-02	2.699921373070116593e-01	5.715600909428575349e-01
1.499999999999999944e-02	2.699742990084417205e-01	5.715600904081227229e-01
2.000000000000000042e-02	2.699493253944910132e-01	5.715600896593097113e-01
2.500000000000000139e-02	2.699172164686661213e-01	5.715600886962581839e-01
2.999999999999999889e-02	2.698779722362318334e-01	5.715600875187282215e-01
3.500000000000000333e-02	2.698315927028955841e-01	5.715600861264593657e-01
4.000000000000000083e-02	2.697780778761270648e-01	5.715600845191106671e-01
4.499999999999999833e-02	2.697174277638414441e-01	5.715600826963207481e-01
5.000000000000000278e-02	2.696496423757226979e-01	5.715600806576471848e-01
5.500000000000000028e-02	2.695747217219049974e-01	5.715600784026267922e-01
5.999999999999999778e-02	2.694926658142999254e-01	5.715600759307148948e-01
6.500000000000000222e-02	2.694034746652753110e-01	5.715600732413453899e-01
7.000000000000000666e-02	2.693071482889868862e-01	5.715600703338702404e-01
7.500000000000001110e-02	2.692036867000536793e-01	5.715600672076193156e-01
8.000000000000000167e-02	2.690930899148956112e-01	5.715600638618397733e-01
8.499999999999999223e-02	2.689753579504040593e-01	5.715600602957561227e-01
8.999999999999999667e-02	2.688504908252858927e-01	5.715600565085090512e-01
9.500000000000000111e-02	2.687184885587293737e-01	5.715600524992158205e-01
1.000000000000000056e-01	2.685793511717550208e-01	5.715600482669089821e-01
1.050000000000000100e-01	2.684330786858755147e-01	5.715600438105969960e-01
1.100000000000000006e-01	2.682796711244547772e-01	5.715600391292019467e-01
1.149999999999999911e-01	2.681191285113613265e-01	5.715600342216210494e-01
1.199999999999999956e-01	2.679514508723360722e-01	5.715600290866640343e-01
1.250000000000000000e-01	2.677766382336378981e-01	5.715600237231144298e-01
1.300000000000000044e-01	2.675946906234215050e-01	5.715600181296670579e-01
1.350000000000000089e-01	2.674056080703747784e-01	5.715600123049887626e-01
1.400000000000000133e-01	2.672093906051071777e-01	5.715600062476566823e-01
1.450000000000000178e-01	2.670060382587775005e-01	5.715599999562185340e-01
1.499999999999999944e-01	2.667955510644943740e-01	5.715599934291304418e-01
1.549999999999999989e-01	2.665779290559338599e-01	5.715599866648176652e-01
1.600000000000000033e-01	2.663531722687521586e-01	5.715599796616118722e-01
1.650000000000000078e-01	2.661212807391926116e-01	5.715599724178123120e-01
1.700000000000000122e-01	2.658822545055117836e-01	5.715599649316227548e-01
1.749999999999999889e-01	2.656360936065743639e-01	5.715599572012125540e-01
1.799999999999999933e-01	2.653827980832941247e-01	5.715599492246532520e-01
1.849999999999999978e-01	2.651223679772158337e-01	5.715599409999805314e-01
1.900000000000000022e-01	2.648548033319716999e-01	5.715599325251295992e-01
1.950000000000000067e-01	2.645801041918497409e-01	5.715599237979973601e-01
2.000000000000000111e-01	2.642982706032663831e-01	5.715599148163782450e-01
2.050000000000000155e-01	2.640093026133205067e-01	5.715599055780256066e-01
2.099999999999999922e-01	2.637132002712838652e-01	5.715598960805876594e-01
2.149999999999999967e-01	2.634099636271389211e-01	5.715598863216695413e-01
2.200000000000000011e-01	2.630995927330880835e-01	5.715598762987678105e-01
2.250000000000000056e-01	2.627820876420752794e-01	5.715598660093331729e-01
2.300000000000000100e-01	2.624574484093149529e-01	5.715598554507049789e-01
2.349999999999999867e-01	2.621256750907954847e-01	5.715598446201736182e-01
2.399999999999999911e-01	2.617867677448297292e-01	5.715598335149146836e-01
2.449999999999999956e-01	2.614407264305396161e-01	5.715598221320518091e-01
2.500000000000000000e-01	2.610875512094287254e-01	5.715598104685900571e-01
2.550000000000000044e-01	2.607272421438471821e-01	5.715597985214792010e-01
2.600000000000000089e-01	2.603597992985877130e-01	5.715597862875467783e-01
2.650000000000000133e-01	2.599852227393295578e-01	5.715597737635610409e-01
2.700000000000000178e-01	2.596035125342597283e-01	5.715597609461642303e-01
2.750000000000000222e-01	2.592146687524940485e-01	5.715597478319353053e-01
2.800000000000000266e-01	2.588186914657252813e-01	5.715597344173224403e-01
2.850000000000000311e-01	2.584155807466202992e-01	5.715597206987065304e-01
2.899999999999999800e-01	2.580053366704965212e-01	5.715597066723331343e-01
2.949999999999999845e-01	2.575879593136937151e-01	5.715596923343758684e-01
2.999999999999999889e-01	2.571634487552801884e-01	5.715596776808680168e-01
3.049999999999999933e-01	2.567318050753980563e-01	5.715596627077657033e-01
3.099999999999999978e-01	2.562930283570009071e-01	5.715596474108799452e-01
3.150000000000000022e-01	2.558471186841709266e-01	5.715596317859391595e-01
3.200000000000000067e-01	2.553940761438896478e-01	5.715596158285202177e-01
3.250000000000000111e-01	2.549339008243256544e-01	5.715595995341126168e-01
3.300000000000000155e-01	2.544665928166403579e-01	5.715595828980480908e-01
3.350000000000000200e-01	2.539921522132441711e-01	5.715595659155644492e-01
3.400000000000000244e-01	2.535105791096396444e-01	5.715595485817354104e-01
3.449999999999999734e-01	2.530218736026443871e-01	5.715595308915342176e-01
3.499999999999999778e-01	2.525260357922733956e-01	5.715595128397631397e-01
3.549999999999999822e-01	2.520230657799272245e-01	5.715594944211169759e-01
3.599999999999999867e-01	2.515129636703153926e-01	5.715594756301120016e-01
3.649999999999999911e-01	2.509957295696081947e-01	5.715594564611492512e-01
3.699999999999999956e-01	2.504713635874031286e-01	5.715594369084433524e-01
3.750000000000000000e-01	2.499398658348387370e-01	5.715594169660858093e-01
3.800000000000000044e-01	2.494012364266064985e-01	5.715593966279728377e-01
3.850000000000000089e-01	2.488554754790240076e-01	5.715593758878688702e-01
3.900000000000000133e-01	2.483025831120953819e-01	5.715593547393339469e-01
3.950000000000000178e-01	2.477425594475418102e-01	5.715593331757867768e-01
4.000000000000000222e-01	2.471754046109128911e-01	5.715593111904321288e-01
4.050000000000000266e-01	2.466011187295719664e-01	5.715592887763230046e-01
4.099999999999999756e-01	2.460197019348614456e-01	5.715592659262880293e-01
4.149999999999999800e-01	2.454311543600408152e-01	5.715592426329930698e-01
4.199999999999999845e-01	2.448354761425087789e-01	5.715592188888685143e-01
4.249999999999999889e-01	2.442326674216913074e-01	5.715591946861701134e-01
4.299999999999999933e-01	2.436227283413236466e-01	5.715591700169061484e-01
4.349999999999999978e-01	2.430056590472859657e-01	5.715591448728971624e-01
4.400000000000000022e-01	2.423814596899487583e-01	5.715591192457035730e-01
4.450000000000000067e-01	2.417501304219528691e-01	5.715590931266844033e-01
4.500000000000000111e-01	2.411116714006220907e-01	5.715590665069244514e-01
4.550000000000000155e-01	2.404660827856845429e-01	5.715590393772921329e-01
4.600000000000000200e-01	2.398133647417564351e-01	5.715590117283670946e-01
4.649999999999999689e-01	2.391535174360015503e-01	5.715589835504960581e-01
4.699999999999999734e-01	2.384865410406898367e-01	5.715589548337213222e-01
4.749999999999999778e-01	2.378124357307921655e-01	5.715589255678347191e-01
4.799999999999999822e-01	2.371312016866182204e-01	5.715588957423061167e-01
4.849999999999999867e-01	2.364428390913423939e-01	5.715588653463368196e-01
4.899999999999999911e-01	2.357473481337258037e-01	5.715588343687867390e-01
4.949999999999999956e-01	2.350447290055697747e-01	5.715588027982270170e-01
5.000000000000000000e-01	2.343349819045268401e-01	5.715587706228678622e-01
5.050000000000000044e-01	2.336181070314775343e-01	5.715587378306080657e-01
5.100000000000000089e-01	2.328941045934359577e-01	5.715587044089643909e-01
5.150000000000000133e-01	2.321629748008457172e-01	5.715586703451176476e-01
5.200000000000000178e-01	2.314247178705852448e-01	5.715586356258434142e-01
5.250000000000000222e-01	2.306793340231785838e-01	5.715586002375555585e-01
5.300000000000000266e-01	2.299268234859068172e-01	5.715585641662375149e-01
5.350000000000000311e-01	2.291671864899283984e-01	5.715585273974821412e-01
5.400000000000000355e-01	2.284004232735034889e-01	5.715584899164254384e-01
5.450000000000000400e-01	2.276265340790183667e-01	5.715584517077813009e-01
5.500000000000000444e-01	2.268455191563301110e-01	5.715584127557777894e-01
5.550000000000000488e-01	2.260573787596892315e-01	5.715583730441872179e-01
5.600000000000000533e-01	2.252621131512121677e-01	5.715583325562640926e-01
5.649999999999999467e-01	2.244597225976965871e-01	5.715582912747704247e-01
5.699999999999999512e-01	2.236502073742294427e-01	5.715582491819163335e-01
5.749999999999999556e-01	2.228335677608887233e-01	5.715582062593789203e-01
5.799999999999999600e-01	2.220098040464959788e-01	5.715581624882465350e-01
5.849999999999999645e-01	2.211789165251974165e-01	5.715581178490305447e-01
5.899999999999999689e-01	2.203409055003706651e-01	5.715580723216130421e-01
5.949999999999999734e-01	2.194957712810776951e-01	5.715580258852510642e-01
5.999999999999999778e-01	2.186435141861361453e-01	5.715579785185287420e-01
6.049999999999999822e-01	2.177841345404362416e-01	5.715579301993523043e-01
6.099999999999999867e-01	2.169176326791875664e-01	5.715578809049077780e-01
6.149999999999999911e-01	2.160440089440916200e-01	5.715578306116451124e-01
6.199999999999999956e-01	2.151632636877765237e-01	5.715577792952425407e-01
6.250000000000000000e-01	2.142753972698153431e-01	5.715577269305787134e-01
6.300000000000000044e-01	2.133804100613620469e-01	5.715576734917039436e-01
6.350000000000000089e-01	2.124783024410061283e-01	5.715576189517995731e-01
6.400000000000000133e-01	2.115690747996235299e-01	5.715575632831568775e-01
6.450000000000000178e-01	2.106527275360571272e-01	5.715575064571213337e-01
6.500000000000000222e-01	2.097292610621982190e-01	5.715574484440812952e-01
6.550000000000000266e-01	2.087986757984811870e-01	5.715573892133948286e-01
6.600000000000000311e-01	2.078609721792125109e-01	5.715573287333889363e-01
6.650000000000000355e-01	2.069161506478670309e-01	5.715572669712676301e-01
6.700000000000000400e-01	2.059642116626831110e-01	5.715572038931230336e-01
6.750000000000000444e-01	2.050051556917469320e-01	5.715571394638214731e-01
6.800000000000000488e-01	2.040389832188738151e-01	5.715570736470289015e-01
6.850000000000000533e-01	2.030656947384660294e-01	5.715570064050717880e-01
6.899999999999999467e-01	2.020852907617024519e-01	5.715569376989790840e-01
6.949999999999999512e-01	2.010977718111537360e-01	5.715568674883149125e-01
6.999999999999999556e-01	2.001031384273045388e-01	5.715567957312378544e-01
7.049999999999999600e-01	1.991013911629089528e-01	5.715567223843031064e-01
7.099999999999999645e-01	1.980925305898716959e-01	5.715566474025424171e-01
7.149999999999999689e-01	1.970765572933250165e-01	5.715565707392291639e-01
7.199999999999999734e-01	1.960534718788980169e-01	5.715564923459831581e-01
7.249999999999999778e-01	1.950232749664945753e-01	5.715564121724941993e-01
7.299999999999999822e-01	1.939859671979828615e-01	5.715563301666543028e-01
7.349999999999999867e-01	1.929415492306520707e-01	5.715562462742346250e-01
7.399999999999999911e-01	1.918900217453574364e-01	5.715561604390485551e-01
7.449999999999999956e-01	1.908313854396314346e-01	5.715560726025760152e-01
7.500000000000000000e-01	1.897656410363234292e-01	5.715559827041620800e-01
7.550000000000000044e-01	1.886927892763386183e-01	5.715558906805803252e-01
7.600000000000000089e-01	1.876128309278157769e-01	5.715557964662728585e-01
7.650000000000000133e-01	1.865257667784645801e-01	5.715556999928441684e-01
7.700000000000000178e-01	1.854315976453292936e-01	5.715556011893485611e-01
7.750000000000000222e-01	1.843303243666930824e-01	5.715554999817048509e-01
7.800000000000000266e-01	1.832219478124804957e-01	5.715553962930368659e-01
7.850000000000000311e-01	1.821064688756932892e-01	5.715552900429990979e-01
7.900000000000000355e-01	1.809838884835117401e-01	5.715551811481778266e-01
7.950000000000000400e-01	1.798542075882232083e-01	5.715550695213141852e-01
8.000000000000000444e-01	1.787174271790880620e-01	5.715549550717756722e-01
8.050000000000000488e-01	1.775735482727187342e-01	5.715548377046606454e-01
8.100000000000000533e-01	1.764225719257839775e-01	5.715547173213514354e-01
8.149999999999999467e-01	1.752644992247918698e-01	5.715545938184829478e-01
8.199999999999999512e-01	1.740993312997148601e-01	5.715544670885889245e-01
8.249999999999999556e-01	1.729270693131248482e-01	5.715543370189146710e-01
8.299999999999999600e-01	1.717477144748322526e-01	5.715542034921706760e-01
8.349999999999999645e-01	1.705612680303156825e-01	5.715540663851654823e-01
8.399999999999999689e-01	1.693677312764794995e-01	5.715539255696832077e-01
8.449999999999999734e-01	1.681671055493142442e-01	5.715537809109090261e-01
8.499999999999999778e-01	1.669593922408912079e-01	5.715536322684501291e-01
8.549999999999999822e-01	1.657445927861827539e-01	5.715534794945204000e-01
8.599999999999999867e-01	1.645227086814269324e-01	5.715533224351282415e-01
8.649999999999999911e-01	1.632937414700294243e-01	5.715531609279823622e-01
8.699999999999999956e-01	1.620576927624491625e-01	5.715529948038716723e-01
8.750000000000000000e-01	1.608145642210946913e-01	5.715528238842486619e-01
8.800000000000000044e-01	1.595643575819022664e-01	5.715526479828321182e-01
8.850000000000000089e-01	1.583070746381286531e-01	5.715524669028142490e-01
8.900000000000000133e-01	1.570427172638180768e-01	5.715522804387237477e-01
8.950000000000000178e-01	1.557712873963817690e-01	5.715520883731941559e-01
9.000000000000000222e-01	1.544927870621775334e-01	5.715518904791289101e-01
9.050000000000000266e-01	1.532072183577534441e-01	5.715516865159575577e-01
9.100000000000000311e-01	1.519145834777971271e-01	5.715514762321547426e-01
9.150000000000000355e-01	1.506148846949053322e-01	5.715512593608934599e-01
9.200000000000000400e-01	1.493081243901982214e-01	5.715510356229801525e-01
9.250000000000000444e-01	1.479943050314599939e-01	5.715508047217996435e-01
9.300000000000000488e-01	1.466734292067594092e-01	5.715505663467362885e-01
9.350000000000000533e-01	1.453454996007855493e-01	5.715503201672852418e-01
9.399999999999999467e-01	1.440105190318698714e-01	5.715500658370463727e-01
9.449999999999999512e-01	1.426684904263194609e-01	5.715498029868476548e-01
9.499999999999999556e-01	1.413194168592992461e-01	5.715495312294159858e-01
9.549999999999999600e-01	1.399633015269383385e-01	5.715492501513277368e-01
9.599999999999999645e-01	1.386001477916084246e-01	5.715489593184813755e-01
9.649999999999999689e-01	1.372299591515478978e-01	5.715486582666512438e-01
9.699999999999999734e-01	1.358527392911642873e-01	5.715483465079113090e-01
9.749999999999999778e-01	1.344684920478857737e-01	5.715480235195202763e-01
9.799999999999999822e-01	1.330772214682257037e-01	5.715476887514787663e-01
9.849999999999999867e-01	1.316789317715308938e-01	5.715473416134110307e-01
9.899999999999999911e-01	1.302736274126798377e-01	5.715469814834780449e-01
9.949999999999999956e-01	1.288613130423488795e-01	5.715466076928453765e-01
1.000000000000000000e+00	1.274419935773792589e-01	5.715462195362233100e-01
1.004999999999999893e+00	1.260156741571276662e-01	5.715458162534138298e-01
1.010000000000000009e+00	1.245823602227351806e-01	5.715453970418111762e-01
1.015000000000000124e+00	1.231420574690637593e-01	5.715449610343986686e-01
1.020000000000000018e+00	1.216947719343465240e-01	5.715445073146189214e-01
1.024999999999999911e+00	1.202405099471353100e-01	5.715440348900373557e-01
1.030000000000000027e+00	1.187792782281136411e-01	5.715435427100911125e-01
1.035000000000000142e+00	1.173110838313945747e-01	5.715430296344310435e-01
1.040000000000000036e+00	1.158359342606527786e-01	5.715424944541852570e-01
1.044999999999999929e+00	1.143538374040079103e-01	5.715419358537355832e-01
1.050000000000000044e+00	1.128648016671052051e-01	5.715413524362887854e-01
1.055000000000000160e+00	1.113688359006991951e-01	5.715407426775068744e-01
1.060000000000000053e+00	1.098659495539060643e-01	5.715401049563860747e-01
1.064999999999999947e+00	1.083561525934608333e-01	5.715394374987174952e-01
1.070000000000000062e+00	1.068394556811200630e-01	5.715387384145436123e-01
1.075000000000000178e+00	1.053158700834027628e-01	5.715380056288408284e-01
1.080000000000000071e+00	1.037854078780864608e-01	5.715372369271733977e-01
1.084999999999999964e+00	1.022480818530496771e-01	5.715364298702099166e-01
1.090000000000000080e+00	1.007039057480527688e-01	5.715355818496573592e-01
1.095000000000000195e+00	9.915289414107904264e-02	5.715346899821771576e-01
1.100000000000000089e+00	9.759506273321232050e-02	5.715337511782929703e-01
1.104999999999999982e+00	9.603042822062055062e-02	5.715327620098510364e-01
1.110000000000000098e+00	9.445900863247227996e-02	5.715317187954161993e-01
1.115000000000000213e+00	9.288082318642364166e-02	5.715306174334713329e-01
1.120000000000000107e+00	9.129589269233927273e-02	5.715294535089263661e-01
1.125000000000000000e+00	8.970423938882979287e-02	5.715282220815475211e-01
1.129999999999999893e+00	8.810588742932949635e-02	5.715269178197172062e-01
1.134999999999999787e+00	8.650086269690512863e-02	5.715255347297957256e-01
1.139999999999999902e+00	8.488919339437088485e-02	5.715240663253541298e-01
1.145000000000000018e+00	8.327090983427291870e-02	5.715225052777919146e-01
1.149999999999999911e+00	8.164604516175971716e-02	5.715208436321704832e-01
1.154999999999999805e+00	8.001463511639583803e-02	5.715190723516690996e-01
1.159999999999999920e+00	7.837671892628086945e-02	5.715171815952478918e-01
1.165000000000000036e+00	7.673233903826516544e-02	5.715151601172221429e-01
1.169999999999999929e+00	7.508154223558105578e-02	5.715129956278380829e-01
1.174999999999999822e+00	7.342437933330635269e-02	5.715106739924944446e-01
1.179999999999999938e+00	7.176090659146708295e-02	5.715081797047897316e-01
1.185000000000000053e+00	7.009118537356799628e-02	5.715054948046561778e-01
1.189999999999999947e+00	6.841528395575358079e-02	5.715025995058974351e-01
1.194999999999999840e+00	6.673327714852023140e-02	5.714994707136996643e-01
1.199999999999999956e+00	6.504524864487264135e-02	5.714960828672791537e-01
1.205000000000000071e+00	6.335129061010062734e-02	5.714924058764397907e-01
1.209999999999999964e+00	6.165150677572736604e-02	5.714884062682160648e-01
1.214999999999999858e+00	5.994601201157943871e-02	5.714840442647769470e-01
1.219999999999999973e+00	5.823493647065206696e-02	5.714792753667152780e-01
1.225000000000000089e+00	5.651842517557851414e-02	5.714740461348616352e-01
1.229999999999999982e+00	5.479664367441684780e-02	5.714682964120718633e-01
1.234999999999999876e+00	5.306977770753687484e-02	5.714619531024492938e-01
1.239999999999999991e+00	5.133804108442866637e-02	5.714549333454296276e-01
1.245000000000000107e+00	4.960167556153520507e-02	5.714471351192860205e-01
1.250000000000000000e+00	4.786096206512327478e-02	5.714384418671140109e-01
1.254999999999999893e+00	4.611622103455307459e-02	5.714287079157528426e-01
1.260000000000000009e+00	4.436782882532917804e-02	5.714177653706702387e-01
1.265000000000000124e+00	4.261621901434924087e-02	5.714054007902859000e-01
1.270000000000000018e+00	4.086190706827725477e-02	5.713913657271574298e-01
1.274999999999999911e+00	3.910549358961655508e-02	5.713753381030176604e-01
1.280000000000000027e+00	3.734770261915678485e-02	5.713569388024035689e-01
1.285000000000000142e+00	3.558938878508255410e-02	5.713356651559819976e-01
1.290000000000000036e+00	3.383159892582012634e-02	5.713109179733784071e-01
1.294999999999999929e+00	3.207558715581673714e-02	5.712818817824253381e-01
1.300000000000000044e+00	3.032291793783278150e-02	5.712475707425657134e-01
1.305000000000000160e+00	2.857549743173609311e-02	5.712066019493015068e-01
1.310000000000000053e+00	2.683575308454405964e-02	5.711572776947440033e-01
1.314999999999999947e+00	2.510669883100907079e-02	5.710971320812370244e-01
1.320000000000000062e+00	2.339226027034869981e-02	5.710230897110455395e-01
1.325000000000000178e+00	2.169740945066872539e-02	5.709305059607847621e-01
1.330000000000000071e+00	2.002876764343619262e-02	5.708135088682235736e-01
1.334999999999999964e+00	1.839487065215576755e-02	5.706628672554905357e-01
1.340000000000000080e+00	1.680725378338847331e-02	5.704668608156491239e-01
1.345000000000000195e+00	1.528086692948412047e-02	5.702064985048344026e-01
1.350000000000000089e+00	1.383563145405178677e-02	5.698582498059064916e-01
1.354999999999999982e+00	1.249641199030031985e-02	5.693844946411422692e-01
1.360000000000000098e+00	1.129304310298773033e-02	5.687432934223807246e-01
1.365000000000000213e+00	1.025667578495247263e-02	5.678770905043855066e-01
1.370000000000000107e+00	9.411927806356495951e-03	5.667407095039834752e-01
1.375000000000000000e+00	8.768158804474665557e-03	5.653031299259047016e-01
1.379999999999999893e+00	8.310786722493440637e-03	5.635735198871207885e-01
1.384999999999999787e+00	8.007158411332395559e-03	5.616004745144125287e-01
1.389999999999999902e+00	7.816245799545202058e-03	5.594428574695616829e-01
1.395000000000000018e+00	7.700746144756635998e-03	5.571671485670350865e-01
1.399999999999999911e+00	7.632863237713810589e-03	5.548166479270919549e-01
1.404999999999999805e+00	7.593400309987975542e-03	5.524268209042810795e-01
1.409999999999999920e+00	7.570788017699657015e-03	5.500160339104906981e-01
1.415000000000000036e+00	7.557780474859732318e-03	5.475977241414964336e-01
1.419999999999999929e+00	7.550344982853392922e-03	5.451782793350583578e-01
1.424999999999999822e+00	7.546034970789434158e-03	5.427621961165342013e-01
1.429999999999999938e+00	7.543525373332480959e-03	5.403515389033383132e-01
1.435000000000000053e+00	7.542020444034290214e-03	5.379477364150468954e-01
1.439999999999999947e+00	7.541093069002169011e-03	5.355514251210050647e-01
1.444999999999999840e+00	7.540487597882226598e-03	5.331630364810877598e-01
1.449999999999999956e+00	7.540067222909319598e-03	5.307827488145996364e-01
1.455000000000000071e+00	7.539750147901961089e-03	5.284106753845325688e-01
1.459999999999999964e+00	7.539492646893458140e-03	5.260468492360339532e-01
1.464999999999999858e+00	7.539268586594611438e-03	5.236912830604504299e-01
1.469999999999999973e+00	7.539064002288604904e-03	5.213439643496329268e-01
1.475000000000000089e+00	7.538870548622286956e-03	5.190048744335828967e-01
1.479999999999999982e+00	7.538683766337484805e-03	5.166739868942775704e-01
1.484999999999999876e+00	7.538500990099549284e-03	5.143512736421543829e-01
1.489999999999999991e+00	7.538320795067945772e-03	5.120367043638848203e-01
1.495000000000000107e+00	7.538142328909160604e-03	5.097302484880895657e-01
1.500000000000000000e+00	7.537965135159791115e-03	5.074318749622739322e-01
1.504999999999999893e+00	7.537788940028460581e-03	5.051415529147993411e-01
1.510000000000000009e+00	7.537613596033373997e-03	5.028592515374871175e-01
1.515000000000000124e+00	7.537439013978590799e-03	5.005849403335880243e-01
1.520000000000000018e+00	7.537265144971536102e-03	4.983185890351262692e-01
1.524999999999999911e+00	7.537091958727111692e-03	4.960601677187997938e-01
1.530000000000000027e+00	7.536919437829102397e-03	4.938096467355224672e-01
1.535000000000000142e+00	7.536747570814379162e-03	4.915669967835953336e-01
1.540000000000000036e+00	7.536576350339393472e-03	4.893321888432440869e-01
1.544999999999999929e+00	7.536405770978461989e-03	4.871051942353892827e-01
1.550000000000000044e+00	7.536235828635507936e-03	4.848859845588499029e-01
1.555000000000000160e+00	7.536066519845466272e-03	4.826745317437182714e-01
1.560000000000000053e+00	7.535897841583071195e-03	4.804708079904444484e-01
1.564999999999999947e+00	7.535729791043370256e-03	4.782747858207008207e-01
1.570000000000000062e+00	7.535562365577144935e-03	4.760864380180563904e-01
1.575000000000000178e+00	7.535395562624053536e-03	4.739057376772807251e-01
1.580000000000000071e+00	7.535229379688485572e-03	4.717326581464709734e-01
1.584999999999999964e+00	7.535063814321268233e-03	4.695671730751299622e-01
1.590000000000000080e+00	7.534898864108484362e-03	4.674092563576630055e-01
1.595000000000000195e+00	7.534734526668588478e-03	4.652588821803685382e-01
1.600000000000000089e+00	7.534570799645431451e-03	4.631160249662394368e-01
1.604999999999999982e+00	7.534407680710215535e-03	4.609806594209407415e-01
1.610000000000000098e+00	7.534245167555944124e-03	4.588527604788579795e-01
1.615000000000000213e+00	7.534083257900858234e-03	4.567323033481162642e-01
1.620000000000000107e+00	7.533921949483405808e-03	4.546192634578211655e-01
1.625000000000000000e+00	7.533761240066096272e-03	4.525136165021640400e-01
1.629999999999999893e+00	7.533601127430707492e-03	4.504153383888057083e-01
1.634999999999999787e+00	7.533441609382219260e-03	4.483244052821097614e-01
1.639999999999999902e+00	7.533282683744161635e-03	4.462407935526194191e-01
1.645000000000000018e+00	7.533124348362518936e-03	4.441644798194589461e-01
1.649999999999999911e+00	7.532966601101194308e-03	4.420954409008570063e-01
1.654999999999999805e+00	7.532809439845848665e-03	4.400336538557537702e-01
1.659999999999999920e+00	7.532652862499465869e-03	4.379790959353250801e-01
1.665000000000000036e+00	7.532496866986127491e-03	4.359317446238335503e-01
1.669999999999999929e+00	7.532341451246662989e-03	4.338915775911093564e-01
1.674999999999999822e+00	7.532186613242360280e-03	4.318585727326788581e-01
1.679999999999999938e+00	7.532032350950701796e-03	4.298327081231625990e-01
1.685000000000000053e+00	7.531878662369013468e-03	4.278139620557144807e-01
1.689999999999999947e+00	7.531725545510277106e-03	4.258023129962971165e-01
1.694999999999999840e+00	7.531572998406718678e-03	4.237977396224620885e-01
1.699999999999999956e+00	7.531421019105702212e-03	4.218002207784667390e-01
1.705000000000000071e+00	7.531269605673253896e-03	4.198097355134262632e-01
1.709999999999999964e+00	7.531118756190036644e-03	4.178262630372337472e-01
1.714999999999999858e+00	7.530968468754810005e-03	4.158497827581145723e-01
1.719999999999999973e+00	7.530818741480481936e-03	4.138802742393146716e-01
1.725000000000000089e+00	7.530669572497514057e-03	4.119177172360850570e-01
1.729999999999999982e+00	7.530520959950041948e-03	4.099620916531058201e-01
1.734999999999999876e+00	7.530372901999222296e-03	4.080133775809268726e-01
1.739999999999999991e+00	7.530225396819428645e-03	4.060715552540953288e-01
1.745000000000000107e+00	7.530078442601545637e-03	4.041366050870792703e-01
1.750000000000000000e+00	7.529932037549222877e-03	4.022085076330673137e-01
1.754999999999999893e+00	7.529786179882125806e-03	4.002872436193998795e-01
1.760000000000000009e+00	7.529640867832254614e-03	3.983727939070118573e-01
1.765000000000000124e+00	7.529496099647142206e-03	3.964651395253953048e-01
1.770000000000000018e+00	7.529351873586232098e-03	3.945642616326567875e-01
1.774999999999999911e+00	7.529208187924036483e-03	3.926701415500332137e-01
1.780000000000000027e+00	7.529065040946571370e-03	3.907827607225379252e-01
1.785000000000000142e+00	7.528922430954465214e-03	3.889021007530518159e-01
1.790000000000000036e+00	7.528780356259453903e-03	3.870281433635318069e-01
1.794999999999999929e+00	7.528638815187450352e-03	3.851608704286966223e-01
1.800000000000000044e+00	7.528497806075087201e-03	3.833002639377744436e-01
1.805000000000000160e+00	7.528357327272747375e-03	3.814463060278034390e-01
1.810000000000000053e+00	7.528217377141161425e-03	3.795989789458941166e-01
1.814999999999999947e+00	7.528077954054397322e-03	3.777582650821637023e-01
1.820000000000000062e+00	7.527939056396507241e-03	3.759241469324900442e-01
1.825000000000000178e+00	7.527800682564480921e-03	3.740966071310989349e-01
1.830000000000000071e+00	7.527662830964940155e-03	3.722756284137875293e-01
1.834999999999999964e+00	7.527525500017052257e-03	3.704611936501813751e-01
1.840000000000000080e+00	7.527388688149279188e-03	3.686532858074070829e-01
1.845000000000000195e+00	7.527252393802252861e-03	3.668518879820360512e-01
1.850000000000000089e+00	7.527116615425560701e-03	3.650569833641856277e-01
1.854999999999999982e+00	7.526981351480600130e-03	3.632685552691652386e-01
1.860000000000000098e+00	7.526846600437400552e-03	3.614865871019880550e-01
1.865000000000000213e+00	7.526712360777447486e-03	3.597110623887341263e-01
1.870000000000000107e+00	7.526578630990543584e-03	3.579419647414543437e-01
1.875000000000000000e+00	7.526445409577603267e-03	3.561792778892643452e-01
1.879999999999999893e+00	7.526312695047558850e-03	3.544229856436241222e-01
1.884999999999999787e+00	7.526180485920115279e-03	3.526730719291770177e-01
1.889999999999999902e+00	7.526048780722702225e-03	3.509295207493869362e-01
1.895000000000000018e+00	7.525917577993199332e-03	3.491923162171366446e-01
1.899999999999999911e+00	7.525786876276924740e-03	3.474614425207064872e-01
1.904999999999999805e+00	7.525656674129330842e-03	3.457368839541435368e-01
1.909999999999999920e+00	7.525526970113030102e-03	3.440186248835677696e-01
1.915000000000000036e+00	7.525397762800469133e-03	3.423066497773241679e-01
1.919999999999999929e+00	7.525269050770977929e-03	3.406009431726012004e-01
1.924999999999999822e+00	7.525140832613430066e-03	3.389014897053765907e-01
1.929999999999999938e+00	7.525013106923320559e-03	3.372082740773352239e-01
1.935000000000000053e+00	7.524885872305397440e-03	3.355212810856199601e-01
1.939999999999999947e+00	7.524759127370778643e-03	3.338404955900344251e-01
1.944999999999999840e+00	7.524632870739558430e-03	3.321659025426096368e-01
1.949999999999999956e+00	7.524507101037951166e-03	3.304974869550790784e-01
1.955000000000000071e+00	7.524381816900876929e-03	3.288352339282710202e-01
1.959999999999999964e+00	7.524257016969139976e-03	3.271791286198442728e-01
1.964999999999999858e+00	7.524132699891989198e-03	3.255291562735146416e-01
1.969999999999999973e+00	7.524008864324320013e-03	3.238853021870394810e-01
1.975000000000000089e+00	7.523885508929220936e-03	3.222475517412889956e-01
1.979999999999999982e+00	7.523762632375204096e-03	3.206158903684676043e-01
1.984999999999999876e+00	7.523640233338725787e-03	3.189903035810375265e-01
1.989999999999999991e+00	7.523518310501447343e-03	3.173707769401676315e-01
1.995000000000000107e+00	7.523396862552735737e-03	3.157572960845178023e-01
2.000000000000000000e+00	7.523275888186948743e-03	3.141498466989043892e-01
2.004999999999999893e+00	7.523155386105923395e-03	3.125484145429523464e-01
2.009999999999999787e+00	7.523035355016275891e-03	3.109529854199688526e-01
2.014999999999999680e+00	7.522915793631878775e-03	3.093635452054704360e-01
2.020000000000000018e+00	7.522796700671186866e-03	3.077800798162552143e-01
2.024999999999999911e+00	7.522678074859689284e-03	3.062025752388124467e-01
2.029999999999999805e+00	7.522559914927264002e-03	3.046310174985842334e-01
2.035000000000000142e+00	7.522442219610615127e-03	3.030653926882628246e-01
2.040000000000000036e+00	7.522324987650646534e-03	3.015056869372360615e-01
2.044999999999999929e+00	7.522208217794882669e-03	2.999518864397777151e-01
2.049999999999999822e+00	7.522091908794863863e-03	2.984039774246672883e-01
2.054999999999999716e+00	7.521976059408554127e-03	2.968619461832807116e-01
2.060000000000000053e+00	7.521860668397759020e-03	2.953257790393766791e-01
2.064999999999999947e+00	7.521745734530512623e-03	2.937954623770939744e-01
2.069999999999999840e+00	7.521631256578518825e-03	2.922709826108960685e-01
2.075000000000000178e+00	7.521517233319525292e-03	2.907523262134795172e-01
2.080000000000000071e+00	7.521403663534781230e-03	2.892394796858726025e-01
2.084999999999999964e+00	7.521290546011400943e-03	2.877324295852584091e-01
2.089999999999999858e+00	7.521177879539838948e-03	2.862311624952204037e-01
2.094999999999999751e+00	7.521065662916240520e-03	2.847356650534853539e-01
2.100000000000000089e+00	7.520953894939932417e-03	2.832459239223104608e-01
2.104999999999999982e+00	7.520842574415765626e-03	2.817619258161501161e-01
2.109999999999999876e+00	7.520731700151619091e-03	2.802836574721778162e-01
2.115000000000000213e+00	7.520621270960732921e-03	2.788111056778815322e-01
2.120000000000000107e+00	7.520511285659229467e-03	2.773442572417158525e-01
2.125000000000000000e+00	7.520401743068431781e-03	2.758830990206287970e-01
2.129999999999999893e+00	7.520292642012404646e-03	2.744276178908386932e-01
2.134999999999999787e+00	7.520183981320258289e-03	2.729778007752967639e-01
2.140000000000000124e+00	7.520075759823708489e-03	2.715336346145839630e-01
2.145000000000000018e+00	7.519967976359368152e-03	2.700951063943120567e-01
2.149999999999999911e+00	7.519860629766318694e-03	2.686622031161363666e-01
2.155000000000000249e+00	7.519753718888398143e-03	2.672349118250972877e-01
2.160000000000000142e+00	7.519647242571786405e-03	2.658132195807465514e-01
2.165000000000000036e+00	7.519541199667275147e-03	2.643971134844314008e-01
2.169999999999999929e+00	7.519435589027875615e-03	2.629865806505285453e-01
2.174999999999999822e+00	7.519330409511078110e-03	2.615816082336755444e-01
2.180000000000000160e+00	7.519225659976468482e-03	2.601821834001086242e-01
2.185000000000000053e+00	7.519121339287982396e-03	2.587882933548431019e-01
2.189999999999999947e+00	7.519017446311536575e-03	2.573999253131115661e-01
2.195000000000000284e+00	7.518913979917269189e-03	2.560170665274948965e-01
2.200000000000000178e+00	7.518810938977186706e-03	2.546397042594590876e-01
2.205000000000000071e+00	7.518708322367395613e-03	2.532678258064380850e-01
2.209999999999999964e+00	7.518606128965762275e-03	2.519014184734653661e-01
2.214999999999999858e+00	7.518504357654135113e-03	2.505404696002115905e-01
2.220000000000000195e+00	7.518403007316016608e-03	2.491849665327075802e-01
2.225000000000000089e+00	7.518302076838778540e-03	2.478348966503388096e-01
2.229999999999999982e+00	7.518201565111343534e-03	2.464902473376566761e-01
2.235000000000000320e+00	7.518101471026395095e-03	2.451510060113303857e-01
2.240000000000000213e+00	7.518001793478067823e-03	2.438171600920463478e-01
2.245000000000000107e+00	7.517902531364151382e-03	2.424886970314173718e-01
2.250000000000000000e+00	7.517803683583795457e-03	2.411656042839672720e-01
2.254999999999999893e+00	7.517705249039698980e-03	2.398478693339998191e-01
2.259999999999999787e+00	7.517607226635828095e-03	2.385354796676661393e-01
2.264999999999999680e+00	7.517509615279601050e-03	2.372284227997938644e-01
2.270000000000000018e+00	7.517412413879616569e-03	2.359266862460356051e-01
2.274999999999999911e+00	7.517315621347830067e-03	2.346302575496598541e-01
2.279999999999999805e+00	7.517219236597289835e-03	2.333391242537781463e-01
2.285000000000000142e+00	7.517123258544311515e-03	2.320532739280975199e-01
2.290000000000000036e+00	7.517027686106222094e-03	2.307726941412268917e-01
2.294999999999999929e+00	7.516932518203522234e-03	2.294973724873905496e-01
2.299999999999999822e+00	7.516837753757652819e-03	2.282272965588112712e-01
2.304999999999999716e+00	7.516743391693140805e-03	2.269624539723869572e-01
2.310000000000000053e+00	7.516649430935371835e-03	2.257028323421488014e-01
2.314999999999999947e+00	7.516555870412742167e-03	2.244484193059008148e-01
2.319999999999999840e+00	7.516462709054433887e-03	2.231992024977523803e-01
2.325000000000000178e+00	7.516369945792555560e-03	2.219551695747200293e-01
2.330000000000000071e+00	7.516277579559934793e-03	2.207163081893351309e-01
2.334999999999999964e+00	7.516185609292250214e-03	2.194826060162066994e-01
2.339999999999999858e+00	7.516094033925830968e-03	2.182540507247026085e-01
2.344999999999999751e+00	7.516002852399784363e-03	2.170306300054754278e-01
2.350000000000000089e+00	7.515912063653804043e-03	2.158123315432152467e-01
2.354999999999999982e+00	7.515821666630290686e-03	2.145991430431383462e-01
2.359999999999999876e+00	7.515731660272170593e-03	2.133910522038112989e-01
2.365000000000000213e+00	7.515642043525009447e-03	2.121880467436017270e-01
2.370000000000000107e+00	7.515552815334837836e-03	2.109901143735743445e-01
2.375000000000000000e+00	7.515463974650261544e-03	2.097972428239023857e-01
2.379999999999999893e+00	7.515375520420297488e-03	2.086094198168351177e-01
2.384999999999999787e+00	7.515287451596469256e-03	2.074266330930703839e-01
2.390000000000000124e+00	7.515199767130663865e-03	2.062488703847930038e-01
2.395000000000000018e+00	7.515112465977210818e-03	2.050761194420077926e-01
2.399999999999999911e+00	7.515025547090755341e-03	2.039083680056483217e-01
2.405000000000000249e+00	7.514939009428324435e-03	2.027456038338696920e-01
2.410000000000000142e+00	7.514852851947210512e-03	2.015878146752292377e-01
2.415000000000000036e+00	7.514767073607038321e-03	2.004349882949367501e-01
2.419999999999999929e+00	7.514681673367646850e-03	1.992871124481067346e-01
2.424999999999999822e+00	7.514596650191154512e-03	1.981441749059670021e-01
2.430000000000000160e+00	7.514512003039851458e-03	1.970061634291816743e-01
2.435000000000000053e+00	7.514427730878256093e-03	1.958730657940170594e-01
2.439999999999999947e+00	7.514343832671016056e-03	1.947448697657361560e-01
2.445000000000000284e+00	7.514260307384959536e-03	1.936215631247204250e-01
2.450000000000000178e+00	7.514177153987003192e-03	1.925031336399367077e-01
2.455000000000000071e+00	7.514094371446199128e-03	1.913895690950133954e-01
2.459999999999999964e+00	7.514011958731648885e-03	1.902808572617797067e-01
2.464999999999999858e+00	7.513929914814545218e-03	1.891769859262962816e-01
2.470000000000000195e+00	7.513848238666096489e-03	1.880779428624668737e-01
2.475000000000000089e+00	7.513766929259558906e-03	1.869837158580219816e-01
2.479999999999999982e+00	7.513685985568171327e-03	1.858942926882035662e-01
2.485000000000000320e+00	7.513605406567177951e-03	1.848096611417001101e-01
2.490000000000000213e+00	7.513525191231776139e-03	1.837298089944063850e-01
2.495000000000000107e+00	7.513445338539132164e-03	1.826547240353073587e-01
2.500000000000000000e+00	7.513365847466333368e-03	1.815843940403134571e-01
2.504999999999999893e+00	7.513286716992398709e-03	1.805188067980936506e-01
2.509999999999999787e+00	7.513207946096242193e-03	1.794579500839855180e-01
2.514999999999999680e+00	7.513129533758673879e-03	1.784018116857764014e-01
2.520000000000000018e+00	7.513051478960376325e-03	1.773503793776895210e-01
2.524999999999999911e+00	7.512973780683890844e-03	1.763036409461116172e-01
2.529999999999999805e+00	7.512896437911609562e-03	1.752615841636558369e-01
2.535000000000000142e+00	7.512819449627753873e-03	1.742241968148340037e-01
2.540000000000000036e+00	7.512742814816369095e-03	1.731914666701983851e-01
2.544999999999999929e+00	7.512666532463303792e-03	1.721633815119562871e-01
2.549999999999999822e+00	7.512590601554211371e-03	1.711399291081910912e-01
2.554999999999999716e+00	7.512515021076517259e-03	1.701210972384188946e-01
2.560000000000000053e+00	7.512439790017434380e-03	1.691068736678893458e-01
2.564999999999999947e+00	7.512364907365924258e-03	1.680972461730825263e-01
2.569999999999999840e+00	7.512290372110714230e-03	1.670922025160907487e-01
2.575000000000000178e+00	7.512216183242258552e-03	1.660917304700539054e-01
2.580000000000000071e+00	7.512142339750760810e-03	1.650958177936238946e-01
2.584999999999999964e+00	7.512068840628127221e-03	1.641044522563366026e-01
2.589999999999999858e+00	7.511995684866002929e-03	1.631176216131595136e-01
2.594999999999999751e+00	7.511922871457713154e-03	1.621353136297992437e-01
2.600000000000000089e+00	7.511850399396305562e-03	1.611575160573335830e-01
2.604999999999999982e+00	7.511778267676492288e-03	1.601842166574526938e-01
2.609999999999999876e+00	7.511706475292696632e-03	1.592154031771766121e-01
2.615000000000000213e+00	7.511635021240984679e-03	1.582510633740283612e-01
2.620000000000000107e+00	7.511563904517126744e-03	1.572911849908389115e-01
2.625000000000000000e+00	7.511493124118517710e-03	1.563357557808497944e-01
2.629999999999999893e+00	7.511422679042248016e-03	1.553847634826067692e-01
2.634999999999999787e+00	7.511352568287020526e-03	1.544381958449904668e-01
2.640000000000000124e+00	7.511282790851222385e-03	1.534960406021996515e-01
2.645000000000000018e+00	7.511213345734837551e-03	1.525582854987091730e-01
2.649999999999999911e+00	7.511144231937534263e-03	1.516249182643428506e-01
2.655000000000000249e+00	7.511075448460561091e-03	1.506959266391572072e-01
2.660000000000000142e+00	7.511006994304846550e-03	1.497712983486066685e-01
2.665000000000000036e+00	7.510938868472885610e-03	1.488510211283493034e-01
2.669999999999999929e+00	7.510871069966854920e-03	1.479350826995063373e-01
2.674999999999999822e+00	7.510803597790483704e-03	1.470234707933896212e-01
2.680000000000000160e+00	7.510736450947180266e-03	1.461161731268549036e-01
2.685000000000000053e+00	7.510669628441900281e-03	1.452131774269497522e-01
2.689999999999999947e+00	7.510603129279271560e-03	1.443144714063623879e-01
2.695000000000000284e+00	7.510536952465464954e-03	1.434200427879877560e-01
2.700000000000000178e+00	7.510471097006323447e-03	1.425298792804740033e-01
2.705000000000000071e+00	7.510405561909225258e-03	1.416439686027041733e-01
2.709999999999999964e+00	7.510340346181222475e-03	1.407622984594416871e-01
2.714999999999999858e+00	7.510275448830895477e-03	1.398848565657266063e-01
2.720000000000000195e+00	7.510210868866501986e-03	1.390116306226208409e-01
2.725000000000000089e+00	7.510146605297823678e-03	1.381426083415177586e-01
2.729999999999999982e+00	7.510082657134321306e-03	1.372777774199879508e-01
2.735000000000000320e+00	7.510019023386976106e-03	1.364171255660001081e-01
2.740000000000000213e+00	7.509955703066455331e-03	1.355606404738702309e-01
2.745000000000000107e+00	7.509892695184938911e-03	1.347083098483905783e-01
2.750000000000000000e+00	7.509829998754303203e-03	1.338601213808834622e-01
2.754999999999999893e+00	7.509767612787932901e-03	1.330160627732381584e-01
2.759999999999999787e+00	7.509705536298915199e-03	1.321761217140693112e-01
2.764999999999999680e+00	7.509643768301845629e-03	1.313402859026603919e-01
2.770000000000000018e+00	7.509582307811029159e-03	1.305085430252286016e-01
2.774999999999999911e+00	7.509521153842279098e-03	1.296808807787720730e-01
2.779999999999999805e+00	7.509460305411127731e-03	1.288572868474433253e-01
2.785000000000000142e+00	7.509399761534613083e-03	1.280377489262984336e-01
2.790000000000000036e+00	7.509339521229505161e-03	1.272222546977805346e-01
2.794999999999999929e+00	7.509279583514078850e-03	1.264107918553692700e-01
2.799999999999999822e+00	7.509219947406350557e-03	1.256033480801751201e-01
2.804999999999999716e+00	7.509160611925847634e-03	1.247999110644877757e-01
2.810000000000000053e+00	7.509101576091846766e-03	1.240004684884826042e-01
2.814999999999999947e+00	7.509042838925137318e-03	1.232050080436666861e-01
2.819999999999999840e+00	7.508984399446273598e-03	1.224135174096987189e-01
2.825000000000000178e+00	7.508926256677323462e-03	1.216259842777296513e-01
2.830000000000000071e+00	7.508868409640135320e-03	1.208423963273389246e-01
2.834999999999999964e+00	7.508810857358073736e-03	1.200627412497682484e-01
2.839999999999999858e+00	7.508753598854294234e-03	1.192870067249737348e-01
2.844999999999999751e+00	7.508696633153478031e-03	1.185151804447526352e-01
2.850000000000000089e+00	7.508639959280112054e-03	1.177472500899127139e-01
2.854999999999999982e+00	7.508583576260212389e-03	1.169832033532893500e-01
2.859999999999999876e+00	7.508527483119615577e-03	1.162230279170340663e-01
2.865000000000000213e+00	7.508471678885693390e-03	1.154667114755201923e-01
2.870000000000000107e+00	7.508416162585656271e-03	1.147142417127523378e-01
2.875000000000000000e+00	7.508360933248254231e-03	1.139656063251585361e-01
2.879999999999999893e+00	7.508305989902094163e-03	1.132207929991217304e-01
2.884999999999999787e+00	7.508251331577330337e-03	1.124797894336573567e-01
2.890000000000000124e+00	7.508196957303990386e-03	1.117425833180675648e-01
2.895000000000000018e+00	7.508142866113655389e-03	1.110091623545034073e-01
2.899999999999999911e+00	7.508089057037798005e-03	1.102795142357429065e-01
2.905000000000000249e+00	7.508035529109456478e-03	1.095536266676349485e-01
2.910000000000000142e+00	7.507982281361579718e-03	1.088314873470041244e-01
2.915000000000000036e+00	7.507929312828685690e-03	1.081130839839748031e-01
2.919999999999999929e+00	7.507876622545222103e-03	1.073984042800022881e-01
2.924999999999999822e+00	7.507824209547221336e-03	1.066874359500769170e-01
2.930000000000000160e+00	7.507772072870661124e-03	1.059801667008830744e-01
2.935000000000000053e+00	7.507720211553113414e-03	1.052765842528808199e-01
2.939999999999999947e+00	7.507668624632120660e-03	1.045766763185941722e-01
2.945000000000000284e+00	7.507617311146823867e-03	1.038804306245689479e-01
2.950000000000000178e+00	7.507566270136357099e-03	1.031878348897919545e-01
2.955000000000000071e+00	7.507515500641465112e-03	1.024988768475230960e-01
2.959999999999999964e+00	7.507465001702906537e-03	1.018135442238463084e-01
2.964999999999999858e+00	7.507414772363061976e-03	1.011318247593751968e-01
2.970000000000000195e+00	7.507364811664348457e-03	1.004537061879365034e-01
2.975000000000000089e+00	7.507315118650814516e-03	9.977917625814800018e-02
2.979999999999999982e+00	7.507265692366569404e-03	9.910822271223584945e-02
2.985000000000000320e+00	7.507216531857365156e-03	9.844083330748235050e-02
2.990000000000000213e+00	7.507167636169037941e-03	9.777699579517944162e-02
2.995000000000000107e+00	7.507119004349079722e-03	9.711669794194509320e-02
3.000000000000000000e+00	7.507070635445085675e-03	9.645992750881243749e-02
3.004999999999999893e+00	7.507022528506324122e-03	9.580667227241489170e-02
3.009999999999999787e+00	7.506974682582189147e-03	9.515692000421230312e-02
3.014999999999999680e+00	7.506927096723759255e-03	9.451065849154206833e-02
3.020000000000000018e+00	7.506879769982265603e-03	9.386787551698407006e-02
3.024999999999999911e+00	7.506832701410635043e-03	9.322855887927705698e-02
3.029999999999999805e+00	7.506785890061971368e-03	9.259269637282251109e-02
3.035000000000000142e+00	7.506739334991088808e-03	9.196027580846521943e-02
3.040000000000000036e+00	7.506693035253002820e-03	9.133128499313783455e-02
3.044999999999999929e+00	7.506646989904454045e-03	9.070571175050336221e-02
3.049999999999999822e+00	7.506601198002407771e-03	9.008354390074167772e-02
3.054999999999999716e+00	7.506555658605570079e-03	8.946476928105349946e-02
3.060000000000000053e+00	7.506510370772896852e-03	8.884937572558893049e-02
3.064999999999999947e+00	7.506465333565097778e-03	8.823735108581191866e-02
3.069999999999999840e+00	7.506420546043160100e-03	8.762868321057208643e-02
3.075000000000000178e+00	7.506376007269839612e-03	8.702335996632815096e-02
3.080000000000000071e+00	7.506331716308194818e-03	8.642136921736436050e-02
3.084999999999999964e+00	7.506287672223065782e-03	8.582269884587148678e-02
3.089999999999999858e+00	7.506243874079624769e-03	8.522733673230864504e-02
3.094999999999999751e+00	7.506200320944840347e-03	8.463527077534092891e-02
3.100000000000000089e+00	7.506157011886039308e-03	8.404648887234744681e-02
3.104999999999999982e+00	7.506113945972356892e-03	8.346097893921503030e-02
3.109999999999999876e+00	7.506071122273316049e-03	8.287872889099244522e-02
3.115000000000000213e+00	7.506028539860267260e-03	8.229972666153904937e-02
3.120000000000000107e+00	7.505986197804970401e-03	8.172396018432741271e-02
3.125000000000000000e+00	7.505944095181029362e-03	8.115141741194477343e-02
3.129999999999999893e+00	7.505902231062486912e-03	8.058208629704462223e-02
3.134999999999999787e+00	7.505860604525242848e-03	8.001595481170091506e-02
3.140000000000000124e+00	7.505819214645665337e-03	7.945301092850887148e-02
3.145000000000000018e+00	7.505778060501996050e-03	7.889324263979081986e-02
3.149999999999999911e+00	7.505737141172968453e-03	7.833663793884729221e-02
3.155000000000000249e+00	7.505696455739210328e-03	7.778318483901347502e-02
3.160000000000000142e+00	7.505656003281867272e-03	7.723287135506130829e-02
3.165000000000000036e+00	7.505615782883993080e-03	7.668568552210544564e-02
3.169999999999999929e+00	7.505575793629192319e-03	7.614161537715749550e-02
3.174999999999999822e+00	7.505536034602989029e-03	7.560064897788051907e-02
3.180000000000000160e+00	7.505496504891487515e-03	7.506277438429539983e-02
3.185000000000000053e+00	7.505457203582729768e-03	7.452797967738422624e-02
3.189999999999999947e+00	7.505418129765363197e-03	7.399625294094856753e-02
3.195000000000000284e+00	7.505379282529991980e-03	7.346758228006051994e-02
3.200000000000000178e+00	7.505340660967852601e-03	7.294195580307516469e-02
3.205000000000000071e+00	7.505302264172153924e-03	7.241936163992720998e-02
3.209999999999999964e+00	7.505264091236767479e-03	7.189978792429778387e-02
3.214999999999999858e+00	7.505226141257551054e-03	7.138322281175721318e-02
3.220000000000000195e+00	7.505188413331056324e-03	7.086965446208649821e-02
3.225000000000000089e+00	7.505150906555838573e-03	7.035907105726463273e-02
3.229999999999999982e+00	7.505113620031169525e-03	6.985146078394564861e-02
3.235000000000000320e+00	7.505076552858345323e-03	6.934681185129040748e-02
3.240000000000000213e+00	7.505039704139407179e-03	6.884511247359921537e-02
3.245000000000000107e+00	7.505003072978438071e-03	6.834635088798723945e-02
3.250000000000000000e+00	7.504966658480292929e-03	6.785051533717366412e-02
3.254999999999999893e+00	7.504930459751883200e-03	6.735759408699978912e-02
3.259999999999999787e+00	7.504894475900924372e-03	6.686757540937514344e-02
3.264999999999999680e+00	7.504858706037204064e-03	6.638044759963802888e-02
3.270000000000000018e+00	7.504823149271342558e-03	6.589619895965867502e-02
3.274999999999999911e+00	7.504787804716046146e-03	6.541481781504185355e-02
3.279999999999999805e+00	7.504752671484886742e-03	6.493629249838750450e-02
3.285000000000000142e+00	7.504717748693536146e-03	6.446061136633413069e-02
3.290000000000000036e+00	7.504683035458558672e-03	6.398776278297849118e-02
3.294999999999999929e+00	7.504648530898639334e-03	6.351773513675910976e-02
3.299999999999999822e+00	7.504614234133382550e-03	6.305051682403402247e-02
3.304999999999999716e+00	7.504580144284529915e-03	6.258609626580528829e-02
3.310000000000000053e+00	7.504546260474767583e-03	6.212446189145510306e-02
3.314999999999999947e+00	7.504512581828939703e-03	6.166560215531000783e-02
3.319999999999999840e+00	7.504479107472863605e-03	6.120950552053634058e-02
3.325000000000000178e+00	7.504445836534525890e-03	6.075616047554329574e-02
3.330000000000000071e+00	7.504412768142921034e-03	6.030555551803834513e-02
3.334999999999999964e+00	7.504379901429226660e-03	5.985767917126876003e-02
3.339999999999999858e+00	7.504347235525653421e-03	5.941251996823690429e-02
3.344999999999999751e+00	7.504314769566616805e-03	5.897006646778017031e-02
3.350000000000000089e+00	7.504282502687589611e-03	5.853030723894613735e-02
3.354999999999999982e+00	7.504250434026265952e-03	5.809323087691085907e-02
3.359999999999999876e+00	7.504218562721429349e-03	5.765882598751414373e-02
3.365000000000000213e+00	7.504186887914096778e-03	5.722708120301518708e-02
3.370000000000000107e+00	7.504155408746401509e-03	5.679798516678891823e-02
3.375000000000000000e+00	7.504124124362730221e-03	5.637152654891852688e-02
3.379999999999999893e+00	7.504093033908611904e-03	5.594769403105262495e-02
3.384999999999999787e+00	7.504062136531846304e-03	5.552647632183504989e-02
3.390000000000000124e+00	7.504031431381401503e-03	5.510786214192256449e-02
3.395000000000000018e+00	7.504000917608531079e-03	5.469184023925163091e-02
3.399999999999999911e+00	7.503970594365687308e-03	5.427839937421702343e-02
3.405000000000000249e+00	7.503940460807623572e-03	5.386752833477521235e-02
3.410000000000000142e+00	7.503910516090318839e-03	5.345921592178402848e-02
3.415000000000000036e+00	7.503880759372066195e-03	5.305345096394266380e-02
3.419999999999999929e+00	7.503851189812415536e-03	5.265022230329209629e-02
3.424999999999999822e+00	7.503821806573244754e-03	5.224951880999142984e-02
3.430000000000000160e+00	7.503792608817716307e-03	5.185132936797971770e-02
3.435000000000000053e+00	7.503763595711337130e-03	5.145564288958844740e-02
3.439999999999999947e+00	7.503734766420921271e-03	5.106244830136438123e-02
3.445000000000000284e+00	7.503706120115644605e-03	5.067173455851772812e-02
3.450000000000000178e+00	7.503677655966021348e-03	5.028349063090698651e-02
3.455000000000000071e+00	7.503649373144938815e-03	4.989770551732257420e-02
3.459999999999999964e+00	7.503621270826648683e-03	4.951436823163252871e-02
3.464999999999999858e+00	7.503593348187790474e-03	4.913346781690274001e-02
3.470000000000000195e+00	7.503565604406399296e-03	4.875499333170338345e-02
3.475000000000000089e+00	7.503538038662907646e-03	4.837893386406486723e-02
3.479999999999999982e+00	7.503510650139170492e-03	4.800527851794571949e-02
3.485000000000000320e+00	7.503483438019458406e-03	4.763401642702413258e-02
3.490000000000000213e+00	7.503456401489487851e-03	4.726513674132686721e-02
3.495000000000000107e+00	7.503429539737404771e-03	4.689862864085663635e-02
3.500000000000000000e+00	7.503402851952827891e-03	4.653448132238201251e-02
3.504999999999999893e+00	7.503376337327821895e-03	4.617268401290056806e-02
3.509999999999999787e+00	7.503349995055946797e-03	4.581322595658955665e-02
3.514999999999999680e+00	7.503323824333223320e-03	4.545609642810507361e-02
3.520000000000000018e+00	7.503297824357193536e-03	4.510128471969338665e-02
3.524999999999999911e+00	7.503271994327874971e-03	4.474878015432600525e-02
3.529999999999999805e+00	7.503246333446830785e-03	4.439857207297148028e-02
3.535000000000000142e+00	7.503220840918114337e-03	4.405064984756663221e-02
3.540000000000000036e+00	7.503195515947348043e-03	4.370500286844881260e-02
3.544999999999999929e+00	7.503170357742658392e-03	4.336162055716311775e-02
3.549999999999999822e+00	7.503145365513768685e-03	4.302049235405484839e-02
3.554999999999999716e+00	7.503120538472915838e-03	4.268160773091318749e-02
3.560000000000000053e+00	7.503095875833959601e-03	4.234495617872333084e-02
3.564999999999999947e+00	7.503071376813286349e-03	4.201052722014699675e-02
3.569999999999999840e+00	7.503047040628931311e-03	4.167831039743396387e-02
3.575000000000000178e+00	7.503022866501467616e-03	4.134829528473928789e-02
3.580000000000000071e+00	7.502998853653143271e-03	4.102047147619464207e-02
3.584999999999999964e+00	7.502975001308752855e-03	4.069482859806187319e-02
3.589999999999999858e+00	7.502951308694791842e-03	4.037135629696377015e-02
3.594999999999999751e+00	7.502927775040318763e-03	4.005004425187504852e-02
3.600000000000000089e+00	7.502904399576111258e-03	3.973088216251151328e-02
3.604999999999999982e+00	7.502881181535523900e-03	3.941385976115859696e-02
3.609999999999999876e+00	7.502858120153655525e-03	3.909896680121912466e-02
3.615000000000000213e+00	7.502835214668191442e-03	3.878619306887955143e-02
3.620000000000000107e+00	7.502812464318585513e-03	3.847552837181583696e-02
3.625000000000000000e+00	7.502789868346891947e-03	3.816696255069765981e-02
3.629999999999999893e+00	7.502767425996953454e-03	3.786048546805215881e-02
3.634999999999999787e+00	7.502745136515225240e-03	3.755608701960651968e-02
3.640000000000000124e+00	7.502722999149975293e-03	3.725375712330901423e-02
3.645000000000000018e+00	7.502701013152093638e-03	3.695348573051057683e-02
3.649999999999999911e+00	7.502679177774305638e-03	3.665526281514240592e-02
3.655000000000000249e+00	7.502657492271971700e-03	3.635907838473684955e-02
3.660000000000000142e+00	7.502635955902307516e-03	3.606492246976190919e-02
3.665000000000000036e+00	7.502614567925176836e-03	3.577278513448110125e-02
3.669999999999999929e+00	7.502593327602319513e-03	3.548265646644418320e-02
3.674999999999999822e+00	7.502572234198131261e-03	3.519452658718712212e-02
3.680000000000000160e+00	7.502551286978910786e-03	3.490838564187855736e-02
3.685000000000000053e+00	7.502530485213620461e-03	3.462422380985987619e-02
3.689999999999999947e+00	7.502509828173145601e-03	3.434203129444683700e-02
3.695000000000000284e+00	7.502489315131048199e-03	3.406179833331061946e-02
3.700000000000000178e+00	7.502468945362832271e-03	3.378351518843417112e-02
3.705000000000000071e+00	7.502448718146687186e-03	3.350717215633436386e-02
3.709999999999999964e+00	7.502428632762769486e-03	3.323275955817264066e-02
3.714999999999999858e+00	7.502408688493928009e-03	3.296026774981895835e-02
3.720000000000000195e+00	7.502388884624996111e-03	3.268968711211598516e-02
3.725000000000000089e+00	7.502369220443515056e-03	3.242100806078543340e-02
3.729999999999999982e+00	7.502349695239027977e-03	3.215422103684536376e-02
3.735000000000000320e+00	7.502330308303792848e-03	3.188931651635919240e-02
3.740000000000000213e+00	7.502311058932092935e-03	3.162628500100590767e-02
3.745000000000000107e+00	7.502291946420934152e-03	3.136511702767190435e-02
3.750000000000000000e+00	7.502272970069365915e-03	3.110580315917358882e-02
3.754999999999999893e+00	7.502254129179168965e-03	3.084833399369305701e-02
3.759999999999999787e+00	7.502235423054190964e-03	3.059270015565196746e-02
3.764999999999999680e+00	7.502216851001015235e-03	3.033889230499191639e-02
3.770000000000000018e+00	7.502198412328310237e-03	3.008690112819897150e-02
3.774999999999999911e+00	7.502180106347491363e-03	2.983671734742915013e-02
3.779999999999999805e+00	7.502161932372075626e-03	2.958833171168331888e-02
3.785000000000000142e+00	7.502143889718337379e-03	2.934173500577792401e-02
3.790000000000000036e+00	7.502125977704669074e-03	2.909691804167003140e-02
3.794999999999999929e+00	7.502108195652225711e-03	2.885387166727393024e-02
3.799999999999999822e+00	7.502090542884305539e-03	2.861258675793538001e-02
3.804999999999999716e+00	7.502073018726970223e-03	2.837305422509494440e-02
3.810000000000000053e+00	7.502055622508443759e-03	2.813526500791065435e-02
3.814999999999999947e+00	7.502038353559724836e-03	2.789921008176894299e-02
3.819999999999999840e+00	7.502021211213985748e-03	2.766488045005508628e-02
3.825000000000000178e+00	7.502004194807182155e-03	2.743226715251188136e-02
3.830000000000000071e+00	7.501987303677465878e-03	2.720136125715767045e-02
3.834999999999999964e+00	7.501970537165773834e-03	2.697215386849344948e-02
3.839999999999999858e+00	7.501953894615254713e-03	2.674463611956749004e-02
3.844999999999999751e+00	7.501937375371851846e-03	2.651879918003191908e-02
3.850000000000000089e+00	7.501920978783735948e-03	2.629463424835301252e-02
3.854999999999999982e+00	7.501904704201877577e-03	2.607213255971791224e-02
3.859999999999999876e+00	7.501888550979492025e-03	2.585128537839014376e-02
3.865000000000000213e+00	7.501872518472600497e-03	2.563208400546694229e-02
3.870000000000000107e+00	7.501856606039485412e-03	2.541451977137923132e-02
3.875000000000000000e+00	7.501840813041236837e-03	2.519858404350056383e-02
3.879999999999999893e+00	7.501825138841226003e-03	2.498426821879067353e-02
3.884999999999999787e+00	7.501809582805636124e-03	2.477156373125661767e-02
3.890000000000000124e+00	7.501794144302945458e-03	2.456046204473946379e-02
3.895000000000000018e+00	7.501778822704452052e-03	2.435095466022825852e-02
3.899999999999999911e+00	7.501763617383761136e-03	2.414303310878901029e-02
3.905000000000000249e+00	7.501748527717302939e-03	2.393668895873220584e-02
3.910000000000000142e+00	7.501733553083832218e-03	2.373191380868370365e-02
3.915000000000000036e+00	7.501718692864930461e-03	2.352869929460633600e-02
3.919999999999999929e+00	7.501703946444518434e-03	2.332703708301151271e-02
3.924999999999999822e+00	7.501689313209351437e-03	2.312691887783637629e-02
3.930000000000000160e+00	7.501674792548533588e-03	2.292833641379516188e-02
3.935000000000000053e+00	7.501660383854007880e-03	2.273128146311234957e-02
3.939999999999999947e+00	7.501646086520083467e-03	2.253574582901345102e-02
3.945000000000000284e+00	7.501631899943910983e-03	2.234172135231473136e-02
3.950000000000000178e+00	7.501617823525018498e-03	2.214919990505259673e-02
3.955000000000000071e+00	7.501603856665780765e-03	2.195817339693074965e-02
3.959999999999999964e+00	7.501589998770963851e-03	2.176863376908744901e-02
3.964999999999999858e+00	7.501576249248182240e-03	2.158057300040086557e-02
3.970000000000000195e+00	7.501562607507456480e-03	2.139398310139322551e-02
3.975000000000000089e+00	7.501549072961656399e-03	2.120885612039551810e-02
3.979999999999999982e+00	7.501535645026071765e-03	2.102518413758772478e-02
3.985000000000000320e+00	7.501522323118844232e-03	2.084295927102322241e-02
3.990000000000000213e+00	7.501509106660548404e-03	2.066217367080470935e-02
3.995000000000000107e+00	7.501495995074612504e-03	2.048281952496920980e-02
4.000000000000000000e+00	7.501482987786908981e-03	2.030488905379853812e-02
4.004999999999999893e+00	7.501470084226169108e-03	2.012837451556592425e-02
4.009999999999999787e+00	7.501457283823576190e-03	1.995326820098025991e-02
4.014999999999999680e+00	7.501444586013177561e-03	1.977956243879514311e-02
4.019999999999999574e+00	7.501431990231482126e-03	1.960724959038597989e-02
4.025000000000000355e+00	7.501419495917864555e-03	1.943632205522233952e-02
4.030000000000000249e+00	7.501407102514174967e-03	1.926677226557731853e-02
4.035000000000000142e+00	7.501394809465125775e-03	1.909859269186371666e-02
4.040000000000000036e+00	7.501382616217922190e-03	1.893177583747482351e-02
4.044999999999999929e+00	7.501370522222628248e-03	1.876631424398562606e-02
4.049999999999999822e+00	7.501358526931811189e-03	1.860220048612400492e-02
4.054999999999999716e+00	7.501346629800901417e-03	1.843942717683783386e-02
4.059999999999999609e+00	7.501334830287839477e-03	1.827798696239569740e-02
4.064999999999999503e+00	7.501323127853432547e-03	1.811787252732066644e-02
4.070000000000000284e+00	7.501311521961006624e-03	1.795907658961981915e-02
4.075000000000000178e+00	7.501300012076754335e-03	1.780159190558580976e-02
4.080000000000000071e+00	7.501288597669397533e-03	1.764541126515399225e-02
4.084999999999999964e+00	7.501277278210525569e-03	1.749052749657245553e-02
4.089999999999999858e+00	7.501266053174267430e-03	1.733693346188655213e-02
4.094999999999999751e+00	7.501254922037616131e-03	1.718462206147796170e-02
4.099999999999999645e+00	7.501243884280114731e-03	1.703358622967557356e-02
4.105000000000000426e+00	7.501232939384172918e-03	1.688381893916468535e-02
4.110000000000000320e+00	7.501222086834757365e-03	1.673531319672333373e-02
4.115000000000000213e+00	7.501211326119700505e-03	1.658806204750259278e-02
4.120000000000000107e+00	7.501200656729399563e-03	1.644205857088733985e-02
4.125000000000000000e+00	7.501190078157120127e-03	1.629729588464865625e-02
4.129999999999999893e+00	7.501179589898697778e-03	1.615376714092820951e-02
4.134999999999999787e+00	7.501169191452835595e-03	1.601146553026346064e-02
4.139999999999999680e+00	7.501158882320819662e-03	1.587038427769500021e-02
4.144999999999999574e+00	7.501148662006795753e-03	1.573051664666541213e-02
4.150000000000000355e+00	7.501138530017503053e-03	1.559185593524852788e-02
4.155000000000000249e+00	7.501128485862541308e-03	1.545439547992316295e-02
4.160000000000000142e+00	7.501118529054108010e-03	1.531812865192316159e-02
4.165000000000000036e+00	7.501108659107262079e-03	1.518304886088689756e-02
4.169999999999999929e+00	7.501098875539665388e-03	1.504914955132760981e-02
4.174999999999999822e+00	7.501089177871840367e-03	1.491642420615912207e-02
4.179999999999999716e+00	7.501079565626920208e-03	1.478486634328561068e-02
4.185000000000000497e+00	7.501070038330895189e-03	1.465446951900484414e-02
4.190000000000000391e+00	7.501060595512375889e-03	1.452522732471638045e-02
4.195000000000000284e+00	7.501051236702823907e-03	1.439713339020295448e-02
4.200000000000000178e+00	7.501041961436328079e-03	1.427018138045640927e-02
4.205000000000000071e+00	7.501032769249829993e-03	1.414436499883829461e-02
4.209999999999999964e+00	7.501023659682901079e-03	1.401967798402233706e-02
4.214999999999999858e+00	7.501014632277962918e-03	1.389611411303539983e-02
4.219999999999999751e+00	7.501005686580074737e-03	1.377366719831565715e-02
4.224999999999999645e+00	7.500996822137141577e-03	1.365233109063464755e-02
4.230000000000000426e+00	7.500988038499711331e-03	1.353209967627032502e-02
4.235000000000000320e+00	7.500979335221177706e-03	1.341296687981129859e-02
4.240000000000000213e+00	7.500970711857578993e-03	1.329492666144366057e-02
4.245000000000000107e+00	7.500962167967798432e-03	1.317797301963815303e-02
4.250000000000000000e+00	7.500953703113369050e-03	1.306209998855042791e-02
4.254999999999999893e+00	7.500945316858662754e-03	1.294730164059182398e-02
4.259999999999999787e+00	7.500937008770709041e-03	1.283357208394202316e-02
4.264999999999999680e+00	7.500928778419373687e-03	1.272090546500452383e-02
4.269999999999999574e+00	7.500920625377180059e-03	1.260929596603058492e-02
4.275000000000000355e+00	7.500912549219486934e-03	1.249873780746064283e-02
4.280000000000000249e+00	7.500904549524316754e-03	1.238922524565857358e-02
4.285000000000000142e+00	7.500896625872519562e-03	1.228075257513972472e-02
4.290000000000000036e+00	7.500888777847616005e-03	1.217331412641486747e-02
4.294999999999999929e+00	7.500881005035949997e-03	1.206690426810570933e-02
4.299999999999999822e+00	7.500873307026539524e-03	1.196151740489769313e-02
4.304999999999999716e+00	7.500865683411219766e-03	1.185714797954384725e-02
4.309999999999999609e+00	7.500858133784506915e-03	1.175379047092543761e-02
4.314999999999999503e+00	7.500850657743728285e-03	1.165143939594527438e-02
4.320000000000000284e+00	7.500843254888893072e-03	1.155008930769526806e-02
4.325000000000000178e+00	7.500835924822821590e-03	1.144973479724021442e-02
4.330000000000000071e+00	7.500828667151016906e-03	1.135037049189119643e-02
4.334999999999999964e+00	7.500821481481787997e-03	1.125199105688066449e-02
4.339999999999999858e+00	7.500814367426130065e-03	1.115459119374120726e-02
4.344999999999999751e+00	7.500807324597839019e-03	1.105816564187255858e-02
4.349999999999999645e+00	7.500800352613400460e-03	1.096270917702481078e-02
4.355000000000000426e+00	7.500793451092094624e-03	1.086821661275846722e-02
4.360000000000000320e+00	7.500786619655894043e-03	1.077468279903119608e-02
4.365000000000000213e+00	7.500779857929560680e-03	1.068210262355175771e-02
4.370000000000000107e+00	7.500773165540551395e-03	1.059047101046932220e-02
4.375000000000000000e+00	7.500766542119107275e-03	1.049978292162235226e-02
4.379999999999999893e+00	7.500759987298165170e-03	1.041003335532957909e-02
4.384999999999999787e+00	7.500753500713439222e-03	1.032121734753482789e-02
4.389999999999999680e+00	7.500747082003344536e-03	1.023332997069870305e-02
4.394999999999999574e+00	7.500740730809068307e-03	1.014636633484000336e-02
4.400000000000000355e+00	7.500734446774496092e-03	1.006032158652760827e-02
4.405000000000000249e+00	7.500728229546280330e-03	9.975190909819539251e-03
4.410000000000000142e+00	7.500722078773776162e-03	9.890969525353761685e-03
4.415000000000000036e+00	7.500715994109097805e-03	9.807652691185820421e-03
4.419999999999999929e+00	7.500709975207063042e-03	9.725235701977946734e-03
4.424999999999999822e+00	7.500704021725243531e-03	9.643713889736095501e-03
4.429999999999999716e+00	7.500698133323912761e-03	9.563082623096366697e-03
4.435000000000000497e+00	7.500692309666094626e-03	9.483337307962497187e-03
4.440000000000000391e+00	7.500686550417514850e-03	9.404473386888783162e-03
4.445000000000000284e+00	7.500680855246641757e-03	9.326486339618677082e-03
4.450000000000000178e+00	7.500675223824648970e-03	9.249371682563411329e-03
4.455000000000000071e+00	7.500669655825442303e-03	9.173124969242824403e-03
4.459999999999999964e+00	7.500664150925633739e-03	9.097741789858698747e-03
4.464999999999999858e+00	7.500658708804564846e-03	9.023217771638581200e-03
4.469999999999999751e+00	7.500653329144279027e-03	8.949548578503142837e-03
4.474999999999999645e+00	7.500648011629542332e-03	8.876729911313852375e-03
4.480000000000000426e+00	7.500642755947826111e-03	8.804757507633417801e-03
4.485000000000000320e+00	7.500637561789314824e-03	8.733627141878440303e-03
4.490000000000000213e+00	7.500632428846894760e-03	8.663334625171841344e-03
4.495000000000000107e+00	7.500627356816164451e-03	8.593875805401315904e-03
4.500000000000000000e+00	7.500622345395422524e-03	8.525246567163202033e-03
4.504999999999999893e+00	7.500617394285667705e-03	8.457442831727434232e-03
4.509999999999999787e+00	7.500612503190602284e-03	8.390460557072028022e-03
4.514999999999999680e+00	7.500607671816619977e-03	8.324295737755458072e-03
4.519999999999999574e+00	7.500602899872816330e-03	8.258944405040834907e-03
4.525000000000000355e+00	7.500598187070973109e-03	8.194402626676632398e-03
4.530000000000000249e+00	7.500593533125572178e-03	8.130666507109701388e-03
4.535000000000000142e+00	7.500588937753772077e-03	8.067732187175264205e-03
4.540000000000000036e+00	7.500584400675430578e-03	8.005595844397889183e-03
4.544999999999999929e+00	7.500579921613075192e-03	7.944253692591629959e-03
4.549999999999999822e+00	7.500575500291931791e-03	7.883701982248136897e-03
4.554999999999999716e+00	7.500571136439887314e-03	7.823937000047777313e-03
4.559999999999999609e+00	7.500566829787525328e-03	7.764955069334073673e-03
4.564999999999999503e+00	7.500562580068081790e-03	7.706752549536691199e-03
4.570000000000000284e+00	7.500558387017488421e-03	7.649325836731411810e-03
4.575000000000000178e+00	7.500554250374321524e-03	7.592671362975801815e-03
4.580000000000000071e+00	7.500550169879848829e-03	7.536785596953745822e-03
4.584999999999999964e+00	7.500546145277978312e-03	7.481665043224818880e-03
4.589999999999999858e+00	7.500542176315304170e-03	7.427306242952628340e-03
4.594999999999999751e+00	7.500538262741051308e-03	7.373705773068615563e-03
4.599999999999999645e+00	7.500534404307133453e-03	7.320860247083476290e-03
4.605000000000000426e+00	7.500530600768082895e-03	7.268766314166090134e-03
4.610000000000000320e+00	7.500526851881119013e-03	7.217420660037280472e-03
4.615000000000000213e+00	7.500523157406069341e-03	7.166820005964891736e-03
4.620000000000000107e+00	7.500519517105447634e-03	7.116961109738817633e-03
4.625000000000000000e+00	7.500515930744367996e-03	7.067840764583146508e-03
4.629999999999999893e+00	7.500512398090628148e-03	7.019455800211690279e-03
4.634999999999999787e+00	7.500508918914616623e-03	6.971803081658061764e-03
4.639999999999999680e+00	7.500505492989397761e-03	6.924879510410866454e-03
4.644999999999999574e+00	7.500502120090625849e-03	6.878682023162490701e-03
4.650000000000000355e+00	7.500498799996623174e-03	6.833207593023233814e-03
4.655000000000000249e+00	7.500495532488292427e-03	6.788453228189584264e-03
4.660000000000000142e+00	7.500492317349206038e-03	6.744415973236513213e-03
4.665000000000000036e+00	7.500489154365501225e-03	6.701092907706085282e-03
4.669999999999999929e+00	7.500486043325984079e-03	6.658481147477059159e-03
4.674999999999999822e+00	7.500482984022019406e-03	6.616577843274768812e-03
4.679999999999999716e+00	7.500479976247632213e-03	6.575380182117175100e-03
4.685000000000000497e+00	7.500477019799398418e-03	6.534885385746669675e-03
4.690000000000000391e+00	7.500474114476554134e-03	6.495090712151998201e-03
4.695000000000000284e+00	7.500471260080873379e-03	6.455993453922875998e-03
4.700000000000000178e+00	7.500468456416784294e-03	6.417590939846764576e-03
4.705000000000000071e+00	7.500465703291246851e-03	6.379880533187201955e-03
4.709999999999999964e+00	7.500463000513874282e-03	6.342859633354685708e-03
4.714999999999999858e+00	7.500460347896795166e-03	6.306525674109528939e-03
4.719999999999999751e+00	7.500457745254789609e-03	6.270876125306066619e-03
4.724999999999999645e+00	7.500455192405145258e-03	6.235908491020764922e-03
4.730000000000000426e+00	7.500452689167795214e-03	6.201620311368946821e-03
4.735000000000000320e+00	7.500450235365171449e-03	6.168009160559095004e-03
4.740000000000000213e+00	7.500447830822345313e-03	6.135072648781326500e-03
4.745000000000000107e+00	7.500445475366880090e-03	6.102808420188593486e-03
4.750000000000000000e+00	7.500443168828969769e-03	6.071214154856091616e-03
4.754999999999999893e+00	7.500440911041292465e-03	6.040287566690220010e-03
4.759999999999999787e+00	7.500438701839153531e-03	6.010026405458217258e-03
4.764999999999999680e+00	7.500436541060331169e-03	5.980428454625608299e-03
4.769999999999999574e+00	7.500434428545224748e-03	5.951491533455252787e-03
4.775000000000000355e+00	7.500432364136697810e-03	5.923213494774167039e-03
4.780000000000000249e+00	7.500430347680230730e-03	5.895592227141170302e-03
4.785000000000000142e+00	7.500428379023755913e-03	5.868625652543765260e-03
4.790000000000000036e+00	7.500426458017818258e-03	5.842311728633715201e-03
4.794999999999999929e+00	7.500424584515405155e-03	5.816648446354893802e-03
4.799999999999999822e+00	7.500422758372111282e-03	5.791633832245874670e-03
4.804999999999999716e+00	7.500420979445960798e-03	5.767265945999530165e-03
4.809999999999999609e+00	7.500419247597583418e-03	5.743542882831884772e-03
4.814999999999999503e+00	7.500417562690026192e-03	5.720462770974237519e-03
4.820000000000000284e+00	7.500415924588935655e-03	5.698023774107584434e-03
4.825000000000000178e+00	7.500414333162365270e-03	5.676224088788017416e-03
4.830000000000000071e+00	7.500412788280962778e-03	5.655061946945888311e-03
4.834999999999999964e+00	7.500411289817775044e-03	5.634535613245291764e-03
4.839999999999999858e+00	7.500409837648430202e-03	5.614643387647272679e-03
4.844999999999999751e+00	7.500408431650951169e-03	5.595383602704139848e-03
4.849999999999999645e+00	7.500407071705936929e-03	5.576754626185924033e-03
4.855000000000000426e+00	7.500405757696364771e-03	5.558754858310279573e-03
4.860000000000000320e+00	7.500404489507784579e-03	5.541382734431507875e-03
4.865000000000000213e+00	7.500403267028115870e-03	5.524636722206770385e-03
4.870000000000000107e+00	7.500402090147842947e-03	5.508515324346878635e-03
4.875000000000000000e+00	7.500400958759808473e-03	5.493017075719742320e-03
4.879999999999999893e+00	7.500399872759414693e-03	5.478140546161997838e-03
4.884999999999999787e+00	7.500398832044410935e-03	5.463884337520452140e-03
4.889999999999999680e+00	7.500397836515097436e-03	5.450247086523978164e-03
4.894999999999999574e+00	7.500396886074112840e-03	5.437227461763681317e-03
4.900000000000000355e+00	7.500395980626641500e-03	5.424824166624177095e-03
4.905000000000000249e+00	7.500395120080191429e-03	5.413035936203253878e-03
4.910000000000000142e+00	7.500394304344812010e-03	5.401861540301860533e-03
4.915000000000000036e+00	7.500393533332865882e-03	5.391299780284000177e-03
4.919999999999999929e+00	7.500392806959247510e-03	5.381349492124674026e-03
4.924999999999999822e+00	7.500392125141155074e-03	5.372009543210761601e-03
4.929999999999999716e+00	7.500391487798312509e-03	5.363278835446205241e-03
4.935000000000000497e+00	7.500390894852733588e-03	5.355156301994623558e-03
4.940000000000000391e+00	7.500390346228955236e-03	5.347640910440958593e-03
4.945000000000000284e+00	7.500389841853787737e-03	5.340731659476616149e-03
4.950000000000000178e+00	7.500389381656558455e-03	5.334427582116719503e-03
4.955000000000000071e+00	7.500388965568860304e-03	5.328727742328580666e-03
4.959999999999999964e+00	7.500388593524792875e-03	5.323631238303992534e-03
4.964999999999999858e+00	7.500388265460710031e-03	5.319137199031658166e-03
4.969999999999999751e+00	7.500387981315465372e-03	5.315244787623673965e-03
4.974999999999999645e+00	7.500387741030157228e-03	5.311953197832749649e-03
4.980000000000000426e+00	7.500387544548371525e-03	5.309261657432139993e-03
4.985000000000000320e+00	7.500387391815929380e-03	5.307169424678401422e-03
4.990000000000000213e+00	7.500387282781135166e-03	5.305675791744020320e-03
4.995000000000000107e+00	7.500387217394513702e-03	5.304780081126496405e-03
5.000000000000000000e+00	7.500387195609063522e-03	5.304481649132892183e-03
