# coordinate_x	h	p	@time=711.29
0.000000000000000000e+00	2.699989341613697191e-01	5.715593660246801599e-01
5.000000000000000104e-03	2.699953665058510421e-01	5.715593659277320437e-01
1.000000000000000021e-02	2.699846635404636319e-01	5.715593656368384012e-01
1.499999999999999944e-02	2.699668252664659818e-01	5.715593651519463858e-01
2.000000000000000042e-02	2.699418516869157014e-01	5.715593644729268785e-01
2.500000000000000139e-02	2.699097428053182646e-01	5.715593635996322197e-01
2.999999999999999889e-02	2.698704986269375161e-01	5.715593625318403648e-01
3.500000000000000333e-02	2.698241191574794473e-01	5.715593612693107284e-01
4.000000000000000083e-02	2.697706044044119178e-01	5.715593598117281182e-01
4.499999999999999833e-02	2.697099543756483753e-01	5.715593581587583571e-01
5.000000000000000278e-02	2.696421690808705751e-01	5.715593563099927721e-01
5.500000000000000028e-02	2.695672485302103571e-01	5.715593542650029280e-01
5.999999999999999778e-02	2.694851927355765286e-01	5.715593520232855607e-01
6.500000000000000222e-02	2.693960017093339765e-01	5.715593495843173111e-01
7.000000000000000666e-02	2.692996754656352132e-01	5.715593469474991029e-01
7.500000000000001110e-02	2.691962140190959918e-01	5.715593441122115426e-01
8.000000000000000167e-02	2.690856173861323475e-01	5.715593410777585204e-01
8.499999999999999223e-02	2.689678855836317717e-01	5.715593378434232763e-01
8.999999999999999667e-02	2.688430186302969149e-01	5.715593344084113347e-01
9.500000000000000111e-02	2.687110165453115984e-01	5.715593307719065708e-01
1.000000000000000056e-01	2.685718793496915113e-01	5.715593269330145887e-01
1.050000000000000100e-01	2.684256070649444492e-01	5.715593228908184553e-01
1.100000000000000006e-01	2.682721997144291159e-01	5.715593186443217455e-01
1.149999999999999911e-01	2.681116573220083676e-01	5.715593141925048304e-01
1.199999999999999956e-01	2.679439799134173961e-01	5.715593095342669239e-01
1.250000000000000000e-01	2.677691675149090345e-01	5.715593046684832590e-01
1.300000000000000044e-01	2.675872201546317664e-01	5.715592995939468013e-01
1.350000000000000089e-01	2.673981378612668713e-01	5.715592943094248701e-01
1.400000000000000133e-01	2.672019206654169254e-01	5.715592888136014071e-01
1.450000000000000178e-01	2.669985685982337320e-01	5.715592831051333755e-01
1.499999999999999944e-01	2.667880816928185350e-01	5.715592771825926954e-01
1.549999999999999989e-01	2.665704599828397359e-01	5.715592710445228652e-01
1.600000000000000033e-01	2.663457035039457077e-01	5.715592646893808970e-01
1.650000000000000078e-01	2.661138122923716876e-01	5.715592581155931606e-01
1.700000000000000122e-01	2.658747863863656358e-01	5.715592513214983184e-01
1.749999999999999889e-01	2.656286258247838039e-01	5.715592443054027250e-01
1.799999999999999933e-01	2.653753306485307495e-01	5.715592370655221410e-01
1.849999999999999978e-01	2.651149008991423028e-01	5.715592296000391315e-01
1.900000000000000022e-01	2.648473366202409029e-01	5.715592219070432245e-01
1.950000000000000067e-01	2.645726378561049641e-01	5.715592139845880881e-01
2.000000000000000111e-01	2.642908046531407540e-01	5.715592058306329104e-01
2.050000000000000155e-01	2.640018370584370500e-01	5.715591974430984656e-01
2.099999999999999922e-01	2.637057351212547252e-01	5.715591888198082726e-01
2.149999999999999967e-01	2.634024988915655840e-01	5.715591799585454380e-01
2.200000000000000011e-01	2.630921284215608225e-01	5.715591708569928153e-01
2.250000000000000056e-01	2.627746237641729876e-01	5.715591615127905145e-01
2.300000000000000100e-01	2.624499849746046998e-01	5.715591519234752838e-01
2.349999999999999867e-01	2.621182121088325712e-01	5.715591420865386851e-01
2.399999999999999911e-01	2.617793052251569663e-01	5.715591319993653663e-01
2.449999999999999956e-01	2.614332643826874358e-01	5.715591216592920132e-01
2.500000000000000000e-01	2.610800896429146256e-01	5.715591110635451777e-01
2.550000000000000044e-01	2.607197810681755601e-01	5.715591002093000084e-01
2.600000000000000089e-01	2.603523387232496433e-01	5.715590890936182999e-01
2.650000000000000133e-01	2.599777626738024039e-01	5.715590777135065581e-01
2.700000000000000178e-01	2.595960529880068091e-01	5.715590660658541600e-01
2.750000000000000222e-01	2.592072097349644721e-01	5.715590541474919739e-01
2.800000000000000266e-01	2.588112329863535566e-01	5.715590419551294099e-01
2.850000000000000311e-01	2.584081228148262244e-01	5.715590294854129283e-01
2.899999999999999800e-01	2.579978792956846290e-01	5.715590167348636452e-01
2.949999999999999845e-01	2.575805025052531061e-01	5.715590036999355084e-01
2.999999999999999889e-01	2.571559925225843091e-01	5.715589903769521252e-01
3.049999999999999933e-01	2.567243494278043103e-01	5.715589767621652717e-01
3.099999999999999978e-01	2.562855733038503780e-01	5.715589628516917209e-01
3.150000000000000022e-01	2.558396642347879890e-01	5.715589486415716403e-01
3.200000000000000067e-01	2.553866223075818009e-01	5.715589341277039770e-01
3.250000000000000111e-01	2.549264476103832999e-01	5.715589193059065209e-01
3.300000000000000155e-01	2.544591402343361897e-01	5.715589041718500685e-01
3.350000000000000200e-01	2.539847002718332303e-01	5.715588887211183744e-01
3.400000000000000244e-01	2.535031278183586534e-01	5.715588729491419828e-01
3.449999999999999734e-01	2.530144229707118053e-01	5.715588568512581791e-01
3.499999999999999778e-01	2.525185858288887530e-01	5.715588404226450425e-01
3.549999999999999822e-01	2.520156164942712329e-01	5.715588236583805104e-01
3.599999999999999867e-01	2.515055150715491128e-01	5.715588065533762085e-01
3.649999999999999911e-01	2.509882816668732031e-01	5.715587891024364042e-01
3.699999999999999956e-01	2.504639163898210730e-01	5.715587713001919479e-01
3.750000000000000000e-01	2.499324193515108095e-01	5.715587531411583377e-01
3.800000000000000044e-01	2.493937906666133242e-01	5.715587346196698837e-01
3.850000000000000089e-01	2.488480304514253116e-01	5.715587157299375498e-01
3.900000000000000133e-01	2.482951388259296288e-01	5.715586964659816749e-01
3.950000000000000178e-01	2.477351159118259816e-01	5.715586768216912583e-01
4.000000000000000222e-01	2.471679618346419305e-01	5.715586567907554594e-01
4.050000000000000266e-01	2.465936767217187797e-01	5.715586363667218839e-01
4.099999999999999756e-01	2.460122607043762899e-01	5.715586155429291937e-01
4.149999999999999800e-01	2.454237139158512437e-01	5.715585943125639501e-01
4.199999999999999845e-01	2.448280364935191133e-01	5.715585726685927792e-01
4.249999999999999889e-01	2.442252285767823883e-01	5.715585506038198815e-01
4.299999999999999933e-01	2.436152903093525834e-01	5.715585281108179760e-01
4.349999999999999978e-01	2.429982218370856928e-01	5.715585051819848106e-01
4.400000000000000022e-01	2.423740233103277852e-01	5.715584818094752162e-01
4.450000000000000067e-01	2.417426948816949750e-01	5.715584579852561742e-01
4.500000000000000111e-01	2.411042367084859361e-01	5.715584337010380933e-01
4.550000000000000155e-01	2.404586489504034474e-01	5.715584089483299879e-01
4.600000000000000200e-01	2.398059317720379058e-01	5.715583837183703109e-01
4.649999999999999689e-01	2.391460853405271425e-01	5.715583580021807997e-01
4.699999999999999734e-01	2.384791098281146549e-01	5.715583317904977534e-01
4.749999999999999778e-01	2.378050054097447241e-01	5.715583050738243243e-01
4.799999999999999822e-01	2.371237722656999447e-01	5.715582778423622390e-01
4.849999999999999867e-01	2.364354105791274807e-01	5.715582500860620918e-01
4.899999999999999911e-01	2.357399205387607222e-01	5.715582217945556209e-01
4.949999999999999956e-01	2.350373023363730995e-01	5.715581929572044473e-01
5.000000000000000000e-01	2.343275561695888354e-01	5.715581635630327950e-01
5.050000000000000044e-01	2.336106822392599869e-01	5.715581336007732327e-01
5.100000000000000089e-01	2.328866807523716498e-01	5.715581030588011702e-01
5.150000000000000133e-01	2.321555519193382877e-01	5.715580719251777131e-01
5.200000000000000178e-01	2.314172959570088284e-01	5.715580401875850480e-01
5.250000000000000222e-01	2.306719130858775613e-01	5.715580078333664105e-01
5.300000000000000266e-01	2.299194035331954267e-01	5.715579748494623580e-01
5.350000000000000311e-01	2.291597675300905412e-01	5.715579412224478517e-01
5.400000000000000355e-01	2.283930053147922579e-01	5.715579069384700839e-01
5.450000000000000400e-01	2.276191171296561011e-01	5.715578719832811183e-01
5.500000000000000444e-01	2.268381032245076756e-01	5.715578363421779384e-01
5.550000000000000488e-01	2.260499638535662104e-01	5.715578000000306469e-01
5.600000000000000533e-01	2.252546992789161429e-01	5.715577629412242899e-01
5.649999999999999467e-01	2.244523097673232770e-01	5.715577251496826161e-01
5.699999999999999512e-01	2.236427955938420920e-01	5.715576866088121211e-01
5.749999999999999556e-01	2.228261570385181578e-01	5.715576473015198111e-01
5.799999999999999600e-01	2.220023943901400787e-01	5.715576072101609117e-01
5.849999999999999645e-01	2.211715079428212549e-01	5.715575663165495257e-01
5.899999999999999689e-01	2.203334979999058418e-01	5.715575246019104494e-01
5.949999999999999734e-01	2.194883648704225310e-01	5.715574820468813932e-01
5.999999999999999778e-01	2.186361088731551827e-01	5.715574386314700162e-01
6.049999999999999822e-01	2.177767303329602167e-01	5.715573943350477082e-01
6.099999999999999867e-01	2.169102295850131312e-01	5.715573491363099556e-01
6.149999999999999911e-01	2.160366069709813985e-01	5.715573030132622412e-01
6.199999999999999956e-01	2.151558628434586118e-01	5.715572559431854049e-01
6.250000000000000000e-01	2.142679975619835309e-01	5.715572079026104424e-01
6.300000000000000044e-01	2.133730114976753744e-01	5.715571588672904157e-01
6.350000000000000089e-01	2.124709050290891355e-01	5.715571088121628174e-01
6.400000000000000133e-01	2.115616785470658401e-01	5.715570577113296968e-01
6.450000000000000178e-01	2.106453324504136970e-01	5.715570055380050363e-01
6.500000000000000222e-01	2.097218671509890608e-01	5.715569522645034262e-01
6.550000000000000266e-01	2.087912830691914801e-01	5.715568978621724527e-01
6.600000000000000311e-01	2.078535806392925733e-01	5.715568423013906996e-01
6.650000000000000355e-01	2.069087603047324586e-01	5.715567855514821494e-01
6.700000000000000400e-01	2.059568225237146666e-01	5.715567275807255099e-01
6.750000000000000444e-01	2.049977677642907947e-01	5.715566683562478545e-01
6.800000000000000488e-01	2.040315965102417195e-01	5.715566078440479370e-01
6.850000000000000533e-01	2.030583092559353486e-01	5.715565460088656291e-01
6.899999999999999467e-01	2.020779065125164475e-01	5.715564828142203346e-01
6.949999999999999512e-01	2.010903888025218633e-01	5.715564182222546696e-01
6.999999999999999556e-01	2.000957566664026410e-01	5.715563521937891966e-01
7.049999999999999600e-01	1.990940106568797052e-01	5.715562846881366843e-01
7.099999999999999645e-01	1.980851513458249391e-01	5.715562156631761592e-01
7.149999999999999689e-01	1.970691793183382279e-01	5.715561450751335260e-01
7.199999999999999734e-01	1.960460951800167551e-01	5.715560728786772682e-01
7.249999999999999778e-01	1.950158995507331461e-01	5.715559990266610990e-01
7.299999999999999822e-01	1.939785930723248175e-01	5.715559234702455305e-01
7.349999999999999867e-01	1.929341764020510441e-01	5.715558461585953376e-01
7.399999999999999911e-01	1.918826502207378326e-01	5.715557670390315481e-01
7.449999999999999956e-01	1.908240152258892930e-01	5.715556860566787245e-01
7.500000000000000000e-01	1.897582721403273109e-01	5.715556031546498161e-01
7.550000000000000044e-01	1.886854217049307725e-01	5.715555182736372641e-01
7.600000000000000089e-01	1.876054646878131393e-01	5.715554313521358232e-01
7.650000000000000133e-01	1.865184018766600227e-01	5.715553423259683852e-01
7.700000000000000178e-01	1.854242340884930396e-01	5.715552511285530990e-01
7.750000000000000222e-01	1.843229621615740110e-01	5.715551576903549202e-01
7.800000000000000266e-01	1.832145869658078630e-01	5.715550619392030240e-01
7.850000000000000311e-01	1.820991093941784489e-01	5.715549637996576449e-01
7.900000000000000355e-01	1.809765303738498921e-01	5.715548631933846657e-01
7.950000000000000400e-01	1.798468508570955082e-01	5.715547600384259797e-01
8.000000000000000444e-01	1.787100718331638138e-01	5.715546542496402482e-01
8.050000000000000488e-01	1.775661943186576941e-01	5.715545457378612415e-01
8.100000000000000533e-01	1.764152193702389904e-01	5.715544344104154240e-01
8.149999999999999467e-01	1.752571480744114785e-01	5.715543201701522857e-01
8.199999999999999512e-01	1.740919815611465526e-01	5.715542029160491921e-01
8.249999999999999556e-01	1.729197209930179446e-01	5.715540825420952764e-01
8.299999999999999600e-01	1.717403675798417073e-01	5.715539589379963203e-01
8.349999999999999645e-01	1.705539225671054426e-01	5.715538319878897822e-01
8.399999999999999689e-01	1.693603872517269460e-01	5.715537015711664726e-01
8.449999999999999734e-01	1.681597629697141882e-01	5.715535675609890731e-01
8.499999999999999778e-01	1.669520511131608320e-01	5.715534298252488155e-01
8.549999999999999822e-01	1.657372531170663854e-01	5.715532882248577362e-01
8.599999999999999867e-01	1.645153704777017889e-01	5.715531426148611205e-01
8.649999999999999911e-01	1.632864047385110262e-01	5.715529928424675221e-01
8.699999999999999956e-01	1.620503575099982163e-01	5.715528387483415074e-01
8.750000000000000000e-01	1.608072304546231401e-01	5.715526801643290300e-01
8.800000000000000044e-01	1.595570253083813672e-01	5.715525169149606732e-01
8.850000000000000089e-01	1.582997438645959709e-01	5.715523488148216424e-01
8.900000000000000133e-01	1.570353879973869216e-01	5.715521756702990341e-01
8.950000000000000178e-01	1.557639596442492447e-01	5.715519972765387147e-01
9.000000000000000222e-01	1.544854608316354183e-01	5.715518134194766953e-01
9.050000000000000266e-01	1.531998936561977387e-01	5.715516238723116205e-01
9.100000000000000311e-01	1.519072603127405163e-01	5.715514283978700982e-01
9.150000000000000355e-01	1.506075630739882876e-01	5.715512267445095329e-01
9.200000000000000400e-01	1.493008043212035452e-01	5.715510186488751421e-01
9.250000000000000444e-01	1.479869865223257808e-01	5.715508038311328809e-01
9.300000000000000488e-01	1.466661122655958660e-01	5.715505819981862023e-01
9.350000000000000533e-01	1.453381842358900389e-01	5.715503528381190579e-01
9.399999999999999467e-01	1.440032052517467298e-01	5.715501160239533363e-01
9.449999999999999512e-01	1.426611782396974004e-01	5.715498712071579446e-01
9.499999999999999556e-01	1.413121062751544477e-01	5.715496180220437372e-01
9.549999999999999600e-01	1.399559925545149075e-01	5.715493560781641502e-01
9.599999999999999645e-01	1.385928404404453418e-01	5.715490849654661920e-01
9.649999999999999689e-01	1.372226534315029445e-01	5.715488042453681361e-01
9.699999999999999734e-01	1.358454352124456310e-01	5.715485134568103476e-01
9.749999999999999778e-01	1.344611896210800850e-01	5.715482121057516851e-01
9.799999999999999822e-01	1.330699207043353205e-01	5.715478996722906935e-01
9.849999999999999867e-01	1.316716326820067118e-01	5.715475755982650785e-01
9.899999999999999911e-01	1.302663300094650811e-01	5.715472392956537639e-01
9.949999999999999956e-01	1.288540173379181530e-01	5.715468901318890849e-01
1.000000000000000000e+00	1.274346995847900621e-01	5.715465274397971696e-01
1.004999999999999893e+00	1.260083818900664399e-01	5.715461505001409037e-01
1.010000000000000009e+00	1.245750696955785497e-01	5.715457585534143847e-01
1.015000000000000124e+00	1.231347686969331001e-01	5.715453507790196896e-01
1.020000000000000018e+00	1.216874849331806424e-01	5.715449263093032028e-01
1.024999999999999911e+00	1.202332247337555282e-01	5.715444842046215612e-01
1.030000000000000027e+00	1.187719948203103670e-01	5.715440234701019140e-01
1.035000000000000142e+00	1.173038022480051706e-01	5.715435430256596838e-01
1.040000000000000036e+00	1.158286545216650754e-01	5.715430417260851659e-01
1.044999999999999929e+00	1.143465595306536742e-01	5.715425183248293850e-01
1.050000000000000044e+00	1.128575256819845246e-01	5.715419714981705424e-01
1.055000000000000160e+00	1.113615618278931546e-01	5.715413998012641716e-01
1.060000000000000053e+00	1.098586774191267629e-01	5.715408016973395622e-01
1.064999999999999947e+00	1.083488824241878729e-01	5.715401755040887544e-01
1.070000000000000062e+00	1.068321875067824583e-01	5.715395194290977532e-01
1.075000000000000178e+00	1.053086039355449616e-01	5.715388315040935696e-01
1.080000000000000071e+00	1.037781437905900550e-01	5.715381096281473283e-01
1.084999999999999964e+00	1.022408198623365461e-01	5.715373514865553783e-01
1.090000000000000080e+00	1.006966458933566955e-01	5.715365546037930455e-01
1.095000000000000195e+00	9.914563646469570779e-02	5.715357162428067461e-01
1.100000000000000089e+00	9.758780728083404910e-02	5.715348334702788913e-01
1.104999999999999982e+00	9.602317504164589734e-02	5.715339030307537982e-01
1.110000000000000098e+00	9.445175778042130821e-02	5.715329214275545189e-01
1.115000000000000213e+00	9.287357471932372599e-02	5.715318847643077182e-01
1.120000000000000107e+00	9.128864667324380899e-02	5.715307888459080221e-01
1.125000000000000000e+00	8.969699588630269949e-02	5.715296289774276506e-01
1.129999999999999893e+00	8.809864651809792835e-02	5.715284000909662820e-01
1.134999999999999787e+00	8.649362445847259828e-02	5.715270964883163440e-01
1.139999999999999902e+00	8.488195791784525213e-02	5.715257120015201364e-01
1.145000000000000018e+00	8.326367721714900139e-02	5.715242396605290098e-01
1.149999999999999911e+00	8.163881551097892930e-02	5.715226718980580545e-01
1.154999999999999805e+00	8.000740854935425861e-02	5.715210001160863085e-01
1.159999999999999920e+00	7.836949557219850815e-02	5.715192149495066376e-01
1.165000000000000036e+00	7.672511903949738588e-02	5.715173056945231922e-01
1.169999999999999929e+00	7.507432574940658965e-02	5.715152606511733069e-01
1.174999999999999822e+00	7.341716653365214229e-02	5.715130663606787786e-01
1.179999999999999938e+00	7.175369767126971166e-02	5.715107080549962637e-01
1.185000000000000053e+00	7.008398054706972691e-02	5.715081686260425897e-01
1.189999999999999947e+00	6.840808346166026011e-02	5.715054292223104015e-01
1.194999999999999840e+00	6.672608125309779925e-02	5.715024678358071597e-01
1.199999999999999956e+00	6.503805764622883068e-02	5.714992601035161490e-01
1.205000000000000071e+00	6.334410484242128381e-02	5.714957773397714158e-01
1.209999999999999964e+00	6.164432661517037920e-02	5.714919876273100163e-01
1.214999999999999858e+00	5.993883788216331637e-02	5.714878530296987336e-01
1.219999999999999973e+00	5.822776885250575962e-02	5.714833310984901438e-01
1.225000000000000089e+00	5.651126461327179995e-02	5.714783708475289492e-01
1.229999999999999982e+00	5.478949078872372841e-02	5.714729148687800464e-01
1.234999999999999876e+00	5.306263320745197715e-02	5.714668933929001327e-01
1.239999999999999991e+00	5.133090578428999712e-02	5.714602273131986765e-01
1.245000000000000107e+00	4.959455039873734983e-02	5.714528192102585891e-01
1.250000000000000000e+00	4.785384812562022000e-02	5.714445577609450488e-01
1.254999999999999893e+00	4.610911957960781016e-02	5.714353038047315092e-01
1.260000000000000009e+00	4.436074133048415608e-02	5.714248969178872262e-01
1.265000000000000124e+00	4.260914721092731033e-02	5.714131331136377279e-01
1.270000000000000018e+00	4.085485300465996339e-02	5.713997748971706425e-01
1.274999999999999911e+00	3.909845969759711409e-02	5.713845143228346579e-01
1.280000000000000027e+00	3.734069181341008459e-02	5.713669888289213405e-01
1.285000000000000142e+00	3.558240457284555375e-02	5.713467175889607175e-01
1.290000000000000036e+00	3.382464557410562456e-02	5.713231273189773862e-01
1.294999999999999929e+00	3.206866987941261321e-02	5.712954376275281021e-01
1.300000000000000044e+00	3.031604319113120893e-02	5.712627048663125873e-01
1.305000000000000160e+00	2.856867324345593526e-02	5.712236050074019911e-01
1.310000000000000053e+00	2.682898958655909397e-02	5.711765122447259868e-01
1.314999999999999947e+00	2.510000887606161218e-02	5.711190645493640083e-01
1.320000000000000062e+00	2.338566042047535154e-02	5.710483153859953198e-01
1.325000000000000178e+00	2.169092114359864182e-02	5.709598136619522535e-01
1.330000000000000071e+00	2.002241904934396605e-02	5.708479308412831577e-01
1.334999999999999964e+00	1.838869882784372953e-02	5.707038163586529711e-01
1.340000000000000080e+00	1.680130788063774125e-02	5.705162310090677869e-01
1.345000000000000195e+00	1.527521148960341718e-02	5.702669599004716039e-01
1.350000000000000089e+00	1.383034978940838461e-02	5.699334318375224306e-01
1.354999999999999982e+00	1.249160689238103077e-02	5.694795592486988633e-01
1.360000000000000098e+00	1.128882957358774870e-02	5.688651161196890405e-01
1.365000000000000213e+00	1.025316206414837207e-02	5.680349199792822379e-01
1.370000000000000107e+00	9.409178209325333789e-03	5.669456940334980377e-01
1.375000000000000000e+00	8.766160091151995945e-03	5.655677977363132714e-01
1.379999999999999893e+00	8.309440832909633159e-03	5.639101223115674522e-01
1.384999999999999787e+00	8.006314775479750345e-03	5.620193301879664594e-01
1.389999999999999902e+00	7.815752447219210045e-03	5.599518493274979747e-01
1.395000000000000018e+00	7.700479466485440211e-03	5.577713519877482984e-01
1.399999999999999911e+00	7.632737099143276603e-03	5.555192883848558694e-01
1.404999999999999805e+00	7.593359949559545623e-03	5.532295958547355230e-01
1.409999999999999920e+00	7.570800124795813366e-03	5.509198463603026674e-01
1.415000000000000036e+00	7.557825790707259003e-03	5.486028930606305920e-01
1.419999999999999929e+00	7.550412318424375678e-03	5.462848450295060276e-01
1.424999999999999822e+00	7.546118069795892253e-03	5.439700015420908530e-01
1.429999999999999938e+00	7.543620652559854256e-03	5.416603352321261999e-01
1.435000000000000053e+00	7.542125917519655089e-03	5.393572103939687779e-01
1.439999999999999947e+00	7.541207598107196874e-03	5.370612334383875197e-01
1.444999999999999840e+00	7.540610545701452450e-03	5.347728145884022011e-01
1.449999999999999956e+00	7.540198216109733099e-03	5.324921218960003699e-01
1.455000000000000071e+00	7.539888968431498854e-03	5.302192611640620390e-01
1.459999999999999964e+00	7.539639157743422380e-03	5.279542614560199798e-01
1.464999999999999858e+00	7.539422698301687792e-03	5.256971323728957257e-01
1.469999999999999973e+00	7.539225650050643615e-03	5.234478594174009070e-01
1.475000000000000089e+00	7.539039682036427319e-03	5.212064222156508331e-01
1.479999999999999982e+00	7.538860342411691541e-03	5.189727929953067420e-01
1.484999999999999876e+00	7.538684970138421343e-03	5.167469424066651884e-01
1.489999999999999991e+00	7.538512142558910674e-03	5.145288389887934244e-01
1.495000000000000107e+00	7.538341008587121084e-03	5.123184510569052108e-01
1.500000000000000000e+00	7.538171112374611980e-03	5.101157464831812538e-01
1.504999999999999893e+00	7.538002180467448521e-03	5.079206933362089282e-01
1.510000000000000009e+00	7.537834065534433116e-03	5.057332597629629056e-01
1.515000000000000124e+00	7.537666678449179807e-03	5.035534142317604767e-01
1.520000000000000018e+00	7.537499970334401826e-03	5.013811254476304713e-01
1.524999999999999911e+00	7.537333910897198175e-03	4.992163624686370427e-01
1.530000000000000027e+00	7.537168482698205531e-03	4.970590946330936122e-01
1.535000000000000142e+00	7.537003674244900815e-03	4.949092916347854754e-01
1.540000000000000036e+00	7.536839478160254485e-03	4.927669234551448341e-01
1.544999999999999929e+00	7.536675888983667554e-03	4.906319604244998578e-01
1.550000000000000044e+00	7.536512902583262889e-03	4.885043731569817527e-01
1.555000000000000160e+00	7.536350515458098767e-03	4.863841326064283210e-01
1.560000000000000053e+00	7.536188724547049182e-03	4.842712100032697253e-01
1.564999999999999947e+00	7.536027527009607659e-03	4.821655769078534437e-01
1.570000000000000062e+00	7.535866920161278341e-03	4.800672051490272874e-01
1.575000000000000178e+00	7.535706901406861134e-03	4.779760668757983000e-01
1.580000000000000071e+00	7.535547468216255776e-03	4.758921344974796352e-01
1.584999999999999964e+00	7.535388618106258520e-03	4.738153807340063084e-01
1.590000000000000080e+00	7.535230348629335870e-03	4.717457785575634444e-01
1.595000000000000195e+00	7.535072657370808259e-03	4.696833012416949393e-01
1.600000000000000089e+00	7.534915541941835694e-03	4.676279223043475763e-01
1.604999999999999982e+00	7.534758999981441309e-03	4.655796155558454275e-01
1.610000000000000098e+00	7.534603029150914281e-03	4.635383550432933819e-01
1.615000000000000213e+00	7.534447627137313974e-03	4.615041150974717454e-01
1.620000000000000107e+00	7.534292791648399337e-03	4.594768702785435588e-01
1.625000000000000000e+00	7.534138520416542445e-03	4.574565954219151909e-01
1.629999999999999893e+00	7.533984811193905097e-03	4.554432655851972656e-01
1.634999999999999787e+00	7.533831661756415672e-03	4.534368560930732150e-01
1.639999999999999902e+00	7.533679069899101854e-03	4.514373424854644656e-01
1.645000000000000018e+00	7.533527033440031058e-03	4.494447005614470303e-01
1.649999999999999911e+00	7.533375550215760247e-03	4.474589063285741020e-01
1.654999999999999805e+00	7.533224618085205236e-03	4.454799360458787660e-01
1.659999999999999920e+00	7.533074234925201534e-03	4.435077661743079824e-01
1.665000000000000036e+00	7.532924398634297317e-03	4.415423734188503313e-01
1.669999999999999929e+00	7.532775107128412279e-03	4.395837346800365308e-01
1.674999999999999822e+00	7.532626358344550813e-03	4.376318270952265777e-01
1.679999999999999938e+00	7.532478150236559741e-03	4.356866279911365547e-01
1.685000000000000053e+00	7.532330480778772971e-03	4.337481149243193057e-01
1.689999999999999947e+00	7.532183347961841219e-03	4.318162656346770656e-01
1.694999999999999840e+00	7.532036749796324621e-03	4.298910580851668106e-01
1.699999999999999956e+00	7.531890684308603992e-03	4.279724704162615745e-01
1.705000000000000071e+00	7.531745149544393642e-03	4.260604809849127816e-01
1.709999999999999964e+00	7.531600143564750639e-03	4.241550683199218352e-01
1.714999999999999858e+00	7.531455664449515641e-03	4.222562111601894097e-01
1.719999999999999973e+00	7.531311710293401088e-03	4.203638884109620610e-01
1.725000000000000089e+00	7.531168279209369577e-03	4.184780791813978995e-01
1.729999999999999982e+00	7.531025369324800128e-03	4.165987627416544159e-01
1.734999999999999876e+00	7.530882978784804969e-03	4.147259185597971243e-01
1.739999999999999991e+00	7.530741105748469527e-03	4.128595262596954640e-01
1.745000000000000107e+00	7.530599748392112838e-03	4.109995656573030010e-01
1.750000000000000000e+00	7.530458904905595191e-03	4.091460167193293196e-01
1.754999999999999893e+00	7.530318573495523894e-03	4.072988595989161520e-01
1.760000000000000009e+00	7.530178752381632909e-03	4.054580745950561171e-01
1.765000000000000124e+00	7.530039439799929638e-03	4.036236421876895353e-01
1.770000000000000018e+00	7.529900633999143077e-03	4.017955429978403714e-01
1.774999999999999911e+00	7.529762333243816830e-03	3.999737578221573275e-01
1.780000000000000027e+00	7.529624535810824047e-03	3.981582675937392346e-01
1.785000000000000142e+00	7.529487239992408397e-03	3.963490534161439593e-01
1.790000000000000036e+00	7.529350444092759720e-03	3.945460965248761553e-01
1.794999999999999929e+00	7.529214146431007296e-03	3.927493783208838019e-01
1.800000000000000044e+00	7.529078345337857948e-03	3.909588803326847217e-01
1.805000000000000160e+00	7.528943039158537270e-03	3.891745842493721241e-01
1.810000000000000053e+00	7.528808226249486708e-03	3.873964718833532994e-01
1.814999999999999947e+00	7.528673904981263154e-03	3.856245252028850934e-01
1.820000000000000062e+00	7.528540073735285471e-03	3.838587262954012425e-01
1.825000000000000178e+00	7.528406730906699387e-03	3.820990573995970974e-01
1.830000000000000071e+00	7.528273874901169130e-03	3.803455008693227835e-01
1.834999999999999964e+00	7.528141504137698947e-03	3.785980392052348820e-01
1.840000000000000080e+00	7.528009617045487191e-03	3.768566550192340436e-01
1.845000000000000195e+00	7.527878212066701005e-03	3.751213310657025013e-01
1.850000000000000089e+00	7.527747287653375509e-03	3.733920502064638214e-01
1.854999999999999982e+00	7.527616842270156393e-03	3.716687954416230122e-01
1.860000000000000098e+00	7.527486874391246807e-03	3.699515498750292619e-01
1.865000000000000213e+00	7.527357382503108325e-03	3.682402967447346298e-01
1.870000000000000107e+00	7.527228365101455536e-03	3.665350193889406749e-01
1.875000000000000000e+00	7.527099820693924914e-03	3.648357012760903295e-01
1.879999999999999893e+00	7.526971747797108446e-03	3.631423259712805995e-01
1.884999999999999787e+00	7.526844144939190406e-03	3.614548771660036075e-01
1.889999999999999902e+00	7.526717010657026086e-03	3.597733386450057691e-01
1.895000000000000018e+00	7.526590343498738671e-03	3.580976943156934933e-01
1.899999999999999911e+00	7.526464142020845675e-03	3.564279281754217377e-01
1.904999999999999805e+00	7.526338404790822861e-03	3.547640243405771887e-01
1.909999999999999920e+00	7.526213130384269701e-03	3.531059670142804863e-01
1.915000000000000036e+00	7.526088317387437734e-03	3.514537405151610394e-01
1.919999999999999929e+00	7.525963964394441139e-03	3.498073292454564887e-01
1.924999999999999822e+00	7.525840070009755592e-03	3.481667177194902596e-01
1.929999999999999938e+00	7.525716632845459199e-03	3.465318905321544962e-01
1.935000000000000053e+00	7.525593651523709675e-03	3.449028323871037860e-01
1.939999999999999947e+00	7.525471124674016493e-03	3.432795280656054104e-01
1.944999999999999840e+00	7.525349050935692050e-03	3.416619624544609546e-01
1.949999999999999956e+00	7.525227428955161973e-03	3.400501205152102191e-01
1.955000000000000071e+00	7.525106257388379863e-03	3.384439873117919273e-01
1.959999999999999964e+00	7.524985534898182699e-03	3.368435479800887533e-01
1.964999999999999858e+00	7.524865260156673487e-03	3.352487877553366191e-01
1.969999999999999973e+00	7.524745431842609633e-03	3.336596919419975160e-01
1.975000000000000089e+00	7.524626048643761299e-03	3.320762459409297152e-01
1.979999999999999982e+00	7.524507109254326663e-03	3.304984352195749486e-01
1.984999999999999876e+00	7.524388612377277269e-03	3.289262453388989149e-01
1.989999999999999991e+00	7.524270556721794102e-03	3.273596619238814953e-01
1.995000000000000107e+00	7.524152941005591254e-03	3.257986706902370466e-01
2.000000000000000000e+00	7.524035763952383223e-03	3.242432574151966618e-01
2.004999999999999893e+00	7.523919024294184292e-03	3.226934079640163544e-01
2.009999999999999787e+00	7.523802720768807926e-03	3.211491082610406500e-01
2.014999999999999680e+00	7.523686852122137524e-03	3.196103443160080437e-01
2.020000000000000018e+00	7.523571417105662240e-03	3.180771021953850419e-01
2.024999999999999911e+00	7.523456414478719122e-03	3.165493680484778860e-01
2.029999999999999805e+00	7.523341843006056684e-03	3.150271280790258865e-01
2.035000000000000142e+00	7.523227701460061430e-03	3.135103685711264632e-01
2.040000000000000036e+00	7.523113988618344850e-03	3.119990758610811654e-01
2.044999999999999929e+00	7.523000703265948254e-03	3.104932363631401904e-01
2.049999999999999822e+00	7.522887844192952325e-03	3.089928365415904876e-01
2.054999999999999716e+00	7.522775410196671543e-03	3.074978629363285254e-01
2.060000000000000053e+00	7.522663400079282817e-03	3.060083021351814869e-01
2.064999999999999947e+00	7.522551812649999094e-03	3.045241407993157234e-01
2.069999999999999840e+00	7.522440646722726616e-03	3.030453656357813830e-01
2.075000000000000178e+00	7.522329901118215978e-03	3.015719634227626011e-01
2.080000000000000071e+00	7.522219574661743666e-03	3.001039209823401221e-01
2.084999999999999964e+00	7.522109666185250107e-03	2.986412252055879457e-01
2.089999999999999858e+00	7.522000174525036824e-03	2.971838630255452252e-01
2.094999999999999751e+00	7.521891098523889735e-03	2.957318214421671976e-01
2.100000000000000089e+00	7.521782437028800596e-03	2.942850874954980323e-01
2.104999999999999982e+00	7.521674188893071218e-03	2.928436482904821503e-01
2.109999999999999876e+00	7.521566352974055729e-03	2.914074909703307514e-01
2.115000000000000213e+00	7.521458928135250042e-03	2.899766027411981306e-01
2.120000000000000107e+00	7.521351913244053201e-03	2.885509708457369982e-01
2.125000000000000000e+00	7.521245307173842973e-03	2.871305825876439566e-01
2.129999999999999893e+00	7.521139108801756269e-03	2.857154253053963422e-01
2.134999999999999787e+00	7.521033317010750001e-03	2.843054863966733015e-01
2.140000000000000124e+00	7.520927930687399711e-03	2.829007532922672707e-01
2.145000000000000018e+00	7.520822948723943947e-03	2.815012134803853150e-01
2.149999999999999911e+00	7.520718370016108052e-03	2.801068544807298055e-01
2.155000000000000249e+00	7.520614193465129452e-03	2.787176638686830743e-01
2.160000000000000142e+00	7.520510417975599660e-03	2.773336292495535704e-01
2.165000000000000036e+00	7.520407042457475690e-03	2.759547382826478823e-01
2.169999999999999929e+00	7.520304065823942008e-03	2.745809786556752119e-01
2.174999999999999822e+00	7.520201486993408069e-03	2.732123381087122049e-01
2.180000000000000160e+00	7.520099304887384144e-03	2.718488044087605804e-01
2.185000000000000053e+00	7.519997518432469316e-03	2.704903653736085989e-01
2.189999999999999947e+00	7.519896126558242924e-03	2.691370088465367405e-01
2.195000000000000284e+00	7.519795128199243013e-03	2.677887227200785314e-01
2.200000000000000178e+00	7.519694522292866452e-03	2.664454949108714943e-01
2.205000000000000071e+00	7.519594307781338714e-03	2.651073133833201090e-01
2.209999999999999964e+00	7.519494483609635675e-03	2.637741661245863178e-01
2.214999999999999858e+00	7.519395048727433445e-03	2.624460411681591721e-01
2.220000000000000195e+00	7.519296002087050117e-03	2.611229265689803958e-01
2.225000000000000089e+00	7.519197342645380852e-03	2.598048104269242708e-01
2.229999999999999982e+00	7.519099069361854376e-03	2.584916808620537632e-01
2.235000000000000320e+00	7.519001181200362857e-03	2.571835260380118671e-01
2.240000000000000213e+00	7.518903677127225342e-03	2.558803341374076279e-01
2.245000000000000107e+00	7.518806556113110696e-03	2.545820933851206114e-01
2.250000000000000000e+00	7.518709817131014918e-03	2.532887920238113266e-01
2.254999999999999893e+00	7.518613459158173667e-03	2.520004183371435946e-01
2.259999999999999787e+00	7.518517481174049125e-03	2.507169606254152638e-01
2.264999999999999680e+00	7.518421882162238182e-03	2.494384072287002818e-01
2.270000000000000018e+00	7.518326661108470574e-03	2.481647465025973165e-01
2.274999999999999911e+00	7.518231817002504931e-03	2.468959668412936681e-01
2.279999999999999805e+00	7.518137348836142521e-03	2.456320566534281602e-01
2.285000000000000142e+00	7.518043255605112024e-03	2.443730043850787237e-01
2.290000000000000036e+00	7.517949536307096288e-03	2.431187984957380865e-01
2.294999999999999929e+00	7.517856189943605827e-03	2.418694274812262790e-01
2.299999999999999822e+00	7.517763215518024657e-03	2.406248798497754304e-01
2.304999999999999716e+00	7.517670612037465581e-03	2.393851441448700823e-01
2.310000000000000053e+00	7.517578378510831640e-03	2.381502089214387052e-01
2.314999999999999947e+00	7.517486513950665319e-03	2.369200627686229854e-01
2.319999999999999840e+00	7.517395017371218680e-03	2.356946942860733418e-01
2.325000000000000178e+00	7.517303887790292155e-03	2.344740921066486850e-01
2.330000000000000071e+00	7.517213124227319423e-03	2.332582448728152680e-01
2.334999999999999964e+00	7.517122725705198405e-03	2.320471412592767790e-01
2.339999999999999858e+00	7.517032691248382199e-03	2.308407699494737786e-01
2.344999999999999751e+00	7.516943019884706617e-03	2.296391196581475114e-01
2.350000000000000089e+00	7.516853710643488055e-03	2.284421791079365716e-01
2.354999999999999982e+00	7.516764762557348427e-03	2.272499370518758222e-01
2.359999999999999876e+00	7.516676174660317372e-03	2.260623822500887337e-01
2.365000000000000213e+00	7.516587945989651118e-03	2.248795034922216884e-01
2.370000000000000107e+00	7.516500075583950301e-03	2.237012895742315211e-01
2.375000000000000000e+00	7.516412562484961479e-03	2.225277293207552354e-01
2.379999999999999893e+00	7.516325405735713172e-03	2.213588115619909147e-01
2.384999999999999787e+00	7.516238604382306961e-03	2.201945251560046279e-01
2.390000000000000124e+00	7.516152157472061335e-03	2.190348589657029332e-01
2.395000000000000018e+00	7.516066064055299326e-03	2.178798018810776116e-01
2.399999999999999911e+00	7.515980323183500157e-03	2.167293427962680707e-01
2.405000000000000249e+00	7.515894933911076471e-03	2.155834706317444616e-01
2.410000000000000142e+00	7.515809895293539857e-03	2.144421743114601486e-01
2.415000000000000036e+00	7.515725206389272002e-03	2.133054427849723489e-01
2.419999999999999929e+00	7.515640866257693696e-03	2.121732650046831425e-01
2.424999999999999822e+00	7.515556873961031642e-03	2.110456299478997988e-01
2.430000000000000160e+00	7.515473228562503070e-03	2.099225265941621899e-01
2.435000000000000053e+00	7.515389929128061738e-03	2.088039439472434144e-01
2.439999999999999947e+00	7.515306974724602490e-03	2.076898710125624770e-01
2.445000000000000284e+00	7.515224364421699450e-03	2.065802968191252365e-01
2.450000000000000178e+00	7.515142097289816657e-03	2.054752103970228783e-01
2.455000000000000071e+00	7.515060172402038448e-03	2.043746007993122726e-01
2.459999999999999964e+00	7.514978588832291369e-03	2.032784570795986290e-01
2.464999999999999858e+00	7.514897345657067622e-03	2.021867683138572069e-01
2.470000000000000195e+00	7.514816441953652178e-03	2.010995235780990431e-01
2.475000000000000089e+00	7.514735876801846223e-03	2.000167119701334872e-01
2.479999999999999982e+00	7.514655649282200346e-03	1.989383225873166960e-01
2.485000000000000320e+00	7.514575758477724972e-03	1.978643445482544394e-01
2.490000000000000213e+00	7.514496203472137426e-03	1.967947669706342217e-01
2.495000000000000107e+00	7.514416983351568033e-03	1.957295789928675811e-01
2.500000000000000000e+00	7.514338097202813253e-03	1.946687697520044502e-01
2.504999999999999893e+00	7.514259544115033974e-03	1.936123284053162807e-01
2.509999999999999787e+00	7.514181323178017319e-03	1.925602441082916727e-01
2.514999999999999680e+00	7.514103433483866265e-03	1.915125060361600740e-01
2.520000000000000018e+00	7.514025874125278802e-03	1.904691033619684282e-01
2.524999999999999911e+00	7.513948644197221069e-03	1.894300252780455329e-01
2.529999999999999805e+00	7.513871742795216052e-03	1.883952609741591511e-01
2.535000000000000142e+00	7.513795169017015857e-03	1.873647996589199727e-01
2.540000000000000036e+00	7.513718921960894741e-03	1.863386305380207442e-01
2.544999999999999929e+00	7.513643000727313580e-03	1.853167428355788904e-01
2.549999999999999822e+00	7.513567404417223310e-03	1.842991257724562459e-01
2.554999999999999716e+00	7.513492132133723321e-03	1.832857685875413645e-01
2.560000000000000053e+00	7.513417182980370972e-03	1.822766605161497688e-01
2.564999999999999947e+00	7.513342556062834778e-03	1.812717908112449205e-01
2.569999999999999840e+00	7.513268250487210864e-03	1.802711487219191000e-01
2.575000000000000178e+00	7.513194265361670954e-03	1.792747235145524809e-01
2.580000000000000071e+00	7.513120599794787489e-03	1.782825044513752510e-01
2.584999999999999964e+00	7.513047252897171215e-03	1.772944808115640425e-01
2.589999999999999858e+00	7.512974223779807573e-03	1.763106418698847377e-01
2.594999999999999751e+00	7.512901511555690817e-03	1.753309769177265609e-01
2.600000000000000089e+00	7.512829115338160411e-03	1.743554752418255416e-01
2.604999999999999982e+00	7.512757034242531669e-03	1.733841261452352678e-01
2.609999999999999876e+00	7.512685267384446031e-03	1.724169189261314794e-01
2.615000000000000213e+00	7.512613813881489563e-03	1.714538428987185670e-01
2.620000000000000107e+00	7.512542672851548441e-03	1.704948873721162939e-01
2.625000000000000000e+00	7.512471843414426573e-03	1.695400416712009584e-01
2.629999999999999893e+00	7.512401324690207161e-03	1.685892951155738284e-01
2.634999999999999787e+00	7.512331115800864254e-03	1.676426370403371058e-01
2.640000000000000124e+00	7.512261215868628640e-03	1.667000567751442952e-01
2.645000000000000018e+00	7.512191624017596804e-03	1.657615436649103879e-01
2.649999999999999911e+00	7.512122339372106355e-03	1.648270870489438322e-01
2.655000000000000249e+00	7.512053361058328507e-03	1.638966762815904088e-01
2.660000000000000142e+00	7.511984688202666058e-03	1.629703007114482460e-01
2.665000000000000036e+00	7.511916319933325918e-03	1.620479497019429171e-01
2.669999999999999929e+00	7.511848255378730105e-03	1.611296126106264992e-01
2.674999999999999822e+00	7.511780493669088267e-03	1.602152788096845026e-01
2.680000000000000160e+00	7.511713033934804343e-03	1.593049376653176141e-01
2.685000000000000053e+00	7.511645875308049954e-03	1.583985785581802086e-01
2.689999999999999947e+00	7.511579016921177999e-03	1.574961908628454421e-01
2.695000000000000284e+00	7.511512457908286512e-03	1.565977639681739864e-01
2.700000000000000178e+00	7.511446197403643527e-03	1.557032872568640536e-01
2.705000000000000071e+00	7.511380234543243994e-03	1.548127501257486327e-01
2.709999999999999964e+00	7.511314568463238125e-03	1.539261419654306684e-01
2.714999999999999858e+00	7.511249198301487434e-03	1.530434521805087711e-01
2.720000000000000195e+00	7.511184123195998284e-03	1.521646701692976889e-01
2.725000000000000089e+00	7.511119342286468395e-03	1.512897853439818252e-01
2.729999999999999982e+00	7.511054854712734263e-03	1.504187871104211427e-01
2.735000000000000320e+00	7.510990659616303793e-03	1.495516648882315169e-01
2.740000000000000213e+00	7.510926756138818459e-03	1.486884080906778760e-01
2.745000000000000107e+00	7.510863143423575534e-03	1.478290061446789760e-01
2.750000000000000000e+00	7.510799820613995453e-03	1.469734484707883870e-01
2.754999999999999893e+00	7.510736786855143170e-03	1.461217245031243839e-01
2.759999999999999787e+00	7.510674041292198996e-03	1.452738236694378904e-01
2.764999999999999680e+00	7.510611583071973886e-03	1.444297354109668474e-01
2.770000000000000018e+00	7.510549411341389814e-03	1.435894491625924752e-01
2.774999999999999911e+00	7.510487525248987252e-03	1.427529543726160088e-01
2.779999999999999805e+00	7.510425923943413358e-03	1.419202404830045283e-01
2.785000000000000142e+00	7.510364606574919041e-03	1.410912969490892288e-01
2.790000000000000036e+00	7.510303572293860162e-03	1.402661132199015392e-01
2.794999999999999929e+00	7.510242820252186792e-03	1.394446787577920399e-01
2.799999999999999822e+00	7.510182349601950483e-03	1.386269830188567032e-01
2.804999999999999716e+00	7.510122159496785722e-03	1.378130154724760692e-01
2.810000000000000053e+00	7.510062249090428479e-03	1.370027655818323864e-01
2.814999999999999947e+00	7.510002617538187250e-03	1.361962228233682126e-01
2.819999999999999840e+00	7.509943263995469409e-03	1.353933766673952321e-01
2.825000000000000178e+00	7.509884187619251389e-03	1.345942165974698956e-01
2.830000000000000071e+00	7.509825387566605032e-03	1.337987320910961619e-01
2.834999999999999964e+00	7.509766862996160829e-03	1.330069126390174827e-01
2.839999999999999858e+00	7.509708613066650752e-03	1.322187477260123312e-01
2.844999999999999751e+00	7.509650636938356751e-03	1.314342268501031696e-01
2.850000000000000089e+00	7.509592933771660518e-03	1.306533395034452372e-01
2.854999999999999982e+00	7.509535502728491990e-03	1.298760751914506406e-01
2.859999999999999876e+00	7.509478342970880849e-03	1.291024234137720661e-01
2.865000000000000213e+00	7.509421453662398944e-03	1.283323736833403839e-01
2.870000000000000107e+00	7.509364833966722212e-03	1.275659155074446716e-01
2.875000000000000000e+00	7.509308483049061816e-03	1.268030384066818894e-01
2.879999999999999893e+00	7.509252400074740812e-03	1.260437318961334374e-01
2.884999999999999787e+00	7.509196584210609676e-03	1.252879855042270674e-01
2.890000000000000124e+00	7.509141034623634248e-03	1.245357887540099462e-01
2.895000000000000018e+00	7.509085750482306920e-03	1.237871311819220554e-01
2.899999999999999911e+00	7.509030730955241519e-03	1.230420023191667461e-01
2.905000000000000249e+00	7.508975975212570618e-03	1.223003917103934884e-01
2.910000000000000142e+00	7.508921482424558633e-03	1.215622888951680691e-01
2.915000000000000036e+00	7.508867251762986993e-03	1.208276834265636368e-01
2.919999999999999929e+00	7.508813282399769834e-03	1.200965648527297369e-01
2.924999999999999822e+00	7.508759573508340043e-03	1.193689227353921106e-01
2.930000000000000160e+00	7.508706124262269285e-03	1.186447466315214555e-01
2.935000000000000053e+00	7.508652933836648842e-03	1.179240261117401739e-01
2.939999999999999947e+00	7.508600001406716580e-03	1.172067507420917892e-01
2.945000000000000284e+00	7.508547326149226514e-03	1.164929101023534919e-01
2.950000000000000178e+00	7.508494907241087049e-03	1.157824937679076266e-01
2.955000000000000071e+00	7.508442743860724473e-03	1.150754913279588981e-01
2.959999999999999964e+00	7.508390835186729007e-03	1.143718923675080962e-01
2.964999999999999858e+00	7.508339180399209618e-03	1.136716864854734610e-01
2.970000000000000195e+00	7.508287778678444414e-03	1.129748632767671457e-01
2.975000000000000089e+00	7.508236629206234587e-03	1.122814123503201034e-01
2.979999999999999982e+00	7.508185731164560874e-03	1.115913233112622305e-01
2.985000000000000320e+00	7.508135083736924495e-03	1.109045857788486245e-01
2.990000000000000213e+00	7.508084686107022697e-03	1.102211893687452260e-01
2.995000000000000107e+00	7.508034537460071475e-03	1.095411237108558783e-01
3.000000000000000000e+00	7.507984636981489789e-03	1.088643784317126356e-01
3.004999999999999893e+00	7.507934983858224019e-03	1.081909431722039849e-01
3.009999999999999787e+00	7.507885577277433921e-03	1.075208075700707228e-01
3.014999999999999680e+00	7.507836416427807538e-03	1.068539612775330078e-01
3.020000000000000018e+00	7.507787500498258430e-03	1.061903939438934852e-01
3.024999999999999911e+00	7.507738828679231917e-03	1.055300952330627678e-01
3.029999999999999805e+00	7.507690400161410975e-03	1.048730548062694334e-01
3.035000000000000142e+00	7.507642214137014679e-03	1.042192623394832540e-01
3.040000000000000036e+00	7.507594269798511036e-03	1.035687075062337592e-01
3.044999999999999929e+00	7.507546566339910223e-03	1.029213799949290770e-01
3.049999999999999822e+00	7.507499102955483491e-03	1.022772694917837982e-01
3.054999999999999716e+00	7.507451878841046866e-03	1.016363656980338592e-01
3.060000000000000053e+00	7.507404893192692191e-03	1.009986583129733051e-01
3.064999999999999947e+00	7.507358145208062154e-03	1.003641370510642561e-01
3.069999999999999840e+00	7.507311634085090876e-03	9.973279162508376372e-02
3.075000000000000178e+00	7.507265359023262453e-03	9.910461176312762577e-02
3.080000000000000071e+00	7.507219319222371498e-03	9.847958719186848675e-02
3.084999999999999964e+00	7.507173513883766067e-03	9.785770765345230826e-02
3.089999999999999858e+00	7.507127942209119477e-03	9.723896288886821337e-02
3.094999999999999751e+00	7.507082603401667165e-03	9.662334265473697392e-02
3.100000000000000089e+00	7.507037496664981102e-03	9.601083670679316784e-02
3.104999999999999982e+00	7.506992621204202319e-03	9.540143481656546132e-02
3.109999999999999876e+00	7.506947976224824862e-03	9.479512675497092644e-02
3.115000000000000213e+00	7.506903560933917904e-03	9.419190230888606352e-02
3.120000000000000107e+00	7.506859374538919251e-03	9.359175126485520801e-02
3.125000000000000000e+00	7.506815416248849640e-03	9.299466342555051668e-02
3.129999999999999893e+00	7.506771685273110582e-03	9.240062859359481073e-02
3.134999999999999787e+00	7.506728180822697799e-03	9.180963658791067850e-02
3.140000000000000124e+00	7.506684902109002529e-03	9.122167722765790743e-02
3.145000000000000018e+00	7.506641848345016292e-03	9.063674034847085670e-02
3.149999999999999911e+00	7.506599018744145209e-03	9.005481578651121366e-02
3.155000000000000249e+00	7.506556412521402620e-03	8.947589339459270652e-02
3.160000000000000142e+00	7.506514028892230343e-03	8.889996302634996239e-02
3.165000000000000036e+00	7.506471867073687826e-03	8.832701455224956089e-02
3.169999999999999929e+00	7.506429926283280339e-03	8.775703784387600681e-02
3.174999999999999822e+00	7.506388205740137723e-03	8.719002278982820875e-02
3.180000000000000160e+00	7.506346704663853855e-03	8.662595928012251090e-02
3.185000000000000053e+00	7.506305422275654123e-03	8.606483722197530439e-02
3.189999999999999947e+00	7.506264357797247898e-03	8.550664652432241053e-02
3.195000000000000284e+00	7.506223510451981266e-03	8.495137711348677012e-02
3.200000000000000178e+00	7.506182879463704251e-03	8.439901891781674548e-02
3.205000000000000071e+00	7.506142464057912259e-03	8.384956188323661186e-02
3.209999999999999964e+00	7.506102263460621982e-03	8.330299595800376433e-02
3.214999999999999858e+00	7.506062276899505038e-03	8.275931110814289948e-02
3.220000000000000195e+00	7.506022503602771678e-03	8.221849730232227982e-02
3.225000000000000089e+00	7.505982942800296619e-03	8.168054452717017633e-02
3.229999999999999982e+00	7.505943593722510555e-03	8.114544277227088431e-02
3.235000000000000320e+00	7.505904455601519060e-03	8.061318204536337129e-02
3.240000000000000213e+00	7.505865527670003631e-03	8.008375235745737730e-02
3.245000000000000107e+00	7.505826809162328452e-03	7.955714373791326899e-02
3.250000000000000000e+00	7.505788299313449242e-03	7.903334621967891827e-02
3.254999999999999893e+00	7.505749997360019153e-03	7.851234985425016577e-02
3.259999999999999787e+00	7.505711902539300220e-03	7.799414469702888042e-02
3.264999999999999680e+00	7.505674014090260582e-03	7.747872082216353262e-02
3.270000000000000018e+00	7.505636331252497212e-03	7.696606830802883714e-02
3.274999999999999911e+00	7.505598853267321860e-03	7.645617725194604752e-02
3.279999999999999805e+00	7.505561579376695061e-03	7.594903775578436267e-02
3.285000000000000142e+00	7.505524508824300799e-03	7.544463994055991551e-02
3.290000000000000036e+00	7.505487640854493527e-03	7.494297393216053926e-02
3.294999999999999929e+00	7.505450974713361555e-03	7.444402987582254827e-02
3.299999999999999822e+00	7.505414509647681011e-03	7.394779792197796187e-02
3.304999999999999716e+00	7.505378244905971420e-03	7.345426824061031257e-02
3.310000000000000053e+00	7.505342179737460075e-03	7.296343100722420261e-02
3.314999999999999947e+00	7.505306313393130674e-03	7.247527641707880719e-02
3.319999999999999840e+00	7.505270645124692899e-03	7.198979467128127641e-02
3.325000000000000178e+00	7.505235174185620646e-03	7.150697599089665679e-02
3.330000000000000071e+00	7.505199899830137210e-03	7.102681060316580475e-02
3.334999999999999964e+00	7.505164821314238774e-03	7.054928875549135170e-02
3.339999999999999858e+00	7.505129937894689136e-03	7.007440070178021230e-02
3.344999999999999751e+00	7.505095248830039728e-03	6.960213671630553767e-02
3.350000000000000089e+00	7.505060753379626942e-03	6.913248708017356858e-02
3.354999999999999982e+00	7.505026450804582611e-03	6.866544209506166008e-02
3.359999999999999876e+00	7.504992340366848681e-03	6.820099206980979878e-02
3.365000000000000213e+00	7.504958421330172082e-03	6.773912733403354702e-02
3.370000000000000107e+00	7.504924692959126335e-03	6.727983822484150112e-02
3.375000000000000000e+00	7.504891154520103823e-03	6.682311510032223900e-02
3.379999999999999893e+00	7.504857805280341736e-03	6.636894832638777497e-02
3.384999999999999787e+00	7.504824644508909133e-03	6.591732829013499662e-02
3.390000000000000124e+00	7.504791671475739834e-03	6.546824538681456085e-02
3.395000000000000018e+00	7.504758885452606464e-03	6.502169003306654260e-02
3.399999999999999911e+00	7.504726285712170694e-03	6.457765265401536892e-02
3.405000000000000249e+00	7.504693871528943412e-03	6.413612369637916588e-02
3.410000000000000142e+00	7.504661642178342765e-03	6.369709361569095285e-02
3.415000000000000036e+00	7.504629596937646523e-03	6.326055288928149334e-02
3.419999999999999929e+00	7.504597735085063136e-03	6.282649200362674935e-02
3.424999999999999822e+00	7.504566055900669351e-03	6.239490146720376440e-02
3.430000000000000160e+00	7.504534558665492544e-03	6.196577179796521062e-02
3.435000000000000053e+00	7.504503242662440531e-03	6.153909353606779042e-02
3.439999999999999947e+00	7.504472107175391704e-03	6.111485723147361965e-02
3.445000000000000284e+00	7.504441151490112705e-03	6.069305345655095357e-02
3.450000000000000178e+00	7.504410374893365904e-03	6.027367279380330123e-02
3.455000000000000071e+00	7.504379776673810593e-03	5.985670584834186514e-02
3.459999999999999964e+00	7.504349356121120876e-03	5.944214323574165126e-02
3.464999999999999858e+00	7.504319112526878187e-03	5.902997559438660780e-02
3.470000000000000195e+00	7.504289045183702191e-03	5.862019357345264053e-02
3.475000000000000089e+00	7.504259153386130289e-03	5.821278784512446541e-02
3.479999999999999982e+00	7.504229436429753729e-03	5.780774909270645912e-02
3.485000000000000320e+00	7.504199893612097105e-03	5.740506802271074654e-02
3.490000000000000213e+00	7.504170524231756206e-03	5.700473535309598383e-02
3.495000000000000107e+00	7.504141327589272312e-03	5.660674182522662523e-02
3.500000000000000000e+00	7.504112302986277842e-03	5.621107819223941648e-02
3.504999999999999893e+00	7.504083449726361120e-03	5.581773523087388278e-02
3.509999999999999787e+00	7.504054767114222424e-03	5.542670372996664346e-02
3.514999999999999680e+00	7.504026254456527475e-03	5.503797450215293374e-02
3.520000000000000018e+00	7.503997911061073903e-03	5.465153837248898361e-02
3.524999999999999911e+00	7.503969736237636919e-03	5.426738619002424713e-02
3.529999999999999805e+00	7.503941729297142725e-03	5.388550881655161662e-02
3.535000000000000142e+00	7.503913889552504650e-03	5.350589713805051911e-02
3.540000000000000036e+00	7.503886216317809561e-03	5.312854205356531273e-02
3.544999999999999929e+00	7.503858708909138392e-03	5.275343448651878542e-02
3.549999999999999822e+00	7.503831366643768166e-03	5.238056537371870575e-02
3.554999999999999716e+00	7.503804188840981250e-03	5.200992567654181414e-02
3.560000000000000053e+00	7.503777174821271712e-03	5.164150637006833383e-02
3.564999999999999947e+00	7.503750323907151971e-03	5.127529845413677373e-02
3.569999999999999840e+00	7.503723635422368705e-03	5.091129294260614280e-02
3.575000000000000178e+00	7.503697108692692144e-03	5.054948087428116216e-02
3.580000000000000071e+00	7.503670743045148459e-03	5.018985330230297387e-02
3.584999999999999964e+00	7.503644537808799517e-03	4.983240130494401982e-02
3.589999999999999858e+00	7.503618492313979607e-03	4.947711597512718246e-02
3.594999999999999751e+00	7.503592605893069992e-03	4.912398843109109375e-02
3.600000000000000089e+00	7.503566877879744301e-03	4.877300980603700709e-02
3.604999999999999982e+00	7.503541307609733549e-03	4.842417125866450150e-02
3.609999999999999876e+00	7.503515894420079331e-03	4.807746396294629299e-02
3.615000000000000213e+00	7.503490637649891902e-03	4.773287911853416748e-02
3.620000000000000107e+00	7.503465536639609447e-03	4.739040794066176621e-02
3.625000000000000000e+00	7.503440590731750084e-03	4.705004167042078217e-02
3.629999999999999893e+00	7.503415799270179813e-03	4.671177156479156684e-02
3.634999999999999787e+00	7.503391161600852372e-03	4.637558890678959711e-02
3.640000000000000124e+00	7.503366677071089327e-03	4.604148499562375763e-02
3.645000000000000018e+00	7.503342345030310397e-03	4.570945115671352227e-02
3.649999999999999911e+00	7.503318164829320472e-03	4.537947873197431536e-02
3.655000000000000249e+00	7.503294135821033002e-03	4.505155908970531753e-02
3.660000000000000142e+00	7.503270257359768297e-03	4.472568361500271067e-02
3.665000000000000036e+00	7.503246528801959560e-03	4.440184371951750447e-02
3.669999999999999929e+00	7.503222949505467670e-03	4.408003083199612399e-02
3.674999999999999822e+00	7.503199518830275076e-03	4.376023640790911717e-02
3.680000000000000160e+00	7.503176236137813586e-03	4.344245192011885609e-02
3.685000000000000053e+00	7.503153100791645248e-03	4.312666886837890345e-02
3.689999999999999947e+00	7.503130112156794485e-03	4.281287877012866783e-02
3.695000000000000284e+00	7.503107269600430701e-03	4.250107316986379002e-02
3.700000000000000178e+00	7.503084572491203023e-03	4.219124363005754413e-02
3.705000000000000071e+00	7.503062020199910767e-03	4.188338174040221601e-02
3.709999999999999964e+00	7.503039612098856385e-03	4.157747910885714604e-02
3.714999999999999858e+00	7.503017347562502062e-03	4.127352737076129402e-02
3.720000000000000195e+00	7.502995225966822661e-03	4.097151818000759754e-02
3.725000000000000089e+00	7.502973246689967519e-03	4.067144321802709100e-02
3.729999999999999982e+00	7.502951409111621207e-03	4.037329418508919798e-02
3.735000000000000320e+00	7.502929712613642770e-03	4.007706280915751540e-02
3.740000000000000213e+00	7.502908156579448165e-03	3.978274083731626193e-02
3.745000000000000107e+00	7.502886740394635635e-03	3.949032004449729016e-02
3.750000000000000000e+00	7.502865463446377683e-03	3.919979222503262167e-02
3.754999999999999893e+00	7.502844325124040370e-03	3.891114920125346432e-02
3.759999999999999787e+00	7.502823324818577028e-03	3.862438281516784866e-02
3.764999999999999680e+00	7.502802461923144088e-03	3.833948493693220549e-02
3.770000000000000018e+00	7.502781735832506071e-03	3.805644745665390932e-02
3.774999999999999911e+00	7.502761145943633199e-03	3.777526229273537456e-02
3.779999999999999805e+00	7.502740691655123730e-03	3.749592138380154066e-02
3.785000000000000142e+00	7.502720372367791164e-03	3.721841669691640375e-02
3.790000000000000036e+00	7.502700187484090052e-03	3.694274021963550592e-02
3.794999999999999929e+00	7.502680136408701461e-03	3.666888396809513118e-02
3.799999999999999822e+00	7.502660218547963118e-03	3.639683997918906344e-02
3.804999999999999716e+00	7.502640433310444473e-03	3.612660031853109910e-02
3.810000000000000053e+00	7.502620780106392454e-03	3.585815707275574749e-02
3.814999999999999947e+00	7.502601258348292647e-03	3.559150235735431683e-02
3.819999999999999840e+00	7.502581867450319394e-03	3.532662830909923113e-02
3.825000000000000178e+00	7.502562606828896974e-03	3.506352709375378657e-02
3.830000000000000071e+00	7.502543475902157498e-03	3.480219089862011950e-02
3.834999999999999964e+00	7.502524474090487352e-03	3.454261194012272357e-02
3.839999999999999858e+00	7.502505600815993769e-03	3.428478245647954836e-02
3.844999999999999751e+00	7.502486855503047794e-03	3.402869471516006827e-02
3.850000000000000089e+00	7.502468237577760400e-03	3.377434100567880404e-02
3.854999999999999982e+00	7.502449746468509845e-03	3.352171364692828337e-02
3.859999999999999876e+00	7.502431381605429057e-03	3.327080498009483966e-02
3.865000000000000213e+00	7.502413142420926925e-03	3.302160737586658928e-02
3.870000000000000107e+00	7.502395028349183488e-03	3.277411322747122990e-02
3.875000000000000000e+00	7.502377038826659079e-03	3.252831495775954096e-02
3.879999999999999893e+00	7.502359173291600798e-03	3.228420501236441142e-02
3.884999999999999787e+00	7.502341431184543843e-03	3.204177586666035610e-02
3.890000000000000124e+00	7.502323811947824925e-03	3.180102001904374504e-02
3.895000000000000018e+00	7.502306315026074056e-03	3.156192999776850916e-02
3.899999999999999911e+00	7.502288939865738374e-03	3.132449835434701624e-02
3.905000000000000249e+00	7.502271685915563523e-03	3.108871767026221561e-02
3.910000000000000142e+00	7.502254552626129620e-03	3.085458055048916765e-02
3.915000000000000036e+00	7.502237539450318758e-03	3.062207963008402659e-02
3.919999999999999929e+00	7.502220645842862246e-03	3.039120756782521734e-02
3.924999999999999822e+00	7.502203871260801175e-03	3.016195705268028340e-02
3.930000000000000160e+00	7.502187215163036264e-03	2.993432079756616973e-02
3.935000000000000053e+00	7.502170677010787554e-03	2.970829154569397390e-02
3.939999999999999947e+00	7.502154256267148588e-03	2.948386206444834901e-02
3.945000000000000284e+00	7.502137952397533970e-03	2.926102515161050147e-02
3.950000000000000178e+00	7.502121764869249150e-03	2.903977362935603740e-02
3.955000000000000071e+00	7.502105693151925846e-03	2.882010035035660264e-02
3.959999999999999964e+00	7.502089736717098764e-03	2.860199819189603032e-02
3.964999999999999858e+00	7.502073895038635816e-03	2.838546006185110535e-02
3.970000000000000195e+00	7.502058167592318312e-03	2.817047889292516316e-02
3.975000000000000089e+00	7.502042553856268572e-03	2.795704764850873505e-02
3.979999999999999982e+00	7.502027053310535328e-03	2.774515931703012625e-02
3.985000000000000320e+00	7.502011665437511787e-03	2.753480691769605998e-02
3.990000000000000213e+00	7.501996389721532314e-03	2.732598349495917248e-02
3.995000000000000107e+00	7.501981225649280091e-03	2.711868212413905826e-02
4.000000000000000000e+00	7.501966172709389861e-03	2.691289590600590143e-02
4.004999999999999893e+00	7.501951230392852124e-03	2.670861797228273743e-02
4.009999999999999787e+00	7.501936398192622819e-03	2.650584148034464127e-02
4.014999999999999680e+00	7.501921675604014510e-03	2.630455961860261871e-02
4.019999999999999574e+00	7.501907062124318210e-03	2.610476560131780657e-02
4.025000000000000355e+00	7.501892557253188494e-03	2.590645267386755893e-02
4.030000000000000249e+00	7.501878160492269666e-03	2.570961410767440627e-02
4.035000000000000142e+00	7.501863871345569590e-03	2.551424320535444420e-02
4.040000000000000036e+00	7.501849689319104939e-03	2.532033329576050332e-02
4.044999999999999929e+00	7.501835613921255079e-03	2.512787773901373894e-02
4.049999999999999822e+00	7.501821644662416862e-03	2.493686992166023464e-02
4.054999999999999716e+00	7.501807781055361106e-03	2.474730326158644869e-02
4.059999999999999609e+00	7.501794022614883921e-03	2.455917120328865097e-02
4.064999999999999503e+00	7.501780368858157987e-03	2.437246722267263563e-02
4.070000000000000284e+00	7.501766819304393416e-03	2.418718482243549170e-02
4.075000000000000178e+00	7.501753373475181230e-03	2.400331753675046670e-02
4.080000000000000071e+00	7.501740030894157689e-03	2.382085892676025565e-02
4.084999999999999964e+00	7.501726791087346032e-03	2.363980258514722377e-02
4.089999999999999858e+00	7.501713653582827747e-03	2.346014213173825205e-02
4.094999999999999751e+00	7.501700617911070436e-03	2.328187121796062090e-02
4.099999999999999645e+00	7.501687683604611225e-03	2.310498352255771493e-02
4.105000000000000426e+00	7.501674850198375953e-03	2.292947275593139322e-02
4.110000000000000320e+00	7.501662117229372997e-03	2.275533265596789423e-02
4.115000000000000213e+00	7.501649484236998580e-03	2.258255699226718524e-02
4.120000000000000107e+00	7.501636950762743603e-03	2.241113956207844288e-02
4.125000000000000000e+00	7.501624516350491149e-03	2.224107419441713820e-02
4.129999999999999893e+00	7.501612180546224189e-03	2.207235474610940579e-02
4.134999999999999787e+00	7.501599942898323076e-03	2.190497510579750284e-02
4.139999999999999680e+00	7.501587802957281059e-03	2.173892919009259156e-02
4.144999999999999574e+00	7.501575760275984439e-03	2.157421094746882553e-02
4.150000000000000355e+00	7.501563814409443684e-03	2.141081435452408047e-02
4.155000000000000249e+00	7.501551964915068385e-03	2.124873341976363586e-02
4.160000000000000142e+00	7.501540211352399241e-03	2.108796217996779590e-02
4.165000000000000036e+00	7.501528553283375207e-03	2.092849470386576663e-02
4.169999999999999929e+00	7.501516990272078488e-03	2.077032508860997273e-02
4.174999999999999822e+00	7.501505521884991277e-03	2.061344746334052569e-02
4.179999999999999716e+00	7.501494147690745094e-03	2.045785598576539688e-02
4.185000000000000497e+00	7.501482867260376650e-03	2.030354484561628856e-02
4.190000000000000391e+00	7.501471680167079784e-03	2.015050826133432671e-02
4.195000000000000284e+00	7.501460585986450928e-03	1.999874048341758470e-02
4.200000000000000178e+00	7.501449584296256655e-03	1.984823579121155687e-02
4.205000000000000071e+00	7.501438674676665259e-03	1.969898849614939995e-02
4.209999999999999964e+00	7.501427856710023850e-03	1.955099293864631660e-02
4.214999999999999858e+00	7.501417129981082128e-03	1.940424349123318071e-02
4.219999999999999751e+00	7.501406494076776413e-03	1.925873455555421332e-02
4.224999999999999645e+00	7.501395948586446483e-03	1.911446056539451918e-02
4.230000000000000426e+00	7.501385493101626542e-03	1.897141598378053462e-02
4.235000000000000320e+00	7.501375127216255989e-03	1.882959530590225250e-02
4.240000000000000213e+00	7.501364850526472984e-03	1.868899305631555735e-02
4.245000000000000107e+00	7.501354662630823483e-03	1.854960379175969384e-02
4.250000000000000000e+00	7.501344563130062613e-03	1.841142209846135039e-02
4.254999999999999893e+00	7.501334551627348093e-03	1.827444259484764869e-02
4.259999999999999787e+00	7.501324627728056353e-03	1.813865992895122986e-02
4.264999999999999680e+00	7.501314791039966415e-03	1.800406878101982328e-02
4.269999999999999574e+00	7.501305041173082951e-03	1.787066386102127355e-02
4.275000000000000355e+00	7.501295377739814092e-03	1.773843991115045884e-02
4.280000000000000249e+00	7.501285800354797959e-03	1.760739170343381121e-02
4.285000000000000142e+00	7.501276308635076995e-03	1.747751404213407356e-02
4.290000000000000036e+00	7.501266902199932307e-03	1.734880176145367839e-02
4.294999999999999929e+00	7.501257580671045859e-03	1.722124972783801305e-02
4.299999999999999822e+00	7.501248343672344346e-03	1.709485283777701856e-02
4.304999999999999716e+00	7.501239190830157923e-03	1.696960602000762222e-02
4.309999999999999609e+00	7.501230121773066681e-03	1.684550423341284187e-02
4.314999999999999503e+00	7.501221136132049834e-03	1.672254246912422901e-02
4.320000000000000284e+00	7.501212233540345206e-03	1.660071574851763529e-02
4.325000000000000178e+00	7.501203413633589744e-03	1.648001912521644685e-02
4.330000000000000071e+00	7.501194676049682472e-03	1.636044768318327750e-02
4.334999999999999964e+00	7.501186020428920673e-03	1.624199653862458750e-02
4.339999999999999858e+00	7.501177446413869777e-03	1.612466083817792536e-02
4.344999999999999751e+00	7.501168953649494341e-03	1.600843576071836125e-02
4.349999999999999645e+00	7.501160541783029670e-03	1.589331651564061115e-02
4.355000000000000426e+00	7.501152210464108461e-03	1.577929834456812119e-02
4.360000000000000320e+00	7.501143959344638498e-03	1.566637651972931436e-02
4.365000000000000213e+00	7.501135788078924956e-03	1.555454634557008192e-02
4.370000000000000107e+00	7.501127696323555902e-03	1.544380315722328721e-02
4.375000000000000000e+00	7.501119683737509855e-03	1.533414232202551068e-02
4.379999999999999893e+00	7.501111749982052566e-03	1.522555923807912201e-02
4.384999999999999787e+00	7.501103894720843705e-03	1.511804933567397098e-02
4.389999999999999680e+00	7.501096117619830174e-03	1.501160807594136004e-02
4.394999999999999574e+00	7.501088418347350191e-03	1.490623095218118754e-02
4.400000000000000355e+00	7.501080796574037882e-03	1.480191348860734717e-02
4.405000000000000249e+00	7.501073251972910881e-03	1.469865124158115967e-02
4.410000000000000142e+00	7.501065784219290537e-03	1.459643979844713231e-02
4.415000000000000036e+00	7.501058392990878239e-03	1.449527477867350658e-02
4.419999999999999929e+00	7.501051077967681689e-03	1.439515183277789538e-02
4.424999999999999822e+00	7.501043838832089500e-03	1.429606664337544110e-02
4.429999999999999716e+00	7.501036675268794862e-03	1.419801492419361932e-02
4.435000000000000497e+00	7.501029586964871876e-03	1.410099242102898047e-02
4.440000000000000391e+00	7.501022573609703557e-03	1.400499491085023182e-02
4.445000000000000284e+00	7.501015634895049494e-03	1.391001820266415598e-02
4.450000000000000178e+00	7.501008770514981661e-03	1.381605813670636757e-02
4.455000000000000071e+00	7.501001980165946000e-03	1.372311058521722901e-02
4.459999999999999964e+00	7.500995263546703443e-03	1.363117145171957763e-02
4.464999999999999858e+00	7.500988620358384554e-03	1.354023667170520251e-02
4.469999999999999751e+00	7.500982050304440089e-03	1.345030221199886196e-02
4.474999999999999645e+00	7.500975553090684367e-03	1.336136407135623226e-02
4.480000000000000426e+00	7.500969128425255365e-03	1.327341827991326655e-02
4.485000000000000320e+00	7.500962776018652023e-03	1.318646089969649840e-02
4.490000000000000213e+00	7.500956495583697807e-03	1.310048802415706912e-02
4.495000000000000107e+00	7.500950286835574542e-03	1.301549577859385971e-02
4.500000000000000000e+00	7.500944149491790315e-03	1.293148031977168350e-02
4.504999999999999893e+00	7.500938083272207235e-03	1.284843783625792997e-02
4.509999999999999787e+00	7.500932087899018011e-03	1.276636454812423230e-02
4.514999999999999680e+00	7.500926163096759830e-03	1.268525670719741240e-02
4.519999999999999574e+00	7.500920308592307420e-03	1.260511059684366920e-02
4.525000000000000355e+00	7.500914524114875651e-03	1.252592253213471313e-02
4.530000000000000249e+00	7.500908809396014329e-03	1.244768885971385582e-02
4.535000000000000142e+00	7.500903164169614272e-03	1.237040595787798798e-02
4.540000000000000036e+00	7.500897588171897765e-03	1.229407023652467033e-02
4.544999999999999929e+00	7.500892081141424632e-03	1.221867813715089846e-02
4.549999999999999822e+00	7.500886642819091371e-03	1.214422613288056001e-02
4.554999999999999716e+00	7.500881272948124213e-03	1.207071072838050013e-02
4.559999999999999609e+00	7.500875971274086063e-03	1.199812845996762502e-02
4.564999999999999503e+00	7.500870737544865219e-03	1.192647589544317509e-02
4.570000000000000284e+00	7.500865571510689257e-03	1.185574963427871859e-02
4.575000000000000178e+00	7.500860472924105078e-03	1.178594630736926399e-02
4.580000000000000071e+00	7.500855441539997989e-03	1.171706257729735433e-02
4.584999999999999964e+00	7.500850477115570021e-03	1.164909513800592260e-02
4.589999999999999858e+00	7.500845579410361612e-03	1.158204071513981546e-02
4.594999999999999751e+00	7.500840748186221249e-03	1.151589606563905785e-02
4.599999999999999645e+00	7.500835983207341032e-03	1.145065797815701843e-02
4.605000000000000426e+00	7.500831284240214170e-03	1.138632327257475818e-02
4.610000000000000320e+00	7.500826651053673147e-03	1.132288880049526526e-02
4.615000000000000213e+00	7.500822083418850691e-03	1.126035144467964558e-02
4.620000000000000107e+00	7.500817581109218805e-03	1.119870811961650066e-02
4.625000000000000000e+00	7.500813143900541061e-03	1.113795577088093000e-02
4.629999999999999893e+00	7.500808771570922039e-03	1.107809137577823490e-02
4.634999999999999787e+00	7.500804463900752686e-03	1.101911194262642467e-02
4.639999999999999680e+00	7.500800220672760622e-03	1.096101451147356645e-02
4.644999999999999574e+00	7.500796041671957230e-03	1.090379615330455340e-02
4.650000000000000355e+00	7.500791926685690565e-03	1.084745397083128858e-02
4.655000000000000249e+00	7.500787875503581170e-03	1.079198509762447841e-02
4.660000000000000142e+00	7.500783887917591465e-03	1.073738669897604872e-02
4.665000000000000036e+00	7.500779963721946816e-03	1.068365597095671804e-02
4.669999999999999929e+00	7.500776102713213600e-03	1.063079014134973160e-02
4.674999999999999822e+00	7.500772304690215934e-03	1.057878646863498300e-02
4.679999999999999716e+00	7.500768569454115478e-03	1.052764224299340516e-02
4.685000000000000497e+00	7.500764896808325560e-03	1.047735478521840367e-02
4.690000000000000391e+00	7.500761286558597050e-03	1.042792144779016404e-02
4.695000000000000284e+00	7.500757738512927285e-03	1.037933961371510609e-02
4.700000000000000178e+00	7.500754252481644201e-03	1.033160669766935123e-02
4.705000000000000071e+00	7.500750828277316998e-03	1.028472014476708440e-02
4.709999999999999964e+00	7.500747465714848947e-03	1.023867743177235383e-02
4.714999999999999858e+00	7.500744164611371570e-03	1.019347606579697543e-02
4.719999999999999751e+00	7.500740924786348726e-03	1.014911358557999375e-02
4.724999999999999645e+00	7.500737746061469924e-03	1.010558756011608120e-02
4.730000000000000426e+00	7.500734628260750068e-03	1.006289559000176151e-02
4.735000000000000320e+00	7.500731571210424511e-03	1.002103530599498214e-02
4.740000000000000213e+00	7.500728574739050532e-03	9.980004370427441110e-03
4.745000000000000107e+00	7.500725638677400650e-03	9.939800475696055834e-03
4.750000000000000000e+00	7.500722762858565845e-03	9.900421345740671730e-03
4.754999999999999893e+00	7.500719947117841062e-03	9.861864734468291441e-03
4.759999999999999787e+00	7.500717191292842305e-03	9.824128427295292579e-03
4.764999999999999680e+00	7.500714495223380872e-03	9.787210239505173687e-03
4.769999999999999574e+00	7.500711858751582181e-03	9.751108017854552557e-03
4.775000000000000355e+00	7.500709281721762607e-03	9.715819638865121066e-03
4.780000000000000249e+00	7.500706763980550910e-03	9.681343010492799578e-03
4.785000000000000142e+00	7.500704305376755532e-03	9.647676070354719441e-03
4.790000000000000036e+00	7.500701905761492962e-03	9.614816787460556818e-03
4.794999999999999929e+00	7.500699564988056768e-03	9.582763160375446648e-03
4.799999999999999822e+00	7.500697282912039895e-03	9.551513219012814151e-03
4.804999999999999716e+00	7.500695059391206294e-03	9.521065022733843017e-03
4.809999999999999609e+00	7.500692894285616689e-03	9.491416662201058660e-03
4.814999999999999503e+00	7.500690787457491536e-03	9.462566257415159013e-03
4.820000000000000284e+00	7.500688738771347196e-03	9.434511959628605338e-03
4.825000000000000178e+00	7.500686748093848485e-03	9.407251949320613593e-03
4.830000000000000071e+00	7.500684815293955261e-03	9.380784438169928810e-03
4.834999999999999964e+00	7.500682940242765426e-03	9.355107666968761129e-03
4.839999999999999858e+00	7.500681122813666717e-03	9.330219907654016889e-03
4.844999999999999751e+00	7.500679362882177979e-03	9.306119461160970371e-03
4.849999999999999645e+00	7.500677660326103557e-03	9.282804659512117196e-03
4.855000000000000426e+00	7.500676015025368494e-03	9.260273863611282602e-03
4.860000000000000320e+00	7.500674426862178994e-03	9.238525465389498675e-03
4.865000000000000213e+00	7.500672895720854154e-03	9.217557885540380094e-03
4.870000000000000107e+00	7.500671421487989897e-03	9.197369575722050272e-03
4.875000000000000000e+00	7.500670004052285497e-03	9.177959016234591219e-03
4.879999999999999893e+00	7.500668643304710115e-03	9.159324718277364608e-03
4.884999999999999787e+00	7.500667339138330190e-03	9.141465221569337191e-03
4.889999999999999680e+00	7.500666091448474244e-03	9.124379096660886063e-03
4.894999999999999574e+00	7.500664900132559404e-03	9.108064942497790667e-03
4.900000000000000355e+00	7.500663765090261406e-03	9.092521388786906425e-03
4.905000000000000249e+00	7.500662686223333320e-03	9.077747093504463446e-03
4.910000000000000142e+00	7.500661663435781619e-03	9.063740745314812289e-03
4.915000000000000036e+00	7.500660696633682303e-03	9.050501061023962651e-03
4.919999999999999929e+00	7.500659785725356972e-03	9.038026788050551250e-03
4.924999999999999822e+00	7.500658930621186340e-03	9.026316701825295302e-03
4.929999999999999716e+00	7.500658131233793255e-03	9.015369608313523325e-03
4.935000000000000497e+00	7.500657387477849269e-03	9.005184341361445466e-03
4.940000000000000391e+00	7.500656699270262864e-03	8.995759765269319141e-03
4.945000000000000284e+00	7.500656066529979085e-03	8.987094772085186742e-03
4.950000000000000178e+00	7.500655489178173832e-03	8.979188284228018652e-03
4.955000000000000071e+00	7.500654967138052631e-03	8.972039251729914053e-03
4.959999999999999964e+00	7.500654500335044057e-03	8.965646654908301927e-03
4.964999999999999858e+00	7.500654088696592434e-03	8.960009501557153130e-03
4.969999999999999751e+00	7.500653732152364264e-03	8.955126829667694674e-03
4.974999999999999645e+00	7.500653430634028791e-03	8.950997704569486554e-03
4.980000000000000426e+00	7.500653184075471366e-03	8.947621221698733376e-03
4.985000000000000320e+00	7.500652992412569671e-03	8.944996503690058609e-03
4.990000000000000213e+00	7.500652855583407955e-03	8.943122703191605169e-03
4.995000000000000107e+00	7.500652773528058460e-03	8.941998999908291196e-03
5.000000000000000000e+00	7.500652746188786989e-03	8.941624603462948462e-03
