# coordinate_x	h	p	@time=341.28999999999996
0.000000000000000000e+00	2.700623234875439982e-01	5.716488187337840365e-01
5.000000000000000104e-03	2.700587552697126248e-01	5.716488183144947666e-01
1.000000000000000021e-02	2.700480506173991158e-01	5.716488170564666405e-01
1.499999999999999944e-02	2.700302095318750095e-01	5.716488149595275736e-01
2.000000000000000042e-02	2.700052320162290576e-01	5.716488120232586789e-01
2.500000000000000139e-02	2.699731180740028158e-01	5.716488082471795629e-01
2.999999999999999889e-02	2.699338677105140305e-01	5.716488036305692466e-01
3.500000000000000333e-02	2.698874809315271461e-01	5.716487981726458001e-01
4.000000000000000083e-02	2.698339577445866277e-01	5.716487918723859307e-01
4.499999999999999833e-02	2.697732981576867473e-01	5.716487847287045065e-01
5.000000000000000278e-02	2.697055021806084030e-01	5.716487767402742559e-01
5.500000000000000028e-02	2.696305698235871295e-01	5.716487679057055127e-01
5.999999999999999778e-02	2.695485010986533592e-01	5.716487582233644726e-01
6.500000000000000222e-02	2.694592960182982111e-01	5.716487476915539379e-01
7.000000000000000666e-02	2.693629545968188599e-01	5.716487363083312401e-01
7.500000000000001110e-02	2.692594768489799395e-01	5.716487240716883189e-01
8.000000000000000167e-02	2.691488627913646847e-01	5.716487109793702004e-01
8.499999999999999223e-02	2.690311124410326160e-01	5.716486970290546310e-01
8.999999999999999667e-02	2.689062258168765096e-01	5.716486822181697791e-01
9.500000000000000111e-02	2.687742029382750308e-01	5.716486665440747572e-01
1.000000000000000056e-01	2.686350438264570872e-01	5.716486500038769902e-01
1.050000000000000100e-01	2.684887485031484666e-01	5.716486325946121827e-01
1.100000000000000006e-01	2.683353169919441839e-01	5.716486143130611319e-01
1.149999999999999911e-01	2.681747493169484020e-01	5.716485951559306944e-01
1.199999999999999956e-01	2.680070455041559940e-01	5.716485751196698217e-01
1.250000000000000000e-01	2.678322055800845258e-01	5.716485542006500831e-01
1.300000000000000044e-01	2.676502295731655878e-01	5.716485323949818120e-01
1.350000000000000089e-01	2.674611175123686735e-01	5.716485096986948511e-01
1.400000000000000133e-01	2.672648694286033910e-01	5.716484861075539214e-01
1.450000000000000178e-01	2.670614853533334609e-01	5.716484616172394784e-01
1.499999999999999944e-01	2.668509653199909737e-01	5.716484362231628591e-01
1.549999999999999989e-01	2.666333093625803397e-01	5.716484099206470271e-01
1.600000000000000033e-01	2.664085175171048703e-01	5.716483827047412758e-01
1.650000000000000078e-01	2.661765898201599034e-01	5.716483545704023062e-01
1.700000000000000122e-01	2.659375263103728182e-01	5.716483255123082641e-01
1.749999999999999889e-01	2.656913270269845029e-01	5.716482955250395959e-01
1.799999999999999933e-01	2.654379920113034141e-01	5.716482646028930859e-01
1.849999999999999978e-01	2.651775213052747215e-01	5.716482327400632668e-01
1.900000000000000022e-01	2.649099149529498542e-01	5.716481999304544592e-01
1.950000000000000067e-01	2.646351729990413792e-01	5.716481661678631809e-01
2.000000000000000111e-01	2.643532954904097010e-01	5.716481314457904084e-01
2.050000000000000155e-01	2.640642824746031736e-01	5.716480957576225430e-01
2.099999999999999922e-01	2.637681340013622311e-01	5.716480590964441166e-01
2.149999999999999967e-01	2.634648501211439009e-01	5.716480214552186467e-01
2.200000000000000011e-01	2.631544308866446968e-01	5.716479828266004537e-01
2.250000000000000056e-01	2.628368763513084794e-01	5.716479432031161823e-01
2.300000000000000100e-01	2.625121865708692215e-01	5.716479025769753974e-01
2.349999999999999867e-01	2.621803616018411609e-01	5.716478609402529942e-01
2.399999999999999911e-01	2.618414015030827158e-01	5.716478182846983502e-01
2.449999999999999956e-01	2.614953063342675410e-01	5.716477746019177353e-01
2.500000000000000000e-01	2.611420761574713145e-01	5.716477298831840193e-01
2.550000000000000044e-01	2.607817110356223655e-01	5.716476841196180825e-01
2.600000000000000089e-01	2.604142110341123861e-01	5.716476373019976354e-01
2.650000000000000133e-01	2.600395762192256877e-01	5.716475894209396280e-01
2.700000000000000178e-01	2.596578066597753365e-01	5.716475404667081817e-01
2.750000000000000222e-01	2.592689024255097063e-01	5.716474904293962211e-01
2.800000000000000266e-01	2.588728635887752594e-01	5.716474392987336284e-01
2.850000000000000311e-01	2.584696902228993398e-01	5.716473870642684307e-01
2.899999999999999800e-01	2.580593824038811546e-01	5.716473337151741774e-01
2.949999999999999845e-01	2.576419402087490873e-01	5.716472792404313497e-01
2.999999999999999889e-01	2.572173637172819882e-01	5.716472236286342934e-01
3.049999999999999933e-01	2.567856530103394541e-01	5.716471668681715190e-01
3.099999999999999978e-01	2.563468081716147040e-01	5.716471089470327449e-01
3.150000000000000022e-01	2.559008292859367706e-01	5.716470498529895305e-01
3.200000000000000067e-01	2.554477164410565160e-01	5.716469895734002105e-01
3.250000000000000111e-01	2.549874697259194578e-01	5.716469280953913046e-01
3.300000000000000155e-01	2.545200892324864794e-01	5.716468654056615639e-01
3.350000000000000200e-01	2.540455750539754587e-01	5.716468014906631590e-01
3.400000000000000244e-01	2.535639272867192817e-01	5.716467363364050591e-01
3.449999999999999734e-01	2.530751460283741650e-01	5.716466699286332220e-01
3.499999999999999778e-01	2.525792313798170263e-01	5.716466022526347501e-01
3.549999999999999822e-01	2.520761834433188353e-01	5.716465332934157484e-01
3.599999999999999867e-01	2.515660023244831178e-01	5.716464630355063692e-01
3.649999999999999911e-01	2.510486881303829465e-01	5.716463914631373378e-01
3.699999999999999956e-01	2.505242409715430774e-01	5.716463185600448860e-01
3.750000000000000000e-01	2.499926609600378047e-01	5.716462443096458346e-01
3.800000000000000044e-01	2.494539482115193663e-01	5.716461686948428600e-01
3.850000000000000089e-01	2.489081028432751641e-01	5.716460916981980223e-01
3.900000000000000133e-01	2.483551249763044921e-01	5.716460133017379208e-01
3.950000000000000178e-01	2.477950147333330411e-01	5.716459334871261122e-01
4.000000000000000222e-01	2.472277722409406686e-01	5.716458522354677108e-01
4.050000000000000266e-01	2.466533976275307738e-01	5.716457695274806960e-01
4.099999999999999756e-01	2.460718910255121350e-01	5.716456853433007357e-01
4.149999999999999800e-01	2.454832525692206002e-01	5.716455996626496061e-01
4.199999999999999845e-01	2.448874823971581849e-01	5.716455124646413477e-01
4.249999999999999889e-01	2.442845806498644412e-01	5.716454237279482431e-01
4.299999999999999933e-01	2.436745474722157578e-01	5.716453334306070833e-01
4.349999999999999978e-01	2.430573830112441047e-01	5.716452415501825923e-01
4.400000000000000022e-01	2.424330874184998930e-01	5.716451480635749149e-01
4.450000000000000067e-01	2.418016608478149587e-01	5.716450529471793773e-01
4.500000000000000111e-01	2.411631034577327859e-01	5.716449561766959730e-01
4.550000000000000155e-01	2.405174154092127037e-01	5.716448577272839060e-01
4.600000000000000200e-01	2.398645968681313856e-01	5.716447575733742958e-01
4.649999999999999689e-01	2.392046480029251521e-01	5.716446556888196140e-01
4.699999999999999734e-01	2.385375689871663818e-01	5.716445520467080543e-01
4.749999999999999778e-01	2.378633599971408386e-01	5.716444466195090834e-01
4.799999999999999822e-01	2.371820212145037132e-01	5.716443393788890326e-01
4.849999999999999867e-01	2.364935528237878393e-01	5.716442302958516519e-01
4.899999999999999911e-01	2.357979550151441672e-01	5.716441193405570331e-01
4.949999999999999956e-01	2.350952279817772328e-01	5.716440064824546141e-01
5.000000000000000000e-01	2.343853719227749766e-01	5.716438916901066536e-01
5.050000000000000044e-01	2.336683870404672181e-01	5.716437749313135752e-01
5.100000000000000089e-01	2.329442735433502887e-01	5.716436561729412169e-01
5.150000000000000133e-01	2.322130316433644592e-01	5.716435353810381814e-01
5.200000000000000178e-01	2.314746615589187428e-01	5.716434125206680816e-01
5.250000000000000222e-01	2.307291635120825857e-01	5.716432875560172322e-01
5.300000000000000266e-01	2.299765377317173343e-01	5.716431604502326680e-01
5.350000000000000311e-01	2.292167844505771934e-01	5.716430311655192886e-01
5.400000000000000355e-01	2.284499039085537142e-01	5.716428996629842052e-01
5.450000000000000400e-01	2.276758963496807731e-01	5.716427659027220054e-01
5.500000000000000444e-01	2.268947620254995468e-01	5.716426298436667608e-01
5.550000000000000488e-01	2.261065011919617118e-01	5.716424914436637472e-01
5.600000000000000533e-01	2.253111141129221784e-01	5.716423506593298898e-01
5.649999999999999467e-01	2.245086010569348201e-01	5.716422074461102731e-01
5.699999999999999512e-01	2.236989623008813211e-01	5.716420617581493557e-01
5.749999999999999556e-01	2.228821981266526364e-01	5.716419135483291614e-01
5.799999999999999600e-01	2.220583088249231118e-01	5.716417627681523728e-01
5.849999999999999645e-01	2.212272946917106520e-01	5.716416093677616495e-01
5.899999999999999689e-01	2.203891560323054943e-01	5.716414532958349337e-01
5.949999999999999734e-01	2.195438931577020081e-01	5.716412944995838963e-01
5.999999999999999778e-01	2.186915063886922805e-01	5.716411329246631201e-01
6.049999999999999822e-01	2.178319960521615806e-01	5.716409685151454534e-01
6.099999999999999867e-01	2.169653624853579155e-01	5.716408012134465144e-01
6.149999999999999911e-01	2.160916060320426935e-01	5.716406309602733993e-01
6.199999999999999956e-01	2.152107270469484634e-01	5.716404576945687266e-01
6.250000000000000000e-01	2.143227258917753675e-01	5.716402813534280369e-01
6.300000000000000044e-01	2.134276029398501084e-01	5.716401018720649319e-01
6.350000000000000089e-01	2.125253585719585336e-01	5.716399191836956106e-01
6.400000000000000133e-01	2.116159931812203188e-01	5.716397332195262138e-01
6.450000000000000178e-01	2.106995071687464138e-01	5.716395439086009445e-01
6.500000000000000222e-01	2.097759009487451254e-01	5.716393511778150582e-01
6.550000000000000266e-01	2.088451749439932947e-01	5.716391549517211290e-01
6.600000000000000311e-01	2.079073295911903485e-01	5.716389551525717927e-01
6.650000000000000355e-01	2.069623653362306359e-01	5.716387517000784957e-01
6.700000000000000400e-01	2.060102826398241549e-01	5.716385445114884334e-01
6.750000000000000444e-01	2.050510819725564204e-01	5.716383335012898970e-01
6.800000000000000488e-01	2.040847638207960169e-01	5.716381185813266264e-01
6.850000000000000533e-01	2.031113286815273422e-01	5.716378996604444263e-01
6.899999999999999467e-01	2.021307770685671634e-01	5.716376766446482627e-01
6.949999999999999512e-01	2.011431095071540831e-01	5.716374494366813774e-01
6.999999999999999556e-01	2.001483265404984391e-01	5.716372179362305683e-01
7.049999999999999600e-01	1.991464287241114794e-01	5.716369820394306966e-01
7.099999999999999645e-01	1.981374166327146691e-01	5.716367416391244793e-01
7.149999999999999689e-01	1.971212908542899211e-01	5.716364966242819534e-01
7.199999999999999734e-01	1.960980519973776481e-01	5.716362468803208863e-01
7.249999999999999778e-01	1.950677006848274830e-01	5.716359922884332034e-01
7.299999999999999822e-01	1.940302375615171326e-01	5.716357327259727894e-01
7.349999999999999867e-01	1.929856632877813283e-01	5.716354680656752230e-01
7.399999999999999911e-01	1.919339785475869808e-01	5.716351981761242929e-01
7.449999999999999956e-01	1.908751840416157142e-01	5.716349229208502747e-01
7.500000000000000000e-01	1.898092804959345958e-01	5.716346421588850424e-01
7.550000000000000044e-01	1.887362686547058022e-01	5.716343557437237877e-01
7.600000000000000089e-01	1.876561492893960292e-01	5.716340635239804957e-01
7.650000000000000133e-01	1.865689231910839241e-01	5.716337653421946774e-01
7.700000000000000178e-01	1.854745911802563596e-01	5.716334610356007540e-01
7.750000000000000222e-01	1.843731540986819351e-01	5.716331504347600401e-01
7.800000000000000266e-01	1.832646128198469337e-01	5.716328333644581372e-01
7.850000000000000311e-01	1.821489682403597543e-01	5.716325096421389640e-01
7.900000000000000355e-01	1.810262212910863644e-01	5.716321790789485879e-01
7.950000000000000400e-01	1.798963729280467216e-01	5.716318414779436585e-01
8.000000000000000444e-01	1.787594241443158649e-01	5.716314966353012172e-01
8.050000000000000488e-01	1.776153759603699145e-01	5.716311443382711133e-01
8.100000000000000533e-01	1.764642294368263253e-01	5.716307843665751065e-01
8.149999999999999467e-01	1.753059856641931979e-01	5.716304164900676277e-01
8.199999999999999512e-01	1.741406457765312943e-01	5.716300404703494875e-01
8.249999999999999556e-01	1.729682109405541734e-01	5.716296560580963471e-01
8.299999999999999600e-01	1.717886823703057564e-01	5.716292629949188964e-01
8.349999999999999645e-01	1.706020613155537213e-01	5.716288610103098522e-01
8.399999999999999689e-01	1.694083490775867007e-01	5.716284498237852452e-01
8.449999999999999734e-01	1.682075469968377368e-01	5.716280291413965431e-01
8.499999999999999778e-01	1.669996564699191277e-01	5.716275986581931257e-01
8.549999999999999822e-01	1.657846789364051110e-01	5.716271580542346964e-01
8.599999999999999867e-01	1.645626158972375574e-01	5.716267069974222403e-01
8.649999999999999911e-01	1.633334689005895013e-01	5.716262451389368948e-01
8.699999999999999956e-01	1.620972395617929773e-01	5.716257721164935690e-01
8.750000000000000000e-01	1.608539295481954401e-01	5.716252875491186769e-01
8.800000000000000044e-01	1.596035406007818569e-01	5.716247910408909227e-01
8.850000000000000089e-01	1.583460745179259832e-01	5.716242821749549785e-01
8.900000000000000133e-01	1.570815331789026104e-01	5.716237605178249304e-01
8.950000000000000178e-01	1.558099185264243680e-01	5.716232256125128863e-01
9.000000000000000222e-01	1.545312325922678365e-01	5.716226769834824584e-01
9.050000000000000266e-01	1.532454774784732798e-01	5.716221141287514129e-01
9.100000000000000311e-01	1.519526553853415007e-01	5.716215365255974401e-01
9.150000000000000355e-01	1.506527685911583092e-01	5.716209436214670925e-01
9.200000000000000400e-01	1.493458194828574670e-01	5.716203348405549667e-01
9.250000000000000444e-01	1.480318105341150159e-01	5.716197095733207556e-01
9.300000000000000488e-01	1.467107443390193167e-01	5.716190671840843951e-01
9.350000000000000533e-01	1.453826235883594054e-01	5.716184069989141969e-01
9.399999999999999467e-01	1.440474511066974495e-01	5.716177283144088239e-01
9.449999999999999512e-01	1.427052298266532626e-01	5.716170303836722866e-01
9.499999999999999556e-01	1.413559628298377835e-01	5.716163124264859174e-01
9.549999999999999600e-01	1.399996533189094006e-01	5.716155736130309473e-01
9.599999999999999645e-01	1.386363046629042195e-01	5.716148130756905088e-01
9.649999999999999689e-01	1.372659203668088468e-01	5.716140298901120076e-01
9.699999999999999734e-01	1.358885041219151379e-01	5.716132230889289234e-01
9.749999999999999778e-01	1.345040597726190612e-01	5.716123916396679272e-01
9.799999999999999822e-01	1.331125913725377807e-01	5.716115344607387572e-01
9.849999999999999867e-01	1.317141031482036706e-01	5.716106503955860063e-01
9.899999999999999911e-01	1.303085995618150361e-01	5.716097382313674036e-01
9.949999999999999956e-01	1.288960852714468031e-01	5.716087966686183020e-01
1.000000000000000000e+00	1.274765652014692996e-01	5.716078243431272909e-01
1.004999999999999893e+00	1.260500444988416624e-01	5.716068197902165471e-01
1.010000000000000009e+00	1.246165286124314708e-01	5.716057814704366136e-01
1.015000000000000124e+00	1.231760232448928238e-01	5.716047077273550547e-01
1.020000000000000018e+00	1.217285344423647969e-01	5.716035968178312388e-01
1.024999999999999911e+00	1.202740685413596633e-01	5.716024468619445020e-01
1.030000000000000027e+00	1.188126322706203053e-01	5.716012558787825215e-01
1.035000000000000142e+00	1.173442326923578582e-01	5.716000217268021322e-01
1.040000000000000036e+00	1.158688773184231580e-01	5.715987421462894735e-01
1.044999999999999929e+00	1.143865740451290303e-01	5.715974146880125062e-01
1.050000000000000044e+00	1.128973312863631173e-01	5.715960367637910045e-01
1.055000000000000160e+00	1.114011579011100345e-01	5.715946055607429299e-01
1.060000000000000053e+00	1.098980633467259577e-01	5.715931181017624985e-01
1.064999999999999947e+00	1.083880575981341077e-01	5.715915711419330414e-01
1.070000000000000062e+00	1.068711513252362105e-01	5.715899612411764474e-01
1.075000000000000178e+00	1.053473558025918577e-01	5.715882846384504612e-01
1.080000000000000071e+00	1.038166831159050979e-01	5.715865373394334314e-01
1.084999999999999964e+00	1.022791460608061115e-01	5.715847149628606738e-01
1.090000000000000080e+00	1.007347583845979028e-01	5.715828128468972702e-01
1.095000000000000195e+00	9.918353467253789024e-02	5.715808258602763647e-01
1.100000000000000089e+00	9.762549063264830407e-02	5.715787485320550365e-01
1.104999999999999982e+00	9.606064296764217636e-02	5.715765748179396644e-01
1.110000000000000098e+00	9.448900971272812532e-02	5.715742982595002353e-01
1.115000000000000213e+00	9.291061009104238655e-02	5.715719116929710575e-01
1.120000000000000107e+00	9.132546491719786830e-02	5.715694074458512741e-01
1.125000000000000000e+00	8.973359643377026851e-02	5.715667769712010626e-01
1.129999999999999893e+00	8.813502879712230287e-02	5.715640110920726658e-01
1.134999999999999787e+00	8.652978789216531075e-02	5.715610995383786364e-01
1.139999999999999902e+00	8.491790192210960098e-02	5.715580312530382789e-01
1.145000000000000018e+00	8.329940119840650858e-02	5.715547938001204198e-01
1.149999999999999911e+00	8.167431886310148881e-02	5.715513737513514547e-01
1.154999999999999805e+00	8.004269065060964916e-02	5.715477559222730264e-01
1.159999999999999920e+00	7.840455578110651358e-02	5.715439238644272057e-01
1.165000000000000036e+00	7.675995669070787009e-02	5.715398588689297732e-01
1.169999999999999929e+00	7.510894014807802110e-02	5.715355405991126014e-01
1.174999999999999822e+00	7.345155694985512629e-02	5.715309457753946498e-01
1.179999999999999938e+00	7.178786333231450267e-02	5.715260489967691759e-01
1.185000000000000053e+00	7.011792062984885388e-02	5.715208209826538877e-01
1.189999999999999947e+00	6.844179708209370550e-02	5.715152296514747210e-01
1.194999999999999840e+00	6.675956745555754190e-02	5.715092377369400678e-01
1.199999999999999956e+00	6.507131538887761524e-02	5.715028042214346238e-01
1.205000000000000071e+00	6.337713298244500304e-02	5.714958810535831768e-01
1.209999999999999964e+00	6.167712388817623431e-02	5.714884150786386785e-01
1.214999999999999858e+00	5.997140288129182428e-02	5.714803434402122573e-01
1.219999999999999973e+00	5.826009999908737108e-02	5.714715962182463915e-01
1.225000000000000089e+00	5.654336012684067075e-02	5.714620898633441248e-01
1.229999999999999982e+00	5.482134864456490730e-02	5.714517308603791479e-01
1.234999999999999876e+00	5.309425109281695754e-02	5.714404061519275935e-01
1.239999999999999991e+00	5.136228103586319010e-02	5.714279883183175368e-01
1.245000000000000107e+00	4.962567993745314182e-02	5.714143212721345400e-01
1.250000000000000000e+00	4.788472836263633903e-02	5.713992277304442702e-01
1.254999999999999893e+00	4.613974631710300589e-02	5.713824872635011598e-01
1.260000000000000009e+00	4.439110961692742385e-02	5.713638473186545275e-01
1.265000000000000124e+00	4.263925118627968913e-02	5.713429884985208318e-01
1.270000000000000018e+00	4.088468567160367939e-02	5.713195412451577138e-01
1.274999999999999911e+00	3.912801267307581404e-02	5.712930289936904993e-01
1.280000000000000027e+00	3.736995495605639761e-02	5.712628941747006639e-01
1.285000000000000142e+00	3.561136557142591252e-02	5.712284014297357437e-01
1.290000000000000036e+00	3.385328932032735660e-02	5.711886795542191475e-01
1.294999999999999929e+00	3.209697776228111893e-02	5.711425492260847614e-01
1.300000000000000044e+00	3.034399200285719383e-02	5.710885935368942290e-01
1.305000000000000160e+00	2.859623392503585215e-02	5.710248356168360351e-01
1.310000000000000053e+00	2.685612525003791204e-02	5.709488636909026971e-01
1.314999999999999947e+00	2.512667249793115384e-02	5.708571936584652118e-01
1.320000000000000062e+00	2.341179116304295191e-02	5.707455074775629189e-01
1.325000000000000178e+00	2.171644002713798982e-02	5.706073190138616358e-01
1.330000000000000071e+00	2.004722209978619663e-02	5.704344796785676408e-01
1.334999999999999964e+00	1.841264917241291696e-02	5.702142470913058592e-01
1.340000000000000080e+00	1.682422409936184041e-02	5.699305439368694826e-01
1.345000000000000195e+00	1.529685583448591076e-02	5.695574498559241583e-01
1.350000000000000089e+00	1.385041663492570831e-02	5.690630447273267167e-01
1.354999999999999982e+00	1.250972156910386268e-02	5.683965185810303522e-01
1.360000000000000098e+00	1.130457775750406263e-02	5.675015620280025042e-01
1.365000000000000213e+00	1.026616241765998354e-02	5.663011652324009271e-01
1.370000000000000107e+00	9.419220898790369237e-03	5.647353121236192708e-01
1.375000000000000000e+00	8.773328382066318196e-03	5.627631901912435453e-01
1.379999999999999893e+00	8.314130298825463811e-03	5.603978206089018643e-01
1.384999999999999787e+00	8.009106853953387381e-03	5.577051278526691247e-01
1.389999999999999902e+00	7.817222264976001617e-03	5.547644379549373506e-01
1.395000000000000018e+00	7.701087837630091713e-03	5.516653921327224763e-01
1.399999999999999911e+00	7.632800959461006653e-03	5.484662201592516162e-01
1.404999999999999805e+00	7.593077899993135732e-03	5.452147164697997983e-01
1.409999999999999920e+00	7.570291262719068548e-03	5.419355779423601360e-01
1.415000000000000036e+00	7.557157773488290889e-03	5.386469243328416701e-01
1.419999999999999929e+00	7.549623798312196828e-03	5.353573631867044602e-01
1.424999999999999822e+00	7.545230222271821600e-03	5.320729800599133252e-01
1.429999999999999938e+00	7.542645403218350801e-03	5.287965817986920447e-01
1.435000000000000053e+00	7.541069768207271304e-03	5.255301282734993196e-01
1.439999999999999947e+00	7.540074263360905041e-03	5.222745124133125749e-01
1.444999999999999840e+00	7.539402131351733045e-03	5.190303541534843079e-01
1.449999999999999956e+00	7.538916018888024498e-03	5.157979327581594386e-01
1.455000000000000071e+00	7.538533825151515731e-03	5.125774407319826365e-01
1.459999999999999964e+00	7.538211679583229491e-03	5.093689625588811998e-01
1.464999999999999858e+00	7.537923370919725682e-03	5.061725553397424804e-01
1.469999999999999973e+00	7.537654899969753637e-03	5.029882420617322047e-01
1.475000000000000089e+00	7.537397904264752854e-03	4.998160371394144708e-01
1.479999999999999982e+00	7.537147918472226343e-03	4.966559442729819862e-01
1.484999999999999876e+00	7.536902275283131197e-03	4.935079645271946980e-01
1.489999999999999991e+00	7.536659550364276962e-03	4.903720956423355259e-01
1.495000000000000107e+00	7.536418892670923748e-03	4.872483345871758686e-01
1.500000000000000000e+00	7.536179847439632845e-03	4.841366773295927572e-01
1.504999999999999893e+00	7.535942142631946519e-03	4.810371196430870966e-01
1.510000000000000009e+00	7.535705632507138860e-03	4.779496570222330765e-01
1.515000000000000124e+00	7.535470229548466882e-03	4.748742849384980369e-01
1.520000000000000018e+00	7.535235886479793588e-03	4.718109988006589650e-01
1.524999999999999911e+00	7.535002574575231857e-03	4.687597940380069383e-01
1.530000000000000027e+00	7.534770277928043956e-03	4.657206660740347282e-01
1.535000000000000142e+00	7.534538986543125316e-03	4.626936103565244540e-01
1.540000000000000036e+00	7.534308694509357120e-03	4.596786223344223599e-01
1.544999999999999929e+00	7.534079397801918092e-03	4.566756974725705853e-01
1.550000000000000044e+00	7.533851093697778965e-03	4.536848312285478024e-01
1.555000000000000160e+00	7.533623780078108588e-03	4.507060190639818886e-01
1.560000000000000053e+00	7.533397455239498712e-03	4.477392564203105940e-01
1.564999999999999947e+00	7.533172117674038354e-03	4.447845387304538711e-01
1.570000000000000062e+00	7.532947766006450017e-03	4.418418613931430761e-01
1.575000000000000178e+00	7.532724398926264608e-03	4.389112197861588238e-01
1.580000000000000071e+00	7.532502015164960381e-03	4.359926092390958297e-01
1.584999999999999964e+00	7.532280613476616433e-03	4.330860250485558116e-01
1.590000000000000080e+00	7.532060192627720342e-03	4.301914624492905181e-01
1.595000000000000195e+00	7.531840751393324013e-03	4.273089166314807952e-01
1.600000000000000089e+00	7.531622288550822962e-03	4.244383827102251039e-01
1.604999999999999982e+00	7.531404802881120318e-03	4.215798557449499384e-01
1.610000000000000098e+00	7.531188293163616938e-03	4.187333307072234057e-01
1.615000000000000213e+00	7.530972758179050285e-03	4.158988025023158674e-01
1.620000000000000107e+00	7.530758196704807200e-03	4.130762659353207078e-01
1.625000000000000000e+00	7.530544607518380347e-03	4.102657157348716943e-01
1.629999999999999893e+00	7.530331989392728687e-03	4.074671465175607188e-01
1.634999999999999787e+00	7.530120341100010606e-03	4.046805528138129882e-01
1.639999999999999902e+00	7.529909661406900163e-03	4.019059290305920240e-01
1.645000000000000018e+00	7.529699949078489350e-03	3.991432694794307956e-01
1.649999999999999911e+00	7.529491202873538416e-03	3.963925683374191489e-01
1.654999999999999805e+00	7.529283421548508236e-03	3.936538196773858855e-01
1.659999999999999920e+00	7.529076603852729102e-03	3.909270174271633480e-01
1.665000000000000036e+00	7.528870748532563197e-03	3.882121554019168919e-01
1.669999999999999929e+00	7.528665854326485780e-03	3.855092272616845173e-01
1.674999999999999822e+00	7.528461919969366492e-03	3.828182265458424660e-01
1.679999999999999938e+00	7.528258944187464670e-03	3.801391466289241183e-01
1.685000000000000053e+00	7.528056925702835550e-03	3.774719807572102792e-01
1.689999999999999947e+00	7.527855863228233649e-03	3.748167220028306157e-01
1.694999999999999840e+00	7.527655755471640391e-03	3.721733633024633114e-01
1.699999999999999956e+00	7.527456601131079020e-03	3.695418974097280373e-01
1.705000000000000071e+00	7.527258398899256721e-03	3.669223169359797643e-01
1.709999999999999964e+00	7.527061147458301467e-03	3.643146143009999838e-01
1.714999999999999858e+00	7.526864845484513428e-03	3.617187817758672486e-01
1.719999999999999973e+00	7.526669491643015950e-03	3.591348114319579121e-01
1.725000000000000089e+00	7.526475084592626659e-03	3.565626951858742455e-01
1.729999999999999982e+00	7.526281622980419105e-03	3.540024247467674634e-01
1.734999999999999876e+00	7.526089105446706617e-03	3.514539916633014349e-01
1.739999999999999991e+00	7.525897530619524156e-03	3.489173872693120404e-01
1.745000000000000107e+00	7.525706897119718852e-03	3.463926027327852708e-01
1.750000000000000000e+00	7.525517203555351191e-03	3.438796289998690692e-01
1.754999999999999893e+00	7.525328448526893109e-03	3.413784568458400615e-01
1.760000000000000009e+00	7.525140630621551981e-03	3.388890768174864232e-01
1.765000000000000124e+00	7.524953748418573667e-03	3.364114792860378733e-01
1.770000000000000018e+00	7.524767800483480630e-03	3.339456543879391059e-01
1.774999999999999911e+00	7.524582785373489478e-03	3.314915920797145144e-01
1.780000000000000027e+00	7.524398701631664077e-03	3.290492820771541149e-01
1.785000000000000142e+00	7.524215547792439777e-03	3.266187139120851346e-01
1.790000000000000036e+00	7.524033322375696733e-03	3.241998768699927425e-01
1.794999999999999929e+00	7.523852023892389079e-03	3.217927600486663042e-01
1.800000000000000044e+00	7.523671650838534113e-03	3.193973522942807897e-01
1.805000000000000160e+00	7.523492201700949025e-03	3.170136422618868299e-01
1.810000000000000053e+00	7.523313674951163758e-03	3.146416183499775032e-01
1.814999999999999947e+00	7.523136069051252275e-03	3.122812687627892214e-01
1.820000000000000062e+00	7.522959382447673427e-03	3.099325814433801507e-01
1.825000000000000178e+00	7.522783613577197631e-03	3.075955441377103416e-01
1.830000000000000071e+00	7.522608760860674017e-03	3.052701443262578751e-01
1.834999999999999964e+00	7.522434822709056848e-03	3.029563692898428195e-01
1.840000000000000080e+00	7.522261797517094603e-03	3.006542060398119665e-01
1.845000000000000195e+00	7.522089683669450078e-03	2.983636413855702552e-01
1.850000000000000089e+00	7.521918479534321807e-03	2.960846618633634630e-01
1.854999999999999982e+00	7.521748183469652640e-03	2.938172538054804606e-01
1.860000000000000098e+00	7.521578793816684379e-03	2.915614032676650536e-01
1.865000000000000213e+00	7.521410308906253950e-03	2.893170960999525976e-01
1.870000000000000107e+00	7.521242727052276054e-03	2.870843178727418565e-01
1.875000000000000000e+00	7.521076046558134755e-03	2.848630539492261748e-01
1.879999999999999893e+00	7.520910265710096729e-03	2.826532894101602689e-01
1.884999999999999787e+00	7.520745382783780922e-03	2.804550091278473767e-01
1.889999999999999902e+00	7.520581396037515423e-03	2.782681976896317355e-01
1.895000000000000018e+00	7.520418303718888649e-03	2.760928394734042390e-01
1.899999999999999911e+00	7.520256104058042901e-03	2.739289185698542406e-01
1.904999999999999805e+00	7.520094795274299276e-03	2.717764188594525288e-01
1.909999999999999920e+00	7.519934375569400052e-03	2.696353239334978169e-01
1.915000000000000036e+00	7.519774843134209054e-03	2.675056171725369580e-01
1.919999999999999929e+00	7.519616196141888989e-03	2.653872816662411482e-01
1.924999999999999822e+00	7.519458432754680746e-03	2.632803002932203595e-01
1.929999999999999938e+00	7.519301551117032155e-03	2.611846556397666164e-01
1.935000000000000053e+00	7.519145549362435399e-03	2.591003300810219567e-01
1.939999999999999947e+00	7.518990425606508939e-03	2.570273056986230875e-01
1.944999999999999840e+00	7.518836177953908649e-03	2.549655643631812407e-01
1.949999999999999956e+00	7.518682804491349028e-03	2.529150876508652890e-01
1.955000000000000071e+00	7.518530303294585458e-03	2.508758569271509198e-01
1.959999999999999964e+00	7.518378672421390310e-03	2.488478532623799311e-01
1.964999999999999858e+00	7.518227909918588116e-03	2.468310575167349252e-01
1.969999999999999973e+00	7.518078013814995242e-03	2.448254502548116163e-01
1.975000000000000089e+00	7.517928982128510573e-03	2.428310118317780486e-01
1.979999999999999982e+00	7.517780812859011820e-03	2.408477223069967199e-01
1.984999999999999876e+00	7.517633503995504313e-03	2.388755615313244707e-01
1.989999999999999991e+00	7.517487053508976544e-03	2.369145090598224757e-01
1.995000000000000107e+00	7.517341459359602740e-03	2.349645442401540885e-01
2.000000000000000000e+00	7.517196719489554167e-03	2.330256461244210320e-01
2.004999999999999893e+00	7.517052831830265021e-03	2.310977935586140952e-01
2.009999999999999787e+00	7.516909794295198628e-03	2.291809650936146026e-01
2.014999999999999680e+00	7.516767604787159308e-03	2.272751390756553580e-01
2.020000000000000018e+00	7.516626261191036024e-03	2.253802935565247523e-01
2.024999999999999911e+00	7.516485761381150668e-03	2.234964063849944615e-01
2.029999999999999805e+00	7.516346103213968760e-03	2.216234551162645783e-01
2.035000000000000142e+00	7.516207284535500639e-03	2.197614171043134890e-01
2.040000000000000036e+00	7.516069303173975730e-03	2.179102694106246074e-01
2.044999999999999929e+00	7.515932156947281902e-03	2.160699888974138561e-01
2.049999999999999822e+00	7.515795843655618917e-03	2.142405521356752496e-01
2.054999999999999716e+00	7.515660361088973354e-03	2.124219354992438469e-01
2.060000000000000053e+00	7.515525707019746031e-03	2.106141150721981270e-01
2.064999999999999947e+00	7.515391879210261625e-03	2.088170667437153349e-01
2.069999999999999840e+00	7.515258875405376147e-03	2.070307661148686751e-01
2.075000000000000178e+00	7.515126693340016921e-03	2.052551885942301424e-01
2.080000000000000071e+00	7.514995330731771839e-03	2.034903093041038058e-01
2.084999999999999964e+00	7.514864785288454495e-03	2.017361031768317436e-01
2.089999999999999858e+00	7.514735054700681302e-03	1.999925448604998601e-01
2.094999999999999751e+00	7.514606136649464377e-03	1.982596088159056802e-01
2.100000000000000089e+00	7.514478028798763504e-03	1.965372692217747796e-01
2.104999999999999982e+00	7.514350728803113715e-03	1.948255000723469466e-01
2.109999999999999876e+00	7.514224234300158171e-03	1.931242750821410004e-01
2.115000000000000213e+00	7.514098542918300032e-03	1.914335677841162708e-01
2.120000000000000107e+00	7.513973652269226658e-03	1.897533514340248861e-01
2.125000000000000000e+00	7.513849559955573625e-03	1.880835991091052983e-01
2.129999999999999893e+00	7.513726263563445459e-03	1.864242836120587887e-01
2.134999999999999787e+00	7.513603760670095263e-03	1.847753775702342671e-01
2.140000000000000124e+00	7.513482048836439380e-03	1.831368533392655207e-01
2.145000000000000018e+00	7.513361125614750023e-03	1.815086831027052094e-01
2.149999999999999911e+00	7.513240988541163880e-03	1.798908387753606064e-01
2.155000000000000249e+00	7.513121635143388613e-03	1.782832921033334905e-01
2.160000000000000142e+00	7.513003062933213197e-03	1.766860145670931803e-01
2.165000000000000036e+00	7.512885269414212690e-03	1.750989774818809963e-01
2.169999999999999929e+00	7.512768252074268106e-03	1.735221519005546165e-01
2.174999999999999822e+00	7.512652008393276397e-03	1.719555087143181116e-01
2.180000000000000160e+00	7.512536535835665982e-03	1.703990185553740933e-01
2.185000000000000053e+00	7.512421831858117141e-03	1.688526518979377999e-01
2.189999999999999947e+00	7.512307893902083616e-03	1.673163789607329255e-01
2.195000000000000284e+00	7.512194719401506932e-03	1.657901698082493991e-01
2.200000000000000178e+00	7.512082305775346670e-03	1.642739942531191155e-01
2.205000000000000071e+00	7.511970650435299997e-03	1.627678219575774410e-01
2.209999999999999964e+00	7.511859750778334538e-03	1.612716223357529566e-01
2.214999999999999858e+00	7.511749604194406169e-03	1.597853646552944151e-01
2.220000000000000195e+00	7.511640208059003170e-03	1.583090179396087760e-01
2.225000000000000089e+00	7.511531559740854472e-03	1.568425510696151437e-01
2.229999999999999982e+00	7.511423656594494631e-03	1.553859326859647061e-01
2.235000000000000320e+00	7.511316495967955593e-03	1.539391312908824916e-01
2.240000000000000213e+00	7.511210075195349882e-03	1.525021151504051820e-01
2.245000000000000107e+00	7.511104391604553690e-03	1.510748523962718581e-01
2.250000000000000000e+00	7.510999442509805682e-03	1.496573109282115233e-01
2.254999999999999893e+00	7.510895225219376206e-03	1.482494585158472822e-01
2.259999999999999787e+00	7.510791737028183444e-03	1.468512627010661875e-01
2.264999999999999680e+00	7.510688975225450481e-03	1.454626908998993551e-01
2.270000000000000018e+00	7.510586937087342270e-03	1.440837103050064683e-01
2.274999999999999911e+00	7.510485619884606223e-03	1.427142879874964687e-01
2.279999999999999805e+00	7.510385020875229127e-03	1.413543907995577498e-01
2.285000000000000142e+00	7.510285137312056915e-03	1.400039854761831182e-01
2.290000000000000036e+00	7.510185966435481073e-03	1.386630385379786501e-01
2.294999999999999929e+00	7.510087505481033258e-03	1.373315163927570637e-01
2.299999999999999822e+00	7.509989751672103801e-03	1.360093852385547697e-01
2.304999999999999716e+00	7.509892702227503360e-03	1.346966111650608755e-01
2.310000000000000053e+00	7.509796354354212645e-03	1.333931600568720177e-01
2.314999999999999947e+00	7.509700705254925002e-03	1.320989976947230249e-01
2.319999999999999840e+00	7.509605752120820411e-03	1.308140896590088420e-01
2.325000000000000178e+00	7.509511492139080320e-03	1.295384014307833509e-01
2.330000000000000071e+00	7.509417922485693737e-03	1.282718982955792231e-01
2.334999999999999964e+00	7.509325040332944304e-03	1.270145454441406196e-01
2.339999999999999858e+00	7.509232842842247617e-03	1.257663078765685616e-01
2.344999999999999751e+00	7.509141327171606206e-03	1.245271505027580744e-01
2.350000000000000089e+00	7.509050490468486758e-03	1.232970380468952215e-01
2.354999999999999982e+00	7.508960329877234323e-03	1.220759351475676074e-01
2.359999999999999876e+00	7.508870842531991177e-03	1.208638062626407050e-01
2.365000000000000213e+00	7.508782025564075466e-03	1.196606157690101452e-01
2.370000000000000107e+00	7.508693876094937360e-03	1.184663278678853987e-01
2.375000000000000000e+00	7.508606391243498671e-03	1.172809066841527803e-01
2.379999999999999893e+00	7.508519568119149772e-03	1.161043161720922839e-01
2.384999999999999787e+00	7.508433403829054519e-03	1.149365202143230597e-01
2.390000000000000124e+00	7.508347895471183600e-03	1.137774825279780772e-01
2.395000000000000018e+00	7.508263040141579560e-03	1.126271667632035983e-01
2.399999999999999911e+00	7.508178834927434382e-03	1.114855364098162605e-01
2.405000000000000249e+00	7.508095276914310279e-03	1.103525548953283586e-01
2.410000000000000142e+00	7.508012363179264112e-03	1.092281854921127865e-01
2.415000000000000036e+00	7.507930090798023079e-03	1.081123914149255405e-01
2.419999999999999929e+00	7.507848456838152502e-03	1.070051357286016108e-01
2.424999999999999822e+00	7.507767458366187280e-03	1.059063814450498381e-01
2.430000000000000160e+00	7.507687092440852583e-03	1.048160914315015291e-01
2.435000000000000053e+00	7.507607356120137194e-03	1.037342285069517839e-01
2.439999999999999947e+00	7.507528246454569718e-03	1.026607553509834569e-01
2.445000000000000284e+00	7.507449760494242473e-03	1.015956345996291699e-01
2.450000000000000178e+00	7.507371895282137150e-03	1.005388287547930026e-01
2.455000000000000071e+00	7.507294647861095793e-03	9.949030027950839239e-02
2.459999999999999964e+00	7.507218015267200228e-03	9.845001150797785816e-02
2.464999999999999858e+00	7.507141994536692745e-03	9.741792474020387338e-02
2.470000000000000195e+00	7.507066582699401490e-03	9.639400215266680227e-02
2.475000000000000089e+00	7.506991776785616050e-03	9.537820589230537605e-02
2.479999999999999982e+00	7.506917573819560548e-03	9.437049798785260291e-02
2.485000000000000320e+00	7.506843970826216315e-03	9.337084044314307441e-02
2.490000000000000213e+00	7.506770964824852239e-03	9.237919514912699970e-02
2.495000000000000107e+00	7.506698552835784979e-03	9.139552397648179061e-02
2.500000000000000000e+00	7.506626731873970899e-03	9.041978868832217797e-02
2.504999999999999893e+00	7.506555498955709907e-03	8.945195103209632737e-02
2.509999999999999787e+00	7.506484851092288559e-03	8.849197265300895454e-02
2.514999999999999680e+00	7.506414785296627520e-03	8.753981518518193228e-02
2.520000000000000018e+00	7.506345298576990593e-03	8.659544016580744685e-02
2.524999999999999911e+00	7.506276387943557581e-03	8.565880912555368099e-02
2.529999999999999805e+00	7.506208050402203569e-03	8.472988350346448427e-02
2.535000000000000142e+00	7.506140282961008478e-03	8.380862473659041190e-02
2.540000000000000036e+00	7.506073082624090988e-03	8.289499417565220074e-02
2.544999999999999929e+00	7.506006446398066911e-03	8.198895317387842885e-02
2.549999999999999822e+00	7.505940371285936032e-03	8.109046300344714686e-02
2.554999999999999716e+00	7.505874854293474556e-03	8.019948494351362978e-02
2.560000000000000053e+00	7.505809892423190473e-03	7.931598019744474926e-02
2.564999999999999947e+00	7.505745482680652690e-03	7.843990998001978965e-02
2.569999999999999840e+00	7.505681622068501903e-03	7.757123543547130018e-02
2.575000000000000178e+00	7.505618307592719016e-03	7.670991772384271046e-02
2.580000000000000071e+00	7.505555536256699328e-03	7.585591793984980402e-02
2.584999999999999964e+00	7.505493305067456773e-03	7.500919719837942368e-02
2.589999999999999858e+00	7.505431611029757949e-03	7.416971655418362619e-02
2.594999999999999751e+00	7.505370451152260439e-03	7.333743708650551640e-02
2.600000000000000089e+00	7.505309822441716232e-03	7.251231981961800410e-02
2.604999999999999982e+00	7.505249721909035450e-03	7.169432580656236176e-02
2.609999999999999876e+00	7.505190146563561759e-03	7.088341605054340744e-02
2.615000000000000213e+00	7.505131093419062371e-03	7.007955158776715821e-02
2.620000000000000107e+00	7.505072559488071976e-03	6.928269340970377721e-02
2.625000000000000000e+00	7.505014541787816823e-03	6.849280254501129150e-02
2.629999999999999893e+00	7.504957037334616769e-03	6.770983998267622594e-02
2.634999999999999787e+00	7.504900043149746909e-03	6.693376675301188072e-02
2.640000000000000124e+00	7.504843556253906409e-03	6.616454385168614449e-02
2.645000000000000018e+00	7.504787573673005543e-03	6.540213231978325714e-02
2.649999999999999911e+00	7.504732092432703922e-03	6.464649316872726759e-02
2.655000000000000249e+00	7.504677109564128132e-03	6.389758745939655427e-02
2.660000000000000142e+00	7.504622622098478489e-03	6.315537622795260042e-02
2.665000000000000036e+00	7.504568627072668620e-03	6.241982056399577455e-02
2.669999999999999929e+00	7.504515121524011137e-03	6.169088153730744456e-02
2.674999999999999822e+00	7.504462102495776561e-03	6.096852027503887189e-02
2.680000000000000160e+00	7.504409567031949252e-03	6.025269788937288179e-02
2.685000000000000053e+00	7.504357512182720409e-03	5.954337555373728774e-02
2.689999999999999947e+00	7.504305934999304720e-03	5.884051443139293180e-02
2.695000000000000284e+00	7.504254832539363103e-03	5.814407575066319472e-02
2.700000000000000178e+00	7.504204201861889613e-03	5.745402073445545627e-02
2.705000000000000071e+00	7.504154040032563061e-03	5.677031067449855861e-02
2.709999999999999964e+00	7.504104344118701572e-03	5.609290686180296720e-02
2.714999999999999858e+00	7.504055111194537012e-03	5.542177065989972035e-02
2.720000000000000195e+00	7.504006338336244135e-03	5.475686343624446700e-02
2.725000000000000089e+00	7.503958022627142156e-03	5.409814663445172700e-02
2.729999999999999982e+00	7.503910161152788950e-03	5.344558170664678171e-02
2.735000000000000320e+00	7.503862751006110630e-03	5.279913018468963132e-02
2.740000000000000213e+00	7.503815789282567740e-03	5.215875361347958178e-02
2.745000000000000107e+00	7.503769273085208504e-03	5.152441362116268880e-02
2.750000000000000000e+00	7.503723199519907877e-03	5.089607185339280193e-02
2.754999999999999893e+00	7.503677565700341869e-03	5.027369004251883156e-02
2.759999999999999787e+00	7.503632368743297712e-03	4.965722994280415137e-02
2.764999999999999680e+00	7.503587605773578799e-03	4.904665339859012180e-02
2.770000000000000018e+00	7.503543273919382507e-03	4.844192228047675131e-02
2.774999999999999911e+00	7.503499370317124467e-03	4.784299855245824351e-02
2.779999999999999805e+00	7.503455892106896188e-03	4.724984420906734595e-02
2.785000000000000142e+00	7.503412836437208661e-03	4.666242134148007592e-02
2.790000000000000036e+00	7.503370200460519369e-03	4.608069207562540126e-02
2.794999999999999929e+00	7.503327981337909978e-03	4.550461863725664691e-02
2.799999999999999822e+00	7.503286176234673192e-03	4.493416329102736112e-02
2.804999999999999716e+00	7.503244782324916713e-03	4.436928840452788320e-02
2.810000000000000053e+00	7.503203796787228166e-03	4.380995638832773514e-02
2.814999999999999947e+00	7.503163216809196658e-03	4.325612975897645540e-02
2.819999999999999840e+00	7.503123039583151424e-03	4.270777108001262007e-02
2.825000000000000178e+00	7.503083262310609666e-03	4.216484302392724953e-02
2.830000000000000071e+00	7.503043882198080251e-03	4.162730831414008376e-02
2.834999999999999964e+00	7.503004896461440421e-03	4.109512978592554100e-02
2.839999999999999858e+00	7.502966302321810617e-03	4.056827032935438754e-02
2.844999999999999751e+00	7.502928097009853130e-03	4.004669294918329625e-02
2.850000000000000089e+00	7.502890277761718914e-03	3.953036070876073810e-02
2.854999999999999982e+00	7.502852841823273375e-03	3.901923678888025854e-02
2.859999999999999876e+00	7.502815786446108241e-03	3.851328443264933482e-02
2.865000000000000213e+00	7.502779108891693624e-03	3.801246700330757067e-02
2.870000000000000107e+00	7.502742806427466216e-03	3.751674793005670139e-02
2.875000000000000000e+00	7.502706876330898084e-03	3.702609076484494888e-02
2.879999999999999893e+00	7.502671315885658596e-03	3.654045912915574595e-02
2.884999999999999787e+00	7.502636122385611221e-03	3.605981676976081213e-02
2.890000000000000124e+00	7.502601293131037907e-03	3.558412750646419015e-02
2.895000000000000018e+00	7.502566825432568226e-03	3.511335528682704016e-02
2.899999999999999911e+00	7.502532716607471404e-03	3.464746413486390064e-02
2.905000000000000249e+00	7.502498963983506540e-03	3.418641820474122711e-02
2.910000000000000142e+00	7.502465564895291830e-03	3.373018173042323375e-02
2.915000000000000036e+00	7.502432516688076723e-03	3.327871907834781262e-02
2.919999999999999929e+00	7.502399816714174462e-03	3.283199469801678649e-02
2.924999999999999822e+00	7.502367462336670054e-03	3.238997317365382295e-02
2.930000000000000160e+00	7.502335450925917866e-03	3.195261917573516408e-02
2.935000000000000053e+00	7.502303779863172400e-03	3.151989751163311593e-02
2.939999999999999947e+00	7.502272446537162215e-03	3.109177307808264415e-02
2.945000000000000284e+00	7.502241448347637433e-03	3.066821091081510867e-02
2.950000000000000178e+00	7.502210782702016523e-03	3.024917613795608320e-02
2.955000000000000071e+00	7.502180447018866154e-03	2.983463402865404665e-02
2.959999999999999964e+00	7.502150438724606955e-03	2.942454994740396554e-02
2.964999999999999858e+00	7.502120755256924851e-03	2.901888940167662509e-02
2.970000000000000195e+00	7.502091394061542740e-03	2.861761799716204882e-02
2.975000000000000089e+00	7.502062352595564171e-03	2.822070148440537427e-02
2.979999999999999982e+00	7.502033628324304877e-03	2.782810571496436083e-02
2.985000000000000320e+00	7.502005218724567930e-03	2.743979668705735786e-02
2.990000000000000213e+00	7.501977121281546389e-03	2.705574050262913796e-02
2.995000000000000107e+00	7.501949333492019534e-03	2.667590341201731691e-02
3.000000000000000000e+00	7.501921852861322300e-03	2.630025177191944868e-02
3.004999999999999893e+00	7.501894676906478189e-03	2.592875208908542589e-02
3.009999999999999787e+00	7.501867803153225954e-03	2.556137097917894271e-02
3.014999999999999680e+00	7.501841229139085722e-03	2.519807520950210003e-02
3.020000000000000018e+00	7.501814952410452465e-03	2.483883165874481089e-02
3.024999999999999911e+00	7.501788970525586665e-03	2.448360735874934718e-02
3.029999999999999805e+00	7.501763281051777171e-03	2.413236945513969056e-02
3.035000000000000142e+00	7.501737881568262475e-03	2.378508524813369857e-02
3.040000000000000036e+00	7.501712769663455155e-03	2.344172215404545512e-02
3.044999999999999929e+00	7.501687942937795492e-03	2.310224774515236626e-02
3.049999999999999822e+00	7.501663399001040101e-03	2.276662971206279418e-02
3.054999999999999716e+00	7.501639135475045295e-03	2.243483590264679084e-02
3.060000000000000053e+00	7.501615149991119023e-03	2.210683428526047378e-02
3.064999999999999947e+00	7.501591440192741794e-03	2.178259298674890126e-02
3.069999999999999840e+00	7.501568003732973257e-03	2.146208025651924478e-02
3.075000000000000178e+00	7.501544838277110668e-03	2.114526450362419138e-02
3.080000000000000071e+00	7.501521941500155326e-03	2.083211426167577707e-02
3.084999999999999964e+00	7.501499311089405118e-03	2.052259822501822234e-02
3.089999999999999858e+00	7.501476944741983406e-03	2.021668521447357939e-02
3.094999999999999751e+00	7.501454840167364781e-03	1.991434421261323653e-02
3.100000000000000089e+00	7.501432995084966401e-03	1.961554433032661887e-02
3.104999999999999982e+00	7.501411407226602629e-03	1.932025484120100667e-02
3.109999999999999876e+00	7.501390074334141414e-03	1.902844514890393926e-02
3.115000000000000213e+00	7.501368994161896481e-03	1.874008482068080517e-02
3.120000000000000107e+00	7.501348164474336624e-03	1.845514355554241787e-02
3.125000000000000000e+00	7.501327583048420650e-03	1.817359121688963061e-02
3.129999999999999893e+00	7.501307247671359577e-03	1.789539780149673395e-02
3.134999999999999787e+00	7.501287156142890863e-03	1.762053347127362848e-02
3.140000000000000124e+00	7.501267306273101329e-03	1.734896852303521517e-02
3.145000000000000018e+00	7.501247695884635455e-03	1.708067341941112843e-02
3.149999999999999911e+00	7.501228322810572953e-03	1.681561875939176567e-02
3.155000000000000249e+00	7.501209184896584156e-03	1.655377530839576353e-02
3.160000000000000142e+00	7.501190279998858762e-03	1.629511396958303882e-02
3.165000000000000036e+00	7.501171605986196173e-03	1.603960581309048228e-02
3.169999999999999929e+00	7.501153160737999287e-03	1.578722204810211957e-02
3.174999999999999822e+00	7.501134942146299792e-03	1.553793405126368231e-02
3.180000000000000160e+00	7.501116948113802259e-03	1.529171333949974274e-02
3.185000000000000053e+00	7.501099176555861732e-03	1.504853159761826258e-02
3.189999999999999947e+00	7.501081625398571193e-03	1.480836065186427915e-02
3.195000000000000284e+00	7.501064292580687104e-03	1.457117249672534171e-02
3.200000000000000178e+00	7.501047176051769787e-03	1.433693926921215944e-02
3.205000000000000071e+00	7.501030273774046513e-03	1.410563327487529724e-02
3.209999999999999964e+00	7.501013583720610861e-03	1.387722696280243792e-02
3.214999999999999858e+00	7.500997103877226832e-03	1.365169295085800170e-02
3.220000000000000195e+00	7.500980832240577642e-03	1.342900400138651550e-02
3.225000000000000089e+00	7.500964766820016928e-03	1.320913304568610384e-02
3.229999999999999982e+00	7.500948905635866117e-03	1.299205316040766278e-02
3.235000000000000320e+00	7.500933246721117054e-03	1.277773759127373739e-02
3.240000000000000213e+00	7.500917788119770141e-03	1.256615973016290619e-02
3.245000000000000107e+00	7.500902527888489262e-03	1.235729313808538871e-02
3.250000000000000000e+00	7.500887464094988487e-03	1.215111152294210892e-02
3.254999999999999893e+00	7.500872594819629757e-03	1.194758876176852877e-02
3.259999999999999787e+00	7.500857918153867702e-03	1.174669887915786096e-02
3.264999999999999680e+00	7.500843432201784004e-03	1.154841606878453941e-02
3.270000000000000018e+00	7.500829135078582524e-03	1.135271467248092324e-02
3.274999999999999911e+00	7.500815024912082032e-03	1.115956920105226104e-02
3.279999999999999805e+00	7.500801099841246031e-03	1.096895431399612375e-02
3.285000000000000142e+00	7.500787358017626041e-03	1.078084483962024782e-02
3.290000000000000036e+00	7.500773797603948675e-03	1.059521575539430945e-02
3.294999999999999929e+00	7.500760416775499075e-03	1.041204220738228478e-02
3.299999999999999822e+00	7.500747213718753081e-03	1.023129949121547380e-02
3.304999999999999716e+00	7.500734186632719916e-03	1.005296307085169066e-02
3.310000000000000053e+00	7.500721333727609907e-03	9.877008560158618763e-03
3.314999999999999947e+00	7.500708653226132068e-03	9.703411741011238809e-03
3.319999999999999840e+00	7.500696143362210397e-03	9.532148545475085943e-03
3.325000000000000178e+00	7.500683802382231147e-03	9.363195073253590198e-03
3.330000000000000071e+00	7.500671628543798160e-03	9.196527574460607035e-03
3.334999999999999964e+00	7.500659620116937633e-03	9.032122466429461094e-03
3.339999999999999858e+00	7.500647775382896822e-03	8.869956317063727724e-03
3.344999999999999751e+00	7.500636092635303703e-03	8.710005861019960022e-03
3.350000000000000089e+00	7.500624570179002110e-03	8.552247983626023314e-03
3.354999999999999982e+00	7.500613206331168889e-03	8.396659736449329364e-03
3.359999999999999876e+00	7.500601999420194142e-03	8.243218321771914742e-03
3.365000000000000213e+00	7.500590947786752415e-03	8.091901107555856884e-03
3.370000000000000107e+00	7.500580049782719361e-03	7.942685612464634240e-03
3.375000000000000000e+00	7.500569303772199568e-03	7.795549520237352904e-03
3.379999999999999893e+00	7.500558708130491796e-03	7.650470665245610695e-03
3.384999999999999787e+00	7.500548261245065622e-03	7.507427046288575080e-03
3.390000000000000124e+00	7.500537961514563978e-03	7.366396812674503962e-03
3.395000000000000018e+00	7.500527807349748576e-03	7.227358277448406830e-03
3.399999999999999911e+00	7.500517797172528457e-03	7.090289903987696818e-03
3.405000000000000249e+00	7.500507929416873332e-03	6.955170318674049057e-03
3.410000000000000142e+00	7.500498202527874220e-03	6.821978297992538007e-03
3.415000000000000036e+00	7.500488614962620357e-03	6.690692780659542038e-03
3.419999999999999929e+00	7.500479165189295402e-03	6.561292855214754735e-03
3.424999999999999822e+00	7.500469851688010975e-03	6.433757771616644729e-03
3.430000000000000160e+00	7.500460672949947963e-03	6.308066929317034978e-03
3.435000000000000053e+00	7.500451627478140620e-03	6.184199888335709279e-03
3.439999999999999947e+00	7.500442713786659513e-03	6.062136357806993323e-03
3.445000000000000284e+00	7.500433930401359181e-03	5.941856206544862511e-03
3.450000000000000178e+00	7.500425275859091447e-03	5.823339452051568346e-03
3.455000000000000071e+00	7.500416748708419248e-03	5.706566270584655966e-03
3.459999999999999964e+00	7.500408347508858570e-03	5.591516986616808585e-03
3.464999999999999858e+00	7.500400070831563654e-03	5.478172082416678419e-03
3.470000000000000195e+00	7.500391917258599286e-03	5.366512187949749879e-03
3.475000000000000089e+00	7.500383885383587849e-03	5.256518089983889218e-03
3.479999999999999982e+00	7.500375973811013695e-03	5.148170722421348960e-03
3.485000000000000320e+00	7.500368181156840709e-03	5.041451174940356217e-03
3.490000000000000213e+00	7.500360506047843573e-03	4.936340683748065110e-03
3.495000000000000107e+00	7.500352947122195836e-03	4.832820639769288586e-03
3.500000000000000000e+00	7.500345503028828069e-03	4.730872579810432854e-03
3.504999999999999893e+00	7.500338172427983841e-03	4.630478194306503550e-03
3.509999999999999787e+00	7.500330953990609097e-03	4.531619318886034517e-03
3.514999999999999680e+00	7.500323846398876046e-03	4.434277941687406362e-03
3.520000000000000018e+00	7.500316848345603762e-03	4.338436195315025640e-03
3.524999999999999911e+00	7.500309958534744775e-03	4.244076363735742319e-03
3.529999999999999805e+00	7.500303175680839499e-03	4.151180874616482511e-03
3.535000000000000142e+00	7.500296498509473331e-03	4.059732305811724826e-03
3.540000000000000036e+00	7.500289925756752768e-03	3.969713378072903427e-03
3.544999999999999929e+00	7.500283456169739953e-03	3.881106961137517283e-03
3.549999999999999822e+00	7.500277088505952205e-03	3.793896066800877057e-03
3.554999999999999716e+00	7.500270821533767084e-03	3.708063854617498888e-03
3.560000000000000053e+00	7.500264654031950536e-03	3.623593625325671492e-03
3.564999999999999947e+00	7.500258584790032469e-03	3.540468826171579240e-03
3.569999999999999840e+00	7.500252612607862662e-03	3.458673044677360552e-03
3.575000000000000178e+00	7.500246736295955972e-03	3.378190013598431508e-03
3.580000000000000071e+00	7.500240954675075136e-03	3.299003605025842365e-03
3.584999999999999964e+00	7.500235266576550826e-03	3.221097834986812354e-03
3.589999999999999858e+00	7.500229670841884397e-03	3.144456857872456133e-03
3.594999999999999751e+00	7.500224166323047996e-03	3.069064970691797595e-03
3.600000000000000089e+00	7.500218751882105524e-03	2.994906607815535620e-03
3.604999999999999982e+00	7.500213426391492792e-03	2.921966344893704541e-03
3.609999999999999876e+00	7.500208188733656703e-03	2.850228893906737917e-03
3.615000000000000213e+00	7.500203037801314587e-03	2.779679106756471462e-03
3.620000000000000107e+00	7.500197972497113334e-03	2.710301970615780487e-03
3.625000000000000000e+00	7.500192991733867047e-03	2.642082611202778084e-03
3.629999999999999893e+00	7.500188094434239588e-03	2.575006288420223811e-03
3.634999999999999787e+00	7.500183279530955351e-03	2.509058399322600368e-03
3.640000000000000124e+00	7.500178545966500882e-03	2.444224474036808554e-03
3.645000000000000018e+00	7.500173892693322644e-03	2.380490178431647359e-03
3.649999999999999911e+00	7.500169318673542522e-03	2.317841310311377460e-03
3.655000000000000249e+00	7.500164822879131291e-03	2.256263801796936242e-03
3.660000000000000142e+00	7.500160404291653614e-03	2.195743715784111670e-03
3.665000000000000036e+00	7.500156061902413761e-03	2.136267248045652881e-03
3.669999999999999929e+00	7.500151794712216213e-03	2.077820723945875657e-03
3.674999999999999822e+00	7.500147601731501842e-03	2.020390600272944578e-03
3.680000000000000160e+00	7.500143481980119792e-03	1.963963462201808070e-03
3.685000000000000053e+00	7.500139434487446306e-03	1.908526024865531091e-03
3.689999999999999947e+00	7.500135458292173096e-03	1.854065130558690171e-03
3.695000000000000284e+00	7.500131552442408818e-03	1.800567750056592670e-03
3.700000000000000178e+00	7.500127715995489122e-03	1.748020980051307339e-03
3.705000000000000071e+00	7.500123948018046910e-03	1.696412044227552183e-03
3.709999999999999964e+00	7.500120247585854473e-03	1.645728290923598744e-03
3.714999999999999858e+00	7.500116613783871199e-03	1.595957193972388343e-03
3.720000000000000195e+00	7.500113045706094383e-03	1.547086350579884167e-03
3.725000000000000089e+00	7.500109542455599132e-03	1.499103481939729771e-03
3.729999999999999982e+00	7.500106103144403916e-03	1.451996431321545857e-03
3.735000000000000320e+00	7.500102726893490522e-03	1.405753164467561135e-03
3.740000000000000213e+00	7.500099412832688696e-03	1.360361767883641907e-03
3.745000000000000107e+00	7.500096160100673537e-03	1.315810449025780690e-03
3.750000000000000000e+00	7.500092967844872692e-03	1.272087534786834695e-03
3.754999999999999893e+00	7.500089835221449876e-03	1.229181471480909850e-03
3.759999999999999787e+00	7.500086761395213797e-03	1.187080823518650704e-03
3.764999999999999680e+00	7.500083745539601679e-03	1.145774273197526678e-03
3.770000000000000018e+00	7.500080786836594259e-03	1.105250619558661865e-03
3.774999999999999911e+00	7.500077884476684560e-03	1.065498777990653463e-03
3.779999999999999805e+00	7.500075037658809375e-03	1.026507779261373599e-03
3.785000000000000142e+00	7.500072245590305026e-03	9.882667689427692814e-04
3.790000000000000036e+00	7.500069507486848384e-03	9.507650066109878074e-04
3.794999999999999929e+00	7.500066822572403098e-03	9.139918650995659420e-04
3.799999999999999822e+00	7.500064190079168414e-03	8.779368298613757487e-04
3.804999999999999716e+00	7.500061609247517594e-03	8.425894980574940435e-04
3.810000000000000053e+00	7.500059079325956286e-03	8.079395780745779292e-04
3.814999999999999947e+00	7.500056599571050531e-03	7.739768884565147427e-04
3.819999999999999840e+00	7.500054169247394667e-03	7.406913575711148888e-04
3.825000000000000178e+00	7.500051787627525467e-03	7.080730223913180021e-04
3.830000000000000071e+00	7.500049453991909990e-03	6.761120283050421013e-04
3.834999999999999964e+00	7.500047167628842368e-03	6.447986277530183248e-04
3.839999999999999858e+00	7.500044927834438602e-03	6.141231801757656393e-04
3.844999999999999751e+00	7.500042733912529874e-03	5.840761505145983939e-04
3.850000000000000089e+00	7.500040585174663418e-03	5.546481092899430143e-04
3.854999999999999982e+00	7.500038480939989760e-03	5.258297309719817385e-04
3.859999999999999876e+00	7.500036420535271392e-03	4.976117941846604350e-04
3.865000000000000213e+00	7.500034403294755271e-03	4.699851799523943694e-04
3.870000000000000107e+00	7.500032428560197105e-03	4.429408720241370472e-04
3.875000000000000000e+00	7.500030495680725176e-03	4.164699550024027739e-04
3.879999999999999893e+00	7.500028604012869832e-03	3.905636147818906186e-04
3.884999999999999787e+00	7.500026752920420370e-03	3.652131365668154477e-04
3.890000000000000124e+00	7.500024941774463202e-03	3.404099054188747080e-04
3.895000000000000018e+00	7.500023169953230068e-03	3.161454041689571348e-04
3.899999999999999911e+00	7.500021436842143133e-03	2.924112140691620442e-04
3.905000000000000249e+00	7.500019741833658000e-03	2.691990126045363608e-04
3.910000000000000142e+00	7.500018084327317487e-03	2.465005742442164969e-04
3.915000000000000036e+00	7.500016463729581619e-03	2.243077681588118741e-04
3.919999999999999929e+00	7.500014879453892683e-03	2.026125590656946624e-04
3.924999999999999822e+00	7.500013330920501757e-03	1.814070048576674839e-04
3.930000000000000160e+00	7.500011817556531159e-03	1.606832575375006904e-04
3.935000000000000053e+00	7.500010338795803574e-03	1.404335607631825814e-04
3.939999999999999947e+00	7.500008894078909714e-03	1.206502508670710726e-04
3.945000000000000284e+00	7.500007482853025299e-03	1.013257543229896334e-04
3.950000000000000178e+00	7.500006104571989123e-03	8.245258884540437850e-05
3.955000000000000071e+00	7.500004758696118302e-03	6.402336078339116560e-05
3.959999999999999964e+00	7.500003444692286345e-03	4.603076629551933289e-05
3.964999999999999858e+00	7.500002162033734057e-03	2.846758867558717222e-05
3.970000000000000195e+00	7.500000910200153685e-03	1.132669959881216307e-05
3.975000000000000089e+00	7.499999688677495488e-03	-5.398943615788480545e-06
3.979999999999999982e+00	7.499998496958060548e-03	-2.171629669211758363e-05
3.985000000000000320e+00	7.499997334540292604e-03	-3.763223119329657784e-05
3.990000000000000213e+00	7.499996200928887337e-03	-5.315353314538258242e-05
3.995000000000000107e+00	7.499995095634576399e-03	-6.828690588779570182e-05
4.000000000000000000e+00	7.499994018174233230e-03	-8.303896863794680270e-05
4.004999999999999893e+00	7.499992968070664026e-03	-9.741625939145848450e-05
4.009999999999999787e+00	7.499991944852715288e-03	-1.114252334315503595e-04
4.014999999999999680e+00	7.499990948055056117e-03	-1.250722662747431652e-04
4.019999999999999574e+00	7.499989977218293573e-03	-1.383636521287756117e-04
4.025000000000000355e+00	7.499989031888754099e-03	-1.513056068796094346e-04
4.030000000000000249e+00	7.499988111618598012e-03	-1.639042665015180461e-04
4.035000000000000142e+00	7.499987215965599197e-03	-1.761656900813677999e-04
4.040000000000000036e+00	7.499986344493266531e-03	-1.880958581843411841e-04
4.044999999999999929e+00	7.499985496770615774e-03	-1.997006759116647752e-04
4.049999999999999822e+00	7.499984672372295331e-03	-2.109859712254553250e-04
4.054999999999999716e+00	7.499983870878361610e-03	-2.219574980359738197e-04
4.059999999999999609e+00	7.499983091874400445e-03	-2.326209344887937255e-04
4.064999999999999503e+00	7.499982334951301594e-03	-2.429818860781411682e-04
4.070000000000000284e+00	7.499981599705387962e-03	-2.530458838996013800e-04
4.075000000000000178e+00	7.499980885738181426e-03	-2.628183877859120005e-04
4.080000000000000071e+00	7.499980192656537266e-03	-2.723047845282628972e-04
4.084999999999999964e+00	7.499979520072415189e-03	-2.815103910312115949e-04
4.089999999999999858e+00	7.499978867603005091e-03	-2.904404525055170427e-04
4.094999999999999751e+00	7.499978234870499812e-03	-2.991001456387958968e-04
4.099999999999999645e+00	7.499977621502226972e-03	-3.074945767628831203e-04
4.105000000000000426e+00	7.499977027130419992e-03	-3.156287850371545666e-04
4.110000000000000320e+00	7.499976451392348191e-03	-3.235077405930211585e-04
4.115000000000000213e+00	7.499975893930086943e-03	-3.311363477268509437e-04
4.120000000000000107e+00	7.499975354390654714e-03	-3.385194430243287727e-04
4.125000000000000000e+00	7.499974832425778011e-03	-3.456617985601223076e-04
4.129999999999999893e+00	7.499974327692029291e-03	-3.525681200046244996e-04
4.134999999999999787e+00	7.499973839850596243e-03	-3.592430498273494160e-04
4.139999999999999680e+00	7.499973368567417961e-03	-3.656911653887180398e-04
4.144999999999999574e+00	7.499972913512949028e-03	-3.719169821445384078e-04
4.150000000000000355e+00	7.499972474362305228e-03	-3.779249517250473180e-04
4.155000000000000249e+00	7.499972050795025887e-03	-3.837194651379608390e-04
4.160000000000000142e+00	7.499971642495216126e-03	-3.893048508370582908e-04
4.165000000000000036e+00	7.499971249151313538e-03	-3.946853779212119366e-04
4.169999999999999929e+00	7.499970870456226096e-03	-3.998652541947648000e-04
4.174999999999999822e+00	7.499970506107108380e-03	-4.048486293602291037e-04
4.179999999999999716e+00	7.499970155805489071e-03	-4.096395930724598482e-04
4.185000000000000497e+00	7.499969819257052382e-03	-4.142421781226523657e-04
4.190000000000000391e+00	7.499969496171775100e-03	-4.186603584883979903e-04
4.195000000000000284e+00	7.499969186263690663e-03	-4.228980525068389939e-04
4.200000000000000178e+00	7.499968889251039210e-03	-4.269591209225757477e-04
4.205000000000000071e+00	7.499968604856030799e-03	-4.308473700478205552e-04
4.209999999999999964e+00	7.499968332804991984e-03	-4.345665498099262106e-04
4.214999999999999858e+00	7.499968072828133367e-03	-4.381203568966174702e-04
4.219999999999999751e+00	7.499967824659694443e-03	-4.415124328048511187e-04
4.224999999999999645e+00	7.499967588037712886e-03	-4.447463669691981256e-04
4.230000000000000426e+00	7.499967362704167660e-03	-4.478256948138341830e-04
4.235000000000000320e+00	7.499967148404753509e-03	-4.507539008622393241e-04
4.240000000000000213e+00	7.499966944889018862e-03	-4.535344167938159437e-04
4.245000000000000107e+00	7.499966751910147264e-03	-4.561706245332109995e-04
4.250000000000000000e+00	7.499966569225090078e-03	-4.586658543130855254e-04
4.254999999999999893e+00	7.499966396594348779e-03	-4.610233877414995733e-04
4.259999999999999787e+00	7.499966233782114598e-03	-4.632464558722580229e-04
4.264999999999999680e+00	7.499966080556045613e-03	-4.653382422487240466e-04
4.269999999999999574e+00	7.499965936687404654e-03	-4.673018809831341446e-04
4.275000000000000355e+00	7.499965801950845938e-03	-4.691404597754534928e-04
4.280000000000000249e+00	7.499965676124543436e-03	-4.708570180028915308e-04
4.285000000000000142e+00	7.499965558989985306e-03	-4.724545497124604202e-04
4.290000000000000036e+00	7.499965450332103135e-03	-4.739360017219002887e-04
4.294999999999999929e+00	7.499965349939057696e-03	-4.753042765845314974e-04
4.299999999999999822e+00	7.499965257602378595e-03	-4.765622307029134062e-04
4.304999999999999716e+00	7.499965173116749165e-03	-4.777126772647992924e-04
4.309999999999999609e+00	7.499965096280142643e-03	-4.787583843703755067e-04
4.314999999999999503e+00	7.499965026893609665e-03	-4.797020779383375693e-04
4.320000000000000284e+00	7.499964964761415311e-03	-4.805464398477954369e-04
4.325000000000000178e+00	7.499964909690828331e-03	-4.812941108133010301e-04
4.330000000000000071e+00	7.499964861492252992e-03	-4.819476885423338653e-04
4.334999999999999964e+00	7.499964819979028710e-03	-4.825097305783579535e-04
4.339999999999999858e+00	7.499964784967556690e-03	-4.829827524747949490e-04
4.344999999999999751e+00	7.499964756277096092e-03	-4.833692306051989309e-04
4.349999999999999645e+00	7.499964733729899344e-03	-4.836716003544676073e-04
4.355000000000000426e+00	7.499964717151005704e-03	-4.838922588953003070e-04
4.360000000000000320e+00	7.499964706368373105e-03	-4.840335633974385439e-04
4.365000000000000213e+00	7.499964701212679524e-03	-4.840978337696568421e-04
4.370000000000000107e+00	7.499964701517450490e-03	-4.840873508877157087e-04
4.375000000000000000e+00	7.499964707118863920e-03	-4.840043593011643516e-04
4.379999999999999893e+00	7.499964717855872424e-03	-4.838510654805634487e-04
4.384999999999999787e+00	7.499964733570015953e-03	-4.836296404885892086e-04
4.389999999999999680e+00	7.499964754105543224e-03	-4.833422182471600308e-04
4.394999999999999574e+00	7.499964779309220911e-03	-4.829908981721352267e-04
4.400000000000000355e+00	7.499964809030458535e-03	-4.825777434608568813e-04
4.405000000000000249e+00	7.499964843121120252e-03	-4.821047836900115577e-04
4.410000000000000142e+00	7.499964881435643681e-03	-4.815740131240206631e-04
4.415000000000000036e+00	7.499964923830859491e-03	-4.809873932756293961e-04
4.419999999999999929e+00	7.499964970166109364e-03	-4.803468512354661058e-04
4.424999999999999822e+00	7.499965020303063848e-03	-4.796542821951527017e-04
4.429999999999999716e+00	7.499965074105835981e-03	-4.789115477983779440e-04
4.435000000000000497e+00	7.499965131440813025e-03	-4.781204786260432682e-04
4.440000000000000391e+00	7.499965192176762281e-03	-4.772828725692136492e-04
4.445000000000000284e+00	7.499965256184661089e-03	-4.764004972760999424e-04
4.450000000000000178e+00	7.499965323337807847e-03	-4.754750885470863811e-04
4.455000000000000071e+00	7.499965393511652881e-03	-4.745083527433230537e-04
4.459999999999999964e+00	7.499965466583905123e-03	-4.735019652040754431e-04
4.464999999999999858e+00	7.499965542434370788e-03	-4.724575726168131441e-04
4.469999999999999751e+00	7.499965620945054853e-03	-4.713767914569408054e-04
4.474999999999999645e+00	7.499965701999999727e-03	-4.702612103193165713e-04
4.480000000000000426e+00	7.499965785485394540e-03	-4.691123883805725929e-04
4.485000000000000320e+00	7.499965871289407740e-03	-4.679318576918731882e-04
4.490000000000000213e+00	7.499965959302295516e-03	-4.667211216638060024e-04
4.495000000000000107e+00	7.499966049416242203e-03	-4.654816573206159176e-04
4.500000000000000000e+00	7.499966141525466097e-03	-4.642149138076691935e-04
4.504999999999999893e+00	7.499966235526058130e-03	-4.629223146070499898e-04
4.509999999999999787e+00	7.499966331316088551e-03	-4.616052560675583481e-04
4.514999999999999680e+00	7.499966428795449072e-03	-4.602651095819790283e-04
4.519999999999999574e+00	7.499966527865959548e-03	-4.589032201394438720e-04
4.525000000000000355e+00	7.499966628431207517e-03	-4.575209084644053705e-04
4.530000000000000249e+00	7.499966730396658357e-03	-4.561194695913828160e-04
4.535000000000000142e+00	7.499966833669499157e-03	-4.547001749657759648e-04
4.540000000000000036e+00	7.499966938158735864e-03	-4.532642710408194432e-04
4.544999999999999929e+00	7.499967043775053639e-03	-4.518129813406077371e-04
4.549999999999999822e+00	7.499967150430907926e-03	-4.503475050789588845e-04
4.554999999999999716e+00	7.499967258040384811e-03	-4.488690191848383575e-04
4.559999999999999609e+00	7.499967366519289490e-03	-4.473786769430193925e-04
4.564999999999999503e+00	7.499967475785012695e-03	-4.458776099823107695e-04
4.570000000000000284e+00	7.499967585756620904e-03	-4.443669269376046018e-04
4.575000000000000178e+00	7.499967696354717557e-03	-4.428477154012361999e-04
4.580000000000000071e+00	7.499967807501536736e-03	-4.413210406062333807e-04
4.584999999999999964e+00	7.499967919120806119e-03	-4.397879473412196535e-04
4.589999999999999858e+00	7.499968031137837186e-03	-4.382494586544261094e-04
4.594999999999999751e+00	7.499968143479393383e-03	-4.367065777325205992e-04
4.599999999999999645e+00	7.499968256073781189e-03	-4.351602866250265842e-04
4.605000000000000426e+00	7.499968368850712212e-03	-4.336115480878226106e-04
4.610000000000000320e+00	7.499968481741402064e-03	-4.320613043274480303e-04
4.615000000000000213e+00	7.499968594678429849e-03	-4.305104788095255532e-04
4.620000000000000107e+00	7.499968707595834443e-03	-4.289599750226229398e-04
4.625000000000000000e+00	7.499968820428984384e-03	-4.274106782522670424e-04
4.629999999999999893e+00	7.499968933114663748e-03	-4.258634543638672347e-04
4.634999999999999787e+00	7.499969045590948978e-03	-4.243191515428310057e-04
4.639999999999999680e+00	7.499969157797291286e-03	-4.227785990959947201e-04
4.644999999999999574e+00	7.499969269674398691e-03	-4.212426091585952598e-04
4.650000000000000355e+00	7.499969381164316683e-03	-4.197119755136382050e-04
4.655000000000000249e+00	7.499969492210307662e-03	-4.181874752662629625e-04
4.660000000000000142e+00	7.499969602756938539e-03	-4.166698676805544589e-04
4.665000000000000036e+00	7.499969712749955837e-03	-4.151598958220480660e-04
4.669999999999999929e+00	7.499969822136372428e-03	-4.136582854112394176e-04
4.674999999999999822e+00	7.499969930864352173e-03	-4.121657464349248647e-04
4.679999999999999716e+00	7.499970038883286248e-03	-4.106829720159186508e-04
4.685000000000000497e+00	7.499970146143683861e-03	-4.092106399940063249e-04
4.690000000000000391e+00	7.499970252597251176e-03	-4.077494118110612195e-04
4.695000000000000284e+00	7.499970358196776828e-03	-4.062999340624393681e-04
4.700000000000000178e+00	7.499970462896213448e-03	-4.048628373968680212e-04
4.705000000000000071e+00	7.499970566650565780e-03	-4.034387380389183866e-04
4.709999999999999964e+00	7.499970669415973942e-03	-4.020282367030004285e-04
4.714999999999999858e+00	7.499970771149598071e-03	-4.006319200878878032e-04
4.719999999999999751e+00	7.499970871809699853e-03	-3.992503598040120249e-04
4.724999999999999645e+00	7.499970971355537572e-03	-3.978841138408280818e-04
4.730000000000000426e+00	7.499971069747438969e-03	-3.965337255066658860e-04
4.735000000000000320e+00	7.499971166946698894e-03	-3.951997248698373806e-04
4.740000000000000213e+00	7.499971262915654767e-03	-3.938826277101526493e-04
4.745000000000000107e+00	7.499971357617585092e-03	-3.925829369347997536e-04
4.750000000000000000e+00	7.499971451016782323e-03	-3.913011415407753428e-04
4.754999999999999893e+00	7.499971543078453977e-03	-3.900377180062796823e-04
4.759999999999999787e+00	7.499971633768794631e-03	-3.887931292632114790e-04
4.764999999999999680e+00	7.499971723054890509e-03	-3.875678260651603513e-04
4.769999999999999574e+00	7.499971810904788871e-03	-3.863622459691131990e-04
4.775000000000000355e+00	7.499971897287402607e-03	-3.851768146809895934e-04
4.780000000000000249e+00	7.499971982172584824e-03	-3.840119450455994682e-04
4.785000000000000142e+00	7.499972065531030838e-03	-3.828680383707311471e-04
4.790000000000000036e+00	7.499972147334348430e-03	-3.817454834244840491e-04
4.794999999999999929e+00	7.499972227554969374e-03	-3.806446577389566936e-04
4.799999999999999822e+00	7.499972306166216227e-03	-3.795659266140392440e-04
4.804999999999999716e+00	7.499972383142212116e-03	-3.785096444016736411e-04
4.809999999999999609e+00	7.499972458457951005e-03	-3.774761535150789201e-04
4.814999999999999503e+00	7.499972532089205744e-03	-3.764657856948068308e-04
4.820000000000000284e+00	7.499972604012600935e-03	-3.754788610224354234e-04
4.825000000000000178e+00	7.499972674205521855e-03	-3.745156891693586401e-04
4.830000000000000071e+00	7.499972742646183847e-03	-3.735765684139173638e-04
4.834999999999999964e+00	7.499972809313545583e-03	-3.726617868742220191e-04
4.839999999999999858e+00	7.499972874187378451e-03	-3.717716215277127754e-04
4.844999999999999751e+00	7.499972937248178088e-03	-3.709063394289264289e-04
4.849999999999999645e+00	7.499972998477238105e-03	-3.700661967305052084e-04
4.855000000000000426e+00	7.499973057856556408e-03	-3.692514398871930424e-04
4.860000000000000320e+00	7.499973115368914131e-03	-3.684623046771146027e-04
4.865000000000000213e+00	7.499973170997782830e-03	-3.676990173931682631e-04
4.870000000000000107e+00	7.499973224727399072e-03	-3.669617938635343296e-04
4.875000000000000000e+00	7.499973276542676835e-03	-3.662508406315877077e-04
4.879999999999999893e+00	7.499973326429279497e-03	-3.655663539745737222e-04
4.884999999999999787e+00	7.499973374373535701e-03	-3.649085210733220741e-04
4.889999999999999680e+00	7.499973420362508747e-03	-3.642775190278698728e-04
4.894999999999999574e+00	7.499973464383915059e-03	-3.636735160181784493e-04
4.900000000000000355e+00	7.499973506426192704e-03	-3.630966703156346853e-04
4.905000000000000249e+00	7.499973546478419864e-03	-3.625471314359879718e-04
4.910000000000000142e+00	7.499973584530385956e-03	-3.620250391454944401e-04
4.915000000000000036e+00	7.499973620572511837e-03	-3.615305246074075260e-04
4.919999999999999929e+00	7.499973654595913988e-03	-3.610637093815869552e-04
4.924999999999999822e+00	7.499973686592330789e-03	-3.606247065658264991e-04
4.929999999999999716e+00	7.499973716554191039e-03	-3.602136197877288588e-04
4.935000000000000497e+00	7.499973744474532425e-03	-3.598305443421057894e-04
4.940000000000000391e+00	7.499973770347076116e-03	-3.594755661739118947e-04
4.945000000000000284e+00	7.499973794166140892e-03	-3.591487630130446715e-04
4.950000000000000178e+00	7.499973815926721209e-03	-3.588502033471049099e-04
4.955000000000000071e+00	7.499973835624405664e-03	-3.585799475549792878e-04
4.959999999999999964e+00	7.499973853255448124e-03	-3.583380468681384768e-04
4.964999999999999858e+00	7.499973868816687921e-03	-3.581245445042799099e-04
4.969999999999999751e+00	7.499973882305628788e-03	-3.579394746158370724e-04
4.974999999999999645e+00	7.499973893720351253e-03	-3.577828634251911644e-04
4.980000000000000426e+00	7.499973903059593307e-03	-3.576547281591767281e-04
4.985000000000000320e+00	7.499973910322667130e-03	-3.575550781870735296e-04
4.990000000000000213e+00	7.499973915509537160e-03	-3.574839139397305559e-04
4.995000000000000107e+00	7.499973918620738561e-03	-3.574412280518782258e-04
5.000000000000000000e+00	7.499973919657451811e-03	-3.574270042645634254e-04
