# coordinate_x	h	p	@time=321.28999999999996
0.000000000000000000e+00	2.700726582105507090e-01	5.716834230135873218e-01
5.000000000000000104e-03	2.700690897759152609e-01	5.716834224518868579e-01
1.000000000000000021e-02	2.700583844731952454e-01	5.716834207665792977e-01
1.499999999999999944e-02	2.700405423036680852e-01	5.716834179574424857e-01
2.000000000000000042e-02	2.700155632704371866e-01	5.716834140239371864e-01
2.500000000000000139e-02	2.699834473770609256e-01	5.716834089654446727e-01
2.999999999999999889e-02	2.699441946288820837e-01	5.716834027810361318e-01
3.500000000000000333e-02	2.698978050316925836e-01	5.716833954697043696e-01
4.000000000000000083e-02	2.698442785930723620e-01	5.716833870301313292e-01
4.499999999999999833e-02	2.697836153210536048e-01	5.716833774609195729e-01
5.000000000000000278e-02	2.697158152254633401e-01	5.716833667603595792e-01
5.500000000000000028e-02	2.696408783165853973e-01	5.716833549266615577e-01
5.999999999999999778e-02	2.695588046065071630e-01	5.716833419577216358e-01
6.500000000000000222e-02	2.694695941077785428e-01	5.716833278513540062e-01
7.000000000000000666e-02	2.693732468347639908e-01	5.716833126050572256e-01
7.500000000000001110e-02	2.692697628022977518e-01	5.716832962162458065e-01
8.000000000000000167e-02	2.691591420270410540e-01	5.716832786820161827e-01
8.499999999999999223e-02	2.690413845261335757e-01	5.716832599993785236e-01
8.999999999999999667e-02	2.689164903185568556e-01	5.716832401650222550e-01
9.500000000000000111e-02	2.687844594237803753e-01	5.716832191755477632e-01
1.000000000000000056e-01	2.686452918631325737e-01	5.716831970272314711e-01
1.050000000000000100e-01	2.684989876584408242e-01	5.716831737162584304e-01
1.100000000000000006e-01	2.683455468334104976e-01	5.716831492384857327e-01
1.149999999999999911e-01	2.681849694122583339e-01	5.716831235896754349e-01
1.199999999999999956e-01	2.680172554211002756e-01	5.716830967652584139e-01
1.250000000000000000e-01	2.678424048865772900e-01	5.716830687605665151e-01
1.300000000000000044e-01	2.676604178372533061e-01	5.716830395705960743e-01
1.350000000000000089e-01	2.674712943022321543e-01	5.716830091902398436e-01
1.400000000000000133e-01	2.672750343125666062e-01	5.716829776140509578e-01
1.450000000000000178e-01	2.670716378998660989e-01	5.716829448364741939e-01
1.499999999999999944e-01	2.668611050977169885e-01	5.716829108516093827e-01
1.549999999999999989e-01	2.666434359402805043e-01	5.716828756534431122e-01
1.600000000000000033e-01	2.664186304637255476e-01	5.716828392356114730e-01
1.650000000000000078e-01	2.661866887048155439e-01	5.716828015916317618e-01
1.700000000000000122e-01	2.659476107023550084e-01	5.716827627146645607e-01
1.749999999999999889e-01	2.657013964957642416e-01	5.716827225977461069e-01
1.799999999999999933e-01	2.654480461265402713e-01	5.716826812335488173e-01
1.849999999999999978e-01	2.651875596368192811e-01	5.716826386146147687e-01
1.900000000000000022e-01	2.649199370708528734e-01	5.716825947331151125e-01
1.950000000000000067e-01	2.646451784735563972e-01	5.716825495810832214e-01
2.000000000000000111e-01	2.643632838920021988e-01	5.716825031501744370e-01
2.050000000000000155e-01	2.640742533739532383e-01	5.716824554318986618e-01
2.099999999999999922e-01	2.637780869693738262e-01	5.716824064173795517e-01
2.149999999999999967e-01	2.634747847289475309e-01	5.716823560975872187e-01
2.200000000000000011e-01	2.631643467056068442e-01	5.716823044630966466e-01
2.250000000000000056e-01	2.628467729530343244e-01	5.716822515043209485e-01
2.300000000000000100e-01	2.625220635272121905e-01	5.716821972112682282e-01
2.349999999999999867e-01	2.621902184849056461e-01	5.716821415737757262e-01
2.399999999999999911e-01	2.618512378852338451e-01	5.716820845812654595e-01
2.449999999999999956e-01	2.615051217881338985e-01	5.716820262229787009e-01
2.500000000000000000e-01	2.611518702559548211e-01	5.716819664877309526e-01
2.550000000000000044e-01	2.607914833519011100e-01	5.716819053641456483e-01
2.600000000000000089e-01	2.604239611416505618e-01	5.716818428404092378e-01
2.650000000000000133e-01	2.600493036917766454e-01	5.716817789045048892e-01
2.700000000000000178e-01	2.596675110713915213e-01	5.716817135439664632e-01
2.750000000000000222e-01	2.592785833505457105e-01	5.716816467461119933e-01
2.800000000000000266e-01	2.588825206018982583e-01	5.716815784977973269e-01
2.850000000000000311e-01	2.584793228990918679e-01	5.716815087856491617e-01
2.899999999999999800e-01	2.580689903184516520e-01	5.716814375958184646e-01
2.949999999999999845e-01	2.576515229373352867e-01	5.716813649142126197e-01
2.999999999999999889e-01	2.572269208358610171e-01	5.716812907262485144e-01
3.049999999999999933e-01	2.567951840952315545e-01	5.716812150170843543e-01
3.099999999999999978e-01	2.563563127994936131e-01	5.716811377713723052e-01
3.150000000000000022e-01	2.559103070338333841e-01	5.716810589734896420e-01
3.200000000000000067e-01	2.554571668863695466e-01	5.716809786072906130e-01
3.250000000000000111e-01	2.549968924464189324e-01	5.716808966563374783e-01
3.300000000000000155e-01	2.545294838063249521e-01	5.716808131036514862e-01
3.350000000000000200e-01	2.540549410596914526e-01	5.716807279319434665e-01
3.400000000000000244e-01	2.535732643032487243e-01	5.716806411233642526e-01
3.449999999999999734e-01	2.530844536350538854e-01	5.716805526597341647e-01
3.499999999999999778e-01	2.525885091563963014e-01	5.716804625222939862e-01
3.549999999999999822e-01	2.520854309699632756e-01	5.716803706919323380e-01
3.599999999999999867e-01	2.515752191817862693e-01	5.716802771489365442e-01
3.649999999999999911e-01	2.510578738993703429e-01	5.716801818732192286e-01
3.699999999999999956e-01	2.505333952336838976e-01	5.716800848440690697e-01
3.750000000000000000e-01	2.500017832972492582e-01	5.716799860403752875e-01
3.800000000000000044e-01	2.494630382061785723e-01	5.716798854403793984e-01
3.850000000000000089e-01	2.489171600782235372e-01	5.716797830218963705e-01
3.900000000000000133e-01	2.483641490348599268e-01	5.716796787620681553e-01
3.950000000000000178e-01	2.478040051992945192e-01	5.716795726375822895e-01
4.000000000000000222e-01	2.472367286986006663e-01	5.716794646244252043e-01
4.050000000000000266e-01	2.466623196616799518e-01	5.716793546980991625e-01
4.099999999999999756e-01	2.460807782214520512e-01	5.716792428333759002e-01
4.149999999999999800e-01	2.454921045127686219e-01	5.716791290045100116e-01
4.199999999999999845e-01	2.448962986746603954e-01	5.716790131849951440e-01
4.249999999999999889e-01	2.442933608482007191e-01	5.716788953477728308e-01
4.299999999999999933e-01	2.436832911788130440e-01	5.716787754649899078e-01
4.349999999999999978e-01	2.430660898140816761e-01	5.716786535082041265e-01
4.400000000000000022e-01	2.424417569061228239e-01	5.716785294481427915e-01
4.450000000000000067e-01	2.418102926093396721e-01	5.716784032549039329e-01
4.500000000000000111e-01	2.411716970828607920e-01	5.716782748977172757e-01
4.550000000000000155e-01	2.405259704882363736e-01	5.716781443451399713e-01
4.600000000000000200e-01	2.398731129919480509e-01	5.716780115648203431e-01
4.649999999999999689e-01	2.392131247630429891e-01	5.716778765236876225e-01
4.699999999999999734e-01	2.385460059757189832e-01	5.716777391877191361e-01
4.749999999999999778e-01	2.378717568068932919e-01	5.716775995221226037e-01
4.799999999999999822e-01	2.371903774388674224e-01	5.716774574911076545e-01
4.849999999999999867e-01	2.365018680568269638e-01	5.716773130580603546e-01
4.899999999999999911e-01	2.358062288515908600e-01	5.716771661853192743e-01
4.949999999999999956e-01	2.351034600170381905e-01	5.716770168343411340e-01
5.000000000000000000e-01	2.343935617529470938e-01	5.716768649654818679e-01
5.050000000000000044e-01	2.336765342623445263e-01	5.716767105381529435e-01
5.100000000000000089e-01	2.329523777544399432e-01	5.716765535106079765e-01
5.150000000000000133e-01	2.322210924418939559e-01	5.716763938400887257e-01
5.200000000000000178e-01	2.314826785438523493e-01	5.716762314826177027e-01
5.250000000000000222e-01	2.307371362831288075e-01	5.716760663931320652e-01
5.300000000000000266e-01	2.299844658893459570e-01	5.716758985252849978e-01
5.350000000000000311e-01	2.292246675960268321e-01	5.716757278315646174e-01
5.400000000000000355e-01	2.284577416438494657e-01	5.716755542631042353e-01
5.450000000000000400e-01	2.276836882776421822e-01	5.716753777697871630e-01
5.500000000000000444e-01	2.269025077497586751e-01	5.716751983000659676e-01
5.550000000000000488e-01	2.261142003169713255e-01	5.716750158010501792e-01
5.600000000000000533e-01	2.253187662439744277e-01	5.716748302183372044e-01
5.649999999999999467e-01	2.245162058001699823e-01	5.716746414960807154e-01
5.699999999999999512e-01	2.237065192633067578e-01	5.716744495768348866e-01
5.749999999999999556e-01	2.228897069161521194e-01	5.716742544016005789e-01
5.799999999999999600e-01	2.220657690502762516e-01	5.716740559096842311e-01
5.849999999999999645e-01	2.212347059626026125e-01	5.716738540387210632e-01
5.899999999999999689e-01	2.203965179593471713e-01	5.716736487245491771e-01
5.949999999999999734e-01	2.195512053524400486e-01	5.716734399012068923e-01
5.999999999999999778e-01	2.186987684636299833e-01	5.716732275008251651e-01
6.049999999999999822e-01	2.178392076207693595e-01	5.716730114535945040e-01
6.099999999999999867e-01	2.169725231620948658e-01	5.716727916876788163e-01
6.149999999999999911e-01	2.160987154323674719e-01	5.716725681291487948e-01
6.199999999999999956e-01	2.152177847873416594e-01	5.716723407019194125e-01
6.250000000000000000e-01	2.143297315897508548e-01	5.716721093276458943e-01
6.300000000000000044e-01	2.134345562139782770e-01	5.716718739256874127e-01
6.350000000000000089e-01	2.125322590418781132e-01	5.716716344129616489e-01
6.400000000000000133e-01	2.116228404676622488e-01	5.716713907039384646e-01
6.450000000000000178e-01	2.107063008935464998e-01	5.716711427104471666e-01
6.500000000000000222e-01	2.097826407348686306e-01	5.716708903417043741e-01
6.550000000000000266e-01	2.088518604155481795e-01	5.716706335040689924e-01
6.600000000000000311e-01	2.079139603734528052e-01	5.716703721011068273e-01
6.650000000000000355e-01	2.069689410556589393e-01	5.716701060332884943e-01
6.700000000000000400e-01	2.060168029240852239e-01	5.716698351980961101e-01
6.750000000000000444e-01	2.050575464505401957e-01	5.716695594896548105e-01
6.800000000000000488e-01	2.040911721226431608e-01	5.716692787988884028e-01
6.850000000000000533e-01	2.031176804386443102e-01	5.716689930130770536e-01
6.899999999999999467e-01	2.021370719136548755e-01	5.716687020160661215e-01
6.949999999999999512e-01	2.011493470742239664e-01	5.716684056877427977e-01
6.999999999999999556e-01	2.001545064649020433e-01	5.716681039043044477e-01
7.049999999999999600e-01	1.991525506425573522e-01	5.716677965376428805e-01
7.099999999999999645e-01	1.981434801832992199e-01	5.716674834556817464e-01
7.149999999999999689e-01	1.971272956765152129e-01	5.716671645216567788e-01
7.199999999999999734e-01	1.961039977321834549e-01	5.716668395945289083e-01
7.249999999999999778e-01	1.950735869746100248e-01	5.716665085281491532e-01
7.299999999999999822e-01	1.940360640501625211e-01	5.716661711717583305e-01
7.349999999999999867e-01	1.929914296206851898e-01	5.716658273690197190e-01
7.399999999999999911e-01	1.919396843716894563e-01	5.716654769586171358e-01
7.449999999999999956e-01	1.908808290054221646e-01	5.716651197731399403e-01
7.500000000000000000e-01	1.898148642495520177e-01	5.716647556397909113e-01
7.550000000000000044e-01	1.887417908498647268e-01	5.716643843791051616e-01
7.600000000000000089e-01	1.876616095794885197e-01	5.716640058057813611e-01
7.650000000000000133e-01	1.865743212311867516e-01	5.716636197272142450e-01
7.700000000000000178e-01	1.854799266271708047e-01	5.716632259444652808e-01
7.750000000000000222e-01	1.843784266109580183e-01	5.716628242505833457e-01
7.800000000000000266e-01	1.832698220578252990e-01	5.716624144317338230e-01
7.850000000000000311e-01	1.821541138661973702e-01	5.716619962652798037e-01
7.900000000000000355e-01	1.810313029688001008e-01	5.716615695210909287e-01
7.950000000000000400e-01	1.799013903235407719e-01	5.716611339593520302e-01
8.000000000000000444e-01	1.787643769254274595e-01	5.716606893320766991e-01
8.050000000000000488e-01	1.776202637968981868e-01	5.716602353806069514e-01
8.100000000000000533e-01	1.764690520005805230e-01	5.716597718373582770e-01
8.149999999999999467e-01	1.753107426290231030e-01	5.716592984229681429e-01
8.199999999999999512e-01	1.741453368183779882e-01	5.716588148483052745e-01
8.249999999999999556e-01	1.729728357374824277e-01	5.716583208112181458e-01
8.299999999999999600e-01	1.717932406025572123e-01	5.716578159988437990e-01
8.349999999999999645e-01	1.706065526655814735e-01	5.716573000839008101e-01
8.399999999999999689e-01	1.694127732301113076e-01	5.716567727273406119e-01
8.449999999999999734e-01	1.682119036388839695e-01	5.716562335741194323e-01
8.499999999999999778e-01	1.670039452908750333e-01	5.716556822562399720e-01
8.549999999999999822e-01	1.657888996280610927e-01	5.716551183879269304e-01
8.599999999999999867e-01	1.645667681538489358e-01	5.716545415691166587e-01
8.649999999999999911e-01	1.633375524189180361e-01	5.716539513799479000e-01
8.699999999999999956e-01	1.621012540411730096e-01	5.716533473847642544e-01
8.750000000000000000e-01	1.608578746905783285e-01	5.716527291258176602e-01
8.800000000000000044e-01	1.596074161108058942e-01	5.716520961278600543e-01
8.850000000000000089e-01	1.583498801029639413e-01	5.716514478909408004e-01
8.900000000000000133e-01	1.570852685491359313e-01	5.716507838956750298e-01
8.950000000000000178e-01	1.558135833948940674e-01	5.716501035949942411e-01
9.000000000000000222e-01	1.545348266749532185e-01	5.716494064201960157e-01
9.050000000000000266e-01	1.532490004943465600e-01	5.716486917714823646e-01
9.100000000000000311e-01	1.519561070564515171e-01	5.716479590249124998e-01
9.150000000000000355e-01	1.506561486426891694e-01	5.716472075215330850e-01
9.200000000000000400e-01	1.493491276432178660e-01	5.716464365753779475e-01
9.250000000000000444e-01	1.480350465350011302e-01	5.716456454609593063e-01
9.300000000000000488e-01	1.467139079155102277e-01	5.716448334224826233e-01
9.350000000000000533e-01	1.453857144789848510e-01	5.716439996594252504e-01
9.399999999999999467e-01	1.440504690535399090e-01	5.716431433371659265e-01
9.449999999999999512e-01	1.427081745754211484e-01	5.716422635703224397e-01
9.499999999999999556e-01	1.413588341299747142e-01	5.716413594350351346e-01
9.549999999999999600e-01	1.400024509236733605e-01	5.716404299496710140e-01
9.599999999999999645e-01	1.386390283294849923e-01	5.716394740890428094e-01
9.649999999999999689e-01	1.372685698564137524e-01	5.716384907620107869e-01
9.699999999999999734e-01	1.358910791998954870e-01	5.716374788279752206e-01
9.749999999999999778e-01	1.345065602085632472e-01	5.716364370708068021e-01
9.799999999999999822e-01	1.331150169404076711e-01	5.716353642180194150e-01
9.849999999999999867e-01	1.317164536264359975e-01	5.716342589103413641e-01
9.899999999999999911e-01	1.303108747334690287e-01	5.716331197240573925e-01
9.949999999999999956e-01	1.288982849243147655e-01	5.716319451353828462e-01
1.000000000000000000e+00	1.274786891282367052e-01	5.716307335465674599e-01
1.004999999999999893e+00	1.260520924972083068e-01	5.716294832440478313e-01
1.010000000000000009e+00	1.246185004852856382e-01	5.716281924290335104e-01
1.015000000000000124e+00	1.231779188004442499e-01	5.716268591681769040e-01
1.020000000000000018e+00	1.217303534943347809e-01	5.716254814295225195e-01
1.024999999999999911e+00	1.202758109091274924e-01	5.716240570241369889e-01
1.030000000000000027e+00	1.188142977794315047e-01	5.716225836485007150e-01
1.035000000000000142e+00	1.173458211734860340e-01	5.716210588151632299e-01
1.040000000000000036e+00	1.158703886093988972e-01	5.716194799029090667e-01
1.044999999999999929e+00	1.143880079899194796e-01	5.716178440740184996e-01
1.050000000000000044e+00	1.128986877356246560e-01	5.716161483338604299e-01
1.055000000000000160e+00	1.114024367123883086e-01	5.716143894317139429e-01
1.060000000000000053e+00	1.098992643847360312e-01	5.716125639318495599e-01
1.064999999999999947e+00	1.083891807349843389e-01	5.716106680940546969e-01
1.070000000000000062e+00	1.068721964407403219e-01	5.716086979587914341e-01
1.075000000000000178e+00	1.053483227845207065e-01	5.716066492025064782e-01
1.080000000000000071e+00	1.038175718603362163e-01	5.716045172401343910e-01
1.084999999999999964e+00	1.022799564724083676e-01	5.716022970488668919e-01
1.090000000000000080e+00	1.007354903770251858e-01	5.715999832921629942e-01
1.095000000000000195e+00	9.918418816875301802e-02	5.715975701037813161e-01
1.100000000000000089e+00	9.762606556536923552e-02	5.715950512386268612e-01
1.104999999999999982e+00	9.606113927971292321e-02	5.715924198063369044e-01
1.110000000000000098e+00	9.448942735762809464e-02	5.715896684558470220e-01
1.115000000000000213e+00	9.291094903331423294e-02	5.715867890444019661e-01
1.120000000000000107e+00	9.132572513303340023e-02	5.715837728648051064e-01
1.125000000000000000e+00	8.973377791150796701e-02	5.715806102310345693e-01
1.129999999999999893e+00	8.813513153792709720e-02	5.715772907599503405e-01
1.134999999999999787e+00	8.652981191061226429e-02	5.715738028481806010e-01
1.139999999999999902e+00	8.491784724698012154e-02	5.715701340239008887e-01
1.145000000000000018e+00	8.329926787337990635e-02	5.715662702804952255e-01
1.149999999999999911e+00	8.167410694769740298e-02	5.715621965193241616e-01
1.154999999999999805e+00	8.004240022101655194e-02	5.715578956926105070e-01
1.159999999999999920e+00	7.840418693131022410e-02	5.715533493655261532e-01
1.165000000000000036e+00	7.675950953349615358e-02	5.715485366018835389e-01
1.169999999999999929e+00	7.510841481640974371e-02	5.715434346843595304e-01
1.174999999999999822e+00	7.345095359809498958e-02	5.715380176488776831e-01
1.179999999999999938e+00	7.178718213791812630e-02	5.715322572168356485e-01
1.185000000000000053e+00	7.011716179490319611e-02	5.715261208427145911e-01
1.189999999999999947e+00	6.844096083542454412e-02	5.715195729340936115e-01
1.194999999999999840e+00	6.675865405468350833e-02	5.715125722141554121e-01
1.199999999999999956e+00	6.507032512269292357e-02	5.715050733377025072e-01
1.205000000000000071e+00	6.337606617374422213e-02	5.714970232727201171e-01
1.209999999999999964e+00	6.167598089713726556e-02	5.714883634694454262e-01
1.214999999999999858e+00	5.997018410880482209e-02	5.714790248105789949e-01
1.219999999999999973e+00	5.825880589137603233e-02	5.714689305654140350e-01
1.225000000000000089e+00	5.654199117995142854e-02	5.714579892073272660e-01
1.229999999999999982e+00	5.481990541064726136e-02	5.714460985024532036e-01
1.234999999999999876e+00	5.309273418632932257e-02	5.714331350747597904e-01
1.239999999999999991e+00	5.136069114233639266e-02	5.714189601671797458e-01
1.245000000000000107e+00	4.962401782230711766e-02	5.714034041167218581e-01
1.250000000000000000e+00	4.788299488376965285e-02	5.713862746360751643e-01
1.254999999999999893e+00	4.613794243780098420e-02	5.713673330891567703e-01
1.260000000000000009e+00	4.438923642453552337e-02	5.713463066665803725e-01
1.265000000000000124e+00	4.263730991173665663e-02	5.713228510164211071e-01
1.270000000000000018e+00	4.088267771812650192e-02	5.712965686070570204e-01
1.274999999999999911e+00	3.912593964680798064e-02	5.712669478076801699e-01
1.280000000000000027e+00	3.736781871185074905e-02	5.712333914074427810e-01
1.285000000000000142e+00	3.560916826286810583e-02	5.711951133465436037e-01
1.290000000000000036e+00	3.385103347589783762e-02	5.711511845590584446e-01
1.294999999999999929e+00	3.209466637054124438e-02	5.711003499695750385e-01
1.300000000000000044e+00	3.034162864483621463e-02	5.710411053118817915e-01
1.305000000000000160e+00	2.859382292585901583e-02	5.709713561983035257e-01
1.310000000000000053e+00	2.685367191945598267e-02	5.708885538222293610e-01
1.314999999999999947e+00	2.512418341194955218e-02	5.707890238801355265e-01
1.320000000000000062e+00	2.340927461805989915e-02	5.706682241568390435e-01
1.325000000000000178e+00	2.171390657957768255e-02	5.705193462659094994e-01
1.330000000000000071e+00	2.004468543676109563e-02	5.703338589811395298e-01
1.334999999999999964e+00	1.841012713654435751e-02	5.700984498566818992e-01
1.340000000000000080e+00	1.682174025661942532e-02	5.697963671294148380e-01
1.345000000000000195e+00	1.529444114631465720e-02	5.694006597149148252e-01
1.350000000000000089e+00	1.384811136378414145e-02	5.688782308225085460e-01
1.354999999999999982e+00	1.250757611843242648e-02	5.681765073449588366e-01
1.360000000000000098e+00	1.130265017470734497e-02	5.672374091327356815e-01
1.365000000000000213e+00	1.026451043151439292e-02	5.659816964587548460e-01
1.370000000000000107e+00	9.417884902839821631e-03	5.643479305822100001e-01
1.375000000000000000e+00	8.772314568784704905e-03	5.622947313717445716e-01
1.379999999999999893e+00	8.313404311203077129e-03	5.598361400333955462e-01
1.384999999999999787e+00	8.008606406114858467e-03	5.570406294404808278e-01
1.389999999999999902e+00	7.816880205877972665e-03	5.539900828831217927e-01
1.395000000000000018e+00	7.700847077795254861e-03	5.507769124561736618e-01
1.399999999999999911e+00	7.632620319914558936e-03	5.474610128369453710e-01
1.404999999999999805e+00	7.592930270871218155e-03	5.440915630691043336e-01
1.409999999999999920e+00	7.570159625836060842e-03	5.406939375243238199e-01
1.415000000000000036e+00	7.557031926501329294e-03	5.372867704371963038e-01
1.419999999999999929e+00	7.549497618749851334e-03	5.338789047090505280e-01
1.424999999999999822e+00	7.545100158009571470e-03	5.304766006691696845e-01
1.429999999999999938e+00	7.542509360691338101e-03	5.270827455566993169e-01
1.435000000000000053e+00	7.540926555836872935e-03	5.236993596688964692e-01
1.439999999999999947e+00	7.539923194328469573e-03	5.203273660103051590e-01
1.444999999999999840e+00	7.539242829861664448e-03	5.169674082238100432e-01
1.449999999999999956e+00	7.538748282936377949e-03	5.136197796575709962e-01
1.455000000000000071e+00	7.538357559946613252e-03	5.102846848567397231e-01
1.459999999999999964e+00	7.538026850419889645e-03	5.069622172800296589e-01
1.464999999999999858e+00	7.537729980301501390e-03	5.036524423097826775e-01
1.469999999999999973e+00	7.537452971399022893e-03	5.003553902049409086e-01
1.475000000000000089e+00	7.537187474357815060e-03	4.970710823762710118e-01
1.479999999999999982e+00	7.536929031365007317e-03	4.937995291516154572e-01
1.484999999999999876e+00	7.536674979903609795e-03	4.905407380760690161e-01
1.489999999999999991e+00	7.536423898494513593e-03	4.872947132002994897e-01
1.495000000000000107e+00	7.536174937998901292e-03	4.840614576950517667e-01
1.500000000000000000e+00	7.535927644884159518e-03	4.808409736208871244e-01
1.504999999999999893e+00	7.535681748009823155e-03	4.776332627470544767e-01
1.510000000000000009e+00	7.535437102295049032e-03	4.744383264723922577e-01
1.515000000000000124e+00	7.535193620763195980e-03	4.712561660788170403e-01
1.520000000000000018e+00	7.534951256591444942e-03	4.680867826986297442e-01
1.524999999999999911e+00	7.534709981461231408e-03	4.649301773914467639e-01
1.530000000000000027e+00	7.534469779838741561e-03	4.617863511246689812e-01
1.535000000000000142e+00	7.534230642081345825e-03	4.586553047966862029e-01
1.540000000000000036e+00	7.533992562614093974e-03	4.555370392199413754e-01
1.544999999999999929e+00	7.533755537736729763e-03	4.524315551291953064e-01
1.550000000000000044e+00	7.533519565040700666e-03	4.493388531638197181e-01
1.555000000000000160e+00	7.533284642713103559e-03	4.462589338733681799e-01
1.560000000000000053e+00	7.533050769348488031e-03	4.431917976980144780e-01
1.564999999999999947e+00	7.532817943729412137e-03	4.401374449752938345e-01
1.570000000000000062e+00	7.532586164763796326e-03	4.370958759183340425e-01
1.575000000000000178e+00	7.532355431417253611e-03	4.340670906249886607e-01
1.580000000000000071e+00	7.532125742690288367e-03	4.310510890537366802e-01
1.584999999999999964e+00	7.531897097599027022e-03	4.280478710355932193e-01
1.590000000000000080e+00	7.531669495165002268e-03	4.250574362476314816e-01
1.595000000000000195e+00	7.531442934411391316e-03	4.220797842277917988e-01
1.600000000000000089e+00	7.531217414356711042e-03	4.191149143460061732e-01
1.604999999999999982e+00	7.530992934016101682e-03	4.161628258219368104e-01
1.610000000000000098e+00	7.530769492396182513e-03	4.132235176936975285e-01
1.615000000000000213e+00	7.530547088498050316e-03	4.102969888385258335e-01
1.620000000000000107e+00	7.530325721312419555e-03	4.073832379390982528e-01
1.625000000000000000e+00	7.530105389823279170e-03	4.044822635071267936e-01
1.629999999999999893e+00	7.529886093003036220e-03	4.015940638472727531e-01
1.634999999999999787e+00	7.529667829816499673e-03	3.987186370836537375e-01
1.639999999999999902e+00	7.529450599215930379e-03	3.958559811213608337e-01
1.645000000000000018e+00	7.529234400145251235e-03	3.930060936758596468e-01
1.649999999999999911e+00	7.529019231534977465e-03	3.901689722321198817e-01
1.654999999999999805e+00	7.528805092306608063e-03	3.873446140768896373e-01
1.659999999999999920e+00	7.528591981367433773e-03	3.845330162554485010e-01
1.665000000000000036e+00	7.528379897615102012e-03	3.817341756067350045e-01
1.669999999999999929e+00	7.528168839932296470e-03	3.789480887177364976e-01
1.674999999999999822e+00	7.527958807191465970e-03	3.761747519614422330e-01
1.679999999999999938e+00	7.527749798249378302e-03	3.734141614488897809e-01
1.685000000000000053e+00	7.527541811952017346e-03	3.706663130699162645e-01
1.689999999999999947e+00	7.527334847129002471e-03	3.679312024428802452e-01
1.694999999999999840e+00	7.527128902598653054e-03	3.652088249581796342e-01
1.699999999999999956e+00	7.526923977162282113e-03	3.624991757256730840e-01
1.705000000000000071e+00	7.526720069609416086e-03	3.598022496209331011e-01
1.709999999999999964e+00	7.526517178711967897e-03	3.571180412303894269e-01
1.714999999999999858e+00	7.526315303229611994e-03	3.544465449002838220e-01
1.719999999999999973e+00	7.526114441903838589e-03	3.517877546795622479e-01
1.725000000000000089e+00	7.525914593463476146e-03	3.491416643714947976e-01
1.729999999999999982e+00	7.525715756618629390e-03	3.465082674743463764e-01
1.734999999999999876e+00	7.525517930066354458e-03	3.438875572356226984e-01
1.739999999999999991e+00	7.525321112484474606e-03	3.412795265905491093e-01
1.745000000000000107e+00	7.525125302537409751e-03	3.386841682189048464e-01
1.750000000000000000e+00	7.524930498869868145e-03	3.361014744813423105e-01
1.754999999999999893e+00	7.524736700112824236e-03	3.335314374787667346e-01
1.760000000000000009e+00	7.524543904877101924e-03	3.309740489865302115e-01
1.765000000000000124e+00	7.524352111759487725e-03	3.284293005163151924e-01
1.770000000000000018e+00	7.524161319336204745e-03	3.258971832482381314e-01
1.774999999999999911e+00	7.523971526169167222e-03	3.233776880951912958e-01
1.780000000000000027e+00	7.523782730799340006e-03	3.208708056328949398e-01
1.785000000000000142e+00	7.523594931753137954e-03	3.183765261666512969e-01
1.790000000000000036e+00	7.523408127535668316e-03	3.158948396593838637e-01
1.794999999999999929e+00	7.523222316637268904e-03	3.134257358007552785e-01
1.800000000000000044e+00	7.523037497526648999e-03	3.109692039332347946e-01
1.805000000000000160e+00	7.522853668657548953e-03	3.085252331235323608e-01
1.810000000000000053e+00	7.522670828461790020e-03	3.060938120867346401e-01
1.814999999999999947e+00	7.522488975356048449e-03	3.036749292600059436e-01
1.820000000000000062e+00	7.522308107734811643e-03	3.012685727248346490e-01
1.825000000000000178e+00	7.522128223977284957e-03	2.988747302829520280e-01
1.830000000000000071e+00	7.521949322440234231e-03	2.964933893767318085e-01
1.834999999999999964e+00	7.521771401465020095e-03	2.941245371672741582e-01
1.840000000000000080e+00	7.521594459370352891e-03	2.917681604530049100e-01
1.845000000000000195e+00	7.521418494459435403e-03	2.894242457498716892e-01
1.850000000000000089e+00	7.521243505012629310e-03	2.870927792081878760e-01
1.854999999999999982e+00	7.521069489294709802e-03	2.847737466948873641e-01
1.860000000000000098e+00	7.520896445547444430e-03	2.824671337086601675e-01
1.865000000000000213e+00	7.520724371996961345e-03	2.801729254642124634e-01
1.870000000000000107e+00	7.520553266846236214e-03	2.778911068057401401e-01
1.875000000000000000e+00	7.520383128282568004e-03	2.756216622931383919e-01
1.879999999999999893e+00	7.520213954469991309e-03	2.733645761138627783e-01
1.884999999999999787e+00	7.520045743556844076e-03	2.711198321710333592e-01
1.889999999999999902e+00	7.519878493668100995e-03	2.688874139937297292e-01
1.895000000000000018e+00	7.519712202913053992e-03	2.666673048269353474e-01
1.899999999999999911e+00	7.519546869377551936e-03	2.644594875403157297e-01
1.904999999999999805e+00	7.519382491131783482e-03	2.622639447199452412e-01
1.909999999999999920e+00	7.519219066222449128e-03	2.600806585756187395e-01
1.915000000000000036e+00	7.519056592680623853e-03	2.579096110343049864e-01
1.919999999999999929e+00	7.518895068513869323e-03	2.557507836460417017e-01
1.924999999999999822e+00	7.518734491714181532e-03	2.536041576790557528e-01
1.929999999999999938e+00	7.518574860250030155e-03	2.514697140242940776e-01
1.935000000000000053e+00	7.518416172074399856e-03	2.493474332921548631e-01
1.939999999999999947e+00	7.518258425116760256e-03	2.472372957157023265e-01
1.944999999999999840e+00	7.518101617291185305e-03	2.451392812489515405e-01
1.949999999999999956e+00	7.517945746488268605e-03	2.430533694688192248e-01
1.955000000000000071e+00	7.517790810583315636e-03	2.409795396749034868e-01
1.959999999999999964e+00	7.517636807428204442e-03	2.389177707902225001e-01
1.964999999999999858e+00	7.517483734859648110e-03	2.368680414624304842e-01
1.969999999999999973e+00	7.517331590690999946e-03	2.348303299633948404e-01
1.975000000000000089e+00	7.517180372720588810e-03	2.328046142917922223e-01
1.979999999999999982e+00	7.517030078723473119e-03	2.307908720715749484e-01
1.984999999999999876e+00	7.516880706459838635e-03	2.287890806558876555e-01
1.989999999999999991e+00	7.516732253666706491e-03	2.267992170244754746e-01
1.995000000000000107e+00	7.516584718066396040e-03	2.248212578888636737e-01
2.000000000000000000e+00	7.516438097358179096e-03	2.228551795887588893e-01
2.004999999999999893e+00	7.516292389226807841e-03	2.209009581984321957e-01
2.009999999999999787e+00	7.516147591334130899e-03	2.189585694221660439e-01
2.014999999999999680e+00	7.516003701327666348e-03	2.170279887017833864e-01
2.020000000000000018e+00	7.515860716832186567e-03	2.151091911111908950e-01
2.024999999999999911e+00	7.515718635458339819e-03	2.132021514649965754e-01
2.029999999999999805e+00	7.515577454794196074e-03	2.113068442122002788e-01
2.035000000000000142e+00	7.515437172413924095e-03	2.094232435458411590e-01
2.040000000000000036e+00	7.515297785869301701e-03	2.075513232958888787e-01
2.044999999999999929e+00	7.515159292698430152e-03	2.056910570398625127e-01
2.049999999999999822e+00	7.515021690417221858e-03	2.038424179949722415e-01
2.054999999999999716e+00	7.514884976528156402e-03	2.020053791296536061e-01
2.060000000000000053e+00	7.514749148511739620e-03	2.001799130550100947e-01
2.064999999999999947e+00	7.514614203835293452e-03	1.983659921372065704e-01
2.069999999999999840e+00	7.514480139944395946e-03	1.965635883882623780e-01
2.075000000000000178e+00	7.514346954271703197e-03	1.947726735792459918e-01
2.080000000000000071e+00	7.514214644228367664e-03	1.929932191304719324e-01
2.084999999999999964e+00	7.514083207212893939e-03	1.912251962254389592e-01
2.089999999999999858e+00	7.513952640602538854e-03	1.894685757004789251e-01
2.094999999999999751e+00	7.513822941762187194e-03	1.877233281593848335e-01
2.100000000000000089e+00	7.513694108035745729e-03	1.859894238625609542e-01
2.104999999999999982e+00	7.513566136755040620e-03	1.842668328422845392e-01
2.109999999999999876e+00	7.513439025231194966e-03	1.825555247914063262e-01
2.115000000000000213e+00	7.513312770763552230e-03	1.808554691791906810e-01
2.120000000000000107e+00	7.513187370631042514e-03	1.791666351396161982e-01
2.125000000000000000e+00	7.513062822101120725e-03	1.774889915877393975e-01
2.129999999999999893e+00	7.512939122421131120e-03	1.758225071076424950e-01
2.134999999999999787e+00	7.512816268827257615e-03	1.741671500692682228e-01
2.140000000000000124e+00	7.512694258535882255e-03	1.725228885160618730e-01
2.145000000000000018e+00	7.512573088752549401e-03	1.708896902822235053e-01
2.149999999999999911e+00	7.512452756663322469e-03	1.692675228800922527e-01
2.155000000000000249e+00	7.512333259443756787e-03	1.676563536177612668e-01
2.160000000000000142e+00	7.512214594250256339e-03	1.660561494862533016e-01
2.165000000000000036e+00	7.512096758229050951e-03	1.644668772774459664e-01
2.169999999999999929e+00	7.511979748507561713e-03	1.628885034710820245e-01
2.174999999999999822e+00	7.511863562203372965e-03	1.613209943529557988e-01
2.180000000000000160e+00	7.511748196415611589e-03	1.597643159018034831e-01
2.185000000000000053e+00	7.511633648233914662e-03	1.582184339076992130e-01
2.189999999999999947e+00	7.511519914729818288e-03	1.566833138588702434e-01
2.195000000000000284e+00	7.511406992965719183e-03	1.551589210602520030e-01
2.200000000000000178e+00	7.511294879986279115e-03	1.536452205202736288e-01
2.205000000000000071e+00	7.511183572827378682e-03	1.521421770695219056e-01
2.209999999999999964e+00	7.511073068507536504e-03	1.506497552475400681e-01
2.214999999999999858e+00	7.510963364036846515e-03	1.491679194215527471e-01
2.220000000000000195e+00	7.510854456408427512e-03	1.476966336733201157e-01
2.225000000000000089e+00	7.510746342607333564e-03	1.462358619178768249e-01
2.229999999999999982e+00	7.510639019602035650e-03	1.447855677904832938e-01
2.235000000000000320e+00	7.510532484353306046e-03	1.433457147653296460e-01
2.240000000000000213e+00	7.510426733805725119e-03	1.419162660426283862e-01
2.245000000000000107e+00	7.510321764896552704e-03	1.404971846672360136e-01
2.250000000000000000e+00	7.510217574547253978e-03	1.390884334159258606e-01
2.254999999999999893e+00	7.510114159672349153e-03	1.376899749158839170e-01
2.259999999999999787e+00	7.510011517170968841e-03	1.363017715322017154e-01
2.264999999999999680e+00	7.509909643935675991e-03	1.349237854862004315e-01
2.270000000000000018e+00	7.509808536844059419e-03	1.335559787431832013e-01
2.274999999999999911e+00	7.509708192767517582e-03	1.321983131305443648e-01
2.279999999999999805e+00	7.509608608562890267e-03	1.308507502258189625e-01
2.285000000000000142e+00	7.509509781081213746e-03	1.295132514745333807e-01
2.290000000000000036e+00	7.509411707159382825e-03	1.281857780785913004e-01
2.294999999999999929e+00	7.509314383628873033e-03	1.268682911138225011e-01
2.299999999999999822e+00	7.509217807307446910e-03	1.255607514187412899e-01
2.304999999999999716e+00	7.509121975007833696e-03	1.242631197117534253e-01
2.310000000000000053e+00	7.509026883529475518e-03	1.229753564803227200e-01
2.314999999999999947e+00	7.508932529667172381e-03	1.216974220977953269e-01
2.319999999999999840e+00	7.508838910202866521e-03	1.204292767130094449e-01
2.325000000000000178e+00	7.508746021914248364e-03	1.191708803666971517e-01
2.330000000000000071e+00	7.508653861566587720e-03	1.179221928815733234e-01
2.334999999999999964e+00	7.508562425921291167e-03	1.166831739782746846e-01
2.339999999999999858e+00	7.508471711727781814e-03	1.154537831659608466e-01
2.344999999999999751e+00	7.508381715732010721e-03	1.142339798577548110e-01
2.350000000000000089e+00	7.508292434668387832e-03	1.130237232618875459e-01
2.354999999999999982e+00	7.508203865268237888e-03	1.118229724966032373e-01
2.359999999999999876e+00	7.508116004251791202e-03	1.106316864818794321e-01
2.365000000000000213e+00	7.508028848336582330e-03	1.094498240537604694e-01
2.370000000000000107e+00	7.507942394229496358e-03	1.082773438566854429e-01
2.375000000000000000e+00	7.507856638635110325e-03	1.071142044572136465e-01
2.379999999999999893e+00	7.507771578247801093e-03	1.059603642369904147e-01
2.384999999999999787e+00	7.507687209760029526e-03	1.048157815058315401e-01
2.390000000000000124e+00	7.507603529854496062e-03	1.036804143953557605e-01
2.395000000000000018e+00	7.507520535212381524e-03	1.025542209713947439e-01
2.399999999999999911e+00	7.507438222505553004e-03	1.014371591283206586e-01
2.405000000000000249e+00	7.507356588404743084e-03	1.003291867007493204e-01
2.410000000000000142e+00	7.507275629571823379e-03	9.923026135859175367e-02
2.415000000000000036e+00	7.507195342667916105e-03	9.814034071801790160e-02
2.419999999999999929e+00	7.507115724345732669e-03	9.705938223725832370e-02
2.424999999999999822e+00	7.507036771257618452e-03	9.598734332680011749e-02
2.430000000000000160e+00	7.506958480047959924e-03	9.492418124596338491e-02
2.435000000000000053e+00	7.506880847361159168e-03	9.386985321229965318e-02
2.439999999999999947e+00	7.506803869834109515e-03	9.282431629896879810e-02
2.445000000000000284e+00	7.506727544104102416e-03	9.178752754331112595e-02
2.450000000000000178e+00	7.506651866801368998e-03	9.075944384504940066e-02
2.455000000000000071e+00	7.506576834556917543e-03	8.974002207400662290e-02
2.459999999999999964e+00	7.506502443995141834e-03	8.872921896915596240e-02
2.464999999999999858e+00	7.506428691741594446e-03	8.772699124545860205e-02
2.470000000000000195e+00	7.506355574415656678e-03	8.673329549378386294e-02
2.475000000000000089e+00	7.506283088638245928e-03	8.574808828684113426e-02
2.479999999999999982e+00	7.506211231024553267e-03	8.477132607999170177e-02
2.485000000000000320e+00	7.506139998191676231e-03	8.380296531624994993e-02
2.490000000000000213e+00	7.506069386751430990e-03	8.284296232800875126e-02
2.495000000000000107e+00	7.505999393317908802e-03	8.189127344108489137e-02
2.500000000000000000e+00	7.505930014500364518e-03	8.094785487737767016e-02
2.504999999999999893e+00	7.505861246910692369e-03	8.001266285793728894e-02
2.509999999999999787e+00	7.505793087156387329e-03	7.908565350657453807e-02
2.514999999999999680e+00	7.505725531847948911e-03	7.816678295193044135e-02
2.520000000000000018e+00	7.505658577591917124e-03	7.725600723205519604e-02
2.524999999999999911e+00	7.505592220998194737e-03	7.635328239545835505e-02
2.529999999999999805e+00	7.505526458673157826e-03	7.545856440667433884e-02
2.535000000000000142e+00	7.505461287226903450e-03	7.457180924627221374e-02
2.540000000000000036e+00	7.505396703266433919e-03	7.369297281742570593e-02
2.544999999999999929e+00	7.505332703402822943e-03	7.282201104486304977e-02
2.549999999999999822e+00	7.505269284244483162e-03	7.195887978245620042e-02
2.554999999999999716e+00	7.505206442404241222e-03	7.110353491109344670e-02
2.560000000000000053e+00	7.505144174492692916e-03	7.025593224730286579e-02
2.564999999999999947e+00	7.505082477125191512e-03	6.941602764002997861e-02
2.569999999999999840e+00	7.505021346915280965e-03	6.858377688030928288e-02
2.575000000000000178e+00	7.504960780481602714e-03	6.775913579693072786e-02
2.580000000000000071e+00	7.504900774441410419e-03	6.694206016717302310e-02
2.584999999999999964e+00	7.504841325417387424e-03	6.613250581134305639e-02
2.589999999999999858e+00	7.504782430031246496e-03	6.533042850458302409e-02
2.594999999999999751e+00	7.504724084910462285e-03	6.453578407026884511e-02
2.600000000000000089e+00	7.504666286681947393e-03	6.374852829290253431e-02
2.604999999999999982e+00	7.504609031978705901e-03	6.296861701035552650e-02
2.609999999999999876e+00	7.504552317433584897e-03	6.219600602785761018e-02
2.615000000000000213e+00	7.504496139685844745e-03	6.143065120907190840e-02
2.620000000000000107e+00	7.504440495374994739e-03	6.067250839119093381e-02
2.625000000000000000e+00	7.504385381147267962e-03	5.992153347483096526e-02
2.629999999999999893e+00	7.504330793649550621e-03	5.917768234024411989e-02
2.634999999999999787e+00	7.504276729535764960e-03	5.844091093602141879e-02
2.640000000000000124e+00	7.504223185460875793e-03	5.771117519642943172e-02
2.645000000000000018e+00	7.504170158087192753e-03	5.698843112891196355e-02
2.649999999999999911e+00	7.504117644078457487e-03	5.627263473255830761e-02
2.655000000000000249e+00	7.504065640106056569e-03	5.556374208439417844e-02
2.660000000000000142e+00	7.504014142843197163e-03	5.486170925898987277e-02
2.665000000000000036e+00	7.503963148971020194e-03	5.416649241353028998e-02
2.669999999999999929e+00	7.503912655172869685e-03	5.347804770856953716e-02
2.674999999999999822e+00	7.503862658140316583e-03	5.279633139187331348e-02
2.680000000000000160e+00	7.503813154567506166e-03	5.212129972032449737e-02
2.685000000000000053e+00	7.503764141157095134e-03	5.145290904253099762e-02
2.689999999999999947e+00	7.503715614614684011e-03	5.079111572188752671e-02
2.695000000000000284e+00	7.503667571654664900e-03	5.013587621794220878e-02
2.700000000000000178e+00	7.503620008994734553e-03	4.948714701061956989e-02
2.705000000000000071e+00	7.503572923361657120e-03	4.884488468033979652e-02
2.709999999999999964e+00	7.503526311485858753e-03	4.820904583340618332e-02
2.714999999999999858e+00	7.503480170107099285e-03	4.757958718087270528e-02
2.720000000000000195e+00	7.503434495969154433e-03	4.695646546509896907e-02
2.725000000000000089e+00	7.503389285825392933e-03	4.633963753736212304e-02
2.729999999999999982e+00	7.503344536433547221e-03	4.572906028558089420e-02
2.735000000000000320e+00	7.503300244561198623e-03	4.512469071066881054e-02
2.740000000000000213e+00	7.503256406980633904e-03	4.452648585542987730e-02
2.745000000000000107e+00	7.503213020474235051e-03	4.393440287964915647e-02
2.750000000000000000e+00	7.503170081829425159e-03	4.334839899016133119e-02
2.754999999999999893e+00	7.503127587843967140e-03	4.276843151467771970e-02
2.759999999999999787e+00	7.503085535320993746e-03	4.219445783302716579e-02
2.764999999999999680e+00	7.503043921074213467e-03	4.162643544971852960e-02
2.770000000000000018e+00	7.503002741923027290e-03	4.106432192635395273e-02
2.774999999999999911e+00	7.502961994697642661e-03	4.050807495292574334e-02
2.779999999999999805e+00	7.502921676234276978e-03	3.995765228140164826e-02
2.785000000000000142e+00	7.502881783380178742e-03	3.941301179575602137e-02
2.790000000000000036e+00	7.502842312988915185e-03	3.887411144672603402e-02
2.794999999999999929e+00	7.502803261925303224e-03	3.834090932057782758e-02
2.799999999999999822e+00	7.502764627060782947e-03	3.781336357503137235e-02
2.804999999999999716e+00	7.502726405278254893e-03	3.729143250676323490e-02
2.810000000000000053e+00	7.502688593467541148e-03	3.677507448849752503e-02
2.814999999999999947e+00	7.502651188530129814e-03	3.626424803524756074e-02
2.819999999999999840e+00	7.502614187374718503e-03	3.575891174256998900e-02
2.825000000000000178e+00	7.502577586921874674e-03	3.525902435154699283e-02
2.830000000000000071e+00	7.502541384099658921e-03	3.476454468820096289e-02
2.834999999999999964e+00	7.502505575848189036e-03	3.427543172722077869e-02
2.839999999999999858e+00	7.502470159115356974e-03	3.379164453253175743e-02
2.844999999999999751e+00	7.502435130861300101e-03	3.331314231977062362e-02
2.850000000000000089e+00	7.502400488054199700e-03	3.283988439800646086e-02
2.854999999999999982e+00	7.502366227674660271e-03	3.237183023096792955e-02
2.859999999999999876e+00	7.502332346711595643e-03	3.190893937991062801e-02
2.865000000000000213e+00	7.502298842166518072e-03	3.145117156360133226e-02
2.870000000000000107e+00	7.502265711049503280e-03	3.099848660232651376e-02
2.875000000000000000e+00	7.502232950383395417e-03	3.055084447663885747e-02
2.879999999999999893e+00	7.502200557199851898e-03	3.010820527250082645e-02
2.884999999999999787e+00	7.502168528543457296e-03	2.967052923879974491e-02
2.890000000000000124e+00	7.502136861467854911e-03	2.923777673361972751e-02
2.895000000000000018e+00	7.502105553039769593e-03	2.880990828053192621e-02
2.899999999999999911e+00	7.502074600335220840e-03	2.838688451598821855e-02
2.905000000000000249e+00	7.502044000443458018e-03	2.796866624439281815e-02
2.910000000000000142e+00	7.502013750463254992e-03	2.755521438661126185e-02
2.915000000000000036e+00	7.501983847506758611e-03	2.714649003383085013e-02
2.919999999999999929e+00	7.501954288695858800e-03	2.674245439717645723e-02
2.924999999999999822e+00	7.501925071165958109e-03	2.634306886036822878e-02
2.930000000000000160e+00	7.501896192062416403e-03	2.594829493043648502e-02
2.935000000000000053e+00	7.501867648544232811e-03	2.555809428918453738e-02
2.939999999999999947e+00	7.501839437780578879e-03	2.517242874499433028e-02
2.945000000000000284e+00	7.501811556954383377e-03	2.479126028310308164e-02
2.950000000000000178e+00	7.501784003258947855e-03	2.441455101849131226e-02
2.955000000000000071e+00	7.501756773901451653e-03	2.404226324498216424e-02
2.959999999999999964e+00	7.501729866099639439e-03	2.367435938920261704e-02
2.964999999999999858e+00	7.501703277085246431e-03	2.331080205851519815e-02
2.970000000000000195e+00	7.501677004100756191e-03	2.295155399604285537e-02
2.975000000000000089e+00	7.501651044402752981e-03	2.259657812744309685e-02
2.979999999999999982e+00	7.501625395258747220e-03	2.224583751698698889e-02
2.985000000000000320e+00	7.501600053950444567e-03	2.189929541318548847e-02
2.990000000000000213e+00	7.501575017770658119e-03	2.155691520591292154e-02
2.995000000000000107e+00	7.501550284026485549e-03	2.121866047089612101e-02
3.000000000000000000e+00	7.501525850036294164e-03	2.088449492787165795e-02
3.004999999999999893e+00	7.501501713132826057e-03	2.055438248394940437e-02
3.009999999999999787e+00	7.501477870660254281e-03	2.022828719279285217e-02
3.014999999999999680e+00	7.501454319977203869e-03	1.990617329686760612e-02
3.020000000000000018e+00	7.501431058453883471e-03	1.958800518763455234e-02
3.024999999999999911e+00	7.501408083475030047e-03	1.927374744669512960e-02
3.029999999999999805e+00	7.501385392437111624e-03	1.896336480698578367e-02
3.035000000000000142e+00	7.501362982751186119e-03	1.865682219283192403e-02
3.040000000000000036e+00	7.501340851840186501e-03	1.835408468213263825e-02
3.044999999999999929e+00	7.501318997141701549e-03	1.805511754533508512e-02
3.049999999999999822e+00	7.501297416105320859e-03	1.775988620859815167e-02
3.054999999999999716e+00	7.501276106195348820e-03	1.746835629169995324e-02
3.060000000000000053e+00	7.501255064888217271e-03	1.718049357216823794e-02
3.064999999999999947e+00	7.501234289675122284e-03	1.689626402213366754e-02
3.069999999999999840e+00	7.501213778059508813e-03	1.661563377341531908e-02
3.075000000000000178e+00	7.501193527559628545e-03	1.633856915333248630e-02
3.080000000000000071e+00	7.501173535706096539e-03	1.606503665073321860e-02
3.084999999999999964e+00	7.501153800044373619e-03	1.579500295077767430e-02
3.089999999999999858e+00	7.501134318132386333e-03	1.552843490189733527e-02
3.094999999999999751e+00	7.501115087542946022e-03	1.526529954956329892e-02
3.100000000000000089e+00	7.501096105861428630e-03	1.500556410416371486e-02
3.104999999999999982e+00	7.501077370688118313e-03	1.474919597377075987e-02
3.109999999999999876e+00	7.501058879635960977e-03	1.449616273292329144e-02
3.115000000000000213e+00	7.501040630332833289e-03	1.424643215440612662e-02
3.120000000000000107e+00	7.501022620419361270e-03	1.399997217892572608e-02
3.125000000000000000e+00	7.501004847551117315e-03	1.375675094591523318e-02
3.129999999999999893e+00	7.500987309396501233e-03	1.351673676409028378e-02
3.134999999999999787e+00	7.500970003638874825e-03	1.327989814129410841e-02
3.140000000000000124e+00	7.500952927974501895e-03	1.304620375592023020e-02
3.145000000000000018e+00	7.500936080114614310e-03	1.281562248581177843e-02
3.149999999999999911e+00	7.500919457783410994e-03	1.258812338053808683e-02
3.155000000000000249e+00	7.500903058720064139e-03	1.236367568936252472e-02
3.160000000000000142e+00	7.500886880676773706e-03	1.214224883435984642e-02
3.165000000000000036e+00	7.500870921420709457e-03	1.192381243746677179e-02
3.169999999999999929e+00	7.500855178732125303e-03	1.170833629442692182e-02
3.174999999999999822e+00	7.500839650406235411e-03	1.149579040093878096e-02
3.180000000000000160e+00	7.500824334251390141e-03	1.128614492741451987e-02
3.185000000000000053e+00	7.500809228090882762e-03	1.107937024424045409e-02
3.189999999999999947e+00	7.500794329761191308e-03	1.087543689733598724e-02
3.195000000000000284e+00	7.500779637113716772e-03	1.067431563254118802e-02
3.200000000000000178e+00	7.500765148013083944e-03	1.047597737196296133e-02
3.205000000000000071e+00	7.500750860338814552e-03	1.028039323750390768e-02
3.209999999999999964e+00	7.500736771983689682e-03	1.008753452798220353e-02
3.214999999999999858e+00	7.500722880855359605e-03	9.897372741817104039e-03
3.220000000000000195e+00	7.500709184874759967e-03	9.709879554908694768e-03
3.225000000000000089e+00	7.500695681977665244e-03	9.525026842494821108e-03
3.229999999999999982e+00	7.500682370113152635e-03	9.342786657777256767e-03
3.235000000000000320e+00	7.500669247245107807e-03	9.163131252965063533e-03
3.240000000000000213e+00	7.500656311350729563e-03	8.986033058633460108e-03
3.245000000000000107e+00	7.500643560421985274e-03	8.811464703968617529e-03
3.250000000000000000e+00	7.500630992464169325e-03	8.639398996845699258e-03
3.254999999999999893e+00	7.500618605497295227e-03	8.469808943290088946e-03
3.259999999999999787e+00	7.500606397554712181e-03	8.302667728260862759e-03
3.264999999999999680e+00	7.500594366684437339e-03	8.137948734343421892e-03
3.270000000000000018e+00	7.500582510947822676e-03	7.975625523224958227e-03
3.274999999999999911e+00	7.500570828420838679e-03	7.815671853633736343e-03
3.279999999999999805e+00	7.500559317192781981e-03	7.658061663492651307e-03
3.285000000000000142e+00	7.500547975367508752e-03	7.502769087119889706e-03
3.290000000000000036e+00	7.500536801062195232e-03	7.349768438047564814e-03
3.294999999999999929e+00	7.500525792408516482e-03	7.199034225498675277e-03
3.299999999999999822e+00	7.500514947551448555e-03	7.050541137856854851e-03
3.304999999999999716e+00	7.500504264650403874e-03	6.904264058435104212e-03
3.310000000000000053e+00	7.500493741878076770e-03	6.760178049582978715e-03
3.314999999999999947e+00	7.500483377421525086e-03	6.618258367761875767e-03
3.319999999999999840e+00	7.500473169481068625e-03	6.478480448276514869e-03
3.325000000000000178e+00	7.500463116271316975e-03	6.340819919671458055e-03
3.330000000000000071e+00	7.500453216020113931e-03	6.205252589073500559e-03
3.334999999999999964e+00	7.500443466969512404e-03	6.071754455924363754e-03
3.339999999999999858e+00	7.500433867374769158e-03	5.940301697920629537e-03
3.344999999999999751e+00	7.500424415505273744e-03	5.810870684097446323e-03
3.350000000000000089e+00	7.500415109643576196e-03	5.683437961352628964e-03
3.354999999999999982e+00	7.500405948086279542e-03	5.557980266896266064e-03
3.359999999999999876e+00	7.500396929143105657e-03	5.434474515345731269e-03
3.365000000000000213e+00	7.500388051137741804e-03	5.312897810555621339e-03
3.370000000000000107e+00	7.500379312406948995e-03	5.193227433270904310e-03
3.375000000000000000e+00	7.500370711301362556e-03	5.075440852351675858e-03
3.379999999999999893e+00	7.500362246184642985e-03	4.959515712971191911e-03
3.384999999999999787e+00	7.500353915434234027e-03	4.845429847250322906e-03
3.390000000000000124e+00	7.500345717440548218e-03	4.733161262987323377e-03
3.395000000000000018e+00	7.500337650607687666e-03	4.622688153716185411e-03
3.399999999999999911e+00	7.500329713352663422e-03	4.513988887955613580e-03
3.405000000000000249e+00	7.500321904106078096e-03	4.407042018705546564e-03
3.410000000000000142e+00	7.500314221311384262e-03	4.301826273202430211e-03
3.415000000000000036e+00	7.500306663425522838e-03	4.198320561868145936e-03
3.419999999999999929e+00	7.500299228918219652e-03	4.096503968559034661e-03
3.424999999999999822e+00	7.500291916272585659e-03	3.996355758981330955e-03
3.430000000000000160e+00	7.500284723984449071e-03	3.897855371421337679e-03
3.435000000000000053e+00	7.500277650562913942e-03	3.800982424641323031e-03
3.439999999999999947e+00	7.500270694529732191e-03	3.705716709078483821e-03
3.445000000000000284e+00	7.500263854419820554e-03	3.612038194235040085e-03
3.450000000000000178e+00	7.500257128780670780e-03	3.519927020333897712e-03
3.455000000000000071e+00	7.500250516172829278e-03	3.429363505216582921e-03
3.459999999999999964e+00	7.500244015169332465e-03	3.340328136443261684e-03
3.464999999999999858e+00	7.500237624356163001e-03	3.252801577712488568e-03
3.470000000000000195e+00	7.500231342331714623e-03	3.166764661393297198e-03
3.475000000000000089e+00	7.500225167707205015e-03	3.082198394479896200e-03
3.479999999999999982e+00	7.500219099106181404e-03	2.999083951544378492e-03
3.485000000000000320e+00	7.500213135164899604e-03	2.917402680239689593e-03
3.490000000000000213e+00	7.500207274531851299e-03	2.837136094661069433e-03
3.495000000000000107e+00	7.500201515868123135e-03	2.758265880410295211e-03
3.500000000000000000e+00	7.500195857846944821e-03	2.680773888354276435e-03
3.504999999999999893e+00	7.500190299154020461e-03	2.604642139263785728e-03
3.509999999999999787e+00	7.500184838487100950e-03	2.529852817957653401e-03
3.514999999999999680e+00	7.500179474556290145e-03	2.456388277528660097e-03
3.520000000000000018e+00	7.500174206083645018e-03	2.384231033862132393e-03
3.524999999999999911e+00	7.500169031803448870e-03	2.313363769461681575e-03
3.529999999999999805e+00	7.500163950461839237e-03	2.243769328331008273e-03
3.535000000000000142e+00	7.500158960817053348e-03	2.175430719412022474e-03
3.540000000000000036e+00	7.500154061639083790e-03	2.108331111818772738e-03
3.544999999999999929e+00	7.500149251709892738e-03	2.042453837900276570e-03
3.549999999999999822e+00	7.500144529823095374e-03	1.977782388815828903e-03
3.554999999999999716e+00	7.500139894784148969e-03	1.914300417234668329e-03
3.560000000000000053e+00	7.500135345410054513e-03	1.851991733241923222e-03
3.564999999999999947e+00	7.500130880529526714e-03	1.790840306687095564e-03
3.569999999999999840e+00	7.500126498982718180e-03	1.730830263410090223e-03
3.575000000000000178e+00	7.500122199621359932e-03	1.671945887250476416e-03
3.580000000000000071e+00	7.500117981308515071e-03	1.614171616583236256e-03
3.584999999999999964e+00	7.500113842918688933e-03	1.557492046000142445e-03
3.589999999999999858e+00	7.500109783337608783e-03	1.501891923145164901e-03
3.594999999999999751e+00	7.500105801462310547e-03	1.447356150079546567e-03
3.600000000000000089e+00	7.500101896200937583e-03	1.393869780406765306e-03
3.604999999999999982e+00	7.500098066472809209e-03	1.341418020332627546e-03
3.609999999999999876e+00	7.500094311208234214e-03	1.289986226069732289e-03
3.615000000000000213e+00	7.500090629348563770e-03	1.239559904603682429e-03
3.620000000000000107e+00	7.500087019846019692e-03	1.190124711367513376e-03
3.625000000000000000e+00	7.500083481663730872e-03	1.141666450724855173e-03
3.629999999999999893e+00	7.500080013775580617e-03	1.094171073904691514e-03
3.634999999999999787e+00	7.500076615166217930e-03	1.047624679212220793e-03
3.640000000000000124e+00	7.500073284830930005e-03	1.002013510214735644e-03
3.645000000000000018e+00	7.500070021775630084e-03	9.573239556905929022e-04
3.649999999999999911e+00	7.500066825016747304e-03	9.135425480568925552e-04
3.655000000000000249e+00	7.500063693581200674e-03	8.706559630670211150e-04
3.660000000000000142e+00	7.500060626506301932e-03	8.286510184711177746e-04
3.665000000000000036e+00	7.500057622839714777e-03	7.875146734722586559e-04
3.669999999999999929e+00	7.500054681639369003e-03	7.472340276108732724e-04
3.674999999999999822e+00	7.500051801973407588e-03	7.077963199894971502e-04
3.680000000000000160e+00	7.500048982920119039e-03	6.691889283725543187e-04
3.685000000000000053e+00	7.500046223567862803e-03	6.313993681894007788e-04
3.689999999999999947e+00	7.500043523015016353e-03	5.944152918408483017e-04
3.695000000000000284e+00	7.500040880369888453e-03	5.582244874901261342e-04
3.700000000000000178e+00	7.500038294750682732e-03	5.228148785678494656e-04
3.705000000000000071e+00	7.500035765285390128e-03	4.881745223602450843e-04
3.709999999999999964e+00	7.500033291111771541e-03	4.542916097044203652e-04
3.714999999999999858e+00	7.500030871377235536e-03	4.211544633829506358e-04
3.720000000000000195e+00	7.500028505238827067e-03	3.887515380014679254e-04
3.725000000000000089e+00	7.500026191863101710e-03	3.570714181986879565e-04
3.729999999999999982e+00	7.500023930426127396e-03	3.261028186984573241e-04
3.735000000000000320e+00	7.500021720113334359e-03	2.958345823438955722e-04
3.740000000000000213e+00	7.500019560119541157e-03	2.662556803163701512e-04
3.745000000000000107e+00	7.500017449648786402e-03	2.373552100023474819e-04
3.750000000000000000e+00	7.500015387914363459e-03	2.091223953717509716e-04
3.754999999999999893e+00	7.500013374138653904e-03	1.815465846859204337e-04
3.759999999999999787e+00	7.500011407553157025e-03	1.546172510280917193e-04
3.764999999999999680e+00	7.500009487398319810e-03	1.283239898606528201e-04
3.770000000000000018e+00	7.500007612923582923e-03	1.026565197006231811e-04
3.774999999999999911e+00	7.500005783387187278e-03	7.760467953422530113e-05
3.779999999999999805e+00	7.500003998056240830e-03	5.315842963039815386e-05
3.785000000000000142e+00	7.500002256206513007e-03	2.930784882042351442e-05
3.790000000000000036e+00	7.500000557122505837e-03	6.043135442707270212e-06
3.794999999999999929e+00	7.499998900097243175e-03	-1.664539550482265927e-05
3.799999999999999822e+00	7.499997284432355707e-03	-3.876731129534916796e-05
3.804999999999999716e+00	7.499995709437852834e-03	-6.033206444058204565e-05
3.810000000000000053e+00	7.499994174432217213e-03	-8.134899150323409713e-05
3.814999999999999947e+00	7.499992678742177510e-03	-1.018273161770913302e-04
3.819999999999999840e+00	7.499991221702801206e-03	-1.217761479875518132e-04
3.825000000000000178e+00	7.499989802657264747e-03	-1.412044854772027350e-04
3.830000000000000071e+00	7.499988420956953290e-03	-1.601212148006173367e-04
3.834999999999999964e+00	7.499987075961218712e-03	-1.785351130086954843e-04
3.839999999999999858e+00	7.499985767037495830e-03	-1.964548465436199390e-04
3.844999999999999751e+00	7.499984493561048272e-03	-2.138889746151745037e-04
3.850000000000000089e+00	7.499983254915089902e-03	-2.308459476017305932e-04
3.854999999999999982e+00	7.499982050490528948e-03	-2.473341105120842255e-04
3.859999999999999876e+00	7.499980879686093775e-03	-2.633617012980288600e-04
3.865000000000000213e+00	7.499979741908070936e-03	-2.789368543954415225e-04
3.870000000000000107e+00	7.499978636570435279e-03	-2.940675989539089465e-04
3.875000000000000000e+00	7.499977563094587137e-03	-3.087618624508880571e-04
3.879999999999999893e+00	7.499976520909485030e-03	-3.230274688438779826e-04
3.884999999999999787e+00	7.499975509451379391e-03	-3.368721422515848023e-04
3.890000000000000124e+00	7.499974528163949605e-03	-3.503035050337093481e-04
3.895000000000000018e+00	7.499973576498030793e-03	-3.633290815335056588e-04
3.899999999999999911e+00	7.499972653911762994e-03	-3.759562960901450136e-04
3.905000000000000249e+00	7.499971759870305808e-03	-3.881924768370399997e-04
3.910000000000000142e+00	7.499970893845996252e-03	-4.000448536516591877e-04
3.915000000000000036e+00	7.499970055318065133e-03	-4.115205620040867317e-04
3.919999999999999929e+00	7.499969243772782769e-03	-4.226266408491506578e-04
3.924999999999999822e+00	7.499968458703189234e-03	-4.333700365200288422e-04
3.930000000000000160e+00	7.499967699609238342e-03	-4.437576005671334321e-04
3.935000000000000053e+00	7.499966965997518359e-03	-4.537960936915691143e-04
3.939999999999999947e+00	7.499966257381413329e-03	-4.634921835352836779e-04
3.945000000000000284e+00	7.499965573280805570e-03	-4.728524486495757750e-04
3.950000000000000178e+00	7.499964913222249147e-03	-4.818833762407069457e-04
3.955000000000000071e+00	7.499964276738673233e-03	-4.905913661686628477e-04
3.959999999999999964e+00	7.499963663369549512e-03	-4.989827286523621083e-04
3.964999999999999858e+00	7.499963072660600742e-03	-5.070636882940609408e-04
3.970000000000000195e+00	7.499962504163968161e-03	-5.148403817482086978e-04
3.975000000000000089e+00	7.499961957437916577e-03	-5.223188617670595363e-04
3.979999999999999982e+00	7.499961432047006979e-03	-5.295050948370799140e-04
3.985000000000000320e+00	7.499960927561802500e-03	-5.364049652414049074e-04
3.990000000000000213e+00	7.499960443559040152e-03	-5.430242726674642606e-04
3.995000000000000107e+00	7.499959979621331589e-03	-5.493687362822492022e-04
4.000000000000000000e+00	7.499959535337343518e-03	-5.554439923148142772e-04
4.004999999999999893e+00	7.499959110301497589e-03	-5.612555981403198049e-04
4.009999999999999787e+00	7.499958704114149076e-03	-5.668090298407848322e-04
4.014999999999999680e+00	7.499958316381286766e-03	-5.721096862941012001e-04
4.019999999999999574e+00	7.499957946714713372e-03	-5.771628867164548069e-04
4.025000000000000355e+00	7.499957594731747161e-03	-5.819738747526391996e-04
4.030000000000000249e+00	7.499957260055402364e-03	-5.865478160033625165e-04
4.035000000000000142e+00	7.499956942314089936e-03	-5.908898021132839287e-04
4.040000000000000036e+00	7.499956641141799704e-03	-5.950048482862302108e-04
4.044999999999999929e+00	7.499956356177801126e-03	-5.988978973675924879e-04
4.049999999999999822e+00	7.499956087066827169e-03	-6.025738173505245212e-04
4.054999999999999716e+00	7.499955833458776810e-03	-6.060374054493726688e-04
4.059999999999999609e+00	7.499955595008893708e-03	-6.092933855996242884e-04
4.064999999999999503e+00	7.499955371377476504e-03	-6.123464125193400255e-04
4.070000000000000284e+00	7.499955162230053166e-03	-6.152010692056830753e-04
4.075000000000000178e+00	7.499954967237093886e-03	-6.178618709812991674e-04
4.080000000000000071e+00	7.499954786074187162e-03	-6.203332629898764428e-04
4.084999999999999964e+00	7.499954618421750090e-03	-6.226196242246873850e-04
4.089999999999999858e+00	7.499954463965211385e-03	-6.247252650259255960e-04
4.094999999999999751e+00	7.499954322394713872e-03	-6.266544310885255884e-04
4.099999999999999645e+00	7.499954193405300971e-03	-6.284113009635228187e-04
4.105000000000000426e+00	7.499954076696624394e-03	-6.299999900427434357e-04
4.110000000000000320e+00	7.499953971973128027e-03	-6.314245480664681899e-04
4.115000000000000213e+00	7.499953878943756494e-03	-6.326889630824316865e-04
4.120000000000000107e+00	7.499953797322136441e-03	-6.337971589620512757e-04
4.125000000000000000e+00	7.499953726826292903e-03	-6.347529993313546842e-04
4.129999999999999893e+00	7.499953667178824515e-03	-6.355602850977986338e-04
4.134999999999999787e+00	7.499953618106622484e-03	-6.362227583509829027e-04
4.139999999999999680e+00	7.499953579341051002e-03	-6.367440999020078504e-04
4.144999999999999574e+00	7.499953550617663618e-03	-6.371279331518074802e-04
4.150000000000000355e+00	7.499953531676377579e-03	-6.373778216450360322e-04
4.155000000000000249e+00	7.499953522261202342e-03	-6.374972729039390289e-04
4.160000000000000142e+00	7.499953522120409583e-03	-6.374897359984842528e-04
4.165000000000000036e+00	7.499953531006260839e-03	-6.373586053439891062e-04
4.169999999999999929e+00	7.499953548675179250e-03	-6.371072182892064100e-04
4.174999999999999822e+00	7.499953574887481544e-03	-6.367388588758043271e-04
4.179999999999999716e+00	7.499953609407543700e-03	-6.362567554460869541e-04
4.185000000000000497e+00	7.499953652003537273e-03	-6.356640843627130817e-04
4.190000000000000391e+00	7.499953702447600262e-03	-6.349639676374422854e-04
4.195000000000000284e+00	7.499953760515565629e-03	-6.341594766094847593e-04
4.200000000000000178e+00	7.499953825987137369e-03	-6.332536295968078108e-04
4.205000000000000071e+00	7.499953898645621633e-03	-6.322493955315853327e-04
4.209999999999999964e+00	7.499953978278097594e-03	-6.311496916354048838e-04
4.214999999999999858e+00	7.499954064675156372e-03	-6.299573870105054565e-04
4.219999999999999751e+00	7.499954157631066702e-03	-6.286753003400328806e-04
4.224999999999999645e+00	7.499954256943519061e-03	-6.273062034338347743e-04
4.230000000000000426e+00	7.499954362413788732e-03	-6.258528189549996106e-04
4.235000000000000320e+00	7.499954473846482533e-03	-6.243178239189212542e-04
4.240000000000000213e+00	7.499954591049699283e-03	-6.227038474472445986e-04
4.245000000000000107e+00	7.499954713834785201e-03	-6.210134742190172568e-04
4.250000000000000000e+00	7.499954842016487433e-03	-6.192492422531667385e-04
4.254999999999999893e+00	7.499954975412709453e-03	-6.174136463108124105e-04
4.259999999999999787e+00	7.499955113844673261e-03	-6.155091357070433455e-04
4.264999999999999680e+00	7.499955257136672188e-03	-6.135381176634835095e-04
4.269999999999999574e+00	7.499955405116224411e-03	-6.115029551503525698e-04
4.275000000000000355e+00	7.499955557613840508e-03	-6.094059701884063217e-04
4.280000000000000249e+00	7.499955714463170907e-03	-6.072494417219861636e-04
4.285000000000000142e+00	7.499955875500774298e-03	-6.050356088696092144e-04
4.290000000000000036e+00	7.499956040566268557e-03	-6.027666688288276300e-04
4.294999999999999929e+00	7.499956209502093955e-03	-6.004447800746696810e-04
4.299999999999999822e+00	7.499956382153668416e-03	-5.980720602970434566e-04
4.304999999999999716e+00	7.499956558369157665e-03	-5.956505895464274955e-04
4.309999999999999609e+00	7.499956737999620947e-03	-5.931824082043436318e-04
4.314999999999999503e+00	7.499956920898785510e-03	-5.906695200758805197e-04
4.320000000000000284e+00	7.499957106923194061e-03	-5.881138903937068157e-04
4.325000000000000178e+00	7.499957295931982716e-03	-5.855174488568003861e-04
4.330000000000000071e+00	7.499957487787021516e-03	-5.828820876686818375e-04
4.334999999999999964e+00	7.499957682352700189e-03	-5.802096645220301092e-04
4.339999999999999858e+00	7.499957879496068659e-03	-5.775020006713975362e-04
4.344999999999999751e+00	7.499958079086619343e-03	-5.747608838633504625e-04
4.349999999999999645e+00	7.499958280996427661e-03	-5.719880664440887830e-04
4.355000000000000426e+00	7.499958485099945601e-03	-5.691852682348938703e-04
4.360000000000000320e+00	7.499958691274130097e-03	-5.663541746749928187e-04
4.365000000000000213e+00	7.499958899398245261e-03	-5.634964396419384416e-04
4.370000000000000107e+00	7.499959109353986422e-03	-5.606136836300053142e-04
4.375000000000000000e+00	7.499959321025288436e-03	-5.577074965155475947e-04
4.379999999999999893e+00	7.499959534298446251e-03	-5.547794357710199992e-04
4.384999999999999787e+00	7.499959749061922351e-03	-5.518310291750859811e-04
4.389999999999999680e+00	7.499959965206477730e-03	-5.488637730625462894e-04
4.394999999999999574e+00	7.499960182624968059e-03	-5.458791349792681963e-04
4.400000000000000355e+00	7.499960401212479866e-03	-5.428785519679668863e-04
4.405000000000000249e+00	7.499960620866133638e-03	-5.398634331680097261e-04
4.410000000000000142e+00	7.499960841485209598e-03	-5.368351581372443398e-04
4.415000000000000036e+00	7.499961062970958610e-03	-5.337950793965622357e-04
4.419999999999999929e+00	7.499961285226727954e-03	-5.307445207877890727e-04
4.424999999999999822e+00	7.499961508157773973e-03	-5.276847799632553839e-04
4.429999999999999716e+00	7.499961731671380902e-03	-5.246171267797077259e-04
4.435000000000000497e+00	7.499961955676685658e-03	-5.215428057331382514e-04
4.440000000000000391e+00	7.499962180084788002e-03	-5.184630343884755058e-04
4.445000000000000284e+00	7.499962404808581395e-03	-5.153790057597638138e-04
4.450000000000000178e+00	7.499962629762862293e-03	-5.122918867757778136e-04
4.455000000000000071e+00	7.499962854864161872e-03	-5.092028206059032646e-04
4.459999999999999964e+00	7.499963080030850986e-03	-5.061129251613256637e-04
4.464999999999999858e+00	7.499963305182984034e-03	-5.030232953668920893e-04
4.469999999999999751e+00	7.499963530242395246e-03	-4.999350016978136189e-04
4.474999999999999645e+00	7.499963755132541682e-03	-4.968490923977898852e-04
4.480000000000000426e+00	7.499963979778609922e-03	-4.937665920509314759e-04
4.485000000000000320e+00	7.499964204107351269e-03	-4.906885037466865917e-04
4.490000000000000213e+00	7.499964428047191031e-03	-4.876158076866954111e-04
4.495000000000000107e+00	7.499964651528068064e-03	-4.845494632968451953e-04
4.500000000000000000e+00	7.499964874481538854e-03	-4.814904078687990102e-04
4.504999999999999893e+00	7.499965096840623992e-03	-4.784395586197269100e-04
4.509999999999999787e+00	7.499965318539905321e-03	-4.753978113681458628e-04
4.514999999999999680e+00	7.499965539515380218e-03	-4.723660425417478448e-04
4.519999999999999574e+00	7.499965759704556138e-03	-4.693451078871913951e-04
4.525000000000000355e+00	7.499965979046306630e-03	-4.663358444266238532e-04
4.530000000000000249e+00	7.499966197480963277e-03	-4.633390692010556423e-04
4.535000000000000142e+00	7.499966414950179523e-03	-4.603555811761988201e-04
4.540000000000000036e+00	7.499966631397012203e-03	-4.573861600188572156e-04
4.544999999999999929e+00	7.499966846765795773e-03	-4.544315679526726715e-04
4.549999999999999822e+00	7.499967061002223850e-03	-4.514925485671720542e-04
4.554999999999999716e+00	7.499967274053217364e-03	-4.485698286240255767e-04
4.559999999999999609e+00	7.499967485867010432e-03	-4.456641168983058892e-04
4.564999999999999503e+00	7.499967696393023721e-03	-4.427761059359123629e-04
4.570000000000000284e+00	7.499967905581940777e-03	-4.399064709264409630e-04
4.575000000000000178e+00	7.499968113385590066e-03	-4.370558714124908812e-04
4.580000000000000071e+00	7.499968319757022162e-03	-4.342249501936966557e-04
4.584999999999999964e+00	7.499968524650388324e-03	-4.314143349886572290e-04
4.589999999999999858e+00	7.499968728021016821e-03	-4.286246373694163137e-04
4.594999999999999751e+00	7.499968929825299307e-03	-4.258564543768503371e-04
4.599999999999999645e+00	7.499969130020761945e-03	-4.231103674850299613e-04
4.605000000000000426e+00	7.499969328565953518e-03	-4.203869441707618884e-04
4.610000000000000320e+00	7.499969525420517417e-03	-4.176867369072974562e-04
4.615000000000000213e+00	7.499969720545081493e-03	-4.150102846887902277e-04
4.620000000000000107e+00	7.499969913901328306e-03	-4.123581120526778848e-04
4.625000000000000000e+00	7.499970105451888441e-03	-4.097307305599720778e-04
4.629999999999999893e+00	7.499970295160409035e-03	-4.071286378455780952e-04
4.634999999999999787e+00	7.499970482991450554e-03	-4.045523190552684505e-04
4.639999999999999680e+00	7.499970668910547512e-03	-4.020022459232190084e-04
4.644999999999999574e+00	7.499970852884118265e-03	-3.994788781665890203e-04
4.650000000000000355e+00	7.499971034879517919e-03	-3.969826625896784246e-04
4.655000000000000249e+00	7.499971214864950726e-03	-3.945140344368036124e-04
4.660000000000000142e+00	7.499971392809524733e-03	-3.920734165222838929e-04
4.665000000000000036e+00	7.499971568683162434e-03	-3.896612205427879929e-04
4.669999999999999929e+00	7.499971742456658028e-03	-3.872778462323547507e-04
4.674999999999999822e+00	7.499971914101586333e-03	-3.849236826349822465e-04
4.679999999999999716e+00	7.499972083590361778e-03	-3.825991072839258437e-04
4.685000000000000497e+00	7.499972250896151660e-03	-3.803044874355588040e-04
4.690000000000000391e+00	7.499972415992929922e-03	-3.780401792721797892e-04
4.695000000000000284e+00	7.499972578855393021e-03	-3.758065290980771049e-04
4.700000000000000178e+00	7.499972739459013701e-03	-3.736038725650480687e-04
4.705000000000000071e+00	7.499972897779958597e-03	-3.714325358316447785e-04
4.709999999999999964e+00	7.499973053795143743e-03	-3.692928348104994969e-04
4.714999999999999858e+00	7.499973207482149573e-03	-3.671850762917738581e-04
4.719999999999999751e+00	7.499973358819276431e-03	-3.651095572115063909e-04
4.724999999999999645e+00	7.499973507785465641e-03	-3.630665657403246466e-04
4.730000000000000426e+00	7.499973654360349816e-03	-3.610563805718964322e-04
4.735000000000000320e+00	7.499973798524176526e-03	-3.590792719778598254e-04
4.740000000000000213e+00	7.499973940257859475e-03	-3.571355011155566178e-04
4.745000000000000107e+00	7.499974079542903911e-03	-3.552253210503646531e-04
4.750000000000000000e+00	7.499974216361453457e-03	-3.533489760816312304e-04
4.754999999999999893e+00	7.499974350696221592e-03	-3.515067027334397632e-04
4.759999999999999787e+00	7.499974482530535023e-03	-3.496987290979549821e-04
4.764999999999999680e+00	7.499974611848269496e-03	-3.479252757956003469e-04
4.769999999999999574e+00	7.499974738633890560e-03	-3.461865553349880733e-04
4.775000000000000355e+00	7.499974862872388522e-03	-3.444827730436819777e-04
4.780000000000000249e+00	7.499974984549327012e-03	-3.428141264435615007e-04
4.785000000000000142e+00	7.499975103650769262e-03	-3.411808061533093189e-04
4.790000000000000036e+00	7.499975220163329279e-03	-3.395829952782945696e-04
4.794999999999999929e+00	7.499975334074106791e-03	-3.380208702858219973e-04
4.799999999999999822e+00	7.499975445370729750e-03	-3.364946004085905829e-04
4.804999999999999716e+00	7.499975554041291882e-03	-3.350043484939551220e-04
4.809999999999999609e+00	7.499975660074395187e-03	-3.335502704198900969e-04
4.814999999999999503e+00	7.499975763459093558e-03	-3.321325159193653457e-04
4.820000000000000284e+00	7.499975864184927482e-03	-3.307512280078507235e-04
4.825000000000000178e+00	7.499975962241873725e-03	-3.294065437839276329e-04
4.830000000000000071e+00	7.499976057620379166e-03	-3.280985938672472909e-04
4.834999999999999964e+00	7.499976150311309618e-03	-3.268275031766591050e-04
4.839999999999999858e+00	7.499976240305986259e-03	-3.255933903775819834e-04
4.844999999999999751e+00	7.499976327596131857e-03	-3.243963686387311561e-04
4.849999999999999645e+00	7.499976412173911533e-03	-3.232365450878524251e-04
4.855000000000000426e+00	7.499976494031878119e-03	-3.221140215483540565e-04
4.860000000000000320e+00	7.499976573163009454e-03	-3.210288940023207980e-04
4.865000000000000213e+00	7.499976649560659812e-03	-3.199812533081546691e-04
4.870000000000000107e+00	7.499976723218594599e-03	-3.189711846697479512e-04
4.875000000000000000e+00	7.499976794130943508e-03	-3.179987683364132105e-04
4.879999999999999893e+00	7.499976862292234356e-03	-3.170640790771797938e-04
4.884999999999999787e+00	7.499976927697347973e-03	-3.161671868642064649e-04
4.889999999999999680e+00	7.499976990341552033e-03	-3.153081563510042843e-04
4.894999999999999574e+00	7.499977050220455084e-03	-3.144870475406179940e-04
4.900000000000000355e+00	7.499977107330041241e-03	-3.137039152666444585e-04
4.905000000000000249e+00	7.499977161666627687e-03	-3.129588098474703423e-04
4.910000000000000142e+00	7.499977213226898497e-03	-3.122517765688675225e-04
4.915000000000000036e+00	7.499977262007857803e-03	-3.115828563255755254e-04
4.919999999999999929e+00	7.499977308006867960e-03	-3.109520851043599474e-04
4.924999999999999822e+00	7.499977351221605304e-03	-3.103594946141563960e-04
4.929999999999999716e+00	7.499977391650096588e-03	-3.098051117684347505e-04
4.935000000000000497e+00	7.499977429290673007e-03	-3.092889593051404893e-04
4.940000000000000391e+00	7.499977464142009234e-03	-3.088110552671264144e-04
4.945000000000000284e+00	7.499977496203079179e-03	-3.083714136133761260e-04
4.950000000000000178e+00	7.499977525473191554e-03	-3.079700436962265627e-04
4.955000000000000071e+00	7.499977551951949976e-03	-3.076069508651134085e-04
4.959999999999999964e+00	7.499977575639287658e-03	-3.072821359393823940e-04
4.964999999999999858e+00	7.499977596535424909e-03	-3.069955958058253687e-04
4.969999999999999751e+00	7.499977614640909035e-03	-3.067473228858826452e-04
4.974999999999999645e+00	7.499977629956571835e-03	-3.065373057284112926e-04
4.980000000000000426e+00	7.499977642483566034e-03	-3.063655284699383949e-04
4.985000000000000320e+00	7.499977652223324513e-03	-3.062319714239083979e-04
4.990000000000000213e+00	7.499977659177596741e-03	-3.061366105327608875e-04
4.995000000000000107e+00	7.499977663348415813e-03	-3.060794179551661444e-04
5.000000000000000000e+00	7.499977664738122739e-03	-3.060603615084970001e-04
