# coordinate_x	h	p	@time=981.29
0.000000000000000000e+00	2.699749296364665763e-01	5.715675818391063867e-01
5.000000000000000104e-03	2.699713619308237167e-01	5.715675817636330924e-01
1.000000000000000021e-02	2.699606588150633146e-01	5.715675815371730195e-01
1.499999999999999944e-02	2.699428202904434748e-01	5.715675811596827582e-01
2.000000000000000042e-02	2.699178463600205302e-01	5.715675806310576146e-01
2.500000000000000139e-02	2.698857370272988998e-01	5.715675799511766852e-01
2.999999999999999889e-02	2.698464922975402080e-01	5.715675791198590039e-01
3.500000000000000333e-02	2.698001121764486143e-01	5.715675781369085051e-01
4.000000000000000083e-02	2.697465966714892027e-01	5.715675770020680613e-01
4.499999999999999833e-02	2.696859457905724788e-01	5.715675757150652236e-01
5.000000000000000278e-02	2.696181595433765898e-01	5.715675742755665922e-01
5.500000000000000028e-02	2.695432379400297673e-01	5.715675726832230019e-01
5.999999999999999778e-02	2.694611809924364887e-01	5.715675709376236702e-01
6.500000000000000222e-02	2.693719887129570889e-01	5.715675690383418273e-01
7.000000000000000666e-02	2.692756611157390845e-01	5.715675669848890861e-01
7.500000000000001110e-02	2.691721982153927328e-01	5.715675647767598511e-01
8.000000000000000167e-02	2.690616000283282405e-01	5.715675624133865762e-01
8.499999999999999223e-02	2.689438665714269927e-01	5.715675598941842850e-01
8.999999999999999667e-02	2.688189978633848676e-01	5.715675572185049402e-01
9.500000000000000111e-02	2.686869939233788029e-01	5.715675543856826302e-01
1.000000000000000056e-01	2.685478547724169385e-01	5.715675513949876052e-01
1.050000000000000100e-01	2.684015804319993537e-01	5.715675482456715750e-01
1.100000000000000006e-01	2.682481709254763702e-01	5.715675449369214123e-01
1.149999999999999911e-01	2.680876262767024065e-01	5.715675414679048938e-01
1.199999999999999956e-01	2.679199465114034950e-01	5.715675378377236271e-01
1.250000000000000000e-01	2.677451316558231431e-01	5.715675340454593467e-01
1.300000000000000044e-01	2.675631817380998978e-01	5.715675300901267297e-01
1.350000000000000089e-01	2.673740967869049356e-01	5.715675259707193590e-01
1.400000000000000133e-01	2.671778768328300635e-01	5.715675216861626495e-01
1.450000000000000178e-01	2.669745219070162601e-01	5.715675172353598121e-01
1.499999999999999944e-01	2.667640320425531120e-01	5.715675126171446685e-01
1.549999999999999989e-01	2.665464072730974743e-01	5.715675078303273926e-01
1.600000000000000033e-01	2.663216476342852856e-01	5.715675028736475483e-01
1.650000000000000078e-01	2.660897531623392376e-01	5.715674977458197192e-01
1.700000000000000122e-01	2.658507238954943008e-01	5.715674924454862138e-01
1.749999999999999889e-01	2.656045598725933488e-01	5.715674869712629169e-01
1.799999999999999933e-01	2.653512611345270611e-01	5.715674813216918837e-01
1.849999999999999978e-01	2.650908277228171128e-01	5.715674754952873027e-01
1.900000000000000022e-01	2.648232596810713990e-01	5.715674694904875341e-01
1.950000000000000067e-01	2.645485570535533459e-01	5.715674633057010734e-01
2.000000000000000111e-01	2.642667198866537892e-01	5.715674569392589222e-01
2.050000000000000155e-01	2.639777482274457965e-01	5.715674503894607739e-01
2.099999999999999922e-01	2.636816421251740317e-01	5.715674436545262749e-01
2.149999999999999967e-01	2.633784016297938124e-01	5.715674367326416538e-01
2.200000000000000011e-01	2.630680267934792371e-01	5.715674296219109829e-01
2.250000000000000056e-01	2.627505176691458666e-01	5.715674223204029181e-01
2.300000000000000100e-01	2.624258743119782800e-01	5.715674148261012943e-01
2.349999999999999867e-01	2.620940967779351594e-01	5.715674071369525322e-01
2.399999999999999911e-01	2.617551851252984396e-01	5.715673992508153445e-01
2.449999999999999956e-01	2.614091394131587420e-01	5.715673911655084760e-01
2.500000000000000000e-01	2.610559597029874501e-01	5.715673828787604105e-01
2.550000000000000044e-01	2.606956460571020484e-01	5.715673743882568880e-01
2.600000000000000089e-01	2.603281985402618459e-01	5.715673656915905010e-01
2.650000000000000133e-01	2.599536172181121096e-01	5.715673567863079896e-01
2.700000000000000178e-01	2.595719021588049902e-01	5.715673476698597266e-01
2.750000000000000222e-01	2.591830534314211176e-01	5.715673383396473461e-01
2.800000000000000266e-01	2.587870711076170616e-01	5.715673287929725621e-01
2.850000000000000311e-01	2.583839552600231682e-01	5.715673190270851300e-01
2.899999999999999800e-01	2.579737059639194419e-01	5.715673090391311106e-01
2.949999999999999845e-01	2.575563232956076809e-01	5.715672988262009424e-01
2.999999999999999889e-01	2.571318073341174459e-01	5.715672883852774833e-01
3.049999999999999933e-01	2.567001581595517723e-01	5.715672777132843052e-01
3.099999999999999978e-01	2.562613758548241139e-01	5.715672668070329587e-01
3.150000000000000022e-01	2.558154605039761886e-01	5.715672556632716006e-01
3.200000000000000067e-01	2.553624121939481739e-01	5.715672442786320362e-01
3.250000000000000111e-01	2.549022310128670199e-01	5.715672326496781253e-01
3.300000000000000155e-01	2.544349170518513392e-01	5.715672207728524912e-01
3.350000000000000200e-01	2.539604704032687454e-01	5.715672086445251487e-01
3.400000000000000244e-01	2.534788911625777130e-01	5.715671962609396584e-01
3.449999999999999734e-01	2.529901794265517756e-01	5.715671836182617538e-01
3.499999999999999778e-01	2.524943352951605768e-01	5.715671707125256074e-01
3.549999999999999822e-01	2.519913588697594298e-01	5.715671575396814585e-01
3.599999999999999867e-01	2.514812502550113349e-01	5.715671440955423233e-01
3.649999999999999911e-01	2.509640095570399021e-01	5.715671303758316224e-01
3.699999999999999956e-01	2.504396368853951116e-01	5.715671163761288920e-01
3.750000000000000000e-01	2.499081323511676000e-01	5.715671020919177447e-01
3.800000000000000044e-01	2.493694960690000795e-01	5.715670875185311361e-01
3.850000000000000089e-01	2.488237281551611002e-01	5.715670726511994371e-01
3.900000000000000133e-01	2.482708287296049032e-01	5.715670574849948116e-01
3.950000000000000178e-01	2.477107979140025229e-01	5.715670420148794006e-01
4.000000000000000222e-01	2.471436358338524875e-01	5.715670262356497000e-01
4.050000000000000266e-01	2.465693426164668745e-01	5.715670101419841886e-01
4.099999999999999756e-01	2.459879183931360236e-01	5.715669937283868185e-01
4.149999999999999800e-01	2.453993632970671301e-01	5.715669769892354202e-01
4.199999999999999845e-01	2.448036774656056902e-01	5.715669599187244154e-01
4.249999999999999889e-01	2.442008610381243283e-01	5.715669425109122237e-01
4.299999999999999933e-01	2.435909141583042503e-01	5.715669247596650848e-01
4.349999999999999978e-01	2.429738369719712521e-01	5.715669066587026892e-01
4.400000000000000022e-01	2.423496296294408159e-01	5.715668882015420005e-01
4.450000000000000067e-01	2.417182922832985248e-01	5.715668693815433299e-01
4.500000000000000111e-01	2.410798250908122720e-01	5.715668501918527156e-01
4.550000000000000155e-01	2.404342282116542218e-01	5.715668306254475528e-01
4.600000000000000200e-01	2.397815018103837403e-01	5.715668106750798616e-01
4.649999999999999689e-01	2.391216460541078226e-01	5.715667903333198074e-01
4.699999999999999734e-01	2.384546611150389628e-01	5.715667695924994129e-01
4.749999999999999778e-01	2.377805471680906335e-01	5.715667484447551905e-01
4.799999999999999822e-01	2.370993043935143152e-01	5.715667268819715208e-01
4.849999999999999867e-01	2.364109329744263632e-01	5.715667048958229524e-01
4.899999999999999911e-01	2.357154330995292757e-01	5.715666824777169142e-01
4.949999999999999956e-01	2.350128049605657854e-01	5.715666596188342385e-01
5.000000000000000000e-01	2.343030487551293617e-01	5.715666363100732061e-01
5.050000000000000044e-01	2.335861646840416694e-01	5.715666125420878485e-01
5.100000000000000089e-01	2.328621529542573843e-01	5.715665883052327700e-01
5.150000000000000133e-01	2.321310137761609382e-01	5.715665635895987862e-01
5.200000000000000178e-01	2.313927473665712831e-01	5.715665383849588554e-01
5.250000000000000222e-01	2.306473539459531208e-01	5.715665126808016083e-01
5.300000000000000266e-01	2.298948337415280818e-01	5.715664864662776123e-01
5.350000000000000311e-01	2.291351869843952782e-01	5.715664597302304584e-01
5.400000000000000355e-01	2.283684139127556134e-01	5.715664324611441360e-01
5.450000000000000400e-01	2.275945147689363568e-01	5.715664046471710114e-01
5.500000000000000444e-01	2.268134898027355795e-01	5.715663762760805344e-01
5.550000000000000488e-01	2.260253392683452822e-01	5.715663473352836643e-01
5.600000000000000533e-01	2.252300634278234515e-01	5.715663178117832421e-01
5.649999999999999467e-01	2.244276625479099396e-01	5.715662876921936419e-01
5.699999999999999512e-01	2.236181369036339961e-01	5.715662569626944745e-01
5.749999999999999556e-01	2.228014867750167383e-01	5.715662256090446869e-01
5.799999999999999600e-01	2.219777124508231780e-01	5.715661936165381540e-01
5.849999999999999645e-01	2.211468142251438729e-01	5.715661609700136703e-01
5.899999999999999689e-01	2.203087924013011900e-01	5.715661276538124280e-01
5.949999999999999734e-01	2.194636472883030043e-01	5.715660936517819035e-01
5.999999999999999778e-01	2.186113792049134696e-01	5.715660589472374431e-01
6.049999999999999822e-01	2.177519884759705204e-01	5.715660235229579333e-01
6.099999999999999867e-01	2.168854754366324189e-01	5.715659873611521613e-01
6.149999999999999911e-01	2.160118404285506499e-01	5.715659504434464910e-01
6.199999999999999956e-01	2.151310838043044293e-01	5.715659127508554427e-01
6.250000000000000000e-01	2.142432059234196662e-01	5.715658742637604872e-01
6.300000000000000044e-01	2.133482071570043381e-01	5.715658349618856215e-01
6.350000000000000089e-01	2.124460878836038902e-01	5.715657948242658382e-01
6.400000000000000133e-01	2.115368484940519656e-01	5.715657538292295836e-01
6.450000000000000178e-01	2.106204893871511108e-01	5.715657119543550158e-01
6.500000000000000222e-01	2.096970109747543498e-01	5.715656691764587904e-01
6.550000000000000266e-01	2.087664136772601209e-01	5.715656254715402174e-01
6.600000000000000311e-01	2.078286979289414027e-01	5.715655808147774852e-01
6.650000000000000355e-01	2.068838641732421990e-01	5.715655351804567186e-01
6.700000000000000400e-01	2.059319128683728961e-01	5.715654885419784170e-01
6.750000000000000444e-01	2.049728444823945561e-01	5.715654408717678603e-01
6.800000000000000488e-01	2.040066594991008786e-01	5.715653921412933158e-01
6.850000000000000533e-01	2.030333584128757585e-01	5.715653423209567929e-01
6.899999999999999467e-01	2.020529417348836954e-01	5.715652913801247959e-01
6.949999999999999512e-01	2.010654099876846568e-01	5.715652392869964293e-01
6.999999999999999556e-01	2.000707637117571380e-01	5.715651860086483627e-01
7.049999999999999600e-01	1.990690034598533997e-01	5.715651315108785102e-01
7.099999999999999645e-01	1.980601298038814073e-01	5.715650757582664276e-01
7.149999999999999689e-01	1.970441433289815969e-01	5.715650187139887928e-01
7.199999999999999734e-01	1.960210446407970875e-01	5.715649603398977874e-01
7.249999999999999778e-01	1.949908343592512971e-01	5.715649005963049367e-01
7.299999999999999822e-01	1.939535131262386525e-01	5.715648394420806966e-01
7.349999999999999867e-01	1.929090815990808228e-01	5.715647768344002122e-01
7.399999999999999911e-01	1.918575404586732869e-01	5.715647127288682183e-01
7.449999999999999956e-01	1.907988904025955945e-01	5.715646470792229428e-01
7.500000000000000000e-01	1.897331321537531201e-01	5.715645798374876518e-01
7.550000000000000044e-01	1.886602664531148998e-01	5.715645109536275914e-01
7.600000000000000089e-01	1.875802940688935105e-01	5.715644403757330627e-01
7.650000000000000133e-01	1.864932157888813946e-01	5.715643680496214074e-01
7.700000000000000178e-01	1.853990324302170201e-01	5.715642939190573868e-01
7.750000000000000222e-01	1.842977448312876632e-01	5.715642179252912181e-01
7.800000000000000266e-01	1.831893538621349737e-01	5.715641400073218081e-01
7.850000000000000311e-01	1.820738604158892437e-01	5.715640601013635136e-01
7.900000000000000355e-01	1.809512654198739412e-01	5.715639781411570031e-01
7.950000000000000400e-01	1.798215698265324403e-01	5.715638940573534166e-01
8.000000000000000444e-01	1.786847746252978597e-01	5.715638077778815163e-01
8.050000000000000488e-01	1.775408808329698995e-01	5.715637192272372546e-01
8.100000000000000533e-01	1.763898895064235639e-01	5.715636283269146523e-01
8.149999999999999467e-01	1.752318017323896415e-01	5.715635349945868970e-01
8.199999999999999512e-01	1.740666186410848859e-01	5.715634391446111628e-01
8.249999999999999556e-01	1.728943413953440700e-01	5.715633406870842537e-01
8.299999999999999600e-01	1.717149712052651878e-01	5.715632395284327982e-01
8.349999999999999645e-01	1.705285093166353516e-01	5.715631355703246763e-01
8.399999999999999689e-01	1.693349570266954873e-01	5.715630287103576901e-01
8.449999999999999734e-01	1.681343156717966802e-01	5.715629188408035688e-01
8.499999999999999778e-01	1.669265866444025193e-01	5.715628058494113262e-01
8.549999999999999822e-01	1.657117713799050318e-01	5.715626896179576422e-01
8.599999999999999867e-01	1.644898713749980701e-01	5.715625700231822259e-01
8.649999999999999911e-01	1.632608881735742312e-01	5.715624469351147097e-01
8.699999999999999956e-01	1.620248233866207754e-01	5.715623202181627782e-01
8.750000000000000000e-01	1.607816786771098516e-01	5.715621897291778275e-01
8.800000000000000044e-01	1.595314557815886436e-01	5.715620553187229502e-01
8.850000000000000089e-01	1.582741564939652568e-01	5.715619168288338381e-01
8.900000000000000133e-01	1.570097826889892689e-01	5.715617740944949343e-01
8.950000000000000178e-01	1.557383363048234770e-01	5.715616269410452865e-01
9.000000000000000222e-01	1.544598193686392007e-01	5.715614751858975051e-01
9.050000000000000266e-01	1.531742339778510431e-01	5.715613186355283926e-01
9.100000000000000311e-01	1.518815823280839639e-01	5.715611570874815639e-01
9.150000000000000355e-01	1.505818666929331362e-01	5.715609903268704661e-01
9.200000000000000400e-01	1.492750894545985529e-01	5.715608181287141765e-01
9.250000000000000444e-01	1.479612530820144378e-01	5.715606402538658815e-01
9.300000000000000488e-01	1.466403601644932775e-01	5.715604564517402508e-01
9.350000000000000533e-01	1.453124133880489277e-01	5.715602664555643475e-01
9.399999999999999467e-01	1.439774155724457272e-01	5.715600699855658551e-01
9.449999999999999512e-01	1.426353696455173181e-01	5.715598667434209634e-01
9.499999999999999556e-01	1.412862786840800855e-01	5.715596564159888260e-01
9.549999999999999600e-01	1.399301458860233716e-01	5.715594386688042094e-01
9.599999999999999645e-01	1.385669746156237281e-01	5.715592131504593221e-01
9.649999999999999689e-01	1.371967683731508680e-01	5.715589794849575966e-01
9.699999999999999734e-01	1.358195308452117556e-01	5.715587372768657914e-01
9.749999999999999778e-01	1.344352658715812776e-01	5.715584861023049745e-01
9.799999999999999822e-01	1.330439775013155523e-01	5.715582255150203350e-01
9.849999999999999867e-01	1.316456699564761690e-01	5.715579550357358096e-01
9.899999999999999911e-01	1.302403476948856276e-01	5.715576741593229038e-01
9.949999999999999956e-01	1.288280153703659781e-01	5.715573823421811195e-01
1.000000000000000000e+00	1.274086779031730066e-01	5.715570790107270538e-01
1.004999999999999893e+00	1.259823404363150656e-01	5.715567635463834062e-01
1.010000000000000009e+00	1.245490084149014076e-01	5.715564352956612471e-01
1.015000000000000124e+00	1.231086875380421747e-01	5.715560935522387975e-01
1.020000000000000018e+00	1.216613838485922083e-01	5.715557375689720443e-01
1.024999999999999911e+00	1.202071036800571313e-01	5.715553665364165870e-01
1.030000000000000027e+00	1.187458537585170115e-01	5.715549795971839320e-01
1.035000000000000142e+00	1.172776411438765654e-01	5.715545758200918369e-01
1.040000000000000036e+00	1.158024733461292671e-01	5.715541542173864231e-01
1.044999999999999929e+00	1.143203582601857310e-01	5.715537137134928392e-01
1.050000000000000044e+00	1.128313042991124504e-01	5.715532531657550042e-01
1.055000000000000160e+00	1.113353203216521509e-01	5.715527713264787479e-01
1.060000000000000053e+00	1.098324157856663263e-01	5.715522668680118601e-01
1.064999999999999947e+00	1.083226006673193575e-01	5.715517383364028259e-01
1.070000000000000062e+00	1.068058856387112815e-01	5.715511841818662342e-01
1.075000000000000178e+00	1.052822819775342672e-01	5.715506027018960600e-01
1.080000000000000071e+00	1.037518017738486564e-01	5.715499920784491428e-01
1.084999999999999964e+00	1.022144578288276540e-01	5.715493503077030413e-01
1.090000000000000080e+00	1.006702638968811625e-01	5.715486752456745423e-01
1.095000000000000195e+00	9.911923457188363817e-02	5.715479645209387005e-01
1.100000000000000089e+00	9.756138557247445720e-02	5.715472155909059326e-01
1.104999999999999982e+00	9.599673361391038162e-02	5.715464256326343584e-01
1.110000000000000098e+00	9.442529674650722293e-02	5.715455916126688241e-01
1.115000000000000213e+00	9.284709421097492310e-02	5.715447101494519622e-01
1.120000000000000107e+00	9.126214684279586320e-02	5.715437776005483084e-01
1.125000000000000000e+00	8.967047690858685749e-02	5.715427898879019697e-01
1.129999999999999893e+00	8.807210859300686201e-02	5.715417426075254381e-01
1.134999999999999787e+00	8.646706781336335745e-02	5.715406308056822926e-01
1.139999999999999902e+00	8.485538281078501555e-02	5.715394491178549252e-01
1.145000000000000018e+00	8.323708393997440724e-02	5.715381914794283036e-01
1.149999999999999911e+00	8.161220439343951083e-02	5.715368513031673370e-01
1.154999999999999805e+00	7.998077996304425730e-02	5.715354211014949115e-01
1.159999999999999920e+00	7.834284993589848978e-02	5.715338927151216719e-01
1.165000000000000036e+00	7.669845682427942068e-02	5.715322568145366766e-01
1.169999999999999929e+00	7.504764748559437926e-02	5.715305031973116900e-01
1.174999999999999822e+00	7.339047281752383856e-02	5.715286201223648277e-01
1.179999999999999938e+00	7.172698917423338261e-02	5.715265947005311320e-01
1.185000000000000053e+00	7.005725802457118956e-02	5.715244119939372203e-01
1.189999999999999947e+00	6.838134776543379478e-02	5.715220555348321518e-01
1.194999999999999840e+00	6.669933334316269224e-02	5.715195060897875212e-01
1.199999999999999956e+00	6.501129860747595357e-02	5.715167423573255245e-01
1.205000000000000071e+00	6.331733590100648013e-02	5.715137392454932019e-01
1.209999999999999964e+00	6.161754916131875065e-02	5.715104688224618146e-01
1.214999999999999858e+00	5.991205349293349247e-02	5.715068978739954453e-01
1.219999999999999973e+00	5.820097932367781363e-02	5.715029892178334903e-01
1.225000000000000089e+00	5.648447199152404480e-02	5.714986981728643611e-01
1.229999999999999982e+00	5.476269741706590172e-02	5.714939744060815174e-01
1.234999999999999876e+00	5.303584177160957508e-02	5.714887567181362593e-01
1.239999999999999991e+00	5.130411937879687106e-02	5.714829756855366316e-01
1.245000000000000107e+00	4.956777259527867657e-02	5.714765457729171771e-01
1.250000000000000000e+00	4.782708307143102022e-02	5.714693691891112870e-01
1.254999999999999893e+00	4.608237210065264239e-02	5.714613236294417975e-01
1.260000000000000009e+00	4.433401708178518613e-02	5.714522680309568337e-01
1.265000000000000124e+00	4.258245283662813463e-02	5.714420229343065705e-01
1.270000000000000018e+00	4.082819637439927263e-02	5.714303792947053040e-01
1.274999999999999911e+00	3.907185016244695691e-02	5.714170659136943442e-01
1.280000000000000027e+00	3.731414058963394148e-02	5.714017633283943187e-01
1.285000000000000142e+00	3.555592516507972978e-02	5.713840476377812783e-01
1.290000000000000036e+00	3.379825442071447000e-02	5.713634131619761414e-01
1.294999999999999929e+00	3.204238707820150633e-02	5.713391711419644192e-01
1.300000000000000044e+00	3.028989362631239607e-02	5.713104882824324715e-01
1.305000000000000160e+00	2.854268787865418822e-02	5.712761946868900598e-01
1.310000000000000053e+00	2.680320750869154625e-02	5.712348530280824122e-01
1.314999999999999947e+00	2.507447968379689432e-02	5.711843737884215733e-01
1.320000000000000062e+00	2.336044804863373139e-02	5.711221489724561673e-01
1.325000000000000178e+00	2.166610837883386348e-02	5.710442363409357069e-01
1.330000000000000071e+00	1.999811472473504020e-02	5.709456483079594635e-01
1.334999999999999964e+00	1.836504617684470153e-02	5.708185373141501096e-01
1.340000000000000080e+00	1.677849699472992034e-02	5.706529340226388358e-01
1.345000000000000195e+00	1.525349212960619948e-02	5.704326743291858737e-01
1.350000000000000089e+00	1.381004458369552122e-02	5.701377273336341034e-01
1.354999999999999982e+00	1.247311420230331168e-02	5.697360710660762662e-01
1.360000000000000098e+00	1.127259550680188849e-02	5.691920424989811433e-01
1.365000000000000213e+00	1.023960713265599683e-02	5.684568061647845560e-01
1.370000000000000107e+00	9.398553588237358591e-03	5.674922114738374379e-01
1.375000000000000000e+00	8.758417618027912813e-03	5.662724146411539650e-01
1.379999999999999893e+00	8.304204919260038675e-03	5.648056749159420242e-01
1.384999999999999787e+00	8.003006986262356515e-03	5.631335765035195839e-01
1.389999999999999902e+00	7.813788315459644848e-03	5.613060496457875637e-01
1.395000000000000018e+00	7.699383076130082021e-03	5.593792349465248614e-01
1.399999999999999911e+00	7.632176354104047364e-03	5.573895984506836987e-01
1.404999999999999805e+00	7.593123305229918830e-03	5.553669551604096810e-01
1.409999999999999920e+00	7.570758619785004917e-03	5.533267300818959233e-01
1.415000000000000036e+00	7.557904653336396106e-03	5.512801984337953876e-01
1.419999999999999929e+00	7.550567985812718999e-03	5.492327164384446236e-01
1.424999999999999822e+00	7.546326100862497943e-03	5.471880509800395309e-01
1.429999999999999938e+00	7.543867009216505271e-03	5.451479279152747770e-01
1.435000000000000053e+00	7.542402797319588091e-03	5.431135390165502397e-01
1.439999999999999947e+00	7.541510523719116219e-03	5.410854112208566269e-01
1.444999999999999840e+00	7.540937016736680779e-03	5.390638992306669985e-01
1.449999999999999956e+00	7.540546777650695108e-03	5.370491452897622198e-01
1.455000000000000071e+00	7.540258784706042536e-03	5.350412370089940861e-01
1.459999999999999964e+00	7.540029718880117068e-03	5.330401946787823864e-01
1.464999999999999858e+00	7.539833686917879474e-03	5.310460215345296220e-01
1.469999999999999973e+00	7.539656849720305018e-03	5.290586996875239478e-01
1.475000000000000089e+00	7.539490935824329741e-03	5.270782061301502175e-01
1.479999999999999982e+00	7.539331524482154566e-03	5.251045113909859063e-01
1.484999999999999876e+00	7.539175972943232447e-03	5.231375846582752009e-01
1.489999999999999991e+00	7.539022868082251305e-03	5.211773932997483261e-01
1.495000000000000107e+00	7.538871364410219822e-03	5.192239045326771940e-01
1.500000000000000000e+00	7.538721008992012827e-03	5.172770852194252811e-01
1.504999999999999893e+00	7.538571530085657647e-03	5.153369024412295385e-01
1.510000000000000009e+00	7.538422781254371444e-03	5.134033233826572618e-01
1.515000000000000124e+00	7.538274673901724544e-03	5.114763155566823816e-01
1.520000000000000018e+00	7.538127159432850971e-03	5.095558467187387697e-01
1.524999999999999911e+00	7.537980207727296850e-03	5.076418849801307420e-01
1.530000000000000027e+00	7.537833801443530324e-03	5.057343987328205559e-01
1.535000000000000142e+00	7.537687929153716153e-03	5.038333567263466595e-01
1.540000000000000036e+00	7.537542583522978575e-03	5.019387279973114291e-01
1.544999999999999929e+00	7.537397759122762414e-03	5.000504819336671902e-01
1.550000000000000044e+00	7.537253451846284182e-03	4.981685882069460392e-01
1.555000000000000160e+00	7.537109658214453597e-03	4.962930168315095036e-01
1.560000000000000053e+00	7.536966375185702796e-03	4.944237380988566466e-01
1.564999999999999947e+00	7.536823599937899493e-03	4.925607226342772482e-01
1.570000000000000062e+00	7.536681329804041651e-03	4.907039413329853383e-01
1.575000000000000178e+00	7.536539562205886097e-03	4.888533654149856966e-01
1.580000000000000071e+00	7.536398294629860148e-03	4.870089663629096899e-01
1.584999999999999964e+00	7.536257524608989261e-03	4.851707159753850807e-01
1.590000000000000080e+00	7.536117249711721949e-03	4.833385863064963428e-01
1.595000000000000195e+00	7.535977467539175037e-03	4.815125497177815128e-01
1.600000000000000089e+00	7.535838175718158338e-03	4.796925788192547557e-01
1.604999999999999982e+00	7.535699371903236375e-03	4.778786465200992040e-01
1.610000000000000098e+00	7.535561053771178130e-03	4.760707259711972617e-01
1.615000000000000213e+00	7.535423219024471597e-03	4.742687906145713894e-01
1.620000000000000107e+00	7.535285865386321703e-03	4.724728141273678572e-01
1.625000000000000000e+00	7.535148990604552573e-03	4.706827704700911053e-01
1.629999999999999893e+00	7.535012592446863056e-03	4.688986338319917069e-01
1.634999999999999787e+00	7.534876668704787971e-03	4.671203786781353284e-01
1.639999999999999902e+00	7.534741217189108893e-03	4.653479796961467740e-01
1.645000000000000018e+00	7.534606235733770294e-03	4.635814118421532348e-01
1.649999999999999911e+00	7.534471722191420431e-03	4.618206502888383969e-01
1.654999999999999805e+00	7.534337674437245960e-03	4.600656704702976163e-01
1.659999999999999920e+00	7.534204090364624712e-03	4.583164480313572930e-01
1.665000000000000036e+00	7.534070967888881372e-03	4.565729588713801634e-01
1.669999999999999929e+00	7.533938304943042612e-03	4.548351790948058637e-01
1.674999999999999822e+00	7.533806099481506029e-03	4.531030850539410348e-01
1.679999999999999938e+00	7.533674349475899361e-03	4.513766533006808301e-01
1.685000000000000053e+00	7.533543052918667896e-03	4.496558606283181936e-01
1.689999999999999947e+00	7.533412207819025624e-03	4.479406840244061216e-01
1.694999999999999840e+00	7.533281812206468059e-03	4.462311007116173123e-01
1.699999999999999956e+00	7.533151864126816193e-03	4.445270881017110431e-01
1.705000000000000071e+00	7.533022361645646918e-03	4.428286238354748328e-01
1.709999999999999964e+00	7.532893302844435000e-03	4.411356857377576879e-01
1.714999999999999858e+00	7.532764685823901962e-03	4.394482518565245854e-01
1.719999999999999973e+00	7.532636508700249998e-03	4.377663004189210616e-01
1.725000000000000089e+00	7.532508769608436267e-03	4.360898098694696023e-01
1.729999999999999982e+00	7.532381466698491804e-03	4.344187588271318790e-01
1.734999999999999876e+00	7.532254598138728163e-03	4.327531261226745807e-01
1.739999999999999991e+00	7.532128162112130924e-03	4.310928907566958790e-01
1.745000000000000107e+00	7.532002156819506480e-03	4.294380319361896237e-01
1.750000000000000000e+00	7.531876580475954479e-03	4.277885290335037283e-01
1.754999999999999893e+00	7.531751431313940016e-03	4.261443616221279318e-01
1.760000000000000009e+00	7.531626707579851948e-03	4.245055094365541848e-01
1.765000000000000124e+00	7.531502407537010897e-03	4.228719524073141223e-01
1.770000000000000018e+00	7.531378529462296086e-03	4.212436706217114746e-01
1.774999999999999911e+00	7.531255071649093497e-03	4.196206443581325107e-01
1.780000000000000027e+00	7.531132032403999900e-03	4.180028540476232179e-01
1.785000000000000142e+00	7.531009410049705095e-03	4.163902803074970294e-01
1.790000000000000036e+00	7.530887202921769663e-03	4.147829039037285725e-01
1.794999999999999929e+00	7.530765409371444757e-03	4.131807057838801645e-01
1.800000000000000044e+00	7.530644027762522716e-03	4.115836670402874264e-01
1.805000000000000160e+00	7.530523056474097005e-03	4.099917689423264178e-01
1.810000000000000053e+00	7.530402493897478747e-03	4.084049929003649160e-01
1.814999999999999947e+00	7.530282338438904627e-03	4.068233204973917827e-01
1.820000000000000062e+00	7.530162588516514134e-03	4.052467334537089849e-01
1.825000000000000178e+00	7.530043242563006292e-03	4.036752136579442318e-01
1.830000000000000071e+00	7.529924299022676751e-03	4.021087431324595896e-01
1.834999999999999964e+00	7.529805756354025076e-03	4.005473040637667070e-01
1.840000000000000080e+00	7.529687613026849954e-03	3.989908787686303193e-01
1.845000000000000195e+00	7.529569867524809647e-03	3.974394497239045476e-01
1.850000000000000089e+00	7.529452518342570969e-03	3.958929995333088647e-01
1.854999999999999982e+00	7.529335563988323772e-03	3.943515109567036769e-01
1.860000000000000098e+00	7.529219002980986307e-03	3.928149668775183789e-01
1.865000000000000213e+00	7.529102833852673732e-03	3.912833503314839256e-01
1.870000000000000107e+00	7.528987055145953781e-03	3.897566444746917713e-01
1.875000000000000000e+00	7.528871665416272778e-03	3.882348326118001403e-01
1.879999999999999893e+00	7.528756663229269411e-03	3.867178981647051428e-01
1.884999999999999787e+00	7.528642047163145237e-03	3.852058247002372871e-01
1.889999999999999902e+00	7.528527815806038311e-03	3.836985958994246215e-01
1.895000000000000018e+00	7.528413967758347709e-03	3.821961955846963632e-01
1.899999999999999911e+00	7.528300501630157474e-03	3.806986076897193039e-01
1.904999999999999805e+00	7.528187416043522102e-03	3.792058162861234871e-01
1.909999999999999920e+00	7.528074709629932991e-03	3.777178055538947254e-01
1.915000000000000036e+00	7.527962381032570101e-03	3.762345598076372588e-01
1.919999999999999929e+00	7.527850428903809163e-03	3.747560634675051183e-01
1.924999999999999822e+00	7.527738851907437787e-03	3.732823010850151446e-01
1.929999999999999938e+00	7.527627648716211234e-03	3.718132573145014330e-01
1.935000000000000053e+00	7.527516818014023427e-03	3.703489169384934776e-01
1.939999999999999947e+00	7.527406358493510426e-03	3.688892648396763230e-01
1.944999999999999840e+00	7.527296268858184140e-03	3.674342860258471566e-01
1.949999999999999956e+00	7.527186547820081779e-03	3.659839656023664567e-01
1.955000000000000071e+00	7.527077194101857056e-03	3.645382887967057450e-01
1.959999999999999964e+00	7.526968206434479086e-03	3.630972409313751870e-01
1.964999999999999858e+00	7.526859583559281953e-03	3.616608074480739954e-01
1.969999999999999973e+00	7.526751324225707841e-03	3.602289738810801056e-01
1.975000000000000089e+00	7.526643427193321911e-03	3.588017258810168864e-01
1.979999999999999982e+00	7.526535891229594460e-03	3.573790491886896237e-01
1.984999999999999876e+00	7.526428715111883709e-03	3.559609296584798632e-01
1.989999999999999991e+00	7.526321897625252652e-03	3.545473532326159916e-01
1.995000000000000107e+00	7.526215437564427561e-03	3.531383059642068112e-01
2.000000000000000000e+00	7.526109333731644327e-03	3.517337739919329520e-01
2.004999999999999893e+00	7.526003584938579204e-03	3.503337435627290608e-01
2.009999999999999787e+00	7.525898190004230714e-03	3.489382010068851070e-01
2.014999999999999680e+00	7.525793147756818305e-03	3.475471327603882332e-01
2.020000000000000018e+00	7.525688457031705879e-03	3.461605253404202442e-01
2.024999999999999911e+00	7.525584116673262290e-03	3.447783653673701654e-01
2.029999999999999805e+00	7.525480125532823909e-03	3.434006395407159240e-01
2.035000000000000142e+00	7.525376482470527359e-03	3.420273346607168863e-01
2.040000000000000036e+00	7.525273186353301572e-03	3.406584376046699614e-01
2.044999999999999929e+00	7.525170236056677106e-03	3.392939353482903320e-01
2.049999999999999822e+00	7.525067630462805093e-03	3.379338149423307125e-01
2.054999999999999716e+00	7.524965368462244002e-03	3.365780635336608206e-01
2.060000000000000053e+00	7.524863448952010675e-03	3.352266683422380211e-01
2.064999999999999947e+00	7.524761870837335005e-03	3.338796166818951416e-01
2.069999999999999840e+00	7.524660633029746533e-03	3.325368959376522326e-01
2.075000000000000178e+00	7.524559734448804833e-03	3.311984935862197776e-01
2.080000000000000071e+00	7.524459174020206066e-03	3.298643971736438529e-01
2.084999999999999964e+00	7.524358950677502086e-03	3.285345943355326703e-01
2.089999999999999858e+00	7.524259063360227810e-03	3.272090727750237016e-01
2.094999999999999751e+00	7.524159511015594305e-03	3.258878202827430459e-01
2.100000000000000089e+00	7.524060292596651718e-03	3.245708247150859704e-01
2.104999999999999982e+00	7.523961407063952007e-03	3.232580740139157083e-01
2.109999999999999876e+00	7.523862853383741361e-03	3.219495561851479781e-01
2.115000000000000213e+00	7.523764630529601247e-03	3.206452593181974287e-01
2.120000000000000107e+00	7.523666737480667714e-03	3.193451715648584766e-01
2.125000000000000000e+00	7.523569173223247294e-03	3.180492811585052815e-01
2.129999999999999893e+00	7.523471936749062325e-03	3.167575763932600208e-01
2.134999999999999787e+00	7.523375027056850364e-03	3.154700456429553324e-01
2.140000000000000124e+00	7.523278443150630337e-03	3.141866773405806446e-01
2.145000000000000018e+00	7.523182184041277663e-03	3.129074599970138038e-01
2.149999999999999911e+00	7.523086248744820757e-03	3.116323821807385763e-01
2.155000000000000249e+00	7.522990636283997078e-03	3.103614325363502902e-01
2.160000000000000142e+00	7.522895345686563505e-03	3.090945997645387355e-01
2.165000000000000036e+00	7.522800375986842848e-03	3.078318726403738159e-01
2.169999999999999929e+00	7.522705726224054174e-03	3.065732399935454100e-01
2.174999999999999822e+00	7.522611395443835024e-03	3.053186907264360817e-01
2.180000000000000160e+00	7.522517382696600370e-03	3.040682137946105201e-01
2.185000000000000053e+00	7.522423687039045750e-03	3.028217982246818041e-01
2.189999999999999947e+00	7.522330307532523568e-03	3.015794330950430369e-01
2.195000000000000284e+00	7.522237243244531482e-03	3.003411075535322161e-01
2.200000000000000178e+00	7.522144493247108661e-03	2.991068107984009017e-01
2.205000000000000071e+00	7.522052056618305088e-03	2.978765320957826868e-01
2.209999999999999964e+00	7.521959932440606435e-03	2.966502607608916264e-01
2.214999999999999858e+00	7.521868119802371279e-03	2.954279861753007497e-01
2.220000000000000195e+00	7.521776617796289803e-03	2.942096977683635872e-01
2.225000000000000089e+00	7.521685425520798461e-03	2.929953850343081090e-01
2.229999999999999982e+00	7.521594542078555157e-03	2.917850375138754115e-01
2.235000000000000320e+00	7.521503966577846971e-03	2.905786448112328002e-01
2.240000000000000213e+00	7.521413698131073147e-03	2.893761965758260279e-01
2.245000000000000107e+00	7.521323735856142410e-03	2.881776825191154634e-01
2.250000000000000000e+00	7.521234078874978503e-03	2.869830923966348868e-01
2.254999999999999893e+00	7.521144726314895820e-03	2.857924160245572942e-01
2.259999999999999787e+00	7.521055677307122295e-03	2.846056432619544219e-01
2.264999999999999680e+00	7.520966930988162887e-03	2.834227640271958504e-01
2.270000000000000018e+00	7.520878486498344152e-03	2.822437682804047054e-01
2.274999999999999911e+00	7.520790342983154318e-03	2.810686460396948361e-01
2.279999999999999805e+00	7.520702499591809531e-03	2.798973873638168630e-01
2.285000000000000142e+00	7.520614955478581790e-03	2.787299823682368727e-01
2.290000000000000036e+00	7.520527709801376470e-03	2.775664212079700377e-01
2.294999999999999929e+00	7.520440761723048984e-03	2.764066940935042127e-01
2.299999999999999822e+00	7.520354110410000514e-03	2.752507912738145768e-01
2.304999999999999716e+00	7.520267755033479933e-03	2.740987030521380152e-01
2.310000000000000053e+00	7.520181694768192544e-03	2.729504197691641765e-01
2.314999999999999947e+00	7.520095928793591594e-03	2.718059318186633044e-01
2.319999999999999840e+00	7.520010456292501762e-03	2.706652296308499905e-01
2.325000000000000178e+00	7.519925276452397653e-03	2.695283036878680094e-01
2.330000000000000071e+00	7.519840388464042041e-03	2.683951445073228803e-01
2.334999999999999964e+00	7.519755791522753086e-03	2.672657426576265371e-01
2.339999999999999858e+00	7.519671484827056447e-03	2.661400887416945915e-01
2.344999999999999751e+00	7.519587467579937762e-03	2.650181734121550003e-01
2.350000000000000089e+00	7.519503738987512974e-03	2.638999873552055897e-01
2.354999999999999982e+00	7.519420298260267796e-03	2.627855213056901063e-01
2.359999999999999876e+00	7.519337144611741054e-03	2.616747660311117829e-01
2.365000000000000213e+00	7.519254277259752005e-03	2.605677123465802159e-01
2.370000000000000107e+00	7.519171695425097557e-03	2.594643510989778079e-01
2.375000000000000000e+00	7.519089398332770048e-03	2.583646731817795250e-01
2.379999999999999893e+00	7.519007385210666611e-03	2.572686695193688866e-01
2.384999999999999787e+00	7.518925655290793937e-03	2.561763310817342099e-01
2.390000000000000124e+00	7.518844207807994125e-03	2.550876488689305388e-01
2.395000000000000018e+00	7.518763042001135564e-03	2.540026139256545967e-01
2.399999999999999911e+00	7.518682157111853531e-03	2.529212173258493235e-01
2.405000000000000249e+00	7.518601552385727194e-03	2.518434501871608111e-01
2.410000000000000142e+00	7.518521227071038419e-03	2.507693036556823962e-01
2.415000000000000036e+00	7.518441180419932306e-03	2.496987689202956051e-01
2.419999999999999929e+00	7.518361411687191596e-03	2.486318371975506092e-01
2.424999999999999822e+00	7.518281920131385937e-03	2.475684997458944547e-01
2.430000000000000160e+00	7.518202705013659302e-03	2.465087478506843566e-01
2.435000000000000053e+00	7.518123765598867976e-03	2.454525728383057381e-01
2.439999999999999947e+00	7.518045101154376651e-03	2.443999660613156988e-01
2.445000000000000284e+00	7.517966710951193808e-03	2.433509189124525574e-01
2.450000000000000178e+00	7.517888594262776489e-03	2.423054228099075780e-01
2.455000000000000071e+00	7.517810750366150929e-03	2.412634692112279877e-01
2.459999999999999964e+00	7.517733178540733814e-03	2.402250495987134915e-01
2.464999999999999858e+00	7.517655878069444235e-03	2.391901554932161500e-01
2.470000000000000195e+00	7.517578848237529282e-03	2.381587784396586582e-01
2.475000000000000089e+00	7.517502088333675135e-03	2.371309100207328602e-01
2.479999999999999982e+00	7.517425597648840462e-03	2.361065418425375984e-01
2.485000000000000320e+00	7.517349375477354496e-03	2.350856655481772528e-01
2.490000000000000213e+00	7.517273421115765186e-03	2.340682728035181903e-01
2.495000000000000107e+00	7.517197733863925993e-03	2.330543553106882437e-01
2.500000000000000000e+00	7.517122313023857916e-03	2.320439047939485966e-01
2.504999999999999893e+00	7.517047157900825019e-03	2.310369130130979776e-01
2.509999999999999787e+00	7.516972267802205128e-03	2.300333717494566499e-01
2.514999999999999680e+00	7.516897642038557550e-03	2.290332728191770695e-01
2.520000000000000018e+00	7.516823279922507650e-03	2.280366080593381473e-01
2.524999999999999911e+00	7.516749180769802426e-03	2.270433693411641196e-01
2.529999999999999805e+00	7.516675343898202889e-03	2.260535485562268077e-01
2.535000000000000142e+00	7.516601768628537045e-03	2.250671376295737269e-01
2.540000000000000036e+00	7.516528454283596603e-03	2.240841285060378441e-01
2.544999999999999929e+00	7.516455400189187355e-03	2.231045131632757861e-01
2.549999999999999822e+00	7.516382605673028496e-03	2.221282835981822634e-01
2.554999999999999716e+00	7.516310070065796919e-03	2.211554318398411545e-01
2.560000000000000053e+00	7.516237792700043892e-03	2.201859499360425410e-01
2.564999999999999947e+00	7.516165772911221135e-03	2.192198299661478611e-01
2.569999999999999840e+00	7.516094010036608770e-03	2.182570640277076424e-01
2.575000000000000178e+00	7.516022503416337069e-03	2.172976442492419724e-01
2.580000000000000071e+00	7.515951252392320467e-03	2.163415627769579852e-01
2.584999999999999964e+00	7.515880256309275843e-03	2.153888117874465380e-01
2.589999999999999858e+00	7.515809514513660874e-03	2.144393834744973693e-01
2.594999999999999751e+00	7.515739026354682772e-03	2.134932700617142576e-01
2.600000000000000089e+00	7.515668791183251381e-03	2.125504637894256865e-01
2.604999999999999982e+00	7.515598808352980977e-03	2.116109569272192903e-01
2.609999999999999876e+00	7.515529077219145100e-03	2.106747417609472206e-01
2.615000000000000213e+00	7.515459597139673154e-03	2.097418106051806841e-01
2.620000000000000107e+00	7.515390367474118240e-03	2.088121557903089842e-01
2.625000000000000000e+00	7.515321387584644221e-03	2.078857696749149275e-01
2.629999999999999893e+00	7.515252656834997894e-03	2.069626446329656255e-01
2.634999999999999787e+00	7.515184174591494314e-03	2.060427730661108237e-01
2.640000000000000124e+00	7.515115940221995909e-03	2.051261473909635757e-01
2.645000000000000018e+00	7.515047953096887397e-03	2.042127600513229113e-01
2.649999999999999911e+00	7.514980212588067039e-03	2.033026035055424952e-01
2.655000000000000249e+00	7.514912718069912886e-03	2.023956702386785766e-01
2.660000000000000142e+00	7.514845468918281840e-03	2.014919527499467733e-01
2.665000000000000036e+00	7.514778464511468956e-03	2.005914435647944416e-01
2.669999999999999929e+00	7.514711704229215181e-03	1.996941352224446409e-01
2.674999999999999822e+00	7.514645187453658851e-03	1.988000202878956180e-01
2.680000000000000160e+00	7.514578913568353835e-03	1.979090913395490647e-01
2.685000000000000053e+00	7.514512881959210626e-03	1.970213409811376881e-01
2.689999999999999947e+00	7.514447092013522289e-03	1.961367618294373172e-01
2.695000000000000284e+00	7.514381543120902084e-03	1.952553465261227250e-01
2.700000000000000178e+00	7.514316234672316352e-03	1.943770877255632801e-01
2.705000000000000071e+00	7.514251166061012600e-03	1.935019781066074362e-01
2.709999999999999964e+00	7.514186336681561058e-03	1.926300103604605130e-01
2.714999999999999858e+00	7.514121745930780159e-03	1.917611772023991301e-01
2.720000000000000195e+00	7.514057393206779838e-03	1.908954713597298958e-01
2.725000000000000089e+00	7.513993277909882668e-03	1.900328855834350628e-01
2.729999999999999982e+00	7.513929399441676704e-03	1.891734126362101809e-01
2.735000000000000320e+00	7.513865757205927080e-03	1.883170453040418635e-01
2.740000000000000213e+00	7.513802350607637522e-03	1.874637763843249316e-01
2.745000000000000107e+00	7.513739179053955004e-03	1.866135986973710692e-01
2.750000000000000000e+00	7.513676241953240811e-03	1.857665050746049040e-01
2.754999999999999893e+00	7.513613538715964782e-03	1.849224883700056887e-01
2.759999999999999787e+00	7.513551068753785908e-03	1.840815414483798484e-01
2.764999999999999680e+00	7.513488831480442248e-03	1.832436571967367422e-01
2.770000000000000018e+00	7.513426826310834125e-03	1.824088285126374831e-01
2.774999999999999911e+00	7.513365052661910570e-03	1.815770483155044746e-01
2.779999999999999805e+00	7.513303509951759461e-03	1.807483095350461422e-01
2.785000000000000142e+00	7.513242197600488760e-03	1.799226051225006617e-01
2.790000000000000036e+00	7.513181115029320123e-03	1.790999280391361581e-01
2.794999999999999929e+00	7.513120261661465800e-03	1.782802712674291246e-01
2.799999999999999822e+00	7.513059636921231785e-03	1.774636277996389511e-01
2.804999999999999716e+00	7.512999240234885176e-03	1.766499906489216176e-01
2.810000000000000053e+00	7.512939071029765131e-03	1.758393528379779136e-01
2.814999999999999947e+00	7.512879128735145025e-03	1.750317074101036818e-01
2.819999999999999840e+00	7.512819412781346871e-03	1.742270474179105078e-01
2.825000000000000178e+00	7.512759922600605218e-03	1.734253659343115983e-01
2.830000000000000071e+00	7.512700657626178100e-03	1.726266560413160511e-01
2.834999999999999964e+00	7.512641617293211796e-03	1.718309108409512009e-01
2.839999999999999858e+00	7.512582801037858728e-03	1.710381234441279152e-01
2.844999999999999751e+00	7.512524208298130071e-03	1.702482869815010735e-01
2.850000000000000089e+00	7.512465838513026663e-03	1.694613945924056952e-01
2.854999999999999982e+00	7.512407691123386411e-03	1.686774394356545803e-01
2.859999999999999876e+00	7.512349765571014332e-03	1.678964146785456024e-01
2.865000000000000213e+00	7.512292061299528229e-03	1.671183135075968995e-01
2.870000000000000107e+00	7.512234577753500869e-03	1.663431291176247495e-01
2.875000000000000000e+00	7.512177314379289185e-03	1.655708547224165050e-01
2.879999999999999893e+00	7.512120270624190327e-03	1.648014835438783576e-01
2.884999999999999787e+00	7.512063445937263058e-03	1.640350088226467107e-01
2.890000000000000124e+00	7.512006839768489881e-03	1.632714238073050272e-01
2.895000000000000018e+00	7.511950451569594962e-03	1.625107217649344737e-01
2.899999999999999911e+00	7.511894280793206258e-03	1.617528959703992686e-01
2.905000000000000249e+00	7.511838326893676039e-03	1.609979397168355142e-01
2.910000000000000142e+00	7.511782589326246491e-03	1.602458463050064619e-01
2.915000000000000036e+00	7.511727067547858093e-03	1.594966090537297820e-01
2.919999999999999929e+00	7.511671761016329094e-03	1.587502212893003584e-01
2.924999999999999822e+00	7.511616669191158689e-03	1.580066763558578835e-01
2.930000000000000160e+00	7.511561791532707366e-03	1.572659676048770716e-01
2.935000000000000053e+00	7.511507127502996609e-03	1.565280884054747468e-01
2.939999999999999947e+00	7.511452676564898782e-03	1.557930321339671964e-01
2.945000000000000284e+00	7.511398438182927302e-03	1.550607921841173076e-01
2.950000000000000178e+00	7.511344411822430851e-03	1.543313619567592276e-01
2.955000000000000071e+00	7.511290596950382682e-03	1.536047348699848547e-01
2.959999999999999964e+00	7.511236993034582643e-03	1.528809043488355279e-01
2.964999999999999858e+00	7.511183599544432599e-03	1.521598638354288158e-01
2.970000000000000195e+00	7.511130415950148000e-03	1.514416067787159592e-01
2.975000000000000089e+00	7.511077441723537640e-03	1.507261266445496795e-01
2.979999999999999982e+00	7.511024676337205684e-03	1.500134169055077349e-01
2.985000000000000320e+00	7.510972119265329691e-03	1.493034710509001661e-01
2.990000000000000213e+00	7.510919769982882591e-03	1.485962825766598550e-01
2.995000000000000107e+00	7.510867627966388155e-03	1.478918449952899006e-01
3.000000000000000000e+00	7.510815692693151649e-03	1.471901518258190156e-01
3.004999999999999893e+00	7.510763963642021375e-03	1.464911966036908098e-01
3.009999999999999787e+00	7.510712440292614117e-03	1.457949728707840786e-01
3.014999999999999680e+00	7.510661122126072349e-03	1.451014741852420797e-01
3.020000000000000018e+00	7.510610008624300955e-03	1.444106941115589071e-01
3.024999999999999911e+00	7.510559099270714030e-03	1.437226262303494817e-01
3.029999999999999805e+00	7.510508393549480272e-03	1.430372641285001800e-01
3.035000000000000142e+00	7.510457890946262843e-03	1.423546014088802880e-01
3.040000000000000036e+00	7.510407590947472574e-03	1.416746316805575501e-01
3.044999999999999929e+00	7.510357493040999144e-03	1.409973485684497263e-01
3.049999999999999822e+00	7.510307596715472093e-03	1.403227457036054227e-01
3.054999999999999716e+00	7.510257901460988539e-03	1.396508167327966676e-01
3.060000000000000053e+00	7.510208406768374180e-03	1.389815553088636357e-01
3.064999999999999947e+00	7.510159112129914487e-03	1.383149551002486599e-01
3.069999999999999840e+00	7.510110017038614839e-03	1.376510097814050149e-01
3.075000000000000178e+00	7.510061120988925643e-03	1.369897130422718656e-01
3.080000000000000071e+00	7.510012423476011140e-03	1.363310585787475548e-01
3.084999999999999964e+00	7.509963923996470191e-03	1.356750401021052654e-01
3.089999999999999858e+00	7.509915622047609422e-03	1.350216513295304233e-01
3.094999999999999751e+00	7.509867517128158802e-03	1.343708859934773792e-01
3.100000000000000089e+00	7.509819608737548259e-03	1.337227378322705384e-01
3.104999999999999982e+00	7.509771896376618919e-03	1.330772005994026452e-01
3.109999999999999876e+00	7.509724379546911001e-03	1.324342680541990003e-01
3.115000000000000213e+00	7.509677057751362912e-03	1.317939339710570423e-01
3.120000000000000107e+00	7.509629930493605214e-03	1.311561921301746814e-01
3.125000000000000000e+00	7.509582997278659716e-03	1.305210363267300944e-01
3.129999999999999893e+00	7.509536257612231709e-03	1.298884603616740907e-01
3.134999999999999787e+00	7.509489711001409058e-03	1.292584580508509273e-01
3.140000000000000124e+00	7.509443356953963110e-03	1.286310232158542344e-01
3.145000000000000018e+00	7.509397194979033907e-03	1.280061496930886000e-01
3.149999999999999911e+00	7.509351224586438903e-03	1.273838313246889176e-01
3.155000000000000249e+00	7.509305445287360777e-03	1.267640619675231006e-01
3.160000000000000142e+00	7.509259856593652679e-03	1.261468354841747963e-01
3.165000000000000036e+00	7.509214458018522581e-03	1.255321457518865924e-01
3.169999999999999929e+00	7.509169249075848922e-03	1.249199866536066378e-01
3.174999999999999822e+00	7.509124229280854552e-03	1.243103520868722445e-01
3.180000000000000160e+00	7.509079398149431060e-03	1.237032359549196797e-01
3.185000000000000053e+00	7.509034755198804034e-03	1.230986321755094814e-01
3.189999999999999947e+00	7.508990299946867800e-03	1.224965346720981313e-01
3.195000000000000284e+00	7.508946031912840276e-03	1.218969373826046809e-01
3.200000000000000178e+00	7.508901950616608117e-03	1.212998342506463184e-01
3.205000000000000071e+00	7.508858055579372033e-03	1.207052192342445707e-01
3.209999999999999964e+00	7.508814346322999732e-03	1.201130862971243052e-01
3.214999999999999858e+00	7.508770822370667772e-03	1.195234294173610073e-01
3.220000000000000195e+00	7.508727483246215376e-03	1.189362425787425931e-01
3.225000000000000089e+00	7.508684328474785410e-03	1.183515197793571783e-01
3.229999999999999982e+00	7.508641357582179938e-03	1.177692550230177854e-01
3.235000000000000320e+00	7.508598570095499462e-03	1.171894423277909936e-01
3.240000000000000213e+00	7.508555965542502812e-03	1.166120757174845951e-01
3.245000000000000107e+00	7.508513543452241187e-03	1.160371492301165708e-01
3.250000000000000000e+00	7.508471303354420645e-03	1.154646569094657516e-01
3.254999999999999893e+00	7.508429244780036142e-03	1.148945928134812722e-01
3.259999999999999787e+00	7.508387367260735759e-03	1.143269510058960714e-01
3.264999999999999680e+00	7.508345670329451271e-03	1.137617255645767961e-01
3.270000000000000018e+00	7.508304153519766710e-03	1.131989105732002093e-01
3.274999999999999911e+00	7.508262816366543732e-03	1.126385001295434063e-01
3.279999999999999805e+00	7.508221658405297982e-03	1.120804883372231442e-01
3.285000000000000142e+00	7.508180679172814925e-03	1.115248693139257452e-01
3.290000000000000036e+00	7.508139878206534883e-03	1.109716371832103754e-01
3.294999999999999929e+00	7.508099255045165392e-03	1.104207860826784404e-01
3.299999999999999822e+00	7.508058809228066247e-03	1.098723101558392173e-01
3.304999999999999716e+00	7.508018540295860119e-03	1.093262035602205334e-01
3.310000000000000053e+00	7.507978447789824539e-03	1.087824604592964040e-01
3.314999999999999947e+00	7.507938531252492977e-03	1.082410750305379116e-01
3.319999999999999840e+00	7.507898790227055495e-03	1.077020414574039187e-01
3.325000000000000178e+00	7.507859224257954628e-03	1.071653539373313424e-01
3.330000000000000071e+00	7.507819832890288633e-03	1.066310066737894413e-01
3.334999999999999964e+00	7.507780615670406506e-03	1.060989938842093888e-01
3.339999999999999858e+00	7.507741572145312965e-03	1.055693097921016066e-01
3.344999999999999751e+00	7.507702701863259998e-03	1.050419486349251919e-01
3.350000000000000089e+00	7.507664004373154447e-03	1.045169046562678949e-01
3.354999999999999982e+00	7.507625479225150424e-03	1.039941721136554975e-01
3.359999999999999876e+00	7.507587125970057763e-03	1.034737452707946564e-01
3.365000000000000213e+00	7.507548944159928364e-03	1.029556184053212337e-01
3.370000000000000107e+00	7.507510933347472451e-03	1.024397858011070611e-01
3.375000000000000000e+00	7.507473093086638842e-03	1.019262417559470280e-01
3.379999999999999893e+00	7.507435422932039019e-03	1.014149805739289478e-01
3.384999999999999787e+00	7.507397922439517854e-03	1.009059965730602498e-01
3.390000000000000124e+00	7.507360591165584615e-03	1.003992840777005874e-01
3.395000000000000018e+00	7.507323428667981961e-03	9.989483742612778605e-02
3.399999999999999911e+00	7.507286434505115215e-03	9.939265096303356861e-02
3.405000000000000249e+00	7.507249608236623954e-03	9.889271904702862104e-02
3.410000000000000142e+00	7.507212949422813024e-03	9.839503604320125330e-02
3.415000000000000036e+00	7.507176457625215453e-03	9.789959633056191657e-02
3.419999999999999929e+00	7.507140132406036476e-03	9.740639429466439736e-02
3.424999999999999822e+00	7.507103973328705174e-03	9.691542433498949449e-02
3.430000000000000160e+00	7.507067979957327171e-03	9.642668085762960695e-02
3.435000000000000053e+00	7.507032151857227602e-03	9.594015828261104328e-02
3.439999999999999947e+00	7.506996488594412480e-03	9.545585103664162852e-02
3.445000000000000284e+00	7.506960989736105594e-03	9.497375356037159044e-02
3.450000000000000178e+00	7.506925654850214215e-03	9.449386030120512925e-02
3.455000000000000071e+00	7.506890483505865123e-03	9.401616572049946441e-02
3.459999999999999964e+00	7.506855475272865980e-03	9.354066428643909026e-02
3.464999999999999858e+00	7.506820629722244821e-03	9.306735048117442677e-02
3.470000000000000195e+00	7.506785946425717504e-03	9.259621879375863618e-02
3.475000000000000089e+00	7.506751424956213323e-03	9.212726372722476742e-02
3.479999999999999982e+00	7.506717064887357196e-03	9.166047979158614689e-02
3.485000000000000320e+00	7.506682865793985748e-03	9.119586151085168346e-02
3.490000000000000213e+00	7.506648827251632093e-03	9.073340341608950033e-02
3.495000000000000107e+00	7.506614948837041050e-03	9.027310005238077528e-02
3.500000000000000000e+00	7.506581230127661736e-03	8.981494597194641938e-02
3.504999999999999893e+00	7.506547670702149767e-03	8.935893574103928594e-02
3.509999999999999787e+00	7.506514270139868529e-03	8.890506393313403477e-02
3.514999999999999680e+00	7.506481028021392242e-03	8.845332513575770994e-02
3.520000000000000018e+00	7.506447943928001160e-03	8.800371394374280343e-02
3.524999999999999911e+00	7.506415017442186373e-03	8.755622496599596571e-02
3.529999999999999805e+00	7.506382248147154546e-03	8.711085281881414399e-02
3.535000000000000142e+00	7.506349635627319709e-03	8.666759213259167538e-02
3.540000000000000036e+00	7.506317179467811469e-03	8.622643754519970782e-02
3.544999999999999929e+00	7.506284879254972869e-03	8.578738370863106533e-02
3.549999999999999822e+00	7.506252734575863395e-03	8.535042528244306259e-02
3.554999999999999716e+00	7.506220745018757703e-03	8.491555694034044754e-02
3.560000000000000053e+00	7.506188910172648630e-03	8.448277336368120727e-02
3.564999999999999947e+00	7.506157229627745051e-03	8.405206924799786539e-02
3.569999999999999840e+00	7.506125702974983556e-03	8.362343929656604335e-02
3.575000000000000178e+00	7.506094329806507238e-03	8.319687822686393230e-02
3.580000000000000071e+00	7.506063109715199917e-03	8.277238076420435908e-02
3.584999999999999964e+00	7.506032042295149309e-03	8.234994164813133621e-02
3.589999999999999858e+00	7.506001127141186460e-03	8.192955562611592413e-02
3.594999999999999751e+00	7.505970363849348917e-03	8.151121745989073353e-02
3.600000000000000089e+00	7.505939752016421024e-03	8.109492191920848747e-02
3.604999999999999982e+00	7.505909291240397095e-03	8.068066378811462880e-02
3.609999999999999876e+00	7.505878981120019978e-03	8.026843785876904003e-02
3.615000000000000213e+00	7.505848821255241624e-03	7.985823893765617298e-02
3.620000000000000107e+00	7.505818811246771187e-03	7.945006183947016243e-02
3.625000000000000000e+00	7.505788950696526060e-03	7.904390139326265829e-02
3.629999999999999893e+00	7.505759239207186045e-03	7.863975243639102775e-02
3.634999999999999787e+00	7.505729676382639180e-03	7.823760982060387614e-02
3.640000000000000124e+00	7.505700261827539382e-03	7.783746840605214323e-02
3.645000000000000018e+00	7.505670995147754009e-03	7.743932306731286797e-02
3.649999999999999911e+00	7.505641875949918898e-03	7.704316868746273472e-02
3.655000000000000249e+00	7.505612903841880727e-03	7.664900016403969341e-02
3.660000000000000142e+00	7.505584078432266798e-03	7.625681240318005205e-02
3.665000000000000036e+00	7.505555399330913514e-03	7.586660032551699462e-02
3.669999999999999929e+00	7.505526866148437906e-03	7.547835886038087305e-02
3.674999999999999822e+00	7.505498478496671309e-03	7.509208295163567748e-02
3.680000000000000160e+00	7.505470235988236094e-03	7.470776755194215302e-02
3.685000000000000053e+00	7.505442138236962865e-03	7.432540762853170890e-02
3.689999999999999947e+00	7.505414184857478466e-03	7.394499815753251271e-02
3.695000000000000284e+00	7.505386375465624912e-03	7.356653412968128247e-02
3.700000000000000178e+00	7.505358709678039593e-03	7.319001054471202528e-02
3.705000000000000071e+00	7.505331187112577671e-03	7.281542241700550422e-02
3.709999999999999964e+00	7.505303807387900955e-03	7.244276477004085724e-02
3.714999999999999858e+00	7.505276570123882961e-03	7.207203264198266957e-02
3.720000000000000195e+00	7.505249474941210787e-03	7.170322108019522300e-02
3.725000000000000089e+00	7.505222521461788442e-03	7.133632514676750691e-02
3.729999999999999982e+00	7.505195709308335253e-03	7.097133991308995915e-02
3.735000000000000320e+00	7.505169038104788325e-03	7.060826046531715194e-02
3.740000000000000213e+00	7.505142507475910489e-03	7.024708189900745470e-02
3.745000000000000107e+00	7.505116117047678885e-03	6.988779932452283961e-02
3.750000000000000000e+00	7.505089866446902451e-03	6.953040786173171617e-02
3.754999999999999893e+00	7.505063755301608769e-03	6.917490264534634226e-02
3.759999999999999787e+00	7.505037783240659822e-03	6.882127881968770622e-02
3.764999999999999680e+00	7.505011949894139708e-03	6.846953154396133445e-02
3.770000000000000018e+00	7.504986254892972129e-03	6.811965598708417946e-02
3.774999999999999911e+00	7.504960697869302033e-03	6.777164733289829657e-02
3.779999999999999805e+00	7.504935278456123515e-03	6.742550077506027917e-02
3.785000000000000142e+00	7.504909996287651049e-03	6.708121152219237437e-02
3.790000000000000036e+00	7.504884850998954325e-03	6.673877479283468750e-02
3.794999999999999929e+00	7.504859842226326884e-03	6.639818582053373663e-02
3.799999999999999822e+00	7.504834969606918350e-03	6.605943984885702391e-02
3.804999999999999716e+00	7.504810232779108269e-03	6.572253213641962577e-02
3.810000000000000053e+00	7.504785631382137473e-03	6.538745795196056199e-02
3.814999999999999947e+00	7.504761165056476717e-03	6.505421257930762979e-02
3.819999999999999840e+00	7.504736833443464115e-03	6.472279131251575113e-02
3.825000000000000178e+00	7.504712636185669437e-03	6.439318946076956485e-02
3.830000000000000071e+00	7.504688572926538487e-03	6.406540234358415464e-02
3.834999999999999964e+00	7.504664643310745252e-03	6.373942529564527448e-02
3.839999999999999858e+00	7.504640846983847563e-03	6.341525366207205472e-02
3.844999999999999751e+00	7.504617183592634903e-03	6.309288280319548525e-02
3.850000000000000089e+00	7.504593652784784068e-03	6.277230808988269739e-02
3.854999999999999982e+00	7.504570254209206974e-03	6.245352490825366309e-02
3.859999999999999876e+00	7.504546987515708055e-03	6.213652865506719830e-02
3.865000000000000213e+00	7.504523852355326867e-03	6.182131474237585050e-02
3.870000000000000107e+00	7.504500848380003288e-03	6.150787859297337373e-02
3.875000000000000000e+00	7.504477975242912317e-03	6.119621564498815142e-02
3.879999999999999893e+00	7.504455232598137952e-03	6.088632134739183771e-02
3.884999999999999787e+00	7.504432620100997577e-03	6.057819116453127400e-02
3.890000000000000124e+00	7.504410137407725376e-03	6.027182057169853252e-02
3.895000000000000018e+00	7.504387784175789791e-03	5.996720505960126402e-02
3.899999999999999911e+00	7.504365560063582137e-03	5.966434012999393549e-02
3.905000000000000249e+00	7.504343464730728851e-03	5.936322130008649112e-02
3.910000000000000142e+00	7.504321497837786181e-03	5.906384409823723508e-02
3.915000000000000036e+00	7.504299659046548970e-03	5.876620406829973636e-02
3.919999999999999929e+00	7.504277948019741871e-03	5.847029676537642690e-02
3.924999999999999822e+00	7.504256364421335070e-03	5.817611776010491592e-02
3.930000000000000160e+00	7.504234907916232031e-03	5.788366263447199123e-02
3.935000000000000053e+00	7.504213578170583487e-03	5.759292698603875327e-02
3.939999999999999947e+00	7.504192374851480392e-03	5.730390642381540806e-02
3.945000000000000284e+00	7.504171297627260963e-03	5.701659657242542228e-02
3.950000000000000178e+00	7.504150346167211445e-03	5.673099306804081643e-02
3.955000000000000071e+00	7.504129520141862748e-03	5.644709156248524373e-02
3.959999999999999964e+00	7.504108819222705083e-03	5.616488771922985290e-02
3.964999999999999858e+00	7.504088243082471590e-03	5.588437721743550607e-02
3.970000000000000195e+00	7.504067791394859049e-03	5.560555574800880863e-02
3.975000000000000089e+00	7.504047463834813241e-03	5.532841901758388942e-02
3.979999999999999982e+00	7.504027260078245318e-03	5.505296274463827855e-02
3.985000000000000320e+00	7.504007179802318038e-03	5.477918266341401388e-02
3.990000000000000213e+00	7.503987222685165603e-03	5.450707452009383863e-02
3.995000000000000107e+00	7.503967388406174686e-03	5.423663407666165504e-02
4.000000000000000000e+00	7.503947676645710343e-03	5.396785710713833395e-02
4.004999999999999893e+00	7.503928087085389234e-03	5.370073940138217483e-02
4.009999999999999787e+00	7.503908619407813341e-03	5.343527676138420252e-02
4.014999999999999680e+00	7.503889273296840585e-03	5.317146500500848777e-02
4.019999999999999574e+00	7.503870048437314214e-03	5.290929996234671612e-02
4.025000000000000355e+00	7.503850944515336012e-03	5.264877747939866737e-02
4.030000000000000249e+00	7.503831961218002632e-03	5.238989341448620218e-02
4.035000000000000142e+00	7.503813098233666663e-03	5.213264364187357447e-02
4.040000000000000036e+00	7.503794355251683368e-03	5.187702404824054425e-02
4.044999999999999929e+00	7.503775731962665681e-03	5.162303053624306415e-02
4.049999999999999822e+00	7.503757228058229208e-03	5.137065902104529652e-02
4.054999999999999716e+00	7.503738843231254167e-03	5.111990543382088914e-02
4.059999999999999609e+00	7.503720577175627786e-03	5.087076571834336230e-02
4.064999999999999503e+00	7.503702429586502770e-03	5.062323583442833452e-02
4.070000000000000284e+00	7.503684400160044038e-03	5.037731175458209226e-02
4.075000000000000178e+00	7.503666488593681988e-03	5.013298946738507789e-02
4.080000000000000071e+00	7.503648694585867036e-03	4.989026497419833672e-02
4.084999999999999964e+00	7.503631017836312478e-03	4.964913429248804522e-02
4.089999999999999858e+00	7.503613458045760298e-03	4.940959345259036267e-02
4.094999999999999751e+00	7.503596014916217964e-03	4.917163850097674982e-02
4.099999999999999645e+00	7.503578688150722500e-03	4.893526549707691298e-02
4.105000000000000426e+00	7.503561477453577280e-03	4.870047051648550285e-02
4.110000000000000320e+00	7.503544382530123909e-03	4.846724964784260986e-02
4.115000000000000213e+00	7.503527403086970339e-03	4.823559899598210687e-02
4.120000000000000107e+00	7.503510538831767093e-03	4.800551467886945978e-02
4.125000000000000000e+00	7.503493789473432776e-03	4.777699283069204023e-02
4.129999999999999893e+00	7.503477154721932031e-03	4.755002959885390457e-02
4.134999999999999787e+00	7.503460634288498451e-03	4.732462114700826394e-02
4.139999999999999680e+00	7.503444227885421210e-03	4.710076365210928012e-02
4.144999999999999574e+00	7.503427935226252357e-03	4.687845330738648481e-02
4.150000000000000355e+00	7.503411756025609065e-03	4.665768631945337030e-02
4.155000000000000249e+00	7.503395689999372252e-03	4.643845891122461156e-02
4.160000000000000142e+00	7.503379736864489689e-03	4.622076731908061897e-02
4.165000000000000036e+00	7.503363896339177233e-03	4.600460779572754233e-02
4.169999999999999929e+00	7.503348168142719328e-03	4.578997660741822295e-02
4.174999999999999822e+00	7.503332551995671104e-03	4.557687003675496562e-02
4.179999999999999716e+00	7.503317047619660618e-03	4.536528437996641822e-02
4.185000000000000497e+00	7.503301654737585744e-03	4.515521594965354879e-02
4.190000000000000391e+00	7.503286373073425955e-03	4.494666107212239026e-02
4.195000000000000284e+00	7.503271202352427074e-03	4.473961609007297280e-02
4.200000000000000178e+00	7.503256142300921729e-03	4.453407735998771155e-02
4.205000000000000071e+00	7.503241192646512361e-03	4.433004125476411317e-02
4.209999999999999964e+00	7.503226353117888221e-03	4.412750416115805707e-02
4.214999999999999858e+00	7.503211623445012711e-03	4.392646248236063700e-02
4.219999999999999751e+00	7.503197003358937772e-03	4.372691263549619012e-02
4.224999999999999645e+00	7.503182492591992103e-03	4.352885105414323885e-02
4.230000000000000426e+00	7.503168090877596411e-03	4.333227418588709440e-02
4.235000000000000320e+00	7.503153797950448158e-03	4.313717849478550942e-02
4.240000000000000213e+00	7.503139613546341152e-03	4.294356045897527313e-02
4.245000000000000107e+00	7.503125537402345092e-03	4.275141657308242221e-02
4.250000000000000000e+00	7.503111569256633827e-03	4.256074334588338254e-02
4.254999999999999893e+00	7.503097708848655359e-03	4.237153730265962037e-02
4.259999999999999787e+00	7.503083955918963578e-03	4.218379498291276869e-02
4.264999999999999680e+00	7.503070310209389131e-03	4.199751294266457213e-02
4.269999999999999574e+00	7.503056771462872886e-03	4.181268775222520689e-02
4.275000000000000355e+00	7.503043339423632468e-03	4.162931599843885250e-02
4.280000000000000249e+00	7.503030013836998330e-03	4.144739428250518443e-02
4.285000000000000142e+00	7.503016794449578544e-03	4.126691922217074621e-02
4.290000000000000036e+00	7.503003681009097481e-03	4.108788744960328171e-02
4.294999999999999929e+00	7.502990673264558000e-03	4.091029561352895610e-02
4.299999999999999822e+00	7.502977770966082725e-03	4.073414037715954866e-02
4.304999999999999716e+00	7.502964973865071038e-03	4.055941842027589034e-02
4.309999999999999609e+00	7.502952281714048155e-03	4.038612643720729950e-02
4.314999999999999503e+00	7.502939694266814313e-03	4.021426113886164555e-02
4.320000000000000284e+00	7.502927211278300791e-03	4.004381925075665982e-02
4.325000000000000178e+00	7.502914832504713021e-03	3.987479751499720115e-02
4.330000000000000071e+00	7.502902557703387473e-03	3.970719268835791460e-02
4.334999999999999964e+00	7.502890386632939113e-03	3.954100154420771285e-02
4.339999999999999858e+00	7.502878319053117410e-03	3.937622087064400478e-02
4.344999999999999751e+00	7.502866354724945994e-03	3.921284747236449680e-02
4.349999999999999645e+00	7.502854493410589069e-03	3.905087816885251945e-02
4.355000000000000426e+00	7.502842734873484999e-03	3.889030979619652328e-02
4.360000000000000320e+00	7.502831078878214460e-03	3.873113920532633009e-02
4.365000000000000213e+00	7.502819525190631417e-03	3.857336326378054542e-02
4.370000000000000107e+00	7.502808073577737352e-03	3.841697885399329021e-02
4.375000000000000000e+00	7.502796723807805303e-03	3.826198287501005046e-02
4.379999999999999893e+00	7.502785475650258426e-03	3.810837224082433417e-02
4.384999999999999787e+00	7.502774328875788830e-03	3.795614388204242989e-02
4.389999999999999680e+00	7.502763283256246550e-03	3.780529474426973929e-02
4.394999999999999574e+00	7.502752338564747103e-03	3.765582178972445848e-02
4.400000000000000355e+00	7.502741494575565669e-03	3.750772199567346116e-02
4.405000000000000249e+00	7.502730751064243774e-03	3.736099235599548568e-02
4.410000000000000142e+00	7.502720107807484343e-03	3.721562987966581249e-02
4.415000000000000036e+00	7.502709564583256649e-03	3.707163159226922744e-02
4.419999999999999929e+00	7.502699121170693097e-03	3.692899453453353520e-02
4.424999999999999822e+00	7.502688777350193308e-03	3.678771576379242375e-02
4.429999999999999716e+00	7.502678532903318299e-03	3.664779235256739737e-02
4.435000000000000497e+00	7.502668387612899774e-03	3.650922138998119459e-02
4.440000000000000391e+00	7.502658341262930831e-03	3.637199998038751630e-02
4.445000000000000284e+00	7.502648393638673523e-03	3.623612524473515673e-02
4.450000000000000178e+00	7.502638544526558234e-03	3.610159431924548495e-02
4.455000000000000071e+00	7.502628793714277364e-03	3.596840435672769842e-02
4.459999999999999964e+00	7.502619140990695983e-03	3.583655252530353746e-02
4.464999999999999858e+00	7.502609586145940306e-03	3.570603600967396651e-02
4.469999999999999751e+00	7.502600128971310088e-03	3.557685200989087887e-02
4.474999999999999645e+00	7.502590769259366230e-03	3.544899774257546932e-02
4.480000000000000426e+00	7.502581506803845772e-03	3.532247043973649192e-02
4.485000000000000320e+00	7.502572341399744299e-03	3.519726734994102491e-02
4.490000000000000213e+00	7.502563272843233537e-03	3.507338573717865698e-02
4.495000000000000107e+00	7.502554300931743754e-03	3.495082288198481102e-02
4.500000000000000000e+00	7.502545425463884830e-03	3.482957608035083807e-02
4.504999999999999893e+00	7.502536646239522586e-03	3.470964264480008027e-02
4.509999999999999787e+00	7.502527963059702452e-03	3.459101990334357418e-02
4.514999999999999680e+00	7.502519375726725802e-03	3.447370520050931780e-02
4.519999999999999574e+00	7.502510884044073618e-03	3.435769589634292409e-02
4.525000000000000355e+00	7.502502487816482823e-03	3.424298936739059163e-02
4.530000000000000249e+00	7.502494186849869955e-03	3.412958300574452791e-02
4.535000000000000142e+00	7.502485980951407486e-03	3.401747421997981802e-02
4.540000000000000036e+00	7.502477869929446638e-03	3.390666043424402781e-02
4.544999999999999929e+00	7.502469853593590234e-03	3.379713908914868531e-02
4.549999999999999822e+00	7.502461931754628513e-03	3.368890764090274464e-02
4.554999999999999716e+00	7.502454104224596382e-03	3.358196356215861766e-02
4.559999999999999609e+00	7.502446370816717031e-03	3.347630434118929743e-02
4.564999999999999503e+00	7.502438731345454845e-03	3.337192748268966169e-02
4.570000000000000284e+00	7.502431185626467700e-03	3.326883050699649264e-02
4.575000000000000178e+00	7.502423733476651195e-03	3.316701095084553103e-02
4.580000000000000071e+00	7.502416374714090952e-03	3.306646636663407995e-02
4.584999999999999964e+00	7.502409109158114653e-03	3.296719432313394843e-02
4.589999999999999858e+00	7.502401936629236531e-03	3.286919240479643789e-02
4.594999999999999751e+00	7.502394856949207678e-03	3.277245821242169566e-02
4.599999999999999645e+00	7.502387869940975278e-03	3.267698936250555686e-02
4.605000000000000426e+00	7.502380975428713829e-03	3.258278348786555062e-02
4.610000000000000320e+00	7.502374173237793924e-03	3.248983823702935453e-02
4.615000000000000213e+00	7.502367463194816073e-03	3.239815127481789070e-02
4.620000000000000107e+00	7.502360845127571676e-03	3.230772028177485850e-02
4.625000000000000000e+00	7.502354318865082916e-03	3.221854295470748253e-02
4.629999999999999893e+00	7.502347884237562867e-03	3.213061700615651300e-02
4.634999999999999787e+00	7.502341541076451917e-03	3.204394016489514607e-02
4.639999999999999680e+00	7.502335289214380476e-03	3.195851017543921424e-02
4.644999999999999574e+00	7.502329128485203669e-03	3.187432479850439010e-02
4.650000000000000355e+00	7.502323058723969242e-03	3.179138181055626150e-02
4.655000000000000249e+00	7.502317079766943585e-03	3.170967900422645702e-02
4.660000000000000142e+00	7.502311191451587445e-03	3.162921418790200223e-02
4.665000000000000036e+00	7.502305393616575876e-03	3.154998518610066527e-02
4.669999999999999929e+00	7.502299686101778289e-03	3.147198983909933051e-02
4.674999999999999822e+00	7.502294068748277533e-03	3.139522600326900836e-02
4.679999999999999716e+00	7.502288541398346479e-03	3.131969155074176836e-02
4.685000000000000497e+00	7.502283103895470567e-03	3.124538436970573582e-02
4.690000000000000391e+00	7.502277756084326128e-03	3.117230236411017152e-02
4.695000000000000284e+00	7.502272497810797726e-03	3.110044345392103463e-02
4.700000000000000178e+00	7.502267328921957343e-03	3.102980557486367114e-02
4.705000000000000071e+00	7.502262249266081727e-03	3.096038667863941843e-02
4.709999999999999964e+00	7.502257258692642851e-03	3.089218473270552087e-02
4.714999999999999858e+00	7.502252357052305309e-03	3.082519772045298409e-02
4.719999999999999751e+00	7.502247544196927187e-03	3.075942364102336041e-02
4.724999999999999645e+00	7.502242819979562660e-03	3.069486050944845307e-02
4.730000000000000426e+00	7.502238184254454191e-03	3.063150635650341985e-02
4.735000000000000320e+00	7.502233636877036864e-03	3.056935922880890666e-02
4.740000000000000213e+00	7.502229177703933181e-03	3.050841718871984132e-02
4.745000000000000107e+00	7.502224806592954799e-03	3.044867831439028796e-02
4.750000000000000000e+00	7.502220523403098189e-03	3.039014069969784085e-02
4.754999999999999893e+00	7.502216327994546373e-03	3.033280245427160543e-02
4.759999999999999787e+00	7.502212220228667190e-03	3.027666170345150176e-02
4.764999999999999680e+00	7.502208199968008959e-03	3.022171658827990659e-02
4.769999999999999574e+00	7.502204267076304813e-03	3.016796526549556795e-02
4.775000000000000355e+00	7.502200421418461426e-03	3.011540590748927257e-02
4.780000000000000249e+00	7.502196662860572025e-03	3.006403670233190328e-02
4.785000000000000142e+00	7.502192991269899906e-03	3.001385585369455850e-02
4.790000000000000036e+00	7.502189406514887110e-03	2.996486158091025975e-02
4.794999999999999929e+00	7.502185908465147483e-03	2.991705211885912000e-02
4.799999999999999822e+00	7.502182496991471883e-03	2.987042571806316008e-02
4.804999999999999716e+00	7.502179171965816032e-03	2.982498064453692824e-02
4.809999999999999609e+00	7.502175933261309194e-03	2.978071517991512374e-02
4.814999999999999503e+00	7.502172780752243766e-03	2.973762762126900064e-02
4.820000000000000284e+00	7.502169714314086552e-03	2.969571628126630239e-02
4.825000000000000178e+00	7.502166733823456210e-03	2.965497948795406402e-02
4.830000000000000071e+00	7.502163839158146677e-03	2.961541558495036155e-02
4.834999999999999964e+00	7.502161030197102877e-03	2.957702293119383527e-02
4.839999999999999858e+00	7.502158306820435468e-03	2.953979990116681678e-02
4.844999999999999751e+00	7.502155668909406099e-03	2.950374488461219441e-02
4.849999999999999645e+00	7.502153116346440415e-03	2.946885628678742874e-02
4.855000000000000426e+00	7.502150649015107246e-03	2.943513252814909317e-02
4.860000000000000320e+00	7.502148266800138555e-03	2.940257204463738588e-02
4.865000000000000213e+00	7.502145969587402548e-03	2.937117328732880353e-02
4.870000000000000107e+00	7.502143757263930561e-03	2.934093472275066394e-02
4.875000000000000000e+00	7.502141629717885840e-03	2.931185483250243334e-02
4.879999999999999893e+00	7.502139586838588690e-03	2.928393211359972895e-02
4.884999999999999787e+00	7.502137628516488722e-03	2.925716507806485484e-02
4.889999999999999680e+00	7.502135754643188270e-03	2.923155225329977444e-02
4.894999999999999574e+00	7.502133965111412901e-03	2.920709218164634427e-02
4.900000000000000355e+00	7.502132259815040907e-03	2.918378342078771850e-02
4.905000000000000249e+00	7.502130638649066874e-03	2.916162454327872119e-02
4.910000000000000142e+00	7.502129101509633774e-03	2.914061413697542277e-02
4.915000000000000036e+00	7.502127648293996538e-03	2.912075080453594561e-02
4.919999999999999929e+00	7.502126278900556750e-03	2.910203316387770939e-02
4.924999999999999822e+00	7.502124993228821009e-03	2.908445984764926329e-02
4.929999999999999716e+00	7.502123791179438235e-03	2.906802950371468325e-02
4.935000000000000497e+00	7.502122672654157158e-03	2.905274079459696512e-02
4.940000000000000391e+00	7.502121637555867091e-03	2.903859239798905686e-02
4.945000000000000284e+00	7.502120685788551090e-03	2.902558300616926712e-02
4.950000000000000178e+00	7.502119817257326718e-03	2.901371132653841542e-02
4.955000000000000071e+00	7.502119031868400081e-03	2.900297608100771071e-02
4.959999999999999964e+00	7.502118329529111791e-03	2.899337600656171771e-02
4.964999999999999858e+00	7.502117710147882326e-03	2.898490985461919106e-02
4.969999999999999751e+00	7.502117173634259735e-03	2.897757639162119869e-02
4.974999999999999645e+00	7.502116719898871064e-03	2.897137439836537307e-02
4.980000000000000426e+00	7.502116348853466593e-03	2.896630267061885838e-02
4.985000000000000320e+00	7.502116060410866059e-03	2.896236001842652369e-02
4.990000000000000213e+00	7.502115854485010699e-03	2.895954526674811638e-02
4.995000000000000107e+00	7.502115730990905132e-03	2.895785725474094019e-02
5.000000000000000000e+00	7.502115689844669408e-03	2.895729483642071889e-02
