# coordinate_x	h	p	@time=1000.0000871
0.000000000000000000e+00	2.699734568808880852e-01	5.715685192642740997e-01
5.000000000000000104e-03	2.699698891694615188e-01	5.715685191897486028e-01
1.000000000000000021e-02	2.699591860363497742e-01	5.715685189661325882e-01
1.499999999999999944e-02	2.699413474828111226e-01	5.715685185933830903e-01
2.000000000000000042e-02	2.699163735119017860e-01	5.715685180713961921e-01
2.500000000000000139e-02	2.698842641271261833e-01	5.715685174000525448e-01
2.999999999999999889e-02	2.698450193337458836e-01	5.715685165791731803e-01
3.500000000000000333e-02	2.697986391374649906e-01	5.715685156085636986e-01
4.000000000000000083e-02	2.697451235457484220e-01	5.715685144879699697e-01
4.499999999999999833e-02	2.696844725665067943e-01	5.715685132171222094e-01
5.000000000000000278e-02	2.696166862094180883e-01	5.715685117956904593e-01
5.500000000000000028e-02	2.695417644846103689e-01	5.715685102233293291e-01
5.999999999999999778e-02	2.694597074039881135e-01	5.715685084996322551e-01
6.500000000000000222e-02	2.693705149799114906e-01	5.715685066241769086e-01
7.000000000000000666e-02	2.692741872265278502e-01	5.715685045964798983e-01
7.500000000000001110e-02	2.691707241584474497e-01	5.715685024160409577e-01
8.000000000000000167e-02	2.690601257920802736e-01	5.715685000822983142e-01
8.499999999999999223e-02	2.689423921443074850e-01	5.715684975946733193e-01
8.999999999999999667e-02	2.688175232338249621e-01	5.715684949525244862e-01
9.500000000000000111e-02	2.686855190798093096e-01	5.715684921551928976e-01
1.000000000000000056e-01	2.685463797032686117e-01	5.715684892019562424e-01
1.050000000000000100e-01	2.684001051257027259e-01	5.715684860920742238e-01
1.100000000000000006e-01	2.682466953704616963e-01	5.715684828247420413e-01
1.149999999999999911e-01	2.680861504613998858e-01	5.715684793991360202e-01
1.199999999999999956e-01	2.679184704242429382e-01	5.715684758143672051e-01
1.250000000000000000e-01	2.677436552852342500e-01	5.715684720695267673e-01
1.300000000000000044e-01	2.675617050725121460e-01	5.715684681636394870e-01
1.350000000000000089e-01	2.673726198147474697e-01	5.715684640957096052e-01
1.400000000000000133e-01	2.671763995425318061e-01	5.715684598646735282e-01
1.450000000000000178e-01	2.669730442870059117e-01	5.715684554694457908e-01
1.499999999999999944e-01	2.667625540812590956e-01	5.715684509088724274e-01
1.549999999999999989e-01	2.665449289589479354e-01	5.715684461817757134e-01
1.600000000000000033e-01	2.663201689557079810e-01	5.715684412869082021e-01
1.650000000000000078e-01	2.660882741077618130e-01	5.715684362229979110e-01
1.700000000000000122e-01	2.658492444533439580e-01	5.715684309887011372e-01
1.749999999999999889e-01	2.656030800312970674e-01	5.715684255826480875e-01
1.799999999999999933e-01	2.653497808825114879e-01	5.715684200033956941e-01
1.849999999999999978e-01	2.650893470485085057e-01	5.715684142494735775e-01
1.900000000000000022e-01	2.648217785728957385e-01	5.715684083193359744e-01
1.950000000000000067e-01	2.645470754999362240e-01	5.715684022114080332e-01
2.000000000000000111e-01	2.642652378760205756e-01	5.715683959240377421e-01
2.050000000000000155e-01	2.639762657482214170e-01	5.715683894555423361e-01
2.099999999999999922e-01	2.636801591657830235e-01	5.715683828041595582e-01
2.149999999999999967e-01	2.633769181786604907e-01	5.715683759680945109e-01
2.200000000000000011e-01	2.630665428390274729e-01	5.715683689454704730e-01
2.250000000000000056e-01	2.627490331997990314e-01	5.715683617343761957e-01
2.300000000000000100e-01	2.624243893161594676e-01	5.715683543328159422e-01
2.349999999999999867e-01	2.620926112440671862e-01	5.715683467387571159e-01
2.399999999999999911e-01	2.617536990418035114e-01	5.715683389500803013e-01
2.449999999999999956e-01	2.614076527684588425e-01	5.715683309646267807e-01
2.500000000000000000e-01	2.610544724855040633e-01	5.715683227801480193e-01
2.550000000000000044e-01	2.606941582552563252e-01	5.715683143943534050e-01
2.600000000000000089e-01	2.603267101424744934e-01	5.715683058048600662e-01
2.650000000000000133e-01	2.599521282128034461e-01	5.715682970092397230e-01
2.700000000000000178e-01	2.595704125343948898e-01	5.715682880049686165e-01
2.750000000000000222e-01	2.591815631763290106e-01	5.715682787894750261e-01
2.800000000000000266e-01	2.587855802102619895e-01	5.715682693600877551e-01
2.850000000000000311e-01	2.583824637088238396e-01	5.715682597140846477e-01
2.899999999999999800e-01	2.579722137472940102e-01	5.715682498486407415e-01
2.949999999999999845e-01	2.575548304019739665e-01	5.715682397608757848e-01
2.999999999999999889e-01	2.571303137518928250e-01	5.715682294478033887e-01
3.049999999999999933e-01	2.566986638771531215e-01	5.715682189063781005e-01
3.099999999999999978e-01	2.562598808606679768e-01	5.715682081334436671e-01
3.150000000000000022e-01	2.558139647864786648e-01	5.715681971257812188e-01
3.200000000000000067e-01	2.553609157415249742e-01	5.715681858800563120e-01
3.250000000000000111e-01	2.549007338139333556e-01	5.715681743928674452e-01
3.300000000000000155e-01	2.544334190948220331e-01	5.715681626606932131e-01
3.350000000000000200e-01	2.539589716765582317e-01	5.715681506799399347e-01
3.400000000000000244e-01	2.534773916545999817e-01	5.715681384468890291e-01
3.449999999999999734e-01	2.529886791257204282e-01	5.715681259577446438e-01
3.499999999999999778e-01	2.524928341898888262e-01	5.715681132085803640e-01
3.549999999999999822e-01	2.519898569484601003e-01	5.715681001953875073e-01
3.599999999999999867e-01	2.514797475060968068e-01	5.715680869140206122e-01
3.649999999999999911e-01	2.509625059689222226e-01	5.715680733602458430e-01
3.699999999999999956e-01	2.504381324464859948e-01	5.715680595296869226e-01
3.750000000000000000e-01	2.499066270498783715e-01	5.715680454178725389e-01
3.800000000000000044e-01	2.493679898937416206e-01	5.715680310201820546e-01
3.850000000000000089e-01	2.488222210943440982e-01	5.715680163318931362e-01
3.900000000000000133e-01	2.482693207716396289e-01	5.715680013481269084e-01
3.950000000000000178e-01	2.477092890472989417e-01	5.715679860638955834e-01
4.000000000000000222e-01	2.471421260468202319e-01	5.715679704740471712e-01
4.050000000000000266e-01	2.465678318975153827e-01	5.715679545733127753e-01
4.099999999999999756e-01	2.459864067306743451e-01	5.715679383562507487e-01
4.149999999999999800e-01	2.453978506795041203e-01	5.715679218172944331e-01
4.199999999999999845e-01	2.448021638813499545e-01	5.715679049506953158e-01
4.249999999999999889e-01	2.441993464755843057e-01	5.715678877505705469e-01
4.299999999999999933e-01	2.435893986058881022e-01	5.715678702108464293e-01
4.349999999999999978e-01	2.429723204180870011e-01	5.715678523253046039e-01
4.400000000000000022e-01	2.423481120624963181e-01	5.715678340875256502e-01
4.450000000000000067e-01	2.417167736917016085e-01	5.715678154909347164e-01
4.500000000000000111e-01	2.410783054629705713e-01	5.715677965287450091e-01
4.550000000000000155e-01	2.404327075359753152e-01	5.715677771940026464e-01
4.600000000000000200e-01	2.397799800752752064e-01	5.715677574795302585e-01
4.649999999999999689e-01	2.391201232479771843e-01	5.715677373779705084e-01
4.699999999999999734e-01	2.384531372262938542e-01	5.715677168817299147e-01
4.749999999999999778e-01	2.377790221851386609e-01	5.715676959830215953e-01
4.799999999999999822e-01	2.370977783047632792e-01	5.715676746738087566e-01
4.849999999999999867e-01	2.364094057682842032e-01	5.715676529458464383e-01
4.899999999999999911e-01	2.357139047644040419e-01	5.715676307906253362e-01
4.949999999999999956e-01	2.350112754848658336e-01	5.715676081994115476e-01
5.000000000000000000e-01	2.343015181272633252e-01	5.715675851631913940e-01
5.050000000000000044e-01	2.335846328924184867e-01	5.715675616727088348e-01
5.100000000000000089e-01	2.328606199872864380e-01	5.715675377184112893e-01
5.150000000000000133e-01	2.321294796222519996e-01	5.715675132904848299e-01
5.200000000000000178e-01	2.313912120141346229e-01	5.715674883788007810e-01
5.250000000000000222e-01	2.306458173833996206e-01	5.715674629729483591e-01
5.300000000000000266e-01	2.298932959572692336e-01	5.715674370621820488e-01
5.350000000000000311e-01	2.291336479668433235e-01	5.715674106354519113e-01
5.400000000000000355e-01	2.283668736503234875e-01	5.715673836813519593e-01
5.450000000000000400e-01	2.275929732500379110e-01	5.715673561881474685e-01
5.500000000000000444e-01	2.268119470157855255e-01	5.715673281437243514e-01
5.550000000000000488e-01	2.260237952017594421e-01	5.715672995356130270e-01
5.600000000000000533e-01	2.252285180700186462e-01	5.715672703509394603e-01
5.649999999999999467e-01	2.244261158873042672e-01	5.715672405764452568e-01
5.699999999999999512e-01	2.236165889286468589e-01	5.715672101984404785e-01
5.749999999999999556e-01	2.227999374740689265e-01	5.715671792028184095e-01
5.799999999999999600e-01	2.219761618123369806e-01	5.715671475750119246e-01
5.849999999999999645e-01	2.211452622375431887e-01	5.715671153000023708e-01
5.899999999999999689e-01	2.203072390530116942e-01	5.715670823622781560e-01
5.949999999999999734e-01	2.194620925677522316e-01	5.715670487458381910e-01
5.999999999999999778e-01	2.186098231005309533e-01	5.715670144341541414e-01
6.049999999999999822e-01	2.177504309761879309e-01	5.715669794101664314e-01
6.099999999999999867e-01	2.168839165298837302e-01	5.715669436562494932e-01
6.149999999999999911e-01	2.160102801032722786e-01	5.715669071542013313e-01
6.199999999999999956e-01	2.151295220489354010e-01	5.715668698852131024e-01
6.250000000000000000e-01	2.142416427264017542e-01	5.715668318298486872e-01
6.300000000000000044e-01	2.133466425067822858e-01	5.715667929680199322e-01
6.350000000000000089e-01	2.124445217686256049e-01	5.715667532789565630e-01
6.400000000000000133e-01	2.115352809027686576e-01	5.715667127411873105e-01
6.450000000000000178e-01	2.106189203080175154e-01	5.715666713324971671e-01
6.500000000000000222e-01	2.096954403962290325e-01	5.715666290299167285e-01
6.550000000000000266e-01	2.087648415878055885e-01	5.715665858096659058e-01
6.600000000000000311e-01	2.078271243170244087e-01	5.715665416471513716e-01
6.650000000000000355e-01	2.068822890273339377e-01	5.715664965168950618e-01
6.700000000000000400e-01	2.059303361769493079e-01	5.715664503925406148e-01
6.750000000000000444e-01	2.049712662339366331e-01	5.715664032467657751e-01
6.800000000000000488e-01	2.040050796820949419e-01	5.715663550512988245e-01
6.850000000000000533e-01	2.030317770158137081e-01	5.715663057768118893e-01
6.899999999999999467e-01	2.020513587462634264e-01	5.715662553929496958e-01
6.949999999999999512e-01	2.010638253960102539e-01	5.715662038682004509e-01
6.999999999999999556e-01	2.000691775055394583e-01	5.715661511699388075e-01
7.049999999999999600e-01	1.990674156276102114e-01	5.715660972642724325e-01
7.099999999999999645e-01	1.980585403341379724e-01	5.715660421161006255e-01
7.149999999999999689e-01	1.970425522102709492e-01	5.715659856889320212e-01
7.199999999999999734e-01	1.960194518616605874e-01	5.715659279449620822e-01
7.249999999999999778e-01	1.949892399082389927e-01	5.715658688448592706e-01
7.299999999999999822e-01	1.939519169919098340e-01	5.715658083478624141e-01
7.349999999999999867e-01	1.929074837700044953e-01	5.715657464115303510e-01
7.399999999999999911e-01	1.918559409234287527e-01	5.715656829918643878e-01
7.449999999999999956e-01	1.907972891497730084e-01	5.715656180430153110e-01
7.500000000000000000e-01	1.897315291719540165e-01	5.715655515174337120e-01
7.550000000000000044e-01	1.886586617309529423e-01	5.715654833655294809e-01
7.600000000000000089e-01	1.875786875949950749e-01	5.715654135358535504e-01
7.650000000000000133e-01	1.864916075518862904e-01	5.715653419747028785e-01
7.700000000000000178e-01	1.853974224187792397e-01	5.715652686263392734e-01
7.750000000000000222e-01	1.842961330340761317e-01	5.715651934325312045e-01
7.800000000000000266e-01	1.831877402678344924e-01	5.715651163328151485e-01
7.850000000000000311e-01	1.820722450132012116e-01	5.715650372639657917e-01
7.900000000000000355e-01	1.809496481975173543e-01	5.715649561603052264e-01
7.950000000000000400e-01	1.798199507732448077e-01	5.715648729530918848e-01
8.000000000000000444e-01	1.786831537298363692e-01	5.715647875708845804e-01
8.050000000000000488e-01	1.775392580841123336e-01	5.715646999388378502e-01
8.100000000000000533e-01	1.763882648929695485e-01	5.715646099791293899e-01
8.149999999999999467e-01	1.752301752431618398e-01	5.715645176101479263e-01
8.199999999999999512e-01	1.740649902649303304e-01	5.715644227469933725e-01
8.249999999999999556e-01	1.728927111211354117e-01	5.715643253005411317e-01
8.299999999999999600e-01	1.717133390219022782e-01	5.715642251780264083e-01
8.349999999999999645e-01	1.705268752130466026e-01	5.715641222819651812e-01
8.399999999999999689e-01	1.693333209918397586e-01	5.715640165108366588e-01
8.449999999999999734e-01	1.681326776946646950e-01	5.715639077578380522e-01
8.499999999999999778e-01	1.669249467140189458e-01	5.715637959116809386e-01
8.549999999999999822e-01	1.657101294853302320e-01	5.715636808551538550e-01
8.599999999999999867e-01	1.644882275053302922e-01	5.715635624660492242e-01
8.649999999999999911e-01	1.632592423179516361e-01	5.715634406155044589e-01
8.699999999999999956e-01	1.620231755342239621e-01	5.715633151690808766e-01
8.750000000000000000e-01	1.607800288171641334e-01	5.715631859848454566e-01
8.800000000000000044e-01	1.595298039033668791e-01	5.715630529146272787e-01
8.850000000000000089e-01	1.582725025867903756e-01	5.715629158017980771e-01
8.900000000000000133e-01	1.570081267422375748e-01	5.715627744827347367e-01
8.950000000000000178e-01	1.557366783079274786e-01	5.715626287842479059e-01
9.000000000000000222e-01	1.544581593110913309e-01	5.715624785252843010e-01
9.050000000000000266e-01	1.531725718492068511e-01	5.715623235139447589e-01
9.100000000000000311e-01	1.518799181179665281e-01	5.715621635494672059e-01
9.150000000000000355e-01	1.505802003910365339e-01	5.715619984187609859e-01
9.200000000000000400e-01	1.492734210506928283e-01	5.715618278987204537e-01
9.250000000000000444e-01	1.479595825659498209e-01	5.715616517521888706e-01
9.300000000000000488e-01	1.466386875262056244e-01	5.715614697306612424e-01
9.350000000000000533e-01	1.453107386175646332e-01	5.715612815695750859e-01
9.399999999999999467e-01	1.439757386598880529e-01	5.715610869914716785e-01
9.449999999999999512e-01	1.426336905811118883e-01	5.715608857004884635e-01
9.499999999999999556e-01	1.412845974581622976e-01	5.715606773860630874e-01
9.549999999999999600e-01	1.399284624890446138e-01	5.715604617164786738e-01
9.599999999999999645e-01	1.385652890381599278e-01	5.715602383432083489e-01
9.649999999999999689e-01	1.371950806059097361e-01	5.715600068933323064e-01
9.699999999999999734e-01	1.358178408790426395e-01	5.715597669746456111e-01
9.749999999999999778e-01	1.344335736974836271e-01	5.715595181667227909e-01
9.799999999999999822e-01	1.330422831104501880e-01	5.715592600269366885e-01
9.849999999999999867e-01	1.316439733401752188e-01	5.715589920798994639e-01
9.899999999999999911e-01	1.302386488446656276e-01	5.715587138245712406e-01
9.949999999999999956e-01	1.288263142779395021e-01	5.715584247217422309e-01
1.000000000000000000e+00	1.274069745604639592e-01	5.715581242024514452e-01
1.004999999999999893e+00	1.259806348354722272e-01	5.715578116530964925e-01
1.010000000000000009e+00	1.245473005483164058e-01	5.715574864254315823e-01
1.015000000000000124e+00	1.231069773983653054e-01	5.715571478187903010e-01
1.020000000000000018e+00	1.216596714287537379e-01	5.715567950919968609e-01
1.024999999999999911e+00	1.202053889732858927e-01	5.715564274420592561e-01
1.030000000000000027e+00	1.187441367583655233e-01	5.715560440184074276e-01
1.035000000000000142e+00	1.172759218442431667e-01	5.715556438972483333e-01
1.040000000000000036e+00	1.158007517412878024e-01	5.715552260986481725e-01
1.044999999999999929e+00	1.143186343448120146e-01	5.715547895555286306e-01
1.050000000000000044e+00	1.128295780683195720e-01	5.715543331342388678e-01
1.055000000000000160e+00	1.113335917710221584e-01	5.715538555968963097e-01
1.060000000000000053e+00	1.098306849112925115e-01	5.715533556262636372e-01
1.064999999999999947e+00	1.083208674658443366e-01	5.715528317797705649e-01
1.070000000000000062e+00	1.068041501073779542e-01	5.715522825197330015e-01
1.075000000000000178e+00	1.052805441142318083e-01	5.715517061569094226e-01
1.080000000000000071e+00	1.037500615771742019e-01	5.715511008873869203e-01
1.084999999999999964e+00	1.022127152981423398e-01	5.715504647228818458e-01
1.090000000000000080e+00	1.006685190323851620e-01	5.715497955359957194e-01
1.095000000000000195e+00	9.911748737468470405e-02	5.715490909736059555e-01
1.100000000000000089e+00	9.755963604467993155e-02	5.715483485126974239e-01
1.104999999999999982e+00	9.599498175871166994e-02	5.715475653520107890e-01
1.110000000000000098e+00	9.442354256829331438e-02	5.715467384813318619e-01
1.115000000000000213e+00	9.284533771543718172e-02	5.715458645449507102e-01
1.120000000000000107e+00	9.126038803706915115e-02	5.715449399282025444e-01
1.125000000000000000e+00	8.966871580138054132e-02	5.715439605840494375e-01
1.129999999999999893e+00	8.807034519478158796e-02	5.715429221419152661e-01
1.134999999999999787e+00	8.646530213649625263e-02	5.715418196855547306e-01
1.139999999999999902e+00	8.485361486979299539e-02	5.715406478909450527e-01
1.145000000000000018e+00	8.323531375172432689e-02	5.715394007391392250e-01
1.149999999999999911e+00	8.161043197743279853e-02	5.715380716923744719e-01
1.154999999999999805e+00	7.997900534168683739e-02	5.715366533191685861e-01
1.159999999999999920e+00	7.834107313486729507e-02	5.715351375211961127e-01
1.165000000000000036e+00	7.669667787287252902e-02	5.715335150384773799e-01
1.169999999999999929e+00	7.504586641720822904e-02	5.715317757444158264e-01
1.174999999999999822e+00	7.338868967011252797e-02	5.715299079849717190e-01
1.179999999999999938e+00	7.172520399093725019e-02	5.715278989662724296e-01
1.185000000000000053e+00	7.005547085432671517e-02	5.715257338605914672e-01
1.189999999999999947e+00	6.837955866381240089e-02	5.715233963212680290e-01
1.194999999999999840e+00	6.669754237319150403e-02	5.715208672559175529e-01
1.199999999999999956e+00	6.500950584077280769e-02	5.715181255188304110e-01
1.205000000000000071e+00	6.331554141890100018e-02	5.715151462010300554e-01
1.209999999999999964e+00	6.161575305641184969e-02	5.715119015737875063e-01
1.214999999999999858e+00	5.991025587065357261e-02	5.715083586636854340e-01
1.219999999999999973e+00	5.819918030446057100e-02	5.715044805572609965e-01
1.225000000000000089e+00	5.648267171301132872e-02	5.715002228954569885e-01
1.229999999999999982e+00	5.476089603721043253e-02	5.714955357069724240e-01
1.234999999999999876e+00	5.303403947184393008e-02	5.714903582309047714e-01
1.239999999999999991e+00	5.130231636854894889e-02	5.714846215396025553e-01
1.245000000000000107e+00	4.956596911664012950e-02	5.714782407066673064e-01
1.250000000000000000e+00	4.782527940587900928e-02	5.714711186349622496e-01
1.254999999999999893e+00	4.608056857609740820e-02	5.714631338849168740e-01
1.260000000000000009e+00	4.433221408283879311e-02	5.714541463881362970e-01
1.265000000000000124e+00	4.258065081553775305e-02	5.714439779460952495e-01
1.270000000000000018e+00	4.082639586719451208e-02	5.714324209777777996e-01
1.274999999999999911e+00	3.907005180642406095e-02	5.714192061766399933e-01
1.280000000000000027e+00	3.731234514957555010e-02	5.714040163007033657e-01
1.285000000000000142e+00	3.555413356217043686e-02	5.713864303842012271e-01
1.290000000000000036e+00	3.379646777664559870e-02	5.713659462362244978e-01
1.294999999999999929e+00	3.204060676477435421e-02	5.713418798296543422e-01
1.300000000000000044e+00	3.028812134248603377e-02	5.713134035728228977e-01
1.305000000000000160e+00	2.854092573896213972e-02	5.712793555400721424e-01
1.310000000000000053e+00	2.680145818304513136e-02	5.712383081598209067e-01
1.314999999999999947e+00	2.507274656089954895e-02	5.711881860269573119e-01
1.320000000000000062e+00	2.335873549773289856e-02	5.711263986935937176e-01
1.325000000000000178e+00	2.166442205888163136e-02	5.710490303085047348e-01
1.330000000000000071e+00	1.999646207715852567e-02	5.709511265556945769e-01
1.334999999999999964e+00	1.836343699792457318e-02	5.708248919644717256e-01
1.340000000000000080e+00	1.677694428951906694e-02	5.706604232199892213e-01
1.345000000000000195e+00	1.525201299040510744e-02	5.704416629141007000e-01
1.350000000000000089e+00	1.380866109549440217e-02	5.701487125264020905e-01
1.354999999999999982e+00	1.247185363973560626e-02	5.697497622569684950e-01
1.360000000000000098e+00	1.127148841625255811e-02	5.692093879228011799e-01
1.365000000000000213e+00	1.023868230717467527e-02	5.684790874972985852e-01
1.370000000000000107e+00	9.397828231770715898e-03	5.675209816912284433e-01
1.375000000000000000e+00	8.757888471717014539e-03	5.663094308405499655e-01
1.379999999999999893e+00	8.303846375870168467e-03	5.648526657202929124e-01
1.384999999999999787e+00	8.002779618197805242e-03	5.631920076161524014e-01
1.389999999999999902e+00	7.813652296748234416e-03	5.613770460189808631e-01
1.395000000000000018e+00	7.699305977589021924e-03	5.594635246979400289e-01
1.399999999999999911e+00	7.632135537676834440e-03	5.574876461708653252e-01
1.404999999999999805e+00	7.593104339420071736e-03	5.554790072327083772e-01
1.409999999999999920e+00	7.570752697976253220e-03	5.534529190950160382e-01
1.415000000000000036e+00	7.557906662440430287e-03	5.514205733507530072e-01
1.419999999999999929e+00	7.550574942721230073e-03	5.493872863257979189e-01
1.424999999999999822e+00	7.546336329025911394e-03	5.473567967204201468e-01
1.429999999999999938e+00	7.543879544299149018e-03	5.453308173605714293e-01
1.435000000000000053e+00	7.542417102565528164e-03	5.433105309361553337e-01
1.439999999999999947e+00	7.541526290970170486e-03	5.412964602410405002e-01
1.444999999999999840e+00	7.540954074023394939e-03	5.392889571085833778e-01
1.449999999999999956e+00	7.540565025262837770e-03	5.372881624911759468e-01
1.455000000000000071e+00	7.540278165836102747e-03	5.352941631131227229e-01
1.459999999999999964e+00	7.540050199396772929e-03	5.333069788783453280e-01
1.464999999999999858e+00	7.539855246126350025e-03	5.313266127632858549e-01
1.469999999999999973e+00	7.539679474009794609e-03	5.293530467778788662e-01
1.475000000000000089e+00	7.539514615775910061e-03	5.273862578528047962e-01
1.479999999999999982e+00	7.539356252883420463e-03	5.254262165041053700e-01
1.484999999999999876e+00	7.539201743887021141e-03	5.234728919193816221e-01
1.489999999999999991e+00	7.539049676348812817e-03	5.215262514806288108e-01
1.495000000000000107e+00	7.538899205187510159e-03	5.195862624225485726e-01
1.500000000000000000e+00	7.538749877684211738e-03	5.176528916290562554e-01
1.504999999999999893e+00	7.538601422226706532e-03	5.157261062033899890e-01
1.510000000000000009e+00	7.538453692448859184e-03	5.138058733528734212e-01
1.515000000000000124e+00	7.538306599798241282e-03	5.118921606128687962e-01
1.520000000000000018e+00	7.538160095705788259e-03	5.099849357609295142e-01
1.524999999999999911e+00	7.538014150068633734e-03	5.080841669298906682e-01
1.530000000000000027e+00	7.537868745557224984e-03	5.061898225326911804e-01
1.535000000000000142e+00	7.537723870753148050e-03	5.043018713392237728e-01
1.540000000000000036e+00	7.537579518329192048e-03	5.024202824058372485e-01
1.544999999999999929e+00	7.537435682863636612e-03	5.005450251396317274e-01
1.550000000000000044e+00	7.537292360255954532e-03	4.986760692306980158e-01
1.555000000000000160e+00	7.537149547033009100e-03	4.968133847113984092e-01
1.560000000000000053e+00	7.537007240158962243e-03	4.949569418906833440e-01
1.564999999999999947e+00	7.536865436817273556e-03	4.931067114107808846e-01
1.570000000000000062e+00	7.536724134346418393e-03	4.912626641833399144e-01
1.575000000000000178e+00	7.536583330173544232e-03	4.894247714443317743e-01
1.580000000000000071e+00	7.536443021790393583e-03	4.875930046918979799e-01
1.584999999999999964e+00	7.536303206735234239e-03	4.857673357397515046e-01
1.590000000000000080e+00	7.536163882581694597e-03	4.839477366566515837e-01
1.595000000000000195e+00	7.536025046936010649e-03	4.821341798184288208e-01
1.600000000000000089e+00	7.535886697430054133e-03	4.803266378490240185e-01
1.604999999999999982e+00	7.535748831723394249e-03	4.785250836712061084e-01
1.610000000000000098e+00	7.535611447497752614e-03	4.767294904491205521e-01
1.615000000000000213e+00	7.535474542460517816e-03	4.749398316377517748e-01
1.620000000000000107e+00	7.535338114339745069e-03	4.731560809269277357e-01
1.625000000000000000e+00	7.535202160888063681e-03	4.713782122895714966e-01
1.629999999999999893e+00	7.535066679877930849e-03	4.696061999271129994e-01
1.634999999999999787e+00	7.534931669105592901e-03	4.678400183165712933e-01
1.639999999999999902e+00	7.534797126386505624e-03	4.660796421573251136e-01
1.645000000000000018e+00	7.534663049559241731e-03	4.643250464170652347e-01
1.649999999999999911e+00	7.534529436481043896e-03	4.625762062798782770e-01
1.654999999999999805e+00	7.534396285031650688e-03	4.608330971911067664e-01
1.659999999999999920e+00	7.534263593108961495e-03	4.590956948067008714e-01
1.665000000000000036e+00	7.534131358632783527e-03	4.573639750370249168e-01
1.669999999999999929e+00	7.533999579540597361e-03	4.556379139974332526e-01
1.674999999999999822e+00	7.533868253791219799e-03	4.539174880510570831e-01
1.679999999999999938e+00	7.533737379360672635e-03	4.522026737605651103e-01
1.685000000000000053e+00	7.533606954245761385e-03	4.504934479299643191e-01
1.689999999999999947e+00	7.533476976460040317e-03	4.487897875575053708e-01
1.694999999999999840e+00	7.533347444037313996e-03	4.470916698765294850e-01
1.699999999999999956e+00	7.533218355027693387e-03	4.453990723094813364e-01
1.705000000000000071e+00	7.533089707501020200e-03	4.437119725078337851e-01
1.709999999999999964e+00	7.532961499543014937e-03	4.420303483071706396e-01
1.714999999999999858e+00	7.532833729258622303e-03	4.403541777662198786e-01
1.719999999999999973e+00	7.532706394768253801e-03	4.386834391229708641e-01
1.725000000000000089e+00	7.532579494211053342e-03	4.370181108328454189e-01
1.729999999999999982e+00	7.532453025741230046e-03	4.353581715258163509e-01
1.734999999999999876e+00	7.532326987531250129e-03	4.337036000437429761e-01
1.739999999999999991e+00	7.532201377768250362e-03	4.320543753984579238e-01
1.745000000000000107e+00	7.532076194657167517e-03	4.304104768082961385e-01
1.750000000000000000e+00	7.531951436417228148e-03	4.287718836571178249e-01
1.754999999999999893e+00	7.531827101285007778e-03	4.271385755300561304e-01
1.760000000000000009e+00	7.531703187511005690e-03	4.255105321734459212e-01
1.765000000000000124e+00	7.531579693362635587e-03	4.238877335298162352e-01
1.770000000000000018e+00	7.531456617120872374e-03	4.222701596986955241e-01
1.774999999999999911e+00	7.531333957083187307e-03	4.206577909708720808e-01
1.780000000000000027e+00	7.531211711560261562e-03	4.190506077900477133e-01
1.785000000000000142e+00	7.531089878878862408e-03	4.174485907863912382e-01
1.790000000000000036e+00	7.530968457378631360e-03	4.158517207390126091e-01
1.794999999999999929e+00	7.530847445414894439e-03	4.142599786088300151e-01
1.800000000000000044e+00	7.530726841355524052e-03	4.126733455018402053e-01
1.805000000000000160e+00	7.530606643583690266e-03	4.110918027013217846e-01
1.810000000000000053e+00	7.530486850494788609e-03	4.095153316318747572e-01
1.814999999999999947e+00	7.530367460499134968e-03	4.079439138909811691e-01
1.820000000000000062e+00	7.530248472018961914e-03	4.063775312137900553e-01
1.825000000000000178e+00	7.530129883491058079e-03	4.048161655040561357e-01
1.830000000000000071e+00	7.530011693363820868e-03	4.032597987996456301e-01
1.834999999999999964e+00	7.529893900099853335e-03	4.017084133028728243e-01
1.840000000000000080e+00	7.529776502173073267e-03	4.001619913467045486e-01
1.845000000000000195e+00	7.529659498071255425e-03	3.986205154245133775e-01
1.850000000000000089e+00	7.529542886293203938e-03	3.970839681569586221e-01
1.854999999999999982e+00	7.529426665351247709e-03	3.955523323211740383e-01
1.860000000000000098e+00	7.529310833768461386e-03	3.940255908183049605e-01
1.865000000000000213e+00	7.529195390081122596e-03	3.925037267021482257e-01
1.870000000000000107e+00	7.529080332835982360e-03	3.909867231473245774e-01
1.875000000000000000e+00	7.528965660592675489e-03	3.894745634773873477e-01
1.879999999999999893e+00	7.528851371921050847e-03	3.879672311336109791e-01
1.884999999999999787e+00	7.528737465403527104e-03	3.864647097025856737e-01
1.889999999999999902e+00	7.528623939632485447e-03	3.849669828856017717e-01
1.895000000000000018e+00	7.528510793212575894e-03	3.834740345257467986e-01
1.899999999999999911e+00	7.528398024758157711e-03	3.819858485778673263e-01
1.904999999999999805e+00	7.528285632895571032e-03	3.805024091351832949e-01
1.909999999999999920e+00	7.528173616260621509e-03	3.790237003998102594e-01
1.915000000000000036e+00	7.528061973500812902e-03	3.775497067089057524e-01
1.919999999999999929e+00	7.527950703272873363e-03	3.760804125057349290e-01
1.924999999999999822e+00	7.527839804244957668e-03	3.746158023653621827e-01
1.929999999999999938e+00	7.527729275094214266e-03	3.731558609662442572e-01
1.935000000000000053e+00	7.527619114508947613e-03	3.717005731154820469e-01
1.939999999999999947e+00	7.527509321186233796e-03	3.702499237209238570e-01
1.944999999999999840e+00	7.527399893834039492e-03	3.688038978159909331e-01
1.949999999999999956e+00	7.527290831168890507e-03	3.673624805322758258e-01
1.955000000000000071e+00	7.527182131917945634e-03	3.659256571239542510e-01
1.959999999999999964e+00	7.527073794816709421e-03	3.644934129408642920e-01
1.964999999999999858e+00	7.526965818611073070e-03	3.630657334525161373e-01
1.969999999999999973e+00	7.526858202055066241e-03	3.616426042216376313e-01
1.975000000000000089e+00	7.526750943912864991e-03	3.602240109277953239e-01
1.979999999999999982e+00	7.526644042956581737e-03	3.588099393413914373e-01
1.984999999999999876e+00	7.526537497968239371e-03	3.574003753469079947e-01
1.989999999999999991e+00	7.526431307737601988e-03	3.559953049173413819e-01
1.995000000000000107e+00	7.526325471064117777e-03	3.545947141370814903e-01
2.000000000000000000e+00	7.526219986754780107e-03	3.531985891767712715e-01
2.004999999999999893e+00	7.526114853626047867e-03	3.518069163158299983e-01
2.009999999999999787e+00	7.526010070501738640e-03	3.504196819177264888e-01
2.014999999999999680e+00	7.525905636214915220e-03	3.490368724521578092e-01
2.020000000000000018e+00	7.525801549605822156e-03	3.476584744707226227e-01
2.024999999999999911e+00	7.525697809523735834e-03	3.462844746287661035e-01
2.029999999999999805e+00	7.525594414824938322e-03	3.449148596614414752e-01
2.035000000000000142e+00	7.525491364374537959e-03	3.435496164052303514e-01
2.040000000000000036e+00	7.525388657044476161e-03	3.421887317743828594e-01
2.044999999999999929e+00	7.525286291715320257e-03	3.408321927821220676e-01
2.049999999999999822e+00	7.525184267274303250e-03	3.394799865174506492e-01
2.054999999999999716e+00	7.525082582617088900e-03	3.381321001660497760e-01
2.060000000000000053e+00	7.524981236645843577e-03	3.367885209874416641e-01
2.064999999999999947e+00	7.524880228270974455e-03	3.354492363355918716e-01
2.069999999999999840e+00	7.524779556409230859e-03	3.341142336364168464e-01
2.075000000000000178e+00	7.524679219985419901e-03	3.327835004080976766e-01
2.080000000000000071e+00	7.524579217930532117e-03	3.314570242389249244e-01
2.084999999999999964e+00	7.524479549183437158e-03	3.301347928073311566e-01
2.089999999999999858e+00	7.524380212689039775e-03	3.288167938600616291e-01
2.094999999999999751e+00	7.524281207399945159e-03	3.275030152319359233e-01
2.100000000000000089e+00	7.524182532274643551e-03	3.261934448243349882e-01
2.104999999999999982e+00	7.524084186279159092e-03	3.248880706246986549e-01
2.109999999999999876e+00	7.523986168385256128e-03	3.235868806853204882e-01
2.115000000000000213e+00	7.523888477572062035e-03	3.222898631425884508e-01
2.120000000000000107e+00	7.523791112824309950e-03	3.209970061960799037e-01
2.125000000000000000e+00	7.523694073133930377e-03	3.197082981275517488e-01
2.129999999999999893e+00	7.523597357498321668e-03	3.184237272803268626e-01
2.134999999999999787e+00	7.523500964921924286e-03	3.171432820780420436e-01
2.140000000000000124e+00	7.523404894414512968e-03	3.158669510043166651e-01
2.145000000000000018e+00	7.523309144992744966e-03	3.145947226212658099e-01
2.149999999999999911e+00	7.523213715678486908e-03	3.133265855494432595e-01
2.155000000000000249e+00	7.523118605500339617e-03	3.120625284861249793e-01
2.160000000000000142e+00	7.523023813491977983e-03	3.108025401855213921e-01
2.165000000000000036e+00	7.522929338693670580e-03	3.095466094768365983e-01
2.169999999999999929e+00	7.522835180150637749e-03	3.082947252447407749e-01
2.174999999999999822e+00	7.522741336914546932e-03	3.070468764472136236e-01
2.180000000000000160e+00	7.522647808041896776e-03	3.058030520962690679e-01
2.185000000000000053e+00	7.522554592595495984e-03	3.045632412755886476e-01
2.189999999999999947e+00	7.522461689642866503e-03	3.033274331214916852e-01
2.195000000000000284e+00	7.522369098257701558e-03	3.020956168403639563e-01
2.200000000000000178e+00	7.522276817518294863e-03	3.008677816898677748e-01
2.205000000000000071e+00	7.522184846508982170e-03	2.996439169961710447e-01
2.209999999999999964e+00	7.522093184318583495e-03	2.984240121353903263e-01
2.214999999999999858e+00	7.522001830041830789e-03	2.972080565506257099e-01
2.220000000000000195e+00	7.521910782777837048e-03	2.959960397336312554e-01
2.225000000000000089e+00	7.521820041631496236e-03	2.947879512416611281e-01
2.229999999999999982e+00	7.521729605711977538e-03	2.935837806793603066e-01
2.235000000000000320e+00	7.521639474134111415e-03	2.923835177154268106e-01
2.240000000000000213e+00	7.521549646016896865e-03	2.911871520647186240e-01
2.245000000000000107e+00	7.521460120484874459e-03	2.899946735047360669e-01
2.250000000000000000e+00	7.521370896666654433e-03	2.888060718579382180e-01
2.254999999999999893e+00	7.521281973696270634e-03	2.876213370080512588e-01
2.259999999999999787e+00	7.521193350711725956e-03	2.864404588825890108e-01
2.264999999999999680e+00	7.521105026856336750e-03	2.852634274689913041e-01
2.270000000000000018e+00	7.521017001277290406e-03	2.840902327973433561e-01
2.274999999999999911e+00	7.520929273126975012e-03	2.829208649563491051e-01
2.279999999999999805e+00	7.520841841561557752e-03	2.817553140762437680e-01
2.285000000000000142e+00	7.520754705742299824e-03	2.805935703446062468e-01
2.290000000000000036e+00	7.520667864834146982e-03	2.794356239894611460e-01
2.294999999999999929e+00	7.520581318007033174e-03	2.782814652949328615e-01
2.299999999999999822e+00	7.520495064434491034e-03	2.771310845845326720e-01
2.304999999999999716e+00	7.520409103294937309e-03	2.759844722366595060e-01
2.310000000000000053e+00	7.520323433770298091e-03	2.748416186680662787e-01
2.314999999999999947e+00	7.520238055047283841e-03	2.737025143492118340e-01
2.319999999999999840e+00	7.520152966316031966e-03	2.725671497879018634e-01
2.325000000000000178e+00	7.520068166771362757e-03	2.714355155444950207e-01
2.330000000000000071e+00	7.519983655611442788e-03	2.703076022157158698e-01
2.334999999999999964e+00	7.519899432039027845e-03	2.691834004497174471e-01
2.339999999999999858e+00	7.519815495260136727e-03	2.680629009300614651e-01
2.344999999999999751e+00	7.519731844485281168e-03	2.669460943906425965e-01
2.350000000000000089e+00	7.519648478928163925e-03	2.658329715998306586e-01
2.354999999999999982e+00	7.519565397806886146e-03	2.647235233752603945e-01
2.359999999999999876e+00	7.519482600342661076e-03	2.636177405681315866e-01
2.365000000000000213e+00	7.519400085761017948e-03	2.625156140778668323e-01
2.370000000000000107e+00	7.519317853290518293e-03	2.614171348365676439e-01
2.375000000000000000e+00	7.519235902163952899e-03	2.603222938235419948e-01
2.379999999999999893e+00	7.519154231617073726e-03	2.592310820499124646e-01
2.384999999999999787e+00	7.519072840889777856e-03	2.581434905730176088e-01
2.390000000000000124e+00	7.518991729224853288e-03	2.570595104811681519e-01
2.395000000000000018e+00	7.518910895869146405e-03	2.559791329079251776e-01
2.399999999999999911e+00	7.518830340072328589e-03	2.549023490170005402e-01
2.405000000000000249e+00	7.518750061088051544e-03	2.538291500164146508e-01
2.410000000000000142e+00	7.518670058172719113e-03	2.527595271435394420e-01
2.415000000000000036e+00	7.518590330586640003e-03	2.516934716791366933e-01
2.419999999999999929e+00	7.518510877592810004e-03	2.506309749325399960e-01
2.424999999999999822e+00	7.518431698458050844e-03	2.495720282555780600e-01
2.430000000000000160e+00	7.518352792451808882e-03	2.485166230278915145e-01
2.435000000000000053e+00	7.518274158847281820e-03	2.474647506707438327e-01
2.439999999999999947e+00	7.518195796920227811e-03	2.464164026324700274e-01
2.445000000000000284e+00	7.518117705950086091e-03	2.453715704021774136e-01
2.450000000000000178e+00	7.518039885218793898e-03	2.443302454953241443e-01
2.455000000000000071e+00	7.517962334011898430e-03	2.432924194673112828e-01
2.459999999999999964e+00	7.517885051617386773e-03	2.422580838991881813e-01
2.464999999999999858e+00	7.517808037326784848e-03	2.412272304111392207e-01
2.470000000000000195e+00	7.517731290434001221e-03	2.401998506483129514e-01
2.475000000000000089e+00	7.517654810236415637e-03	2.391759362942053047e-01
2.479999999999999982e+00	7.517578596033735842e-03	2.381554790566100255e-01
2.485000000000000320e+00	7.517502647129072242e-03	2.371384706809003262e-01
2.490000000000000213e+00	7.517426962827811199e-03	2.361249029360991125e-01
2.495000000000000107e+00	7.517351542438674948e-03	2.351147676280600229e-01
2.500000000000000000e+00	7.517276385272608774e-03	2.341080565856548945e-01
2.504999999999999893e+00	7.517201490643833119e-03	2.331047616738571859e-01
2.509999999999999787e+00	7.517126857868734226e-03	2.321048747800436296e-01
2.514999999999999680e+00	7.517052486266917119e-03	2.311083878269821756e-01
2.520000000000000018e+00	7.516978375160103185e-03	2.301152927592452768e-01
2.524999999999999911e+00	7.516904523873166669e-03	2.291255815561047682e-01
2.529999999999999805e+00	7.516830931733053077e-03	2.281392462180542868e-01
2.535000000000000142e+00	7.516757598069804397e-03	2.271562787796118088e-01
2.540000000000000036e+00	7.516684522215479232e-03	2.261766712959509817e-01
2.544999999999999929e+00	7.516611703505181492e-03	2.252004158556124291e-01
2.549999999999999822e+00	7.516539141275984000e-03	2.242275045672408595e-01
2.554999999999999716e+00	7.516466834867946770e-03	2.232579295722077473e-01
2.560000000000000053e+00	7.516394783623055360e-03	2.222916830314524972e-01
2.564999999999999947e+00	7.516322986886231350e-03	2.213287571380175567e-01
2.569999999999999840e+00	7.516251444004270685e-03	2.203691441039916654e-01
2.575000000000000178e+00	7.516180154326855024e-03	2.194128361729588694e-01
2.580000000000000071e+00	7.516109117205502232e-03	2.184598256070427180e-01
2.584999999999999964e+00	7.516038331994560374e-03	2.175101046992702625e-01
2.589999999999999858e+00	7.515967798050168618e-03	2.165636657607148130e-01
2.594999999999999751e+00	7.515897514731251228e-03	2.156205011327772536e-01
2.600000000000000089e+00	7.515827481398482807e-03	2.146806031744253329e-01
2.604999999999999982e+00	7.515757697415268411e-03	2.137439642743933776e-01
2.609999999999999876e+00	7.515688162146731341e-03	2.128105768385168961e-01
2.615000000000000213e+00	7.515618874960674177e-03	2.118804333018514674e-01
2.620000000000000107e+00	7.515549835226576110e-03	2.109535261161017694e-01
2.625000000000000000e+00	7.515481042316553111e-03	2.100298477616605042e-01
2.629999999999999893e+00	7.515412495604358728e-03	2.091093907351301295e-01
2.634999999999999787e+00	7.515344194466339056e-03	2.081921475612832362e-01
2.640000000000000124e+00	7.515276138280440471e-03	2.072781107806754008e-01
2.645000000000000018e+00	7.515208326427155923e-03	2.063672729615289025e-01
2.649999999999999911e+00	7.515140758288545685e-03	2.054596266874342270e-01
2.655000000000000249e+00	7.515073433249173235e-03	2.045551645691582598e-01
2.660000000000000142e+00	7.515006350695134681e-03	2.036538792324345815e-01
2.665000000000000036e+00	7.514939510014985100e-03	2.027557633296951378e-01
2.669999999999999929e+00	7.514872910598780105e-03	2.018608095279486314e-01
2.674999999999999822e+00	7.514806551838995249e-03	2.009690105204383626e-01
2.680000000000000160e+00	7.514740433129571927e-03	2.000803590146055522e-01
2.685000000000000053e+00	7.514674553866833306e-03	1.991948477436746856e-01
2.689999999999999947e+00	7.514608913448533704e-03	1.983124694547008238e-01
2.695000000000000284e+00	7.514543511274771916e-03	1.974332169200829767e-01
2.700000000000000178e+00	7.514478346747048391e-03	1.965570829256953478e-01
2.705000000000000071e+00	7.514413419269169898e-03	1.956840602823287922e-01
2.709999999999999964e+00	7.514348728246311900e-03	1.948141418139044956e-01
2.714999999999999858e+00	7.514284273085922346e-03	1.939473203688449054e-01
2.720000000000000195e+00	7.514220053196790129e-03	1.930835888083687057e-01
2.725000000000000089e+00	7.514156067989937599e-03	1.922229400177924430e-01
2.729999999999999982e+00	7.514092316877699421e-03	1.913653668949050202e-01
2.735000000000000320e+00	7.514028799274611627e-03	1.905108623612007945e-01
2.740000000000000213e+00	7.513965514596493075e-03	1.896594193503338133e-01
2.745000000000000107e+00	7.513902462261332765e-03	1.888110308192815501e-01
2.750000000000000000e+00	7.513839641688373032e-03	1.879656897368782442e-01
2.754999999999999893e+00	7.513777052298991656e-03	1.871233890949113854e-01
2.759999999999999787e+00	7.513714693515798071e-03	1.862841218967316304e-01
2.764999999999999680e+00	7.513652564763505064e-03	1.854478811682831463e-01
2.770000000000000018e+00	7.513590665468028451e-03	1.846146599467899663e-01
2.774999999999999911e+00	7.513528995057357912e-03	1.837844512917198025e-01
2.779999999999999805e+00	7.513467552960661870e-03	1.829572482735464523e-01
2.785000000000000142e+00	7.513406338609152253e-03	1.821330439846476357e-01
2.790000000000000036e+00	7.513345351435196315e-03	1.813118315281429804e-01
2.794999999999999929e+00	7.513284590873174455e-03	1.804936040287264121e-01
2.799999999999999822e+00	7.513224056358600716e-03	1.796783546215780236e-01
2.804999999999999716e+00	7.513163747328970195e-03	1.788660764631324340e-01
2.810000000000000053e+00	7.513103663222893414e-03	1.780567627200638769e-01
2.814999999999999947e+00	7.513043803480933328e-03	1.772504065799909434e-01
2.819999999999999840e+00	7.512984167544744900e-03	1.764470012405342791e-01
2.825000000000000178e+00	7.512924754857909504e-03	1.756465399199569344e-01
2.830000000000000071e+00	7.512865564865079705e-03	1.748490158462956134e-01
2.834999999999999964e+00	7.512806597012808459e-03	1.740544222679372699e-01
2.839999999999999858e+00	7.512747850748697359e-03	1.732627524428214660e-01
2.844999999999999751e+00	7.512689325522224973e-03	1.724739996489551008e-01
2.850000000000000089e+00	7.512631020783899424e-03	1.716881571736851575e-01
2.854999999999999982e+00	7.512572935986078053e-03	1.709052183241514256e-01
2.859999999999999876e+00	7.512515070582133879e-03	1.701251764166294977e-01
2.865000000000000213e+00	7.512457424027259648e-03	1.693480247869214583e-01
2.870000000000000107e+00	7.512399995777645570e-03	1.685737567797691572e-01
2.875000000000000000e+00	7.512342785291281633e-03	1.678023657591828088e-01
2.879999999999999893e+00	7.512285792027137941e-03	1.670338450979239886e-01
2.884999999999999787e+00	7.512229015445957489e-03	1.662681881877728640e-01
2.890000000000000124e+00	7.512172455009446907e-03	1.655053884290796917e-01
2.895000000000000018e+00	7.512116110181067501e-03	1.647454392409720136e-01
2.899999999999999911e+00	7.512059980425223396e-03	1.639883340509740439e-01
2.905000000000000249e+00	7.512004065208052576e-03	1.632340663051524143e-01
2.910000000000000142e+00	7.511948363996624571e-03	1.624826294578049501e-01
2.915000000000000036e+00	7.511892876259715877e-03	1.617340169815454642e-01
2.919999999999999929e+00	7.511837601467020661e-03	1.609882223570592852e-01
2.924999999999999822e+00	7.511782539089921842e-03	1.602452390831290985e-01
2.930000000000000160e+00	7.511727688600701794e-03	1.595050606664571435e-01
2.935000000000000053e+00	7.511673049473315163e-03	1.587676806316313249e-01
2.939999999999999947e+00	7.511618621182603039e-03	1.580330925110136620e-01
2.945000000000000284e+00	7.511564403205054502e-03	1.573012898546469474e-01
2.950000000000000178e+00	7.511510395018032929e-03	1.565722662202101989e-01
2.955000000000000071e+00	7.511456596100534941e-03	1.558460151828651441e-01
2.959999999999999964e+00	7.511403005932414979e-03	1.551225303252778687e-01
2.964999999999999858e+00	7.511349623995141646e-03	1.544018052474063485e-01
2.970000000000000195e+00	7.511296449771031822e-03	1.536838335565871849e-01
2.975000000000000089e+00	7.511243482743998334e-03	1.529686088772649610e-01
2.979999999999999982e+00	7.511190722398786677e-03	1.522561248411437584e-01
2.985000000000000320e+00	7.511138168221724414e-03	1.515463750968572831e-01
2.990000000000000213e+00	7.511085819699963965e-03	1.508393533001863851e-01
2.995000000000000107e+00	7.511033676322216406e-03	1.501350531236700370e-01
3.000000000000000000e+00	7.510981737578007258e-03	1.494334682468869135e-01
3.004999999999999893e+00	7.510930002958407688e-03	1.487345923660091107e-01
3.009999999999999787e+00	7.510878471955292034e-03	1.480384191841474517e-01
3.014999999999999680e+00	7.510827144062066398e-03	1.473449424208466418e-01
3.020000000000000018e+00	7.510776018772926180e-03	1.466541558024951897e-01
3.024999999999999911e+00	7.510725095583584664e-03	1.459660530717623028e-01
3.029999999999999805e+00	7.510674373990536626e-03	1.452806279780713139e-01
3.035000000000000142e+00	7.510623853491777378e-03	1.445978742869787059e-01
3.040000000000000036e+00	7.510573533586075920e-03	1.439177857707115982e-01
3.044999999999999929e+00	7.510523413773690510e-03	1.432403562174880685e-01
3.049999999999999822e+00	7.510473493555638348e-03	1.425655794221182548e-01
3.054999999999999716e+00	7.510423772434417222e-03	1.418934491952674182e-01
3.060000000000000053e+00	7.510374249913272585e-03	1.412239593541194937e-01
3.064999999999999947e+00	7.510324925496916597e-03	1.405571037315827554e-01
3.069999999999999840e+00	7.510275798690807351e-03	1.398928761670160670e-01
3.075000000000000178e+00	7.510226869001848833e-03	1.392312705153769536e-01
3.080000000000000071e+00	7.510178135937687488e-03	1.385722806380110528e-01
3.084999999999999964e+00	7.510129599007402644e-03	1.379159004117419263e-01
3.089999999999999858e+00	7.510081257720809152e-03	1.372621237197235999e-01
3.094999999999999751e+00	7.510033111589143467e-03	1.366109444604725054e-01
3.100000000000000089e+00	7.509985160124369764e-03	1.359623565387824973e-01
3.104999999999999982e+00	7.509937402839860811e-03	1.353163538746997574e-01
3.109999999999999876e+00	7.509889839249713622e-03	1.346729303944993739e-01
3.115000000000000213e+00	7.509842468869420799e-03	1.340320800396030132e-01
3.120000000000000107e+00	7.509795291215193985e-03	1.333937967576181438e-01
3.125000000000000000e+00	7.509748305804631735e-03	1.327580745111974769e-01
3.129999999999999893e+00	7.509701512156040371e-03	1.321249072691405846e-01
3.134999999999999787e+00	7.509654909789106186e-03	1.314942890151959975e-01
3.140000000000000124e+00	7.509608498224218907e-03	1.308662137392247737e-01
3.145000000000000018e+00	7.509562276983137823e-03	1.302406754459448646e-01
3.149999999999999911e+00	7.509516245588318713e-03	1.296176681461565783e-01
3.155000000000000249e+00	7.509470403563579116e-03	1.289971858654296033e-01
3.160000000000000142e+00	7.509424750433427859e-03	1.283792226353903942e-01
3.165000000000000036e+00	7.509379285723725116e-03	1.277637725023510473e-01
3.169999999999999929e+00	7.509334008961021482e-03	1.271508295186590254e-01
3.174999999999999822e+00	7.509288919673205893e-03	1.265403877512683017e-01
3.180000000000000160e+00	7.509244017388855101e-03	1.259324412731502585e-01
3.185000000000000053e+00	7.509199301637877258e-03	1.253269841718084587e-01
3.189999999999999947e+00	7.509154771950863130e-03	1.247240105407496219e-01
3.195000000000000284e+00	7.509110427859725344e-03	1.241235144879414692e-01
3.200000000000000178e+00	7.509066268897060005e-03	1.235254901273457467e-01
3.205000000000000071e+00	7.509022294596772937e-03	1.229299315873175064e-01
3.209999999999999964e+00	7.508978504493451708e-03	1.223368330021997186e-01
3.214999999999999858e+00	7.508934898122985799e-03	1.217461885206654187e-01
3.220000000000000195e+00	7.508891475021944699e-03	1.211579922973734513e-01
3.225000000000000089e+00	7.508848234728192871e-03	1.205722385012527736e-01
3.229999999999999982e+00	7.508805176780267848e-03	1.199889213072192901e-01
3.235000000000000320e+00	7.508762300718002138e-03	1.194080349044029654e-01
3.240000000000000213e+00	7.508719606081893511e-03	1.188295734879256937e-01
3.245000000000000107e+00	7.508677092413730374e-03	1.182535312670705968e-01
3.250000000000000000e+00	7.508634759255963798e-03	1.176799024571210522e-01
3.254999999999999893e+00	7.508592606152328548e-03	1.171086812874722882e-01
3.259999999999999787e+00	7.508550632647222924e-03	1.165398619935314045e-01
3.264999999999999680e+00	7.508508838286320243e-03	1.159734388247713605e-01
3.270000000000000018e+00	7.508467222615956491e-03	1.154094060366919750e-01
3.274999999999999911e+00	7.508425785183735733e-03	1.148477578988161968e-01
3.279999999999999805e+00	7.508384525537926436e-03	1.142884886867119171e-01
3.285000000000000142e+00	7.508343443228056475e-03	1.137315926899300639e-01
3.290000000000000036e+00	7.508302537804318992e-03	1.131770642040883096e-01
3.294999999999999929e+00	7.508261808818162200e-03	1.126248975387507262e-01
3.299999999999999822e+00	7.508221255821695243e-03	1.120750870095717916e-01
3.304999999999999716e+00	7.508180878368279736e-03	1.115276269461193265e-01
3.310000000000000053e+00	7.508140676011939088e-03	1.109825116840785081e-01
3.314999999999999947e+00	7.508100648307940508e-03	1.104397355730171587e-01
3.319999999999999840e+00	7.508060794812215603e-03	1.098992929686506553e-01
3.325000000000000178e+00	7.508021115081934573e-03	1.093611782405487648e-01
3.330000000000000071e+00	7.507981608674932882e-03	1.088253857644619765e-01
3.334999999999999964e+00	7.507942275150278517e-03	1.082919099299698151e-01
3.339999999999999858e+00	7.507903114067704733e-03	1.077607451328680827e-01
3.344999999999999751e+00	7.507864124988175569e-03	1.072318857827591482e-01
3.350000000000000089e+00	7.507825307473318596e-03	1.067053262954997528e-01
3.354999999999999982e+00	7.507786661085988703e-03	1.061810611007333732e-01
3.359999999999999876e+00	7.507748185389703441e-03	1.056590846343987561e-01
3.365000000000000213e+00	7.507709879949209415e-03	1.051393913462035090e-01
3.370000000000000107e+00	7.507671744329910690e-03	1.046219756921941690e-01
3.375000000000000000e+00	7.507633778098436912e-03	1.041068321421708687e-01
3.379999999999999893e+00	7.507595980822082994e-03	1.035939551723183555e-01
3.384999999999999787e+00	7.507558352069359023e-03	1.030833392725625797e-01
3.390000000000000124e+00	7.507520891409442954e-03	1.025749789392619571e-01
3.395000000000000018e+00	7.507483598412727915e-03	1.020688686825057395e-01
3.399999999999999911e+00	7.507446472650274039e-03	1.015650030188660485e-01
3.405000000000000249e+00	7.507409513694352290e-03	1.010633764786376121e-01
3.410000000000000142e+00	7.507372721117905844e-03	1.005639835986505692e-01
3.415000000000000036e+00	7.507336094495081769e-03	1.000668189294517813e-01
3.419999999999999929e+00	7.507299633400703678e-03	9.957187702817806019e-02
3.424999999999999822e+00	7.507263337410798217e-03	9.907915246567902678e-02
3.430000000000000160e+00	7.507227206102067701e-03	9.858863981945109600e-02
3.435000000000000053e+00	7.507191239052414013e-03	9.810033368070164572e-02
3.439999999999999947e+00	7.507155435840419909e-03	9.761422864734367599e-02
3.445000000000000284e+00	7.507119796045863373e-03	9.713031933100080284e-02
3.450000000000000178e+00	7.507084319249205870e-03	9.664860035006346550e-02
3.455000000000000071e+00	7.507049005032104955e-03	9.616906633663462045e-02
3.459999999999999964e+00	7.507013852976899063e-03	9.569171192964616435e-02
3.464999999999999858e+00	7.506978862667121853e-03	9.521653178174681320e-02
3.470000000000000195e+00	7.506944033686995671e-03	9.474352055247858839e-02
3.475000000000000089e+00	7.506909365621930279e-03	9.427267291510563196e-02
3.479999999999999982e+00	7.506874858058028462e-03	9.380398354985174103e-02
3.485000000000000320e+00	7.506840510582582157e-03	9.333744715066999431e-02
3.490000000000000213e+00	7.506806322783572856e-03	9.287305841854108512e-02
3.495000000000000107e+00	7.506772294250174671e-03	9.241081206818378690e-02
3.500000000000000000e+00	7.506738424572253002e-03	9.195070282141411255e-02
3.504999999999999893e+00	7.506704713340864137e-03	9.149272541379652179e-02
3.509999999999999787e+00	7.506671160147759120e-03	9.103687458806372645e-02
3.514999999999999680e+00	7.506637764585879016e-03	9.058314510070897274e-02
3.520000000000000018e+00	7.506604526248862250e-03	9.013153171546650633e-02
3.524999999999999911e+00	7.506571444731533795e-03	8.968202920984451321e-02
3.529999999999999805e+00	7.506538519629424658e-03	8.923463236866607806e-02
3.535000000000000142e+00	7.506505750539250663e-03	8.878933599054300574e-02
3.540000000000000036e+00	7.506473137058431062e-03	8.834613488147770310e-02
3.544999999999999929e+00	7.506440678785572529e-03	8.790502386127743706e-02
3.549999999999999822e+00	7.506408375319994705e-03	8.746599775721690395e-02
3.554999999999999716e+00	7.506376226262195979e-03	8.702905141039318782e-02
3.560000000000000053e+00	7.506344231213391179e-03	8.659417966944871203e-02
3.564999999999999947e+00	7.506312389775979949e-03	8.616137739686732799e-02
3.569999999999999840e+00	7.506280701553078374e-03	8.573063946275735758e-02
3.575000000000000178e+00	7.506249166148984756e-03	8.530196075108842368e-02
3.580000000000000071e+00	7.506217783168722506e-03	8.487533615353551331e-02
3.584999999999999964e+00	7.506186552218493784e-03	8.445076057565560623e-02
3.589999999999999858e+00	7.506155472905227596e-03	8.402822893079273103e-02
3.594999999999999751e+00	7.506124544837036901e-03	8.360773614619521066e-02
3.600000000000000089e+00	7.506093767622763237e-03	8.318927715698108682e-02
3.604999999999999982e+00	7.506063140872431226e-03	8.277284691219591317e-02
3.609999999999999876e+00	7.506032664196797544e-03	8.235844036883861741e-02
3.615000000000000213e+00	7.506002337207802813e-03	8.194605249785981427e-02
3.620000000000000107e+00	7.505972159518125783e-03	8.153567827824824421e-02
3.625000000000000000e+00	7.505942130741626549e-03	8.112731270296943964e-02
3.629999999999999893e+00	7.505912250492910269e-03	8.072095077311267075e-02
3.634999999999999787e+00	7.505882518387759113e-03	8.031658750377002054e-02
3.640000000000000124e+00	7.505852934042708986e-03	7.991421791824369902e-02
3.645000000000000018e+00	7.505823497075472805e-03	7.951383705386577683e-02
3.649999999999999911e+00	7.505794207104518091e-03	7.911543995626547920e-02
3.655000000000000249e+00	7.505765063749492844e-03	7.871902168512953657e-02
3.660000000000000142e+00	7.505736066630804872e-03	7.832457730853022160e-02
3.665000000000000036e+00	7.505707215370041596e-03	7.793210190862559505e-02
3.669999999999999929e+00	7.505678509589551982e-03	7.754159057604771699e-02
3.674999999999999822e+00	7.505649948912867207e-03	7.715303841554368991e-02
3.680000000000000160e+00	7.505621532964288668e-03	7.676644054042415510e-02
3.685000000000000053e+00	7.505593261369295638e-03	7.638179207814455030e-02
3.689999999999999947e+00	7.505565133754143678e-03	7.599908816481384943e-02
3.695000000000000284e+00	7.505537149746265360e-03	7.561832395071620139e-02
3.700000000000000178e+00	7.505509308973876484e-03	7.523949459487987157e-02
3.705000000000000071e+00	7.505481611066369858e-03	7.486259527053928942e-02
3.709999999999999964e+00	7.505454055653926725e-03	7.448762115976413634e-02
3.714999999999999858e+00	7.505426642367907068e-03	7.411456745886181585e-02
3.720000000000000195e+00	7.505399370840458440e-03	7.374342937306641033e-02
3.725000000000000089e+00	7.505372240704914072e-03	7.337420212188200397e-02
3.729999999999999982e+00	7.505345251595399968e-03	7.300688093383116140e-02
3.735000000000000320e+00	7.505318403147223476e-03	7.264146105173889534e-02
3.740000000000000213e+00	7.505291694996493387e-03	7.227793772754138868e-02
3.745000000000000107e+00	7.505265126780501575e-03	7.191630622750980195e-02
3.750000000000000000e+00	7.505238698137342221e-03	7.155656182711933599e-02
3.754999999999999893e+00	7.505212408706296925e-03	7.119869981621357313e-02
3.759999999999999787e+00	7.505186258127453068e-03	7.084271549393296452e-02
3.764999999999999680e+00	7.505160246042088049e-03	7.048860417382012133e-02
3.770000000000000018e+00	7.505134372092289383e-03	7.013636117880768517e-02
3.774999999999999911e+00	7.505108635921332871e-03	6.978598184626437495e-02
3.779999999999999805e+00	7.505083037173313973e-03	6.943746152304250407e-02
3.785000000000000142e+00	7.505057575493514696e-03	6.909079557046447773e-02
3.790000000000000036e+00	7.505032250528042778e-03	6.874597935943010940e-02
3.794999999999999929e+00	7.505007061924193375e-03	6.840300827534359640e-02
3.799999999999999822e+00	7.504982009330091706e-03	6.806187771328045533e-02
3.804999999999999716e+00	7.504957092395053014e-03	6.772258308285512840e-02
3.810000000000000053e+00	7.504932310769227809e-03	6.738511980344712160e-02
3.814999999999999947e+00	7.504907664103955753e-03	6.704948330900971365e-02
3.819999999999999840e+00	7.504883152051416983e-03	6.671566904335524129e-02
3.825000000000000178e+00	7.504858774264983393e-03	6.638367246490442519e-02
3.830000000000000071e+00	7.504834530398875152e-03	6.605348904203128813e-02
3.834999999999999964e+00	7.504810420108500718e-03	6.572511425775290350e-02
3.839999999999999858e+00	7.504786443050122033e-03	6.539854360513364107e-02
3.844999999999999751e+00	7.504762598881194527e-03	6.507377259191594876e-02
3.850000000000000089e+00	7.504738887260029717e-03	6.475079673598334307e-02
3.854999999999999982e+00	7.504715307846133478e-03	6.442961156993240457e-02
3.859999999999999876e+00	7.504691860299872973e-03	6.411021263659463787e-02
3.865000000000000213e+00	7.504668544282813193e-03	6.379259549354937553e-02
3.870000000000000107e+00	7.504645359457384757e-03	6.347675570870459083e-02
3.875000000000000000e+00	7.504622305487213506e-03	6.316268886475102928e-02
3.879999999999999893e+00	7.504599382036800451e-03	6.285039055480137749e-02
3.884999999999999787e+00	7.504576588771844428e-03	6.253985638678594139e-02
3.890000000000000124e+00	7.504553925358919443e-03	6.223108197915030310e-02
3.895000000000000018e+00	7.504531391465802531e-03	6.192406296519226139e-02
3.899999999999999911e+00	7.504508986761150233e-03	6.161879498881792788e-02
3.905000000000000249e+00	7.504486710914820384e-03	6.131527370881985350e-02
3.910000000000000142e+00	7.504464563597561602e-03	6.101349479469202891e-02
3.915000000000000036e+00	7.504442544481320330e-03	6.071345393084910669e-02
3.919999999999999929e+00	7.504420653238938997e-03	6.041514681249932073e-02
3.924999999999999822e+00	7.504398889544462194e-03	6.011856914980599070e-02
3.930000000000000160e+00	7.504377253072833966e-03	5.982371666381795794e-02
3.935000000000000053e+00	7.504355743500199655e-03	5.953058509057293501e-02
3.939999999999999947e+00	7.504334360503612730e-03	5.923917017708598548e-02
3.945000000000000284e+00	7.504313103761328825e-03	5.894946768539454512e-02
3.950000000000000178e+00	7.504291972952515169e-03	5.866147338860477206e-02
3.955000000000000071e+00	7.504270967757541155e-03	5.837518307487830210e-02
3.959999999999999964e+00	7.504250087857696448e-03	5.809059254353642066e-02
3.964999999999999858e+00	7.504229332935472875e-03	5.780769760898886445e-02
3.970000000000000195e+00	7.504208702674286871e-03	5.752649409689529481e-02
3.975000000000000089e+00	7.504188196758758769e-03	5.724697784803647188e-02
3.979999999999999982e+00	7.504167814874437847e-03	5.696914471453295298e-02
3.985000000000000320e+00	7.504147556708078148e-03	5.669299056365844497e-02
3.990000000000000213e+00	7.504127421947371333e-03	5.641851127411597056e-02
3.995000000000000107e+00	7.504107410281212961e-03	5.614570273979343357e-02
4.000000000000000000e+00	7.504087521399436210e-03	5.587456086609668415e-02
4.004999999999999893e+00	7.504067754993086828e-03	5.560508157364782433e-02
4.009999999999999787e+00	7.504048110754151651e-03	5.533726079467514436e-02
4.014999999999999680e+00	7.504028588375828354e-03	5.507109447665407831e-02
4.019999999999999574e+00	7.504009187552260034e-03	5.480657857875365080e-02
4.025000000000000355e+00	7.503989907978804094e-03	5.454370907542040875e-02
4.030000000000000249e+00	7.503970749351772038e-03	5.428248195288148253e-02
4.035000000000000142e+00	7.503951711368684468e-03	5.402289321267129268e-02
4.040000000000000036e+00	7.503932793728023028e-03	5.376493886819104506e-02
4.044999999999999929e+00	7.503913996129480193e-03	5.350861494817857333e-02
4.049999999999999822e+00	7.503895318273713817e-03	5.325391749332393510e-02
4.054999999999999716e+00	7.503876759862593455e-03	5.300084255968264685e-02
4.059999999999999609e+00	7.503858320598959242e-03	5.274938621534708966e-02
4.064999999999999503e+00	7.503840000186866484e-03	5.249954454380339336e-02
4.070000000000000284e+00	7.503821798331341067e-03	5.225131364065829093e-02
4.075000000000000178e+00	7.503803714738627520e-03	5.200468961694014458e-02
4.080000000000000071e+00	7.503785749115946153e-03	5.175966859588092966e-02
4.084999999999999964e+00	7.503767901171735054e-03	5.151624671616103490e-02
4.089999999999999858e+00	7.503750170615416763e-03	5.127442012874707661e-02
4.094999999999999751e+00	7.503732557157628998e-03	5.103418500008020248e-02
4.099999999999999645e+00	7.503715060509998265e-03	5.079553750896920877e-02
4.105000000000000426e+00	7.503697680385367115e-03	5.055847384972317338e-02
4.110000000000000320e+00	7.503680416497575563e-03	5.032299022909941105e-02
4.115000000000000213e+00	7.503663268561677931e-03	5.008908286938042187e-02
4.120000000000000107e+00	7.503646236293727741e-03	4.985674800537657353e-02
4.125000000000000000e+00	7.503629319410998026e-03	4.962598188744775374e-02
4.129999999999999893e+00	7.503612517631762756e-03	4.939678077856042571e-02
4.134999999999999787e+00	7.503595830675514541e-03	4.916914095725404693e-02
4.139999999999999680e+00	7.503579258262759073e-03	4.894305871475253256e-02
4.144999999999999574e+00	7.503562800115214614e-03	4.871853035787543362e-02
4.150000000000000355e+00	7.503546455955616840e-03	4.849555220620351687e-02
4.155000000000000249e+00	7.503530225507918337e-03	4.827412059493543101e-02
4.160000000000000142e+00	7.503514108497089108e-03	4.805423187210666053e-02
4.165000000000000036e+00	7.503498104649320398e-03	4.783588240139172859e-02
4.169999999999999929e+00	7.503482213691825206e-03	4.761906855937688560e-02
4.174999999999999822e+00	7.503466435353035174e-03	4.740378673830780709e-02
4.179999999999999716e+00	7.503450769362409768e-03	4.719003334341557304e-02
4.185000000000000497e+00	7.503435215450628831e-03	4.697780479561024236e-02
4.190000000000000391e+00	7.503419773349402633e-03	4.676709752886012289e-02
4.195000000000000284e+00	7.503404442791660953e-03	4.655790799283097275e-02
4.200000000000000178e+00	7.503389223511370935e-03	4.635023265031839451e-02
4.205000000000000071e+00	7.503374115243719236e-03	4.614406797983353070e-02
4.209999999999999964e+00	7.503359117724932477e-03	4.593941047308763848e-02
4.214999999999999858e+00	7.503344230692457657e-03	4.573625663752455689e-02
4.219999999999999751e+00	7.503329453884786081e-03	4.553460299385755222e-02
4.224999999999999645e+00	7.503314787041630296e-03	4.533444607854857783e-02
4.230000000000000426e+00	7.503300229903748890e-03	4.513578244139702933e-02
4.235000000000000320e+00	7.503285782213122562e-03	4.493860864796645621e-02
4.240000000000000213e+00	7.503271443712784122e-03	4.474292127722472728e-02
4.245000000000000107e+00	7.503257214146988492e-03	4.454871692391789567e-02
4.250000000000000000e+00	7.503243093261043571e-03	4.435599219626246148e-02
4.254999999999999893e+00	7.503229080801480239e-03	4.416474371826620976e-02
4.259999999999999787e+00	7.503215176515887555e-03	4.397496812747202222e-02
4.264999999999999680e+00	7.503201380153079296e-03	4.378666207722650694e-02
4.269999999999999574e+00	7.503187691462927418e-03	4.359982223447450567e-02
4.275000000000000355e+00	7.503174110196527725e-03	4.341444528197613284e-02
4.280000000000000249e+00	7.503160636106042010e-03	4.323052791615183271e-02
4.285000000000000142e+00	7.503147268944852441e-03	4.304806684924768201e-02
4.290000000000000036e+00	7.503134008467414115e-03	4.286705880723089973e-02
4.294999999999999929e+00	7.503120854429399036e-03	4.268750053190361465e-02
4.299999999999999822e+00	7.503107806587555606e-03	4.250938877884880701e-02
4.304999999999999716e+00	7.503094864699851735e-03	4.233272031949279063e-02
4.309999999999999609e+00	7.503082028525332597e-03	4.215749193910086484e-02
4.314999999999999503e+00	7.503069297824264614e-03	4.198370043878897617e-02
4.320000000000000284e+00	7.503056672357991466e-03	4.181134263356887232e-02
4.325000000000000178e+00	7.503044151889081553e-03	4.164041535430954011e-02
4.330000000000000071e+00	7.503031736181180536e-03	4.147091544583122319e-02
4.334999999999999964e+00	7.503019424999158790e-03	4.130283976881654606e-02
4.339999999999999858e+00	7.503007218108971761e-03	4.113618519795372158e-02
4.344999999999999751e+00	7.502995115277791803e-03	4.097094862379749292e-02
4.349999999999999645e+00	7.502983116273883278e-03	4.080712695096107290e-02
4.355000000000000426e+00	7.502971220866728325e-03	4.064471709992723697e-02
4.360000000000000320e+00	7.502959428826901957e-03	4.048371600528879316e-02
4.365000000000000213e+00	7.502947739926194362e-03	4.032412061751010357e-02
4.370000000000000107e+00	7.502936153937493809e-03	4.016592790121552986e-02
4.375000000000000000e+00	7.502924670634907207e-03	4.000913483690198003e-02
4.379999999999999893e+00	7.502913289793633478e-03	3.985373841927495470e-02
4.384999999999999787e+00	7.502902011190093652e-03	3.969973565891241063e-02
4.389999999999999680e+00	7.502890834601806842e-03	3.954712358064806088e-02
4.394999999999999574e+00	7.502879759807508202e-03	3.939589922518665216e-02
4.400000000000000355e+00	7.502868786587034433e-03	3.924605964753458132e-02
4.405000000000000249e+00	7.502857914721440015e-03	3.909760191856683637e-02
4.410000000000000142e+00	7.502847143992882710e-03	3.895052312350426316e-02
4.415000000000000036e+00	7.502836474184734587e-03	3.880482036343271129e-02
4.419999999999999929e+00	7.502825905081476204e-03	3.866049075382682609e-02
4.424999999999999822e+00	7.502815436468799823e-03	3.851753142602146185e-02
4.429999999999999716e+00	7.502805068133507060e-03	3.837593952578152723e-02
4.435000000000000497e+00	7.502794799863613841e-03	3.823571221472631121e-02
4.440000000000000391e+00	7.502784631448245443e-03	3.809684666894499333e-02
4.445000000000000284e+00	7.502774562677739720e-03	3.795934008037409046e-02
4.450000000000000178e+00	7.502764593343547346e-03	3.782318965545831274e-02
4.455000000000000071e+00	7.502754723238328968e-03	3.768839261648142952e-02
4.459999999999999964e+00	7.502744952155859792e-03	3.755494620027229058e-02
4.464999999999999858e+00	7.502735279891125861e-03	3.742284765948927783e-02
4.469999999999999751e+00	7.502725706240229511e-03	3.729209426137113786e-02
4.474999999999999645e+00	7.502716231000478714e-03	3.716268328897559536e-02
4.480000000000000426e+00	7.502706853970302070e-03	3.703461203997431700e-02
4.485000000000000320e+00	7.502697574949333814e-03	3.690787782784630405e-02
4.490000000000000213e+00	7.502688393738327945e-03	3.678247798071653668e-02
4.495000000000000107e+00	7.502679310139242358e-03	3.665840984250427065e-02
4.500000000000000000e+00	7.502670323955159919e-03	3.653567077180547296e-02
4.504999999999999893e+00	7.502661434990363053e-03	3.641425814299591168e-02
4.509999999999999787e+00	7.502652643050258287e-03	3.629416934515720256e-02
4.514999999999999680e+00	7.502643947941452576e-03	3.617540178313535110e-02
4.519999999999999574e+00	7.502635349471680447e-03	3.605795287650951503e-02
4.525000000000000355e+00	7.502626847449871648e-03	3.594182006060652607e-02
4.530000000000000249e+00	7.502618441686085236e-03	3.582700078551231959e-02
4.535000000000000142e+00	7.502610131991575490e-03	3.571349251704249855e-02
4.540000000000000036e+00	7.502601918178724259e-03	3.560129273579588915e-02
4.544999999999999929e+00	7.502593800061106884e-03	3.549039893808188934e-02
4.549999999999999822e+00	7.502585777453432345e-03	3.538080863501576884e-02
4.554999999999999716e+00	7.502577850171597042e-03	3.527251935340284389e-02
4.559999999999999609e+00	7.502570018032627547e-03	3.516552863487524411e-02
4.564999999999999503e+00	7.502562280854743922e-03	3.505983403673353094e-02
4.570000000000000284e+00	7.502554638457295533e-03	3.495543313112441097e-02
4.575000000000000178e+00	7.502547090660816563e-03	3.485232350584003408e-02
4.580000000000000071e+00	7.502539637286976572e-03	3.475050276353640333e-02
4.584999999999999964e+00	7.502532278158630802e-03	3.464996852249074832e-02
4.589999999999999858e+00	7.502525013099762934e-03	3.455071841586024317e-02
4.594999999999999751e+00	7.502517841935542331e-03	3.445275009239778113e-02
4.599999999999999645e+00	7.502510764492272000e-03	3.435606121575060512e-02
4.605000000000000426e+00	7.502503780597432823e-03	3.426064946513483062e-02
4.610000000000000320e+00	7.502496890079640192e-03	3.416651253467375970e-02
4.615000000000000213e+00	7.502490092768687377e-03	3.407364813403151310e-02
4.620000000000000107e+00	7.502483388495502156e-03	3.398205398779038239e-02
4.625000000000000000e+00	7.502476777092184114e-03	3.389172783604428585e-02
4.629999999999999893e+00	7.502470258391969946e-03	3.380266743381469402e-02
4.634999999999999787e+00	7.502463832229268152e-03	3.371487055160399954e-02
4.639999999999999680e+00	7.502457498439619142e-03	3.362833497484982170e-02
4.644999999999999574e+00	7.502451256859735129e-03	3.354305850443895648e-02
4.650000000000000355e+00	7.502445107327459367e-03	3.345903895619938700e-02
4.655000000000000249e+00	7.502439049681804313e-03	3.337627416137505659e-02
4.660000000000000142e+00	7.502433083762914331e-03	3.329476196615547418e-02
4.665000000000000036e+00	7.502427209412098653e-03	3.321450023211156011e-02
4.669999999999999929e+00	7.502421426471798417e-03	3.313548683576244408e-02
4.674999999999999822e+00	7.502415734785615291e-03	3.305771966897294578e-02
4.679999999999999716e+00	7.502410134198285452e-03	3.298119663855701711e-02
4.685000000000000497e+00	7.502404624555700403e-03	3.290591566663720463e-02
4.690000000000000391e+00	7.502399205704885291e-03	3.283187469028442385e-02
4.695000000000000284e+00	7.502393877494019717e-03	3.275907166183979202e-02
4.700000000000000178e+00	7.502388639772412590e-03	3.268750454859031124e-02
4.705000000000000071e+00	7.502383492390524676e-03	3.261717133305354344e-02
4.709999999999999964e+00	7.502378435199951248e-03	3.254807001268868877e-02
4.714999999999999858e+00	7.502373468053428161e-03	3.248019860014454002e-02
4.719999999999999751e+00	7.502368590804825779e-03	3.241355512300560238e-02
4.724999999999999645e+00	7.502363803309156781e-03	3.234813762400375048e-02
4.730000000000000426e+00	7.502359105422565753e-03	3.228394416079883450e-02
4.735000000000000320e+00	7.502354497002332659e-03	3.222097280615453946e-02
4.740000000000000213e+00	7.502349977906868500e-03	3.215922164775315839e-02
4.745000000000000107e+00	7.502345547995720523e-03	3.209868878833586209e-02
4.750000000000000000e+00	7.502341207129562678e-03	3.203937234555138264e-02
4.754999999999999893e+00	7.502336955170200820e-03	3.198127045206118624e-02
4.759999999999999787e+00	7.502332791980566642e-03	3.192438125542140098e-02
4.764999999999999680e+00	7.502328717424720274e-03	3.186870291815343398e-02
4.769999999999999574e+00	7.502324731367845945e-03	3.181423361765874785e-02
4.775000000000000355e+00	7.502320833676253721e-03	3.176097154625527608e-02
4.780000000000000249e+00	7.502317024217376902e-03	3.170891491112474286e-02
4.785000000000000142e+00	7.502313302859765949e-03	3.165806193431525140e-02
4.790000000000000036e+00	7.502309669473095424e-03	3.160841085272061979e-02
4.794999999999999929e+00	7.502306123928154449e-03	3.155995991804964873e-02
4.799999999999999822e+00	7.502302666096852778e-03	3.151270739683704331e-02
4.804999999999999716e+00	7.502299295852211253e-03	3.146665157037977639e-02
4.809999999999999609e+00	7.502296013068369615e-03	3.142179073477924939e-02
4.814999999999999503e+00	7.502292817620572624e-03	3.137812320084511220e-02
4.820000000000000284e+00	7.502289709385183934e-03	3.133564729416819794e-02
4.825000000000000178e+00	7.502286688239667017e-03	3.129436135499229915e-02
4.830000000000000071e+00	7.502283754062602505e-03	3.125426373831736299e-02
4.834999999999999964e+00	7.502280906733666509e-03	3.121535281373965381e-02
4.839999999999999858e+00	7.502278146133647095e-03	3.117762696558485161e-02
4.844999999999999751e+00	7.502275472144426943e-03	3.114108459271711093e-02
4.849999999999999645e+00	7.502272884648998087e-03	3.110572410870149698e-02
4.855000000000000426e+00	7.502270383531441100e-03	3.107154394158230179e-02
4.860000000000000320e+00	7.502267968676944176e-03	3.103854253407454730e-02
4.865000000000000213e+00	7.502265639971776243e-03	3.100671834331203067e-02
4.870000000000000107e+00	7.502263397303314714e-03	3.097606984106727329e-02
4.875000000000000000e+00	7.502261240560016003e-03	3.094659551346980869e-02
4.879999999999999893e+00	7.502259169631433737e-03	3.091829386125419243e-02
4.884999999999999787e+00	7.502257184408203140e-03	3.089116339944892112e-02
4.889999999999999680e+00	7.502255284782049713e-03	3.086520265765206605e-02
4.894999999999999574e+00	7.502253470645774483e-03	3.084041017969130910e-02
4.900000000000000355e+00	7.502251741893272222e-03	3.081678452392671436e-02
4.905000000000000249e+00	7.502250098419501953e-03	3.079432426288237351e-02
4.910000000000000142e+00	7.502248540120513842e-03	3.077302798357585065e-02
4.915000000000000036e+00	7.502247066893421440e-03	3.075289428712174589e-02
4.919999999999999929e+00	7.502245678636422499e-03	3.073392178908752881e-02
4.924999999999999822e+00	7.502244375248772086e-03	3.071610911906959632e-02
4.929999999999999716e+00	7.502243156630810338e-03	3.069945492107483895e-02
4.935000000000000497e+00	7.502242022683925163e-03	3.068395785306955031e-02
4.940000000000000391e+00	7.502240973310587806e-03	3.066961658738646263e-02
4.945000000000000284e+00	7.502240008414313814e-03	3.065642981024698649e-02
4.950000000000000178e+00	7.502239127899695131e-03	3.064439622219313972e-02
4.955000000000000071e+00	7.502238331672362801e-03	3.063351453758369689e-02
4.959999999999999964e+00	7.502237619639023393e-03	3.062378348505050141e-02
4.964999999999999858e+00	7.502236991707414773e-03	3.061520180696889956e-02
4.969999999999999751e+00	7.502236447786346865e-03	3.060776825993804032e-02
4.974999999999999645e+00	7.502235987785654814e-03	3.060148161422602403e-02
4.980000000000000426e+00	7.502235611616244089e-03	3.059634065427384655e-02
4.985000000000000320e+00	7.502235319190036708e-03	3.059234417811573098e-02
4.990000000000000213e+00	7.502235110420021544e-03	3.058949099790609152e-02
4.995000000000000107e+00	7.502234985220202282e-03	3.058777993931565201e-02
5.000000000000000000e+00	7.502234943505638187e-03	3.058720984208090909e-02
