# coordinate_x	h	p	@time=281.28999999999996
0.000000000000000000e+00	2.701074040634557916e-01	5.718179400932734691e-01
5.000000000000000104e-03	2.701038347863157774e-01	5.718179389378812427e-01
1.000000000000000021e-02	2.700931269561055448e-01	5.718179354713078810e-01
1.499999999999999944e-02	2.700752805741277185e-01	5.718179296931263922e-01
2.000000000000000042e-02	2.700502956435469337e-01	5.718179216022997169e-01
2.500000000000000139e-02	2.700181721679918989e-01	5.718179111976378071e-01
2.999999999999999889e-02	2.699789101529108670e-01	5.718178984773550910e-01
3.500000000000000333e-02	2.699325096042098915e-01	5.718178834395145627e-01
4.000000000000000083e-02	2.698789705296185115e-01	5.718178660815818048e-01
4.499999999999999833e-02	2.698182929373273420e-01	5.718178464008704109e-01
5.000000000000000278e-02	2.697504768373569783e-01	5.718178243940936767e-01
5.500000000000000028e-02	2.696755222401937546e-01	5.718178000578106879e-01
5.999999999999999778e-02	2.695934291581629783e-01	5.718177733879776792e-01
6.500000000000000222e-02	2.695041976040614129e-01	5.718177443803931226e-01
7.000000000000000666e-02	2.694078275925358978e-01	5.718177130302496414e-01
7.500000000000001110e-02	2.693043191387120006e-01	5.718176793325785434e-01
8.000000000000000167e-02	2.691936722595778542e-01	5.718176432818007360e-01
8.499999999999999223e-02	2.690758869726092017e-01	5.718176048721719251e-01
8.999999999999999667e-02	2.689509632971592845e-01	5.718175640973324203e-01
9.500000000000000111e-02	2.688189012530785016e-01	5.718175209507524448e-01
1.000000000000000056e-01	2.686797008621122362e-01	5.718174754252812741e-01
1.050000000000000100e-01	2.685333621465139098e-01	5.718174275135926576e-01
1.100000000000000006e-01	2.683798851304509681e-01	5.718173772077332906e-01
1.149999999999999911e-01	2.682192698386118290e-01	5.718173244995679028e-01
1.199999999999999956e-01	2.680515162976202514e-01	5.718172693803272866e-01
1.250000000000000000e-01	2.678766245346345665e-01	5.718172118410536076e-01
1.300000000000000044e-01	2.676945945787723158e-01	5.718171518721468782e-01
1.350000000000000089e-01	2.675054264597011011e-01	5.718170894638111568e-01
1.400000000000000133e-01	2.673091202090737140e-01	5.718170246056001327e-01
1.450000000000000178e-01	2.671056758591096036e-01	5.718169572868628814e-01
1.499999999999999944e-01	2.668950934440421641e-01	5.718168874962887838e-01
1.549999999999999989e-01	2.666773729986894881e-01	5.718168152223533918e-01
1.600000000000000033e-01	2.664525145599148104e-01	5.718167404528630149e-01
1.650000000000000078e-01	2.662205181651857711e-01	5.718166631753995865e-01
1.700000000000000122e-01	2.659813838540488473e-01	5.718165833768651396e-01
1.749999999999999889e-01	2.657351116666764601e-01	5.718165010439267837e-01
1.799999999999999933e-01	2.654817016453558387e-01	5.718164161625591824e-01
1.849999999999999978e-01	2.652211538330238039e-01	5.718163287184908627e-01
1.900000000000000022e-01	2.649534682747707315e-01	5.718162386967454713e-01
1.950000000000000067e-01	2.646786450163616800e-01	5.718161460820873065e-01
2.000000000000000111e-01	2.643966841057571182e-01	5.718160508585624635e-01
2.050000000000000155e-01	2.641075855916191761e-01	5.718159530099439225e-01
2.099999999999999922e-01	2.638113495248504137e-01	5.718158525192721386e-01
2.149999999999999967e-01	2.635079759570836955e-01	5.718157493692992421e-01
2.200000000000000011e-01	2.631974649422403889e-01	5.718156435420294059e-01
2.250000000000000056e-01	2.628798165350032523e-01	5.718155350191629349e-01
2.300000000000000100e-01	2.625550307923946169e-01	5.718154237816351904e-01
2.349999999999999867e-01	2.622231077722316783e-01	5.718153098100606790e-01
2.399999999999999911e-01	2.618840475347256613e-01	5.718151930842710895e-01
2.449999999999999956e-01	2.615378501409180156e-01	5.718150735837594922e-01
2.500000000000000000e-01	2.611845156543027846e-01	5.718149512872167106e-01
2.550000000000000044e-01	2.608240441392418729e-01	5.718148261729752990e-01
2.600000000000000089e-01	2.604564356626118404e-01	5.718146982185456917e-01
2.650000000000000133e-01	2.600816902921976870e-01	5.718145674010590707e-01
2.700000000000000178e-01	2.596998080983648483e-01	5.718144336968027375e-01
2.750000000000000222e-01	2.593107891524303321e-01	5.718142970816627590e-01
2.800000000000000266e-01	2.589146335283617484e-01	5.718141575306578961e-01
2.850000000000000311e-01	2.585113413011242978e-01	5.718140150183818049e-01
2.899999999999999800e-01	2.581009125484082789e-01	5.718138695185368547e-01
2.949999999999999845e-01	2.576833473489504867e-01	5.718137210043744423e-01
2.999999999999999889e-01	2.572586457842921392e-01	5.718135694482288089e-01
3.049999999999999933e-01	2.568268079370727430e-01	5.718134148219555790e-01
3.099999999999999978e-01	2.563878338928206047e-01	5.718132570964660211e-01
3.150000000000000022e-01	2.559417237382178856e-01	5.718130962421633656e-01
3.200000000000000067e-01	2.554884775629243654e-01	5.718129322284769556e-01
3.250000000000000111e-01	2.550280954578131865e-01	5.718127650242974536e-01
3.300000000000000155e-01	2.545605775168297003e-01	5.718125945975097713e-01
3.350000000000000200e-01	2.540859238351955152e-01	5.718124209154270554e-01
3.400000000000000244e-01	2.536041345113049239e-01	5.718122439443239502e-01
3.449999999999999734e-01	2.531152096448955890e-01	5.718120636498668086e-01
3.499999999999999778e-01	2.526191493389844389e-01	5.718118799966489529e-01
3.549999999999999822e-01	2.521159536980031035e-01	5.718116929486170008e-01
3.599999999999999867e-01	2.516056228297756103e-01	5.718115024686070136e-01
3.649999999999999911e-01	2.510881568436168498e-01	5.718113085187679356e-01
3.699999999999999956e-01	2.505635558523540696e-01	5.718111110600979652e-01
3.750000000000000000e-01	2.500318199703862043e-01	5.718109100528645516e-01
3.800000000000000044e-01	2.494929493157521383e-01	5.718107054561426539e-01
3.850000000000000089e-01	2.489469440081487905e-01	5.718104972282292975e-01
3.900000000000000133e-01	2.483938041710480882e-01	5.718102853261838314e-01
3.950000000000000178e-01	2.478335299296719751e-01	5.718100697062380444e-01
4.000000000000000222e-01	2.472661214131611496e-01	5.718098503233386420e-01
4.050000000000000266e-01	2.466915787525042203e-01	5.718096271315505907e-01
4.099999999999999756e-01	2.461099020827609840e-01	5.718094000836030366e-01
4.149999999999999800e-01	2.455210915409437866e-01	5.718091691312863212e-01
4.199999999999999845e-01	2.449251472682981434e-01	5.718089342250006757e-01
4.249999999999999889e-01	2.443220694081335576e-01	5.718086953141459094e-01
4.299999999999999933e-01	2.437118581081650914e-01	5.718084523466744340e-01
4.349999999999999978e-01	2.430945135182904782e-01	5.718082052694721806e-01
4.400000000000000022e-01	2.424700357929961969e-01	5.718079540279163986e-01
4.450000000000000067e-01	2.418384250890784903e-01	5.718076985662471357e-01
4.500000000000000111e-01	2.411996815681169970e-01	5.718074388271303654e-01
4.550000000000000155e-01	2.405538053941366494e-01	5.718071747520186987e-01
4.600000000000000200e-01	2.399007967361531657e-01	5.718069062807213943e-01
4.649999999999999689e-01	2.392406557657724142e-01	5.718066333517529687e-01
4.699999999999999734e-01	2.385733826598117335e-01	5.718063559019098685e-01
4.749999999999999778e-01	2.378989775978334054e-01	5.718060738666062015e-01
4.799999999999999822e-01	2.372174407648463268e-01	5.718057871794588465e-01
4.849999999999999867e-01	2.365287723487700666e-01	5.718054957726081966e-01
4.899999999999999911e-01	2.358329725432213031e-01	5.718051995763125950e-01
4.949999999999999956e-01	2.351300415449046055e-01	5.718048985192526468e-01
5.000000000000000000e-01	2.344199795564890776e-01	5.718045925281363129e-01
5.050000000000000044e-01	2.337027867839214235e-01	5.718042815279844593e-01
5.100000000000000089e-01	2.329784634393981257e-01	5.718039654417490514e-01
5.150000000000000133e-01	2.322470097385966881e-01	5.718036441905771650e-01
5.200000000000000178e-01	2.315084259037488990e-01	5.718033176934431694e-01
5.250000000000000222e-01	2.307627121607856713e-01	5.718029858673897570e-01
5.300000000000000266e-01	2.300098687425177479e-01	5.718026486271763353e-01
5.350000000000000311e-01	2.292498958856888924e-01	5.718023058854935226e-01
5.400000000000000355e-01	2.284827938342707809e-01	5.718019575526299692e-01
5.450000000000000400e-01	2.277085628364192704e-01	5.718016035366577654e-01
5.500000000000000444e-01	2.269272031478906659e-01	5.718012437431192474e-01
5.550000000000000488e-01	2.261387150288953762e-01	5.718008780751808739e-01
5.600000000000000533e-01	2.253430987476429115e-01	5.718005064333424592e-01
5.649999999999999467e-01	2.245403545770874310e-01	5.718001287155549672e-01
5.699999999999999512e-01	2.237304827986095201e-01	5.717997448169557240e-01
5.749999999999999556e-01	2.229134836986468027e-01	5.717993546299465768e-01
5.799999999999999600e-01	2.220893575725217950e-01	5.717989580439570840e-01
5.849999999999999645e-01	2.212581047209506713e-01	5.717985549454791538e-01
5.899999999999999689e-01	2.204197254540265216e-01	5.717981452178618751e-01
5.949999999999999734e-01	2.195742200875988315e-01	5.717977287412968623e-01
5.999999999999999778e-01	2.187215889474229957e-01	5.717973053926500571e-01
6.049999999999999822e-01	2.178618323654019640e-01	5.717968750453910065e-01
6.099999999999999867e-01	2.169949506839132791e-01	5.717964375694655210e-01
6.149999999999999911e-01	2.161209442519048118e-01	5.717959928311646678e-01
6.199999999999999956e-01	2.152398134294110921e-01	5.717955406930412821e-01
6.250000000000000000e-01	2.143515585834938064e-01	5.717950810137121254e-01
6.300000000000000044e-01	2.134561800929608288e-01	5.717946136478246899e-01
6.350000000000000089e-01	2.125536783441413780e-01	5.717941384457837506e-01
6.400000000000000133e-01	2.116440537358223184e-01	5.717936552537747907e-01
6.450000000000000178e-01	2.107273066748470702e-01	5.717931639134061772e-01
6.500000000000000222e-01	2.098034375812845298e-01	5.717926642617962019e-01
6.550000000000000266e-01	2.088724468838406567e-01	5.717921561311216649e-01
6.600000000000000311e-01	2.079343350252767231e-01	5.717916393487751936e-01
6.650000000000000355e-01	2.069891024576207550e-01	5.717911137368095753e-01
6.700000000000000400e-01	2.060367496478541782e-01	5.717905791121747905e-01
6.750000000000000444e-01	2.050772770729093197e-01	5.717900352860452173e-01
6.800000000000000488e-01	2.041106852256445170e-01	5.717894820641453713e-01
6.850000000000000533e-01	2.031369746096130802e-01	5.717889192459477687e-01
6.899999999999999467e-01	2.021561457453491528e-01	5.717883466250971436e-01
6.949999999999999512e-01	2.011681991648919809e-01	5.717877639884634267e-01
6.999999999999999556e-01	2.001731354184068390e-01	5.717871711166772064e-01
7.049999999999999600e-01	1.991709550684474250e-01	5.717865677830205051e-01
7.099999999999999645e-01	1.981616586969382476e-01	5.717859537540870285e-01
7.149999999999999689e-01	1.971452468991562734e-01	5.717853287884906432e-01
7.199999999999999734e-01	1.961217202911043067e-01	5.717846926376658478e-01
7.249999999999999778e-01	1.950910795031911282e-01	5.717840450443736344e-01
7.299999999999999822e-01	1.940533251880280363e-01	5.717833857436575018e-01
7.349999999999999867e-01	1.930084580137853834e-01	5.717827144611226098e-01
7.399999999999999911e-01	1.919564786724475280e-01	5.717820309140673185e-01
7.449999999999999956e-01	1.908973878728212059e-01	5.717813348095068804e-01
7.500000000000000000e-01	1.898311863492884721e-01	5.717806258455028212e-01
7.550000000000000044e-01	1.887578748544400109e-01	5.717799037088999725e-01
7.600000000000000089e-01	1.876774541683694786e-01	5.717791680768775642e-01
7.650000000000000133e-01	1.865899250909024421e-01	5.717784186143645142e-01
7.700000000000000178e-01	1.854952884514801947e-01	5.717776549758405435e-01
7.750000000000000222e-01	1.843935451009525717e-01	5.717768768023885340e-01
7.800000000000000266e-01	1.832846959221044181e-01	5.717760837237768623e-01
7.850000000000000311e-01	1.821687418209768095e-01	5.717752753551039735e-01
7.900000000000000355e-01	1.810456837380961248e-01	5.717744512991979056e-01
7.950000000000000400e-01	1.799155226392848972e-01	5.717736111427992318e-01
8.000000000000000444e-01	1.787782595276595221e-01	5.717727544593194100e-01
8.050000000000000488e-01	1.776338954338882170e-01	5.717718808045031409e-01
8.100000000000000533e-01	1.764824314290314722e-01	5.717709897195911717e-01
8.149999999999999467e-01	1.753238686142001568e-01	5.717700807263927931e-01
8.199999999999999512e-01	1.741582081343217014e-01	5.717691533309082752e-01
8.249999999999999556e-01	1.729854511671461703e-01	5.717682070177318998e-01
8.299999999999999600e-01	1.718055989380316839e-01	5.717672412541946469e-01
8.349999999999999645e-01	1.706186527082406978e-01	5.717662554840073907e-01
8.399999999999999689e-01	1.694246137908494432e-01	5.717652491319948904e-01
8.449999999999999734e-01	1.682234835382706573e-01	5.717642215968746777e-01
8.499999999999999778e-01	1.670152633594054192e-01	5.717631722566618446e-01
8.549999999999999822e-01	1.657999547063214452e-01	5.717621004604639401e-01
8.599999999999999867e-01	1.645775590927809895e-01	5.717610055346502573e-01
8.649999999999999911e-01	1.633480780799956011e-01	5.717598867735220747e-01
8.699999999999999956e-01	1.621115132966818861e-01	5.717587434463548002e-01
8.750000000000000000e-01	1.608678664238051559e-01	5.717575747867804647e-01
8.800000000000000044e-01	1.596171392163347469e-01	5.717563800008282904e-01
8.850000000000000089e-01	1.583593334868785563e-01	5.717551582548306977e-01
8.900000000000000133e-01	1.570944511293345114e-01	5.717539086846069596e-01
8.950000000000000178e-01	1.558224941013061360e-01	5.717526303816717892e-01
9.000000000000000222e-01	1.545434644498744903e-01	5.717513224037304997e-01
9.050000000000000266e-01	1.532573642926715884e-01	5.717499837589329337e-01
9.100000000000000311e-01	1.519641958460305753e-01	5.717486134178773050e-01
9.150000000000000355e-01	1.506639614045783560e-01	5.717472102956051572e-01
9.200000000000000400e-01	1.493566633720600778e-01	5.717457732653449254e-01
9.250000000000000444e-01	1.480423042392955135e-01	5.717443011378905426e-01
9.300000000000000488e-01	1.467208866180194915e-01	5.717427926773560598e-01
9.350000000000000533e-01	1.453924132170261729e-01	5.717412465775146835e-01
9.399999999999999467e-01	1.440568868794213919e-01	5.717396614798839760e-01
9.449999999999999512e-01	1.427143105567562908e-01	5.717380359465242812e-01
9.499999999999999556e-01	1.413646873501513967e-01	5.717363684808319801e-01
9.549999999999999600e-01	1.400080204821945173e-01	5.717346574961990058e-01
9.599999999999999645e-01	1.386443133424732910e-01	5.717329013399627957e-01
9.649999999999999689e-01	1.372735694569819087e-01	5.717310982572140210e-01
9.699999999999999734e-01	1.358957925386906906e-01	5.717292464184338119e-01
9.749999999999999778e-01	1.345109864541704781e-01	5.717273438775957173e-01
9.799999999999999822e-01	1.331191552799387001e-01	5.717253886041245847e-01
9.849999999999999867e-01	1.317203032659696460e-01	5.717233784342613534e-01
9.899999999999999911e-01	1.303144348986902679e-01	5.717213111081078658e-01
9.949999999999999956e-01	1.289015548609968309e-01	5.717191842130038282e-01
1.000000000000000000e+00	1.274816681029364573e-01	5.717169952265757082e-01
1.004999999999999893e+00	1.260547797977956963e-01	5.717147414506099645e-01
1.010000000000000009e+00	1.246208954217029735e-01	5.717124200612143659e-01
1.015000000000000124e+00	1.231800207052895502e-01	5.717100280313314187e-01
1.020000000000000018e+00	1.217321617236935827e-01	5.717075621893624726e-01
1.024999999999999911e+00	1.202773248432179032e-01	5.717050191280422800e-01
1.030000000000000027e+00	1.188155168235190129e-01	5.717023952731704606e-01
1.035000000000000142e+00	1.173467447585995194e-01	5.716996867760330003e-01
1.040000000000000036e+00	1.158710161933407395e-01	5.716968895942603490e-01
1.044999999999999929e+00	1.143883390580638232e-01	5.716939993642996543e-01
1.050000000000000044e+00	1.128987218020376382e-01	5.716910114968881684e-01
1.055000000000000160e+00	1.114021733207219284e-01	5.716879210252060473e-01
1.060000000000000053e+00	1.098987031094766642e-01	5.716847227180530400e-01
1.064999999999999947e+00	1.083883211824587106e-01	5.716814108981829179e-01
1.070000000000000062e+00	1.068710382505141665e-01	5.716779795770359218e-01
1.075000000000000178e+00	1.053468656305370232e-01	5.716744222362877270e-01
1.080000000000000071e+00	1.038158154524912169e-01	5.716707319889763328e-01
1.084999999999999964e+00	1.022779005578470513e-01	5.716669013153714562e-01
1.090000000000000080e+00	1.007331347419282153e-01	5.716629222566136370e-01
1.095000000000000195e+00	9.918153263982083800e-02	5.716587860934627674e-01
1.100000000000000089e+00	9.762311001186205206e-02	5.716544835802375157e-01
1.104999999999999982e+00	9.605788361516298668e-02	5.716500045516007544e-01
1.110000000000000098e+00	9.448587154218623940e-02	5.716453382067919753e-01
1.115000000000000213e+00	9.290709307574071540e-02	5.716404726250196022e-01
1.120000000000000107e+00	9.132156909341951345e-02	5.716353951129132804e-01
1.125000000000000000e+00	8.972932190361061766e-02	5.716300916028393964e-01
1.129999999999999893e+00	8.813037573235421585e-02	5.716245470804423023e-01
1.134999999999999787e+00	8.652475653758637253e-02	5.716187448315829256e-01
1.139999999999999902e+00	8.491249260010388933e-02	5.716126669721837139e-01
1.145000000000000018e+00	8.329361431294145246e-02	5.716062934974693865e-01
1.149999999999999911e+00	8.166815490517094489e-02	5.715996029436689607e-01
1.154999999999999805e+00	8.003615020306070749e-02	5.715925711762411821e-01
1.159999999999999920e+00	7.839763952521260071e-02	5.715851722231752863e-01
1.165000000000000036e+00	7.675266541207073634e-02	5.715773767145199136e-01
1.169999999999999929e+00	7.510127474467162556e-02	5.715691529413432503e-01
1.174999999999999822e+00	7.344351843934168733e-02	5.715604648234161589e-01
1.179999999999999938e+00	7.177945286203303576e-02	5.715512732683051267e-01
1.185000000000000053e+00	7.010913948602172374e-02	5.715415334915580070e-01
1.189999999999999947e+00	6.843264670243101588e-02	5.715311967799230342e-01
1.194999999999999840e+00	6.675004944103636595e-02	5.715202069092660819e-01
1.199999999999999956e+00	6.506143151993071250e-02	5.715085024592903018e-01
1.205000000000000071e+00	6.336688523430904219e-02	5.714960119527972005e-01
1.209999999999999964e+00	6.166651445209209853e-02	5.714826569341556750e-01
1.214999999999999858e+00	5.996043418490725613e-02	5.714683452625072269e-01
1.219999999999999973e+00	5.824877473481913925e-02	5.714529752651148486e-01
1.225000000000000089e+00	5.653168127959942724e-02	5.714364263099180885e-01
1.229999999999999982e+00	5.480931953059733214e-02	5.714185644987910262e-01
1.234999999999999876e+00	5.308187539830149654e-02	5.713992291377683053e-01
1.239999999999999991e+00	5.134956287148891713e-02	5.713782406803801228e-01
1.245000000000000107e+00	4.961262389359275687e-02	5.713553808523853528e-01
1.250000000000000000e+00	4.787133958822954033e-02	5.713304039560274106e-01
1.254999999999999893e+00	4.612603060085736228e-02	5.713030068952251739e-01
1.260000000000000009e+00	4.437707350490876362e-02	5.712728456258046039e-01
1.265000000000000124e+00	4.262490210530184287e-02	5.712394885822680290e-01
1.270000000000000018e+00	4.087003211055883350e-02	5.712024412319052225e-01
1.274999999999999911e+00	3.911306437711908196e-02	5.711610712196409922e-01
1.280000000000000027e+00	3.735472321676893553e-02	5.711146461051083145e-01
1.285000000000000142e+00	3.559586354431517469e-02	5.710622083202684385e-01
1.290000000000000036e+00	3.383753250813700819e-02	5.710026351891757113e-01
1.294999999999999929e+00	3.208098455591120585e-02	5.709344206807142053e-01
1.300000000000000044e+00	3.032778452135714842e-02	5.708557748962184153e-01
1.305000000000000160e+00	2.857983897751137370e-02	5.707642238076098273e-01
1.310000000000000053e+00	2.683957585930548187e-02	5.706567829833310013e-01
1.314999999999999947e+00	2.511000968264802055e-02	5.705291823419671449e-01
1.320000000000000062e+00	2.339506680463723093e-02	5.703761914962285351e-01
1.325000000000000178e+00	2.169972026913596919e-02	5.701900309602817574e-01
1.330000000000000071e+00	2.003059281126962077e-02	5.699610461035801157e-01
1.334999999999999964e+00	1.839622235267350178e-02	5.696742901741553844e-01
1.340000000000000080e+00	1.680814760414309217e-02	5.693111447154050042e-01
1.345000000000000195e+00	1.528132364453296116e-02	5.688418951480670449e-01
1.350000000000000089e+00	1.383568024901758037e-02	5.682304473346035945e-01
1.354999999999999982e+00	1.249609437718398122e-02	5.674199393993416551e-01
1.360000000000000098e+00	1.129241774806958275e-02	5.663483488341511940e-01
1.365000000000000213e+00	1.025582053065333607e-02	5.649319058092265866e-01
1.370000000000000107e+00	9.410933464337360027e-03	5.631070541621067127e-01
1.375000000000000000e+00	8.767113196923408125e-03	5.608327874970470139e-01
1.379999999999999893e+00	8.309752030652498012e-03	5.581268055173765896e-01
1.384999999999999787e+00	8.006160759748149822e-03	5.550643088458999674e-01
1.389999999999999902e+00	7.815280500547455017e-03	5.517329716078938073e-01
1.395000000000000018e+00	7.699791337340821176e-03	5.482311884795766366e-01
1.399999999999999911e+00	7.631893299935774838e-03	5.446221338164780601e-01
1.404999999999999805e+00	7.592391936816988984e-03	5.409577474183175916e-01
1.409999999999999920e+00	7.569722996525258228e-03	5.372646599523307476e-01
1.415000000000000036e+00	7.556645478653572362e-03	5.335624992722901583e-01
1.419999999999999929e+00	7.549130757453697237e-03	5.298605363363501075e-01
1.424999999999999822e+00	7.544735341128563227e-03	5.261653672597097486e-01
1.429999999999999938e+00	7.542136341649013399e-03	5.224800278579159185e-01
1.435000000000000053e+00	7.540539550082393447e-03	5.188066575767612543e-01
1.439999999999999947e+00	7.539518872604589542e-03	5.151462390721329720e-01
1.444999999999999840e+00	7.538819357431790318e-03	5.114994664380462241e-01
1.449999999999999956e+00	7.538304644906878779e-03	5.078666647360684516e-01
1.455000000000000071e+00	7.537893240475853143e-03	5.042480672555332832e-01
1.459999999999999964e+00	7.537541607822376664e-03	5.006437902167291121e-01
1.464999999999999858e+00	7.537223740180614730e-03	4.970539206771845131e-01
1.469999999999999973e+00	7.536925751697159254e-03	4.934785085449491793e-01
1.475000000000000089e+00	7.536639349695710248e-03	4.899175943547938727e-01
1.479999999999999982e+00	7.536360108007155063e-03	4.863712067517134141e-01
1.484999999999999876e+00	7.536085383822825612e-03	4.828393712375987357e-01
1.489999999999999991e+00	7.535813766982054837e-03	4.793221093853183845e-01
1.495000000000000107e+00	7.535544415651695277e-03	4.758194415746000439e-01
1.500000000000000000e+00	7.535276880778100234e-03	4.723313867517530684e-01
1.504999999999999893e+00	7.535010894338584064e-03	4.688579632713125722e-01
1.510000000000000009e+00	7.534746313406678365e-03	4.653991888255871734e-01
1.515000000000000124e+00	7.534483052688047307e-03	4.619550806924412889e-01
1.520000000000000018e+00	7.534221066703867056e-03	4.585256557154460677e-01
1.524999999999999911e+00	7.533960328306092517e-03	4.551109303682491225e-01
1.530000000000000027e+00	7.533700823003037193e-03	4.517109207475180632e-01
1.535000000000000142e+00	7.533442542121121868e-03	4.483256425833546110e-01
1.540000000000000036e+00	7.533185480996571100e-03	4.449551112330411007e-01
1.544999999999999929e+00	7.532929636801034487e-03	4.415993416782867942e-01
1.550000000000000044e+00	7.532675007963652268e-03	4.382583485159910475e-01
1.555000000000000160e+00	7.532421593481377839e-03	4.349321459551451219e-01
1.560000000000000053e+00	7.532169392732308497e-03	4.316207478034284617e-01
1.564999999999999947e+00	7.531918405258629899e-03	4.283241674677712996e-01
1.570000000000000062e+00	7.531668630704199847e-03	4.250424179364326593e-01
1.575000000000000178e+00	7.531420068748032048e-03	4.217755117844531609e-01
1.580000000000000071e+00	7.531172719081200874e-03	4.185234611511242653e-01
1.584999999999999964e+00	7.530926581388409924e-03	4.152862777506831637e-01
1.590000000000000080e+00	7.530681655337208118e-03	4.120639728451729877e-01
1.595000000000000195e+00	7.530437940575066685e-03	4.088565572604522247e-01
1.600000000000000089e+00	7.530195436722317975e-03	4.056640413544761459e-01
1.604999999999999982e+00	7.529954143374385442e-03	4.024864350386002099e-01
1.610000000000000098e+00	7.529714060095723388e-03	3.993237477413282832e-01
1.615000000000000213e+00	7.529475186423897903e-03	3.961759884348602379e-01
1.620000000000000107e+00	7.529237521863664517e-03	3.930431655943551483e-01
1.625000000000000000e+00	7.529001065891859253e-03	3.899252872296604111e-01
1.629999999999999893e+00	7.528765817951337501e-03	3.868223608401469837e-01
1.634999999999999787e+00	7.528531777456335186e-03	3.837343934515504706e-01
1.639999999999999902e+00	7.528298943786188198e-03	3.806613915664360803e-01
1.645000000000000018e+00	7.528067316291050040e-03	3.776033612060797906e-01
1.649999999999999911e+00	7.527836894285378812e-03	3.745603078566250854e-01
1.654999999999999805e+00	7.527607677053961034e-03	3.715322365159277052e-01
1.659999999999999920e+00	7.527379663845161842e-03	3.685191516354682784e-01
1.665000000000000036e+00	7.527152853877249784e-03	3.655210571720837742e-01
1.669999999999999929e+00	7.526927246331398084e-03	3.625379565257039194e-01
1.674999999999999822e+00	7.526702840358306945e-03	3.595698525958844205e-01
1.679999999999999938e+00	7.526479635070966283e-03	3.566167477154404963e-01
1.685000000000000053e+00	7.526257629551562529e-03	3.536786437116982706e-01
1.689999999999999947e+00	7.526036822844001974e-03	3.507555418360977506e-01
1.694999999999999840e+00	7.525817213961103792e-03	3.478474428300730725e-01
1.699999999999999956e+00	7.525598801876887470e-03	3.449543468507036970e-01
1.705000000000000071e+00	7.525381585534041649e-03	3.420762535411349115e-01
1.709999999999999964e+00	7.525165563835988641e-03	3.392131619523535146e-01
1.714999999999999858e+00	7.524950735654612616e-03	3.363650706180568162e-01
1.719999999999999973e+00	7.524737099822113341e-03	3.335319774726342446e-01
1.725000000000000089e+00	7.524524655138987647e-03	3.307138799303913079e-01
1.729999999999999982e+00	7.524313400365671527e-03	3.279107747998202260e-01
1.734999999999999876e+00	7.524103334230774869e-03	3.251226583670816517e-01
1.739999999999999991e+00	7.523894455422514525e-03	3.223495263066487038e-01
1.745000000000000107e+00	7.523686762597195377e-03	3.195913737689511924e-01
1.750000000000000000e+00	7.523480254370441302e-03	3.168481952874784846e-01
1.754999999999999893e+00	7.523274929325916502e-03	3.141199848704858133e-01
1.760000000000000009e+00	7.523070786006357848e-03	3.114067359046446826e-01
1.765000000000000124e+00	7.522867822922528654e-03	3.087084412507115072e-01
1.770000000000000018e+00	7.522666038544060206e-03	3.060250931438144306e-01
1.774999999999999911e+00	7.522465431308634522e-03	3.033566832929809887e-01
1.780000000000000027e+00	7.522265999612635055e-03	3.007032027781535444e-01
1.785000000000000142e+00	7.522067741820551504e-03	2.980646421534733359e-01
1.790000000000000036e+00	7.521870656255455305e-03	2.954409913411153998e-01
1.794999999999999929e+00	7.521674741208606539e-03	2.928322397382234765e-01
1.800000000000000044e+00	7.521479994929763761e-03	2.902383761076594015e-01
1.805000000000000160e+00	7.521286415636991261e-03	2.876593886884836748e-01
1.810000000000000053e+00	7.521094001506808437e-03	2.850952650837117464e-01
1.814999999999999947e+00	7.520902750684186136e-03	2.825459923742350554e-01
1.820000000000000062e+00	7.520712661272539040e-03	2.800115570036783019e-01
1.825000000000000178e+00	7.520523731343915427e-03	2.774919448956553181e-01
1.830000000000000071e+00	7.520335958928829959e-03	2.749871413358218608e-01
1.834999999999999964e+00	7.520149342026636458e-03	2.724971310923577916e-01
1.840000000000000080e+00	7.519963878595219316e-03	2.700218982953131452e-01
1.845000000000000195e+00	7.519779566561533672e-03	2.675614265602090369e-01
1.850000000000000089e+00	7.519596403811156307e-03	2.651156988647717094e-01
1.854999999999999982e+00	7.519414388199000161e-03	2.626846976755436991e-01
1.860000000000000098e+00	7.519233517538724716e-03	2.602684048221042268e-01
1.865000000000000213e+00	7.519053789613613578e-03	2.578668016265819873e-01
1.870000000000000107e+00	7.518875202165852152e-03	2.554798687754580855e-01
1.875000000000000000e+00	7.518697752907562218e-03	2.531075864518708696e-01
1.879999999999999893e+00	7.518521439509959908e-03	2.507499342050997782e-01
1.884999999999999787e+00	7.518346259614528196e-03	2.484068910855542489e-01
1.889999999999999902e+00	7.518172210822066451e-03	2.460784355120335665e-01
1.895000000000000018e+00	7.517999290704000838e-03	2.437645454092928765e-01
1.899999999999999911e+00	7.517827496791319383e-03	2.414651980731754299e-01
1.904999999999999805e+00	7.517656826586016812e-03	2.391803703106459844e-01
1.909999999999999920e+00	7.517487277549929001e-03	2.369100383028942269e-01
1.915000000000000036e+00	7.517318847116299246e-03	2.346541777477268997e-01
1.919999999999999929e+00	7.517151532678515574e-03	2.324127637207390462e-01
1.924999999999999822e+00	7.516985331601794100e-03	2.301857708199550601e-01
1.929999999999999938e+00	7.516820241211828735e-03	2.279731730251657595e-01
1.935000000000000053e+00	7.516656258806583835e-03	2.257749438447117507e-01
1.939999999999999947e+00	7.516493381644854567e-03	2.235910561730804491e-01
1.944999999999999840e+00	7.516331606958165379e-03	2.214214824397251480e-01
1.949999999999999956e+00	7.516170931939258372e-03	2.192661944650174666e-01
1.955000000000000071e+00	7.516011353754079374e-03	2.171251636109954308e-01
1.959999999999999964e+00	7.515852869530196927e-03	2.149983606357676047e-01
1.964999999999999858e+00	7.515695476368877692e-03	2.128857558460825194e-01
1.969999999999999973e+00	7.515539171333442993e-03	2.107873189502786904e-01
1.975000000000000089e+00	7.515383951461418813e-03	2.087030192125716999e-01
1.979999999999999982e+00	7.515229813752838557e-03	2.066328253046433860e-01
1.984999999999999876e+00	7.515076755182466782e-03	2.045767054615409697e-01
1.989999999999999991e+00	7.514924772688046442e-03	2.025346273319988954e-01
1.995000000000000107e+00	7.514773863182597213e-03	2.005065581358468074e-01
2.000000000000000000e+00	7.514624023542604628e-03	1.984924645131566079e-01
2.004999999999999893e+00	7.514475250620387785e-03	1.964923126830543931e-01
2.009999999999999787e+00	7.514327541232246853e-03	1.945060682917852946e-01
2.014999999999999680e+00	7.514180892170881955e-03	1.925336965728285943e-01
2.020000000000000018e+00	7.514035300193505108e-03	1.905751621939693052e-01
2.024999999999999911e+00	7.513890762034311152e-03	1.886304294186160746e-01
2.029999999999999805e+00	7.513747274392554992e-03	1.866994619519691534e-01
2.035000000000000142e+00	7.513604833945068499e-03	1.847822231034395024e-01
2.040000000000000036e+00	7.513463437334313468e-03	1.828786756320045781e-01
2.044999999999999929e+00	7.513323081180927135e-03	1.809887819096286932e-01
2.049999999999999822e+00	7.513183762071763867e-03	1.791125037658925223e-01
2.054999999999999716e+00	7.513045476572467567e-03	1.772498026523189052e-01
2.060000000000000053e+00	7.512908221215499477e-03	1.754006394863618645e-01
2.064999999999999947e+00	7.512771992512734878e-03	1.735649748165418171e-01
2.069999999999999840e+00	7.512636786943480485e-03	1.717427686658789532e-01
2.075000000000000178e+00	7.512502600967091090e-03	1.699339806977412382e-01
2.080000000000000071e+00	7.512369431010980023e-03	1.681385700588091947e-01
2.084999999999999964e+00	7.512237273483253139e-03	1.663564955455413830e-01
2.089999999999999858e+00	7.512106124760718415e-03	1.645877154467519088e-01
2.094999999999999751e+00	7.511975981201524273e-03	1.628321877106028992e-01
2.100000000000000089e+00	7.511846839133176114e-03	1.610898697868757834e-01
2.104999999999999982e+00	7.511718694865178979e-03	1.593607187943992531e-01
2.109999999999999876e+00	7.511591544677062755e-03	1.576446913630946689e-01
2.115000000000000213e+00	7.511465384831018770e-03	1.559417438017492163e-01
2.120000000000000107e+00	7.511340211559943206e-03	1.542518319399156235e-01
2.125000000000000000e+00	7.511216021080062422e-03	1.525749112959417508e-01
2.129999999999999893e+00	7.511092809578999788e-03	1.509109369188009753e-01
2.134999999999999787e+00	7.510970573228382789e-03	1.492598635562929765e-01
2.140000000000000124e+00	7.510849308171935017e-03	1.476216454968803382e-01
2.145000000000000018e+00	7.510729010538065922e-03	1.459962367379751824e-01
2.149999999999999911e+00	7.510609676427986228e-03	1.443835908278571500e-01
2.155000000000000249e+00	7.510491301928281203e-03	1.427836610339604240e-01
2.160000000000000142e+00	7.510373883099054695e-03	1.411964001849488337e-01
2.165000000000000036e+00	7.510257415986467712e-03	1.396217608389207776e-01
2.169999999999999929e+00	7.510141896610933628e-03	1.380596951257107852e-01
2.174999999999999822e+00	7.510027320979608192e-03	1.365101549149341786e-01
2.180000000000000160e+00	7.509913685074632445e-03	1.349730916585850926e-01
2.185000000000000053e+00	7.509800984865587156e-03	1.334484565588414107e-01
2.189999999999999947e+00	7.509689216297775645e-03	1.319362004110281872e-01
2.195000000000000284e+00	7.509578375304636587e-03	1.304362737711051157e-01
2.200000000000000178e+00	7.509468457796076267e-03	1.289486267990635204e-01
2.205000000000000071e+00	7.509359459670835422e-03	1.274732094260209725e-01
2.209999999999999964e+00	7.509251376804871800e-03	1.260099711981160220e-01
2.214999999999999858e+00	7.509144205063675824e-03	1.245588614431372837e-01
2.220000000000000195e+00	7.509037940290713871e-03	1.231198291149798313e-01
2.225000000000000089e+00	7.508932578319678017e-03	1.216928229597370043e-01
2.229999999999999982e+00	7.508828114962999567e-03	1.202777913607802757e-01
2.235000000000000320e+00	7.508724546024035489e-03	1.188746825042424765e-01
2.240000000000000213e+00	7.508621867285642654e-03	1.174834442247843364e-01
2.245000000000000107e+00	7.508520074522302690e-03	1.161040241703997916e-01
2.250000000000000000e+00	7.508419163488766479e-03	1.147363696489266394e-01
2.254999999999999893e+00	7.508319129932102681e-03	1.133804277921090925e-01
2.259999999999999787e+00	7.508219969580419428e-03	1.120361454029097370e-01
2.264999999999999680e+00	7.508121678154839121e-03	1.107034691187639142e-01
2.270000000000000018e+00	7.508024251358296451e-03	1.093823452597487422e-01
2.274999999999999911e+00	7.507927684887430800e-03	1.080727199909669450e-01
2.279999999999999805e+00	7.507831974421468393e-03	1.067745391716266451e-01
2.285000000000000142e+00	7.507737115634029700e-03	1.054877485164927575e-01
2.290000000000000036e+00	7.507643104182095718e-03	1.042122934459314004e-01
2.294999999999999929e+00	7.507549935717731243e-03	1.029481192463685829e-01
2.299999999999999822e+00	7.507457605877137022e-03	1.016951709213493732e-01
2.304999999999999716e+00	7.507366110292277607e-03	1.004533933509476756e-01
2.310000000000000053e+00	7.507275444580030661e-03	9.922273114388860393e-02
2.314999999999999947e+00	7.507185604353719399e-03	9.800312879585357240e-02
2.319999999999999840e+00	7.507096585212352097e-03	9.679453054271335011e-02
2.325000000000000178e+00	7.507008382752058256e-03	9.559688051767391281e-02
2.330000000000000071e+00	7.506920992555426130e-03	9.441012260566751524e-02
2.334999999999999964e+00	7.506834410202839133e-03	9.323420059928595738e-02
2.339999999999999858e+00	7.506748631261907050e-03	9.206905805437323731e-02
2.344999999999999751e+00	7.506663651298703561e-03	9.091463844469788169e-02
2.350000000000000089e+00	7.506579465867297199e-03	8.977088501878822957e-02
2.354999999999999982e+00	7.506496070520882191e-03	8.863774095329544911e-02
2.359999999999999876e+00	7.506413460801415229e-03	8.751514921111269718e-02
2.365000000000000213e+00	7.506331632250634427e-03	8.640305269338159622e-02
2.370000000000000107e+00	7.506250580399800171e-03	8.530139409893533475e-02
2.375000000000000000e+00	7.506170300780609130e-03	8.421011607490287709e-02
2.379999999999999893e+00	7.506090788915038316e-03	8.312916107751359973e-02
2.384999999999999787e+00	7.506012040326144608e-03	8.205847152125698984e-02
2.390000000000000124e+00	7.505934050528021567e-03	8.099798964108406718e-02
2.395000000000000018e+00	7.505856815036480133e-03	7.994765764008145148e-02
2.399999999999999911e+00	7.505780329359119062e-03	7.890741755310363981e-02
2.405000000000000249e+00	7.505704589005885059e-03	7.787721139292180794e-02
2.410000000000000142e+00	7.505629589479259449e-03	7.685698101532098536e-02
2.415000000000000036e+00	7.505555326284696002e-03	7.584666826368448300e-02
2.419999999999999929e+00	7.505481794920922101e-03	7.484621483558677457e-02
2.424999999999999822e+00	7.505408990890255136e-03	7.385556242577918928e-02
2.430000000000000160e+00	7.505336909689021632e-03	7.287465259430682407e-02
2.435000000000000053e+00	7.505265546817747012e-03	7.190342690786154234e-02
2.439999999999999947e+00	7.505194897771694414e-03	7.094182680945113062e-02
2.445000000000000284e+00	7.505124958050926956e-03	6.998979375808642156e-02
2.450000000000000178e+00	7.505055723150968854e-03	6.904726910003014528e-02
2.455000000000000071e+00	7.504987188572737576e-03	6.811419420678695158e-02
2.459999999999999964e+00	7.504919349813323794e-03	6.719051034795595068e-02
2.464999999999999858e+00	7.504852202375801237e-03	6.627615882749586518e-02
2.470000000000000195e+00	7.504785741760122871e-03	6.537108085820440839e-02
2.475000000000000089e+00	7.504719963472798044e-03	6.447521769623069943e-02
2.479999999999999982e+00	7.504654863017922242e-03	6.358851051720348924e-02
2.485000000000000320e+00	7.504590435906710252e-03	6.271090054896491517e-02
2.490000000000000213e+00	7.504526677648655150e-03	6.184232894936883551e-02
2.495000000000000107e+00	7.504463583760931367e-03	6.098273693721094346e-02
2.500000000000000000e+00	7.504401149759675101e-03	6.013206567171590355e-02
2.504999999999999893e+00	7.504339371169251212e-03	5.929025638164263368e-02
2.509999999999999787e+00	7.504278243513662870e-03	5.845725024647673712e-02
2.514999999999999680e+00	7.504217762325682273e-03	5.763298852369033026e-02
2.520000000000000018e+00	7.504157923138389530e-03	5.681741243165581295e-02
2.524999999999999911e+00	7.504098721494159401e-03	5.601046327504120154e-02
2.529999999999999805e+00	7.504040152936336354e-03	5.521208232945973987e-02
2.535000000000000142e+00	7.503982213018078190e-03	5.442221096498250227e-02
2.540000000000000036e+00	7.503924897294159471e-03	5.364079053253834745e-02
2.544999999999999929e+00	7.503868201329683303e-03	5.286776248552700619e-02
2.549999999999999822e+00	7.503812120692005330e-03	5.210306826798048740e-02
2.554999999999999716e+00	7.503756650959310208e-03	5.134664943426313355e-02
2.560000000000000053e+00	7.503701787712664835e-03	5.059844753900494957e-02
2.564999999999999947e+00	7.503647526544456915e-03	4.985840425487520627e-02
2.569999999999999840e+00	7.503593863050573090e-03	4.912646126429690008e-02
2.575000000000000178e+00	7.503540792838697855e-03	4.840256037528209432e-02
2.580000000000000071e+00	7.503488311520630470e-03	4.768664341493600300e-02
2.584999999999999964e+00	7.503436414720434690e-03	4.697865234334373113e-02
2.589999999999999858e+00	7.503385098066884043e-03	4.627852914887015112e-02
2.594999999999999751e+00	7.503334357201477123e-03	4.558621596008995136e-02
2.600000000000000089e+00	7.503284187771011235e-03	4.490165494288855114e-02
2.604999999999999982e+00	7.503234585435453706e-03	4.422478841042790793e-02
2.609999999999999876e+00	7.503185545860649973e-03	4.355555872205276596e-02
2.615000000000000213e+00	7.503137064726050041e-03	4.289390839128603972e-02
2.620000000000000107e+00	7.503089137717549283e-03	4.223977998654406679e-02
2.625000000000000000e+00	7.503041760535070909e-03	4.159311623715646750e-02
2.629999999999999893e+00	7.502994928885541211e-03	4.095385993589193557e-02
2.634999999999999787e+00	7.502948638490326318e-03	4.032195404299973585e-02
2.640000000000000124e+00	7.502902885078340141e-03	3.969734159054662953e-02
2.645000000000000018e+00	7.502857664393337150e-03	3.907996578447830993e-02
2.649999999999999911e+00	7.502812972187154761e-03	3.846976991076642149e-02
2.655000000000000249e+00	7.502768804226860391e-03	3.786669743548912864e-02
2.660000000000000142e+00	7.502725156288125689e-03	3.727069191278778448e-02
2.665000000000000036e+00	7.502682024162230477e-03	3.668169708296590420e-02
2.669999999999999929e+00	7.502639403649569681e-03	3.609965678225305480e-02
2.674999999999999822e+00	7.502597290566515031e-03	3.552451503892503637e-02
2.680000000000000160e+00	7.502555680739050360e-03	3.495621598487032994e-02
2.685000000000000053e+00	7.502514570009491054e-03	3.439470394973436623e-02
2.689999999999999947e+00	7.502473954230251194e-03	3.383992337428429892e-02
2.695000000000000284e+00	7.502433829270424223e-03	3.329181890258116339e-02
2.700000000000000178e+00	7.502394191009670657e-03	3.275033529713775038e-02
2.705000000000000071e+00	7.502355035344666044e-03	3.221541752912319978e-02
2.709999999999999964e+00	7.502316358183117907e-03	3.168701069530761166e-02
2.714999999999999858e+00	7.502278155450065392e-03	3.116506010630554213e-02
2.720000000000000195e+00	7.502240423082030644e-03	3.064951120529967737e-02
2.725000000000000089e+00	7.502203157033177951e-03	3.014030965433063189e-02
2.729999999999999982e+00	7.502166353269593482e-03	2.963740125479100498e-02
2.735000000000000320e+00	7.502130007775300452e-03	2.914073203176990173e-02
2.740000000000000213e+00	7.502094116546671569e-03	2.865024815630871219e-02
2.745000000000000107e+00	7.502058675598301946e-03	2.816589602780863316e-02
2.750000000000000000e+00	7.502023680957548186e-03	2.768762219803842101e-02
2.754999999999999893e+00	7.501989128670266856e-03	2.721537345161584298e-02
2.759999999999999787e+00	7.501955014795474996e-03	2.674909673175578442e-02
2.764999999999999680e+00	7.501921335410951554e-03	2.628873921883691581e-02
2.770000000000000018e+00	7.501888086608025398e-03	2.583424825787879880e-02
2.774999999999999911e+00	7.501855264497040571e-03	2.538557143520539863e-02
2.779999999999999805e+00	7.501822865202263137e-03	2.494265650763908410e-02
2.785000000000000142e+00	7.501790884867217193e-03	2.450545147727377707e-02
2.790000000000000036e+00	7.501759319649712286e-03	2.407390452237294018e-02
2.794999999999999929e+00	7.501728165727042374e-03	2.364796407026595673e-02
2.799999999999999822e+00	7.501697419291139014e-03	2.322757872993607212e-02
2.804999999999999716e+00	7.501667076553636751e-03	2.281269736305478746e-02
2.810000000000000053e+00	7.501637133741144263e-03	2.240326901824530453e-02
2.814999999999999947e+00	7.501607587100177915e-03	2.199924300027043811e-02
2.819999999999999840e+00	7.501578432892557803e-03	2.160056880595636469e-02
2.825000000000000178e+00	7.501549667400205131e-03	2.120719619154934690e-02
2.830000000000000071e+00	7.501521286920655347e-03	2.081907511028492988e-02
2.834999999999999964e+00	7.501493287771732361e-03	2.043615577793053348e-02
2.839999999999999858e+00	7.501465666287173567e-03	2.005838861198270748e-02
2.844999999999999751e+00	7.501438418821175687e-03	1.968572429541378885e-02
2.850000000000000089e+00	7.501411541744141230e-03	1.931811371748057976e-02
2.854999999999999982e+00	7.501385031447090762e-03	1.895550803569246573e-02
2.859999999999999876e+00	7.501358884337527323e-03	1.859785861821436348e-02
2.865000000000000213e+00	7.501333096843722063e-03	1.824511710407520498e-02
2.870000000000000107e+00	7.501307665410694020e-03	1.789723534714744366e-02
2.875000000000000000e+00	7.501282586504369986e-03	1.755416547461490992e-02
2.879999999999999893e+00	7.501257856607674440e-03	1.721585983251043561e-02
2.884999999999999787e+00	7.501233472224568856e-03	1.688227104246331489e-02
2.890000000000000124e+00	7.501209429876254386e-03	1.655335194877587471e-02
2.895000000000000018e+00	7.501185726105085404e-03	1.622905567347124323e-02
2.899999999999999911e+00	7.501162357470880608e-03	1.590933556488960746e-02
2.905000000000000249e+00	7.501139320554726410e-03	1.559414525105675894e-02
2.910000000000000142e+00	7.501116611955386919e-03	1.528343858978105721e-02
2.915000000000000036e+00	7.501094228292987630e-03	1.497716972036418522e-02
2.919999999999999929e+00	7.501072166205535567e-03	1.467529301517796550e-02
2.924999999999999822e+00	7.501050422352491080e-03	1.437776312973982305e-02
2.930000000000000160e+00	7.501028993411385133e-03	1.408453495574927584e-02
2.935000000000000053e+00	7.501007876081276608e-03	1.379556366955003027e-02
2.939999999999999947e+00	7.500987067079478883e-03	1.351080468660532420e-02
2.945000000000000284e+00	7.500966563144899173e-03	1.323021370836957242e-02
2.950000000000000178e+00	7.500946361034864854e-03	1.295374667818176284e-02
2.955000000000000071e+00	7.500926457528356121e-03	1.268135982656941503e-02
2.959999999999999964e+00	7.500906849422932926e-03	1.241300962853865257e-02
2.964999999999999858e+00	7.500887533537851405e-03	1.214865284733420217e-02
2.970000000000000195e+00	7.500868506711093169e-03	1.188824649310432462e-02
2.975000000000000089e+00	7.500849765802375911e-03	1.163174786514079712e-02
2.979999999999999982e+00	7.500831307690275507e-03	1.137911451189693897e-02
2.985000000000000320e+00	7.500813129275133405e-03	1.113030427173126308e-02
2.990000000000000213e+00	7.500795227476272399e-03	1.088527523425693831e-02
2.995000000000000107e+00	7.500777599234799073e-03	1.064398577961348479e-02
3.000000000000000000e+00	7.500760241510911509e-03	1.040639454112489426e-02
3.004999999999999893e+00	7.500743151286603724e-03	1.017246044312454349e-02
3.009999999999999787e+00	7.500726325563064449e-03	9.942142664899586077e-03
3.014999999999999680e+00	7.500709761363276613e-03	9.715400677093343970e-03
3.020000000000000018e+00	7.500693455729508068e-03	9.492194206913755899e-03
3.024999999999999911e+00	7.500677405725811320e-03	9.272483273138504636e-03
3.029999999999999805e+00	7.500661608435611402e-03	9.056228152564358216e-03
3.035000000000000142e+00	7.500646060964092851e-03	8.843389413640340840e-03
3.040000000000000036e+00	7.500630760435885586e-03	8.633927884135476211e-03
3.044999999999999929e+00	7.500615703997355610e-03	8.427804683424971674e-03
3.049999999999999822e+00	7.500600888814371557e-03	8.224981191353529508e-03
3.054999999999999716e+00	7.500586312074505185e-03	8.025419079200294542e-03
3.060000000000000053e+00	7.500571970984880321e-03	7.829080279714472484e-03
3.064999999999999947e+00	7.500557862774282283e-03	7.635927016784659419e-03
3.069999999999999840e+00	7.500543984691088358e-03	7.445921776623789026e-03
3.075000000000000178e+00	7.500530334005288749e-03	7.259027336168430260e-03
3.080000000000000071e+00	7.500516908006491651e-03	7.075206735390239705e-03
3.084999999999999964e+00	7.500503704005863533e-03	6.894423304450792052e-03
3.089999999999999858e+00	7.500490719334210535e-03	6.716640637116319187e-03
3.094999999999999751e+00	7.500477951343827686e-03	6.541822616694128144e-03
3.100000000000000089e+00	7.500465397406665298e-03	6.369933390527405051e-03
3.104999999999999982e+00	7.500453054916086243e-03	6.200937394739047120e-03
3.109999999999999876e+00	7.500440921285112146e-03	6.034799329783378970e-03
3.115000000000000213e+00	7.500428993948098262e-03	5.871484184023072553e-03
3.120000000000000107e+00	7.500417270359049059e-03	5.710957210315200164e-03
3.125000000000000000e+00	7.500405747993217631e-03	5.553183948446919690e-03
3.129999999999999893e+00	7.500394424345488073e-03	5.398130202732553951e-03
3.134999999999999787e+00	7.500383296931901166e-03	5.245762063333917272e-03
3.140000000000000124e+00	7.500372363288104402e-03	5.096045884845593933e-03
3.145000000000000018e+00	7.500361620970799614e-03	4.948948306525688401e-03
3.149999999999999911e+00	7.500351067556263254e-03	4.804436231846403657e-03
3.155000000000000249e+00	7.500340700641716825e-03	4.662476847660754556e-03
3.160000000000000142e+00	7.500330517843920887e-03	4.523037604695787951e-03
3.165000000000000036e+00	7.500320516800459622e-03	4.386086235680733587e-03
3.169999999999999929e+00	7.500310695168412901e-03	4.251590736760332834e-03
3.174999999999999822e+00	7.500301050625562786e-03	4.119519384609924076e-03
3.180000000000000160e+00	7.500291580869128047e-03	3.989840718746132629e-03
3.185000000000000053e+00	7.500282283616908213e-03	3.862523557654504256e-03
3.189999999999999947e+00	7.500273156606070135e-03	3.737536981975024802e-03
3.195000000000000284e+00	7.500264197594229583e-03	3.614850349667379868e-03
3.200000000000000178e+00	7.500255404358302860e-03	3.494433280049424103e-03
3.205000000000000071e+00	7.500246774695513811e-03	3.376255668024811130e-03
3.209999999999999964e+00	7.500238306422309618e-03	3.260287668952354615e-03
3.214999999999999858e+00	7.500229997375298420e-03	3.146499711961174561e-03
3.220000000000000195e+00	7.500221845410228426e-03	3.034862485628884044e-03
3.225000000000000089e+00	7.500213848402862218e-03	2.925346950408829437e-03
3.229999999999999982e+00	7.500206004248005306e-03	2.817924325095498127e-03
3.235000000000000320e+00	7.500198310860327518e-03	2.712566098388497458e-03
3.240000000000000213e+00	7.500190766173440993e-03	2.609244016123571808e-03
3.245000000000000107e+00	7.500183368140664331e-03	2.507930091997572983e-03
3.250000000000000000e+00	7.500176114734151758e-03	2.408596595543847137e-03
3.254999999999999893e+00	7.500169003945600030e-03	2.311216062042286291e-03
3.259999999999999787e+00	7.500162033785433106e-03	2.215761281217929705e-03
3.264999999999999680e+00	7.500155202283447474e-03	2.122205306360000140e-03
3.270000000000000018e+00	7.500148507488048864e-03	2.030521443722884799e-03
3.274999999999999911e+00	7.500141947466843796e-03	1.940683260877734684e-03
3.279999999999999805e+00	7.500135520305924001e-03	1.852664576795208561e-03
3.285000000000000142e+00	7.500129224110406792e-03	1.766439469452955749e-03
3.290000000000000036e+00	7.500123057003763721e-03	1.681982266579879750e-03
3.294999999999999929e+00	7.500117017128314113e-03	1.599267552542592546e-03
3.299999999999999822e+00	7.500111102644597093e-03	1.518270159730735315e-03
3.304999999999999716e+00	7.500105311731811338e-03	1.438965174745543939e-03
3.310000000000000053e+00	7.500099642587239150e-03	1.361327930406462661e-03
3.314999999999999947e+00	7.500094093426635904e-03	1.285334011264116548e-03
3.319999999999999840e+00	7.500088662483693144e-03	1.210959246208589274e-03
3.325000000000000178e+00	7.500083348010383802e-03	1.138179713329237706e-03
3.330000000000000071e+00	7.500078148276470395e-03	1.066971733105281017e-03
3.334999999999999964e+00	7.500073061569801670e-03	9.973118726342750269e-04
3.339999999999999858e+00	7.500068086195860705e-03	9.291769393860219682e-04
3.344999999999999751e+00	7.500063220478020778e-03	8.625439848214917294e-04
3.350000000000000089e+00	7.500058462757129042e-03	7.973902986911006420e-04
3.354999999999999982e+00	7.500053811391723356e-03	7.336934120655331680e-04
3.359999999999999876e+00	7.500049264757654988e-03	6.714310921598681727e-04
3.365000000000000213e+00	7.500044821248260350e-03	6.105813447972431801e-04
3.370000000000000107e+00	7.500040479274023598e-03	5.511224097407586018e-04
3.375000000000000000e+00	7.500036237262706733e-03	4.930327626106756908e-04
3.379999999999999893e+00	7.500032093659052095e-03	4.362911107060280045e-04
3.384999999999999787e+00	7.500028046924870836e-03	3.808763943959857495e-04
3.390000000000000124e+00	7.500024095538778378e-03	3.267677834135581435e-04
3.395000000000000018e+00	7.500020237996250783e-03	2.739446777409725877e-04
3.399999999999999911e+00	7.500016472809390572e-03	2.223867043581481500e-04
3.405000000000000249e+00	7.500012798506947541e-03	1.720737176419762711e-04
3.410000000000000142e+00	7.500009213634118398e-03	1.229857965525882823e-04
3.415000000000000036e+00	7.500005716752532019e-03	7.510324456588717056e-05
3.419999999999999929e+00	7.500002306440081180e-03	2.840658728071733831e-05
3.424999999999999822e+00	7.499998981290875721e-03	-1.712342809623735524e-05
3.430000000000000160e+00	7.499995739915100296e-03	-6.150583473853209540e-05
3.435000000000000053e+00	7.499992580938939779e-03	-1.047594471442081932e-04
3.439999999999999947e+00	7.499989503004467380e-03	-1.469028627353413891e-04
3.445000000000000284e+00	7.499986504769532748e-03	-1.879544632128525659e-04
3.450000000000000178e+00	7.499983584907684783e-03	-2.279324157832470779e-04
3.455000000000000071e+00	7.499980742108031985e-03	-2.668546749062371422e-04
3.459999999999999964e+00	7.499977975075180874e-03	-3.047389831640898899e-04
3.464999999999999858e+00	7.499975282529078996e-03	-3.416028733842213223e-04
3.470000000000000195e+00	7.499972663204977630e-03	-3.774636691664158832e-04
3.475000000000000089e+00	7.499970115853245300e-03	-4.123384873632268102e-04
3.479999999999999982e+00	7.499967639239355638e-03	-4.462442382797696051e-04
3.485000000000000320e+00	7.499965232143676608e-03	-4.791976284950025689e-04
3.490000000000000213e+00	7.499962893361480053e-03	-5.112151607486106883e-04
3.495000000000000107e+00	7.499960621702710106e-03	-5.423131370866005312e-04
3.500000000000000000e+00	7.499958415992011816e-03	-5.725076584494369954e-04
3.504999999999999893e+00	7.499956275068478742e-03	-6.018146281259237730e-04
3.509999999999999787e+00	7.499954197785700660e-03	-6.302497510563782662e-04
3.514999999999999680e+00	7.499952183011492080e-03	-6.578285375788291665e-04
3.520000000000000018e+00	7.499950229627959028e-03	-6.845663024608267342e-04
3.524999999999999911e+00	7.499948336531205885e-03	-7.104781689225958107e-04
3.529999999999999805e+00	7.499946502631424719e-03	-7.355790674106974522e-04
3.535000000000000142e+00	7.499944726852579568e-03	-7.598837398829726402e-04
3.540000000000000036e+00	7.499943008132513994e-03	-7.834067383368729237e-04
3.544999999999999929e+00	7.499941345422619747e-03	-8.061624293416859259e-04
3.549999999999999822e+00	7.499939737687959934e-03	-8.281649923340775885e-04
3.554999999999999716e+00	7.499938183906922073e-03	-8.494284243830358197e-04
3.560000000000000053e+00	7.499936683071352535e-03	-8.699665382649365408e-04
3.564999999999999947e+00	7.499935234186198320e-03	-8.897929674473893788e-04
3.569999999999999840e+00	7.499933836269660585e-03	-9.089211639556989868e-04
3.575000000000000178e+00	7.499932488352810400e-03	-9.273644035618971906e-04
3.580000000000000071e+00	7.499931189479768293e-03	-9.451357834542536713e-04
3.584999999999999964e+00	7.499929938707296587e-03	-9.622482276182796595e-04
3.589999999999999858e+00	7.499928735104994561e-03	-9.787144843205466613e-04
3.594999999999999751e+00	7.499927577754890787e-03	-9.945471316687383347e-04
3.600000000000000089e+00	7.499926465751629613e-03	-1.009758574920826798e-03
3.604999999999999982e+00	7.499925398202064372e-03	-1.024361052211688423e-03
3.609999999999999876e+00	7.499924374225456873e-03	-1.038366631698201762e-03
3.615000000000000213e+00	7.499923392953052395e-03	-1.051787217440170027e-03
3.620000000000000107e+00	7.499922453528295660e-03	-1.064634546391913118e-03
3.625000000000000000e+00	7.499921555106393682e-03	-1.076920194425664678e-03
3.629999999999999893e+00	7.499920696854543885e-03	-1.088655573179533572e-03
3.634999999999999787e+00	7.499919877951483939e-03	-1.099851936211944338e-03
3.640000000000000124e+00	7.499919097587732890e-03	-1.110520375715890297e-03
3.645000000000000018e+00	7.499918354965128854e-03	-1.120671828793259450e-03
3.649999999999999911e+00	7.499917649297083155e-03	-1.130317074044717013e-03
3.655000000000000249e+00	7.499916979808111082e-03	-1.139466737953085795e-03
3.660000000000000142e+00	7.499916345734088628e-03	-1.148131291358193149e-03
3.665000000000000036e+00	7.499915746321780645e-03	-1.156321055938890974e-03
3.669999999999999929e+00	7.499915180829102787e-03	-1.164046200581683819e-03
3.674999999999999822e+00	7.499914648524643596e-03	-1.171316747951186600e-03
3.680000000000000160e+00	7.499914148687937716e-03	-1.178142570761165188e-03
3.685000000000000053e+00	7.499913680608978443e-03	-1.184533398423750356e-03
3.689999999999999947e+00	7.499913243588496141e-03	-1.190498813231161352e-03
3.695000000000000284e+00	7.499912836937467318e-03	-1.196048257074190180e-03
3.700000000000000178e+00	7.499912459977401726e-03	-1.201191027542685688e-03
3.705000000000000071e+00	7.499912112039843620e-03	-1.205936284704156201e-03
3.709999999999999964e+00	7.499911792466664937e-03	-1.210293047130817567e-03
3.714999999999999858e+00	7.499911500609564817e-03	-1.214270198729423041e-03
3.720000000000000195e+00	7.499911235830362781e-03	-1.217876484702406364e-03
3.725000000000000089e+00	7.499910997500500859e-03	-1.221120518420538070e-03
3.729999999999999982e+00	7.499910785001339363e-03	-1.224010777325315429e-03
3.735000000000000320e+00	7.499910597723653816e-03	-1.226555609836229525e-03
3.740000000000000213e+00	7.499910435067937663e-03	-1.228763231201403195e-03
3.745000000000000107e+00	7.499910296443895730e-03	-1.230641730431522324e-03
3.750000000000000000e+00	7.499910181270749536e-03	-1.232199066105501943e-03
3.754999999999999893e+00	7.499910088976732489e-03	-1.233443073323569304e-03
3.759999999999999787e+00	7.499910018999394329e-03	-1.234381459474346698e-03
3.764999999999999680e+00	7.499909970785097191e-03	-1.235021811199767724e-03
3.770000000000000018e+00	7.499909943789323519e-03	-1.235371590129745716e-03
3.774999999999999911e+00	7.499909937476169526e-03	-1.235438139851973696e-03
3.779999999999999805e+00	7.499909951318656579e-03	-1.235228681620265979e-03
3.785000000000000142e+00	7.499909984798224655e-03	-1.234750321322477260e-03
3.790000000000000036e+00	7.499910037405043729e-03	-1.234010045168135519e-03
3.794999999999999929e+00	7.499910108637509835e-03	-1.233014726648099272e-03
3.799999999999999822e+00	7.499910198002558183e-03	-1.231771122207022708e-03
3.804999999999999716e+00	7.499910305015157486e-03	-1.230285878188554444e-03
3.810000000000000053e+00	7.499910429198624814e-03	-1.228565526497908678e-03
3.814999999999999947e+00	7.499910570084121660e-03	-1.226616491526724305e-03
3.819999999999999840e+00	7.499910727210969651e-03	-1.224445085810781878e-03
3.825000000000000178e+00	7.499910900126150089e-03	-1.222057516928884598e-03
3.830000000000000071e+00	7.499911088384616197e-03	-1.219459883160517151e-03
3.834999999999999964e+00	7.499911291548796988e-03	-1.216658180353512092e-03
3.839999999999999858e+00	7.499911509188906915e-03	-1.213658297586222429e-03
3.844999999999999751e+00	7.499911740882455810e-03	-1.210466023998688773e-03
3.850000000000000089e+00	7.499911986214558533e-03	-1.207087044463770907e-03
3.854999999999999982e+00	7.499912244777441443e-03	-1.203526946377110043e-03
3.859999999999999876e+00	7.499912516170758117e-03	-1.199791215341343897e-03
3.865000000000000213e+00	7.499912800001094955e-03	-1.195885241910192879e-03
3.870000000000000107e+00	7.499913095882287765e-03	-1.191814317289804047e-03
3.875000000000000000e+00	7.499913403434930841e-03	-1.187583640032498439e-03
3.879999999999999893e+00	7.499913722286691807e-03	-1.183198311759038179e-03
3.884999999999999787e+00	7.499914052071823302e-03	-1.178663343798008658e-03
3.890000000000000124e+00	7.499914392431476957e-03	-1.173983652932504042e-03
3.895000000000000018e+00	7.499914743013222015e-03	-1.169164067981236189e-03
3.899999999999999911e+00	7.499915103471353241e-03	-1.164209325573072659e-03
3.905000000000000249e+00	7.499915473466412137e-03	-1.159124076666136639e-03
3.910000000000000142e+00	7.499915852665502668e-03	-1.153912882353421007e-03
3.915000000000000036e+00	7.499916240741809868e-03	-1.148580220316431071e-03
3.919999999999999929e+00	7.499916637374906894e-03	-1.143130480664911750e-03
3.924999999999999822e+00	7.499917042250292716e-03	-1.137567972321693781e-03
3.930000000000000160e+00	7.499917455059687023e-03	-1.131896918899510376e-03
3.935000000000000053e+00	7.499917875500575724e-03	-1.126121465013984893e-03
3.939999999999999947e+00	7.499918303276504120e-03	-1.120245672200147940e-03
3.945000000000000284e+00	7.499918738096623266e-03	-1.114273525150707902e-03
3.950000000000000178e+00	7.499919179675986619e-03	-1.108208927674810950e-03
3.955000000000000071e+00	7.499919627735097266e-03	-1.102055708859020749e-03
3.959999999999999964e+00	7.499920082000201965e-03	-1.095817619070621170e-03
3.964999999999999858e+00	7.499920542202847921e-03	-1.089498336038765332e-03
3.970000000000000195e+00	7.499921008080169017e-03	-1.083101460904730340e-03
3.975000000000000089e+00	7.499921479374448662e-03	-1.076630524220702949e-03
3.979999999999999982e+00	7.499921955833404284e-03	-1.070088982049025072e-03
3.985000000000000320e+00	7.499922437209757126e-03	-1.063480221876849903e-03
3.990000000000000213e+00	7.499922923261514128e-03	-1.056807558766195091e-03
3.995000000000000107e+00	7.499923413751537725e-03	-1.050074241182227201e-03
4.000000000000000000e+00	7.499923908447827733e-03	-1.043283447196022718e-03
4.004999999999999893e+00	7.499924407123101551e-03	-1.036438290224837204e-03
4.009999999999999787e+00	7.499924909555065640e-03	-1.029541815289156852e-03
4.014999999999999680e+00	7.499925415526005265e-03	-1.022597004663391941e-03
4.019999999999999574e+00	7.499925924823049907e-03	-1.015606774188691080e-03
4.025000000000000355e+00	7.499926437237773406e-03	-1.008573978832449577e-03
4.030000000000000249e+00	7.499926952566455911e-03	-1.001501409058479274e-03
4.035000000000000142e+00	7.499927470609682283e-03	-9.943917962939050146e-04
4.040000000000000036e+00	7.499927991172608381e-03	-9.872478093579334455e-04
4.044999999999999929e+00	7.499928514064562943e-03	-9.800720598350973981e-04
4.049999999999999822e+00	7.499929039099308657e-03	-9.728670985636876829e-04
4.054999999999999716e+00	7.499929566094655324e-03	-9.656354209143146400e-04
4.059999999999999609e+00	7.499930094872709653e-03	-9.583794633390325945e-04
4.064999999999999503e+00	7.499930625259502298e-03	-9.511016085543029649e-04
4.070000000000000284e+00	7.499931157085228985e-03	-9.438041821518218565e-04
4.075000000000000178e+00	7.499931690183883615e-03	-9.364894576850696243e-04
4.080000000000000071e+00	7.499932224393499394e-03	-9.291596533426956309e-04
4.084999999999999964e+00	7.499932759555785408e-03	-9.218169369379445449e-04
4.089999999999999858e+00	7.499933295516365145e-03	-9.144634226452711193e-04
4.094999999999999751e+00	7.499933832124418276e-03	-9.071011758921905706e-04
4.099999999999999645e+00	7.499934369232913976e-03	-8.997322101598124967e-04
4.105000000000000426e+00	7.499934906698263980e-03	-8.923584917767129901e-04
4.110000000000000320e+00	7.499935444380548093e-03	-8.849819367838225679e-04
4.115000000000000213e+00	7.499935982143171587e-03	-8.776044156299357777e-04
4.120000000000000107e+00	7.499936519853093314e-03	-8.702277501015437053e-04
4.125000000000000000e+00	7.499937057380486570e-03	-8.628537179198389343e-04
4.129999999999999893e+00	7.499937594598958535e-03	-8.554840497357532733e-04
4.134999999999999787e+00	7.499938131385222410e-03	-8.481204336283182073e-04
4.139999999999999680e+00	7.499938667619315998e-03	-8.407645121652887249e-04
4.144999999999999574e+00	7.499939203184273831e-03	-8.334178868028117729e-04
4.150000000000000355e+00	7.499939737966339684e-03	-8.260821150117437367e-04
4.155000000000000249e+00	7.499940271854656053e-03	-8.187587145788708439e-04
4.160000000000000142e+00	7.499940804741462783e-03	-8.114491607990634119e-04
4.165000000000000036e+00	7.499941336521797827e-03	-8.041548906780884246e-04
4.169999999999999929e+00	7.499941867093689804e-03	-7.968773001907109195e-04
4.174999999999999822e+00	7.499942396357864825e-03	-7.896177483853704382e-04
4.179999999999999716e+00	7.499942924217936450e-03	-7.823775547081789202e-04
4.185000000000000497e+00	7.499943450580118590e-03	-7.751580030098886376e-04
4.190000000000000391e+00	7.499943975353411119e-03	-7.679603389357373723e-04
4.195000000000000284e+00	7.499944498449317987e-03	-7.607857738349682597e-04
4.200000000000000178e+00	7.499945019782031964e-03	-7.536354822164124207e-04
4.205000000000000071e+00	7.499945539268156221e-03	-7.465106055612245710e-04
4.209999999999999964e+00	7.499946056826882999e-03	-7.394122498438835929e-04
4.214999999999999858e+00	7.499946572379728206e-03	-7.323414892485859400e-04
4.219999999999999751e+00	7.499947085850700544e-03	-7.252993637555475975e-04
4.224999999999999645e+00	7.499947597166045643e-03	-7.182868827618097774e-04
4.230000000000000426e+00	7.499948106254407387e-03	-7.113050227323720496e-04
4.235000000000000320e+00	7.499948613046578984e-03	-7.043547307259968816e-04
4.240000000000000213e+00	7.499949117475664291e-03	-6.974369221109796499e-04
4.245000000000000107e+00	7.499949619476833224e-03	-6.905524839966841865e-04
4.250000000000000000e+00	7.499950118987477876e-03	-6.837022730135422282e-04
4.254999999999999893e+00	7.499950615946971398e-03	-6.768871186511003779e-04
4.259999999999999787e+00	7.499951110296824985e-03	-6.701078211017060231e-04
4.264999999999999680e+00	7.499951601980455428e-03	-6.633651545060239305e-04
4.269999999999999574e+00	7.499952090943326488e-03	-6.566598648599512086e-04
4.275000000000000355e+00	7.499952577132733798e-03	-6.499926731684462855e-04
4.280000000000000249e+00	7.499953060497938431e-03	-6.433642734151824236e-04
4.285000000000000142e+00	7.499953540989956133e-03	-6.367753356255572003e-04
4.290000000000000036e+00	7.499954018561691763e-03	-6.302265038985461598e-04
4.294999999999999929e+00	7.499954493167727658e-03	-6.237183993799570508e-04
4.299999999999999822e+00	7.499954964764458942e-03	-6.172516183557354066e-04
4.304999999999999716e+00	7.499955433309885358e-03	-6.108267351365421040e-04
4.309999999999999609e+00	7.499955898763747443e-03	-6.044443002120080191e-04
4.314999999999999503e+00	7.499956361087319230e-03	-5.981048430475779465e-04
4.320000000000000284e+00	7.499956820243539220e-03	-5.918088702990549187e-04
4.325000000000000178e+00	7.499957276196815223e-03	-5.855568685228289489e-04
4.330000000000000071e+00	7.499957728913144925e-03	-5.793493024499840561e-04
4.334999999999999964e+00	7.499958178359932004e-03	-5.731866176110917690e-04
4.339999999999999858e+00	7.499958624506100624e-03	-5.670692386690944853e-04
4.344999999999999751e+00	7.499959067321915022e-03	-5.609975719598831378e-04
4.349999999999999645e+00	7.499959506779092268e-03	-5.549720038832622404e-04
4.355000000000000426e+00	7.499959942850628787e-03	-5.489929033602992080e-04
4.360000000000000320e+00	7.499960375510908786e-03	-5.430606202817077734e-04
4.365000000000000213e+00	7.499960804735531644e-03	-5.371754878832868093e-04
4.370000000000000107e+00	7.499961230501423805e-03	-5.313378212508443462e-04
4.375000000000000000e+00	7.499961652786668771e-03	-5.255479196149326132e-04
4.379999999999999893e+00	7.499962071570612059e-03	-5.198060649114916989e-04
4.384999999999999787e+00	7.499962486833701598e-03	-5.141125239971672169e-04
4.389999999999999680e+00	7.499962898557586619e-03	-5.084675472648787818e-04
4.394999999999999574e+00	7.499963306724961518e-03	-5.028713707809408934e-04
4.400000000000000355e+00	7.499963711319667346e-03	-4.973242149547389560e-04
4.405000000000000249e+00	7.499964112326534815e-03	-4.918262865988827590e-04
4.410000000000000142e+00	7.499964509731481439e-03	-4.863777776521806826e-04
4.415000000000000036e+00	7.499964903521366688e-03	-4.809788671641758765e-04
4.419999999999999929e+00	7.499965293684082192e-03	-4.756297200704962132e-04
4.424999999999999822e+00	7.499965680208409494e-03	-4.703304891029912670e-04
4.429999999999999716e+00	7.499966063084104184e-03	-4.650813136166589566e-04
4.435000000000000497e+00	7.499966442301770134e-03	-4.598823214267540272e-04
4.440000000000000391e+00	7.499966817852931483e-03	-4.547336276863714918e-04
4.445000000000000284e+00	7.499967189729911214e-03	-4.496353366518086305e-04
4.450000000000000178e+00	7.499967557925905741e-03	-4.445875406098921700e-04
4.455000000000000071e+00	7.499967922434860879e-03	-4.395903215729747484e-04
4.459999999999999964e+00	7.499968283251548171e-03	-4.346437502551835194e-04
4.464999999999999858e+00	7.499968640371447795e-03	-4.297478876982253285e-04
4.469999999999999751e+00	7.499968993790815351e-03	-4.249027842956885665e-04
4.474999999999999645e+00	7.499969343506571705e-03	-4.201084813510981781e-04
4.480000000000000426e+00	7.499969689516368908e-03	-4.153650101492056454e-04
4.485000000000000320e+00	7.499970031818482645e-03	-4.106723934476410589e-04
4.490000000000000213e+00	7.499970370411874684e-03	-4.060306445944690968e-04
4.495000000000000107e+00	7.499970705296092263e-03	-4.014397689546285041e-04
4.500000000000000000e+00	7.499971036471326201e-03	-3.968997630727736791e-04
4.504999999999999893e+00	7.499971363938311153e-03	-3.924106160359634981e-04
4.509999999999999787e+00	7.499971687698386326e-03	-3.879723086808307790e-04
4.514999999999999680e+00	7.499972007753397465e-03	-3.835848148938423110e-04
4.519999999999999574e+00	7.499972324105753235e-03	-3.792481008618791226e-04
4.525000000000000355e+00	7.499972636758335878e-03	-3.749621263113271262e-04
4.530000000000000249e+00	7.499972945714550657e-03	-3.707268438012656093e-04
4.535000000000000142e+00	7.499973250978239983e-03	-3.665421999026635702e-04
4.540000000000000036e+00	7.499973552553731992e-03	-3.624081345331922480e-04
4.544999999999999929e+00	7.499973850445759878e-03	-3.583245820779425205e-04
4.549999999999999822e+00	7.499974144659509595e-03	-3.542914707649592009e-04
4.554999999999999716e+00	7.499974435200535729e-03	-3.503087237286945082e-04
4.559999999999999609e+00	7.499974722074809197e-03	-3.463762584253851683e-04
4.564999999999999503e+00	7.499975005288643526e-03	-3.424939876405485293e-04
4.570000000000000284e+00	7.499975284848731279e-03	-3.386618189433198713e-04
4.575000000000000178e+00	7.499975560762079871e-03	-3.348796556392668938e-04
4.580000000000000071e+00	7.499975833036044530e-03	-3.311473962627156263e-04
4.584999999999999964e+00	7.499976101678262376e-03	-3.274649354762257467e-04
4.589999999999999858e+00	7.499976366696689718e-03	-3.238321636000433693e-04
4.594999999999999751e+00	7.499976628099537003e-03	-3.202489674594648358e-04
4.599999999999999645e+00	7.499976885895305243e-03	-3.167152299505241364e-04
4.605000000000000426e+00	7.499977140092721831e-03	-3.132308308364670701e-04
4.610000000000000320e+00	7.499977390700773502e-03	-3.097956463487924381e-04
4.615000000000000213e+00	7.499977637728650823e-03	-3.064095499341792494e-04
4.620000000000000107e+00	7.499977881185774208e-03	-3.030724118899456952e-04
4.625000000000000000e+00	7.499978121081746218e-03	-2.997841000625669984e-04
4.629999999999999893e+00	7.499978357426370645e-03	-2.965444795167231887e-04
4.634999999999999787e+00	7.499978590229609138e-03	-2.933534131867315689e-04
4.639999999999999680e+00	7.499978819501598552e-03	-2.902107615782754881e-04
4.644999999999999574e+00	7.499979045252611921e-03	-2.871163833738581248e-04
4.650000000000000355e+00	7.499979267493074066e-03	-2.840701351664262110e-04
4.655000000000000249e+00	7.499979486233523431e-03	-2.810718720200948927e-04
4.660000000000000142e+00	7.499979701484627698e-03	-2.781214472346489890e-04
4.665000000000000036e+00	7.499979913257145622e-03	-2.752187128627515554e-04
4.669999999999999929e+00	7.499980121561941777e-03	-2.723635195046215799e-04
4.674999999999999822e+00	7.499980326409953595e-03	-2.695557167828943135e-04
4.679999999999999716e+00	7.499980527812203507e-03	-2.667951531664760939e-04
4.685000000000000497e+00	7.499980725779766856e-03	-2.640816764042224494e-04
4.690000000000000391e+00	7.499980920323784904e-03	-2.614151333771952239e-04
4.695000000000000284e+00	7.499981111455431872e-03	-2.587953704923100402e-04
4.700000000000000178e+00	7.499981299185925349e-03	-2.562222335621406168e-04
4.705000000000000071e+00	7.499981483526501139e-03	-2.536955681596426678e-04
4.709999999999999964e+00	7.499981664488424536e-03	-2.512152195247020184e-04
4.714999999999999858e+00	7.499981842082956499e-03	-2.487810328810783418e-04
4.719999999999999751e+00	7.499982016321367524e-03	-2.463928533688137189e-04
4.724999999999999645e+00	7.499982187214915968e-03	-2.440505263245601572e-04
4.730000000000000426e+00	7.499982354774846309e-03	-2.417538972389527731e-04
4.735000000000000320e+00	7.499982519012376135e-03	-2.395028120014652785e-04
4.740000000000000213e+00	7.499982679938697015e-03	-2.372971168819921507e-04
4.745000000000000107e+00	7.499982837564956283e-03	-2.351366587411859684e-04
4.750000000000000000e+00	7.499982991902257902e-03	-2.330212850354341971e-04
4.754999999999999893e+00	7.499983142961652062e-03	-2.309508439938096308e-04
4.759999999999999787e+00	7.499983290754129971e-03	-2.289251846456965406e-04
4.764999999999999680e+00	7.499983435290614314e-03	-2.269441569654081473e-04
4.769999999999999574e+00	7.499983576581956655e-03	-2.250076119214926122e-04
4.775000000000000355e+00	7.499983714638927025e-03	-2.231154015901795076e-04
4.780000000000000249e+00	7.499983849472212187e-03	-2.212673792255695471e-04
4.785000000000000142e+00	7.499983981092405230e-03	-2.194633993428409229e-04
4.790000000000000036e+00	7.499984109510002099e-03	-2.177033178086763474e-04
4.794999999999999929e+00	7.499984234735395522e-03	-2.159869918952551557e-04
4.799999999999999822e+00	7.499984356778870674e-03	-2.143142803899304933e-04
4.804999999999999716e+00	7.499984475650600842e-03	-2.126850436211557335e-04
4.809999999999999609e+00	7.499984591360634410e-03	-2.110991435866426498e-04
4.814999999999999503e+00	7.499984703918901804e-03	-2.095564439521529912e-04
4.820000000000000284e+00	7.499984813335199875e-03	-2.080568101973901904e-04
4.825000000000000178e+00	7.499984919619197971e-03	-2.066001095886688490e-04
4.830000000000000071e+00	7.499985022780421458e-03	-2.051862113416243736e-04
4.834999999999999964e+00	7.499985122828259528e-03	-2.038149865688164116e-04
4.839999999999999858e+00	7.499985219771947847e-03	-2.024863084585896836e-04
4.844999999999999751e+00	7.499985313620579838e-03	-2.012000521984290489e-04
4.849999999999999645e+00	7.499985404383086723e-03	-1.999560951691454536e-04
4.855000000000000426e+00	7.499985492068249673e-03	-1.987543168451387911e-04
4.860000000000000320e+00	7.499985576684681590e-03	-1.975945990030458332e-04
4.865000000000000213e+00	7.499985658240835781e-03	-1.964768255998089843e-04
4.870000000000000107e+00	7.499985736744990347e-03	-1.954008829949339585e-04
4.875000000000000000e+00	7.499985812205262926e-03	-1.943666598073760148e-04
4.879999999999999893e+00	7.499985884629584675e-03	-1.933740471507608709e-04
4.884999999999999787e+00	7.499985954025721081e-03	-1.924229384699506582e-04
4.889999999999999680e+00	7.499986020401246817e-03	-1.915132297883010521e-04
4.894999999999999574e+00	7.499986083763563946e-03	-1.906448195249014859e-04
4.900000000000000355e+00	7.499986144119881980e-03	-1.898176087531610549e-04
4.905000000000000249e+00	7.499986201477230018e-03	-1.890315009997190464e-04
4.910000000000000142e+00	7.499986255842440268e-03	-1.882864025133541830e-04
4.915000000000000036e+00	7.499986307222161926e-03	-1.875822220464711291e-04
4.919999999999999929e+00	7.499986355622842091e-03	-1.869188711336897894e-04
4.924999999999999822e+00	7.499986401050743115e-03	-1.862962638568878835e-04
4.929999999999999716e+00	7.499986443511920051e-03	-1.857143171325809560e-04
4.935000000000000497e+00	7.499986483012239732e-03	-1.851729504613518977e-04
4.940000000000000391e+00	7.499986519557359961e-03	-1.846720862231918722e-04
4.945000000000000284e+00	7.499986553152749452e-03	-1.842116494123701407e-04
4.950000000000000178e+00	7.499986583803660949e-03	-1.837915679399237034e-04
4.955000000000000071e+00	7.499986611515158108e-03	-1.834117723548884561e-04
4.959999999999999964e+00	7.499986636292089483e-03	-1.830721961529470463e-04
4.964999999999999858e+00	7.499986658139111070e-03	-1.827727754849613933e-04
4.969999999999999751e+00	7.499986677060658559e-03	-1.825134494710976352e-04
4.974999999999999645e+00	7.499986693060980286e-03	-1.822941598974779621e-04
4.980000000000000426e+00	7.499986706144101678e-03	-1.821148515349265947e-04
4.985000000000000320e+00	7.499986716313856473e-03	-1.819754718247984884e-04
4.990000000000000213e+00	7.499986723573858968e-03	-1.818759712013542180e-04
4.995000000000000107e+00	7.499986727927530905e-03	-1.818163027676127747e-04
5.000000000000000000e+00	7.499986729378073716e-03	-1.817964226206455569e-04
