# coordinate_x	h	p	@time=351.28999999999996
0.000000000000000000e+00	2.700581454504663026e-01	5.716360320046351973e-01
5.000000000000000104e-03	2.700545773127651650e-01	5.716360316358530813e-01
1.000000000000000021e-02	2.700438729008403649e-01	5.716360305293630706e-01
1.499999999999999944e-02	2.700260322159612758e-01	5.716360286850105110e-01
2.000000000000000042e-02	2.700010552612114867e-01	5.716360261024198142e-01
2.500000000000000139e-02	2.699689420401266693e-01	5.716360227811599914e-01
2.999999999999999889e-02	2.699296925580156326e-01	5.716360187205841159e-01
3.500000000000000333e-02	2.698833068206332730e-01	5.716360139199908597e-01
4.000000000000000083e-02	2.698297848355113993e-01	5.716360083784619572e-01
4.499999999999999833e-02	2.697691266106309604e-01	5.716360020950240761e-01
5.000000000000000278e-02	2.697013321557565346e-01	5.716359950684863911e-01
5.500000000000000028e-02	2.696264014811064480e-01	5.716359872976020107e-01
5.999999999999999778e-02	2.695443345986912598e-01	5.716359787809051074e-01
6.500000000000000222e-02	2.694551315209812725e-01	5.716359695168727884e-01
7.000000000000000666e-02	2.693587922622497355e-01	5.716359595037622254e-01
7.500000000000001110e-02	2.692553168372367467e-01	5.716359487397714156e-01
8.000000000000000167e-02	2.691447052624980629e-01	5.716359372228769775e-01
8.499999999999999223e-02	2.690269575550648384e-01	5.716359249509950224e-01
8.999999999999999667e-02	2.689020737337985967e-01	5.716359119218178408e-01
9.500000000000000111e-02	2.687700538180456955e-01	5.716358981329754396e-01
1.000000000000000056e-01	2.686308978290001259e-01	5.716358835818717843e-01
1.050000000000000100e-01	2.684846057883515935e-01	5.716358682658465584e-01
1.100000000000000006e-01	2.683311777196561998e-01	5.716358521820105176e-01
1.149999999999999911e-01	2.681706136469784174e-01	5.716358353274079152e-01
1.199999999999999956e-01	2.680029135962702647e-01	5.716358176988511897e-01
1.250000000000000000e-01	2.678280775940056757e-01	5.716357992930835019e-01
1.300000000000000044e-01	2.676461056685696116e-01	5.716357801066130895e-01
1.350000000000000089e-01	2.674569978488839928e-01	5.716357601358758034e-01
1.400000000000000133e-01	2.672607541658079122e-01	5.716357393770693518e-01
1.450000000000000178e-01	2.670573746507535762e-01	5.716357178263153926e-01
1.499999999999999944e-01	2.668468593370986741e-01	5.716356954794939993e-01
1.549999999999999989e-01	2.666292082587920498e-01	5.716356723324051980e-01
1.600000000000000033e-01	2.664044214517786169e-01	5.716356483806035449e-01
1.650000000000000078e-01	2.661724989525943719e-01	5.716356236195595519e-01
1.700000000000000122e-01	2.659334407998040772e-01	5.716355980444937090e-01
1.749999999999999889e-01	2.656872470325851721e-01	5.716355716505382434e-01
1.799999999999999933e-01	2.654339176921796106e-01	5.716355444325702528e-01
1.849999999999999978e-01	2.651734528204650054e-01	5.716355163853743537e-01
1.900000000000000022e-01	2.649058524614220089e-01	5.716354875034747041e-01
1.950000000000000067e-01	2.646311166596916342e-01	5.716354577812975402e-01
2.000000000000000111e-01	2.643492454620594567e-01	5.716354272130030889e-01
2.050000000000000155e-01	2.640602389159978913e-01	5.716353957926487706e-01
2.099999999999999922e-01	2.637640970711683797e-01	5.716353635140193346e-01
2.149999999999999967e-01	2.634608199779478466e-01	5.716353303707908395e-01
2.200000000000000011e-01	2.631504076889494836e-01	5.716352963563607892e-01
2.250000000000000056e-01	2.628328602575327744e-01	5.716352614640111129e-01
2.300000000000000100e-01	2.625081777393440952e-01	5.716352256867384130e-01
2.349999999999999867e-01	2.621763601908088104e-01	5.716351890174168338e-01
2.399999999999999911e-01	2.618374076706934117e-01	5.716351514486278651e-01
2.449999999999999956e-01	2.614913202385784063e-01	5.716351129728234337e-01
2.500000000000000000e-01	2.611380979564429938e-01	5.716350735821543738e-01
2.550000000000000044e-01	2.607777408871177482e-01	5.716350332686344071e-01
2.600000000000000089e-01	2.604102490958933869e-01	5.716349920239677251e-01
2.650000000000000133e-01	2.600356226489520806e-01	5.716349498397128581e-01
2.700000000000000178e-01	2.596538616150012579e-01	5.716349067071098133e-01
2.750000000000000222e-01	2.592649660636824338e-01	5.716348626172439440e-01
2.800000000000000266e-01	2.588689360672317696e-01	5.716348175608723103e-01
2.850000000000000311e-01	2.584657716988650322e-01	5.716347715285878817e-01
2.899999999999999800e-01	2.580554730344663539e-01	5.716347245106448982e-01
2.949999999999999845e-01	2.576380401509478224e-01	5.716346764971229621e-01
2.999999999999999889e-01	2.572134731279683284e-01	5.716346274777521774e-01
3.049999999999999933e-01	2.567817720462662878e-01	5.716345774420770187e-01
3.099999999999999978e-01	2.563429369894099086e-01	5.716345263792806941e-01
3.150000000000000022e-01	2.558969680421022685e-01	5.716344742783486810e-01
3.200000000000000067e-01	2.554438652919641117e-01	5.716344211278926446e-01
3.250000000000000111e-01	2.549836288278097274e-01	5.716343669163141961e-01
3.300000000000000155e-01	2.545162587414648847e-01	5.716343116316278117e-01
3.350000000000000200e-01	2.540417551260111262e-01	5.716342552616239248e-01
3.400000000000000244e-01	2.535601180776408947e-01	5.716341977936920671e-01
3.449999999999999734e-01	2.530713476938687978e-01	5.716341392149825174e-01
3.499999999999999778e-01	2.525754440754259811e-01	5.716340795122302199e-01
3.549999999999999822e-01	2.520724073244362540e-01	5.716340186719149896e-01
3.599999999999999867e-01	2.515622375463521521e-01	5.716339566800848759e-01
3.649999999999999911e-01	2.510449348480939813e-01	5.716338935225165896e-01
3.699999999999999956e-01	2.505204993400296787e-01	5.716338291845374231e-01
3.750000000000000000e-01	2.499889311340753595e-01	5.716337636511855669e-01
3.800000000000000044e-01	2.494502303457207526e-01	5.716336969070316965e-01
3.850000000000000089e-01	2.489043970920891691e-01	5.716336289363374012e-01
3.900000000000000133e-01	2.483514314940115653e-01	5.716335597228777710e-01
3.950000000000000178e-01	2.477913336740436012e-01	5.716334892500980480e-01
4.000000000000000222e-01	2.472241037585908296e-01	5.716334175009363250e-01
4.050000000000000266e-01	2.466497418758805960e-01	5.716333444579780876e-01
4.099999999999999756e-01	2.460682481581411563e-01	5.716332701032796892e-01
4.149999999999999800e-01	2.454796227395261710e-01	5.716331944185211178e-01
4.199999999999999845e-01	2.448838657583507217e-01	5.716331173848293590e-01
4.249999999999999889e-01	2.442809773549658448e-01	5.716330389829291647e-01
4.299999999999999933e-01	2.436709576740546390e-01	5.716329591929674159e-01
4.349999999999999978e-01	2.430538068624538695e-01	5.716328779946607819e-01
4.400000000000000022e-01	2.424295250715140515e-01	5.716327953671210826e-01
4.450000000000000067e-01	2.417981124548651273e-01	5.716327112889998396e-01
4.500000000000000111e-01	2.411595691708438571e-01	5.716326257383153031e-01
4.550000000000000155e-01	2.405138953802008206e-01	5.716325386925932284e-01
4.600000000000000200e-01	2.398610912485989177e-01	5.716324501286950133e-01
4.649999999999999689e-01	2.392011569442585861e-01	5.716323600229548108e-01
4.699999999999999734e-01	2.385340926405312978e-01	5.716322683510097757e-01
4.749999999999999778e-01	2.378598985134796340e-01	5.716321750879322927e-01
4.799999999999999822e-01	2.371785747445304404e-01	5.716320802080625540e-01
4.849999999999999867e-01	2.364901215179859018e-01	5.716319836851352365e-01
4.899999999999999911e-01	2.357945390237609629e-01	5.716318854921151882e-01
4.949999999999999956e-01	2.350918274548217946e-01	5.716317856013184429e-01
5.000000000000000000e-01	2.343819870100124492e-01	5.716316839842502384e-01
5.050000000000000044e-01	2.336650178914164433e-01	5.716315806117198139e-01
5.100000000000000089e-01	2.329409203072781431e-01	5.716314754536826470e-01
5.150000000000000133e-01	2.322096944692833009e-01	5.716313684793468131e-01
5.200000000000000178e-01	2.314713405955805825e-01	5.716312596570196636e-01
5.250000000000000222e-01	2.307258589079764777e-01	5.716311489542064139e-01
5.300000000000000266e-01	2.299732496350633815e-01	5.716310363374613734e-01
5.350000000000000311e-01	2.292135130093237716e-01	5.716309217724766523e-01
5.400000000000000355e-01	2.284466492703713658e-01	5.716308052239394977e-01
5.450000000000000400e-01	2.276726586619593762e-01	5.716306866556098987e-01
5.500000000000000444e-01	2.268915414353418758e-01	5.716305660301853608e-01
5.550000000000000488e-01	2.261032978461804954e-01	5.716304433093655213e-01
5.600000000000000533e-01	2.253079281580336601e-01	5.716303184537248061e-01
5.649999999999999467e-01	2.245054326391555666e-01	5.716301914227633896e-01
5.699999999999999512e-01	2.236958115661214774e-01	5.716300621747887334e-01
5.749999999999999556e-01	2.228790652205128453e-01	5.716299306669508917e-01
5.799999999999999600e-01	2.220551938926873525e-01	5.716297968551342645e-01
5.849999999999999645e-01	2.212241978783430763e-01	5.716296606939756941e-01
5.899999999999999689e-01	2.203860774824431545e-01	5.716295221367669876e-01
5.949999999999999734e-01	2.195408330156513321e-01	5.716293811354544729e-01
5.999999999999999778e-01	2.186884647984217722e-01	5.716292376405538445e-01
6.049999999999999822e-01	2.178289731572980170e-01	5.716290916011284029e-01
6.099999999999999867e-01	2.169623584291788254e-01	5.716289429647176679e-01
6.149999999999999911e-01	2.160886209574724715e-01	5.716287916772923028e-01
6.199999999999999956e-01	2.152077610965504872e-01	5.716286376831986038e-01
6.250000000000000000e-01	2.143197792077479180e-01	5.716284809250864463e-01
6.300000000000000044e-01	2.134246756640183484e-01	5.716283213438724253e-01
6.350000000000000089e-01	2.125224508457701778e-01	5.716281588786366052e-01
6.400000000000000133e-01	2.116131051457372514e-01	5.716279934666076423e-01
6.450000000000000178e-01	2.106966389646402482e-01	5.716278250430247843e-01
6.500000000000000222e-01	2.097730527162885161e-01	5.716276535411467519e-01
6.550000000000000266e-01	2.088423468230552194e-01	5.716274788920755467e-01
6.600000000000000311e-01	2.079045217212271979e-01	5.716273010247917563e-01
6.650000000000000355e-01	2.069595778562812460e-01	5.716271198659356179e-01
6.700000000000000400e-01	2.060075156885005088e-01	5.716269353398725217e-01
6.750000000000000444e-01	2.050483356880384855e-01	5.716267473684258915e-01
6.800000000000000488e-01	2.040820383408220862e-01	5.716265558709762162e-01
6.850000000000000533e-01	2.031086241433886219e-01	5.716263607641401956e-01
6.899999999999999467e-01	2.021280936090976976e-01	5.716261619619082968e-01
6.949999999999999512e-01	2.011404472627251749e-01	5.716259593752621715e-01
6.999999999999999556e-01	2.001456856470081036e-01	5.716257529123567327e-01
7.049999999999999600e-01	1.991438093169785595e-01	5.716255424780679606e-01
7.099999999999999645e-01	1.981348188468679550e-01	5.716253279742250504e-01
7.149999999999999689e-01	1.971187148241618503e-01	5.716251092990799476e-01
7.199999999999999734e-01	1.960954978568930640e-01	5.716248863475953401e-01
7.249999999999999778e-01	1.950651685673970293e-01	5.716246590108275960e-01
7.299999999999999822e-01	1.940277276000254014e-01	5.716244271762768170e-01
7.349999999999999867e-01	1.929831756145800603e-01	5.716241907271719658e-01
7.399999999999999911e-01	1.919315132944826585e-01	5.716239495428915296e-01
7.449999999999999956e-01	1.908727413398623451e-01	5.716237034981379583e-01
7.500000000000000000e-01	1.898068604762208345e-01	5.716234524634389302e-01
7.550000000000000044e-01	1.887338714471473444e-01	5.716231963041956687e-01
7.600000000000000089e-01	1.876537750235220681e-01	5.716229348812758015e-01
7.650000000000000133e-01	1.865665719958292113e-01	5.716226680499196799e-01
7.700000000000000178e-01	1.854722631839471336e-01	5.716223956604365997e-01
7.750000000000000222e-01	1.843708494290272615e-01	5.716221175569495827e-01
7.800000000000000266e-01	1.832623316039241890e-01	5.716218335782097260e-01
7.850000000000000311e-01	1.821467106046055495e-01	5.716215435561576852e-01
7.900000000000000355e-01	1.810239873612811412e-01	5.716212473168718056e-01
7.950000000000000400e-01	1.798941628293052597e-01	5.716209446789219939e-01
8.000000000000000444e-01	1.787572380010711282e-01	5.716206354544691726e-01
8.050000000000000488e-01	1.776132138963629481e-01	5.716203194473827853e-01
8.100000000000000533e-01	1.764620915750894081e-01	5.716199964545144452e-01
8.149999999999999467e-01	1.753038721270390732e-01	5.716196662635436576e-01
8.199999999999999512e-01	1.741385566855353784e-01	5.716193286544508645e-01
8.249999999999999556e-01	1.729661464165433427e-01	5.716189833970545253e-01
8.299999999999999600e-01	1.717866425333395564e-01	5.716186302527095364e-01
8.349999999999999645e-01	1.706000462849122934e-01	5.716182689714921494e-01
8.399999999999999689e-01	1.694063589717512419e-01	5.716178992941568504e-01
8.449999999999999734e-01	1.682055819334775937e-01	5.716175209489168241e-01
8.499999999999999778e-01	1.669977165658710627e-01	5.716171336536977066e-01
8.549999999999999822e-01	1.657827643076597302e-01	5.716167371124530883e-01
8.599999999999999867e-01	1.645607266589175222e-01	5.716163310177584389e-01
8.649999999999999911e-01	1.633316051669347346e-01	5.716159150465933703e-01
8.699999999999999956e-01	1.620954014461379045e-01	5.716154888633259157e-01
8.750000000000000000e-01	1.608521171629533064e-01	5.716150521148785080e-01
8.800000000000000044e-01	1.596017540574202753e-01	5.716146044341635646e-01
8.850000000000000089e-01	1.583443139269505306e-01	5.716141454345374795e-01
8.900000000000000133e-01	1.570797986498308207e-01	5.716136747137556817e-01
8.950000000000000178e-01	1.558082101677681630e-01	5.716131918476028417e-01
9.000000000000000222e-01	1.545295505115059365e-01	5.716126963944488937e-01
9.050000000000000266e-01	1.532438217820324688e-01	5.716121878879213414e-01
9.100000000000000311e-01	1.519510261785672334e-01	5.716116658421597219e-01
9.150000000000000355e-01	1.506511659782945878e-01	5.716111297433719152e-01
9.200000000000000400e-01	1.493442435670156998e-01	5.716105790558994038e-01
9.250000000000000444e-01	1.480302614172523124e-01	5.716100132124709576e-01
9.300000000000000488e-01	1.467092221219052917e-01	5.716094316212124715e-01
9.350000000000000533e-01	1.453811283705528368e-01	5.716088336543763138e-01
9.399999999999999467e-01	1.440459829865108898e-01	5.716082186564532819e-01
9.449999999999999512e-01	1.427037889011278093e-01	5.716075859311102736e-01
9.499999999999999556e-01	1.413545491947053312e-01	5.716069347505956522e-01
9.549999999999999600e-01	1.399982670685653019e-01	5.716062643405641630e-01
9.599999999999999645e-01	1.386349458903668175e-01	5.716055738910013062e-01
9.649999999999999689e-01	1.372645891636900539e-01	5.716048625385505844e-01
9.699999999999999734e-01	1.358872005783768599e-01	5.716041293792282207e-01
9.749999999999999778e-01	1.345027839773412781e-01	5.716033734477851125e-01
9.799999999999999822e-01	1.331113434126717510e-01	5.716025937325389661e-01
9.849999999999999867e-01	1.317128831093372088e-01	5.716017891512035209e-01
9.899999999999999911e-01	1.303074075279220256e-01	5.716009585682330085e-01
9.949999999999999956e-01	1.288949213248494485e-01	5.716001007664257560e-01
1.000000000000000000e+00	1.274754294227833651e-01	5.715992144672599196e-01
1.004999999999999893e+00	1.260489369669354487e-01	5.715982982974213700e-01
1.010000000000000009e+00	1.246154494043663907e-01	5.715973508127156766e-01
1.015000000000000124e+00	1.231749724358784520e-01	5.715963704584711147e-01
1.020000000000000018e+00	1.217275121056942966e-01	5.715953555977433265e-01
1.024999999999999911e+00	1.202730747483603951e-01	5.715943044642931570e-01
1.030000000000000027e+00	1.188116670905834116e-01	5.715932151959656204e-01
1.035000000000000142e+00	1.173432961924838758e-01	5.715920857786208620e-01
1.040000000000000036e+00	1.158679695637449131e-01	5.715909140857796666e-01
1.044999999999999929e+00	1.143856950984516313e-01	5.715896978114727300e-01
1.050000000000000044e+00	1.128964812081791336e-01	5.715884345175102910e-01
1.055000000000000160e+00	1.114003367495330077e-01	5.715871215526823201e-01
1.060000000000000053e+00	1.098972711773968797e-01	5.715857561093522499e-01
1.064999999999999947e+00	1.083872944641473129e-01	5.715843351257423599e-01
1.070000000000000062e+00	1.068704172770357785e-01	5.715828553539945567e-01
1.075000000000000178e+00	1.053466508878887348e-01	5.715813132413604114e-01
1.080000000000000071e+00	1.038160073795618421e-01	5.715797050124432621e-01
1.084999999999999964e+00	1.022784995447436895e-01	5.715780265239016611e-01
1.090000000000000080e+00	1.007341411276666543e-01	5.715762733643381388e-01
1.095000000000000195e+00	9.918294671041236188e-02	5.715744406755033369e-01
1.100000000000000089e+00	9.762493199768189356e-02	5.715725232742875361e-01
1.104999999999999982e+00	9.606011368874763090e-02	5.715705154312274994e-01
1.110000000000000098e+00	9.448850981521293713e-02	5.715684110203735901e-01
1.115000000000000213e+00	9.291013959647197173e-02	5.715662032429229544e-01
1.120000000000000107e+00	9.132502384320786981e-02	5.715638848125063065e-01
1.125000000000000000e+00	8.973318479390877955e-02	5.715614476076648076e-01
1.129999999999999893e+00	8.813464660063408118e-02	5.715588829025011197e-01
1.134999999999999787e+00	8.652943514380839751e-02	5.715561809259994686e-01
1.139999999999999902e+00	8.491757862190502104e-02	5.715533311512730474e-01
1.145000000000000018e+00	8.329910734142313700e-02	5.715503217316548756e-01
1.149999999999999911e+00	8.167405443916288255e-02	5.715471398663339864e-01
1.154999999999999805e+00	8.004245564403905666e-02	5.715437710715997044e-01
1.159999999999999920e+00	7.840435017037962473e-02	5.715401996470489410e-01
1.165000000000000036e+00	7.675978044814711632e-02	5.715364077236250173e-01
1.169999999999999929e+00	7.510879323943614461e-02	5.715323758636474683e-01
1.174999999999999822e+00	7.345143933394382429e-02	5.715280818026181597e-01
1.179999999999999938e+00	7.178777496049812412e-02	5.715235012293864436e-01
1.185000000000000053e+00	7.011786144558666833e-02	5.715186061017248909e-01
1.189999999999999947e+00	6.844176702031451454e-02	5.715133656720241540e-01
1.194999999999999840e+00	6.675956644208619339e-02	5.715077442002238772e-01
1.199999999999999956e+00	6.507134333964889605e-02	5.715017023187556333e-01
1.205000000000000071e+00	6.337718980277182168e-02	5.714951938785762797e-01
1.209999999999999964e+00	6.167720947174184370e-02	5.714881677898688839e-01
1.214999999999999858e+00	5.997151710919639694e-02	5.714805635971405007e-01
1.219999999999999973e+00	5.826024273852736107e-02	5.714723139980787403e-01
1.225000000000000089e+00	5.654353122983797608e-02	5.714633385158279788e-01
1.229999999999999982e+00	5.482154794619303190e-02	5.714535470019943553e-01
1.234999999999999876e+00	5.309447840946312364e-02	5.714428303928970054e-01
1.239999999999999991e+00	5.136253616277978995e-02	5.714310656693948332e-01
1.245000000000000107e+00	4.962596264631276982e-02	5.714181020269126776e-01
1.250000000000000000e+00	4.788503839804778006e-02	5.714037680399207675e-01
1.254999999999999893e+00	4.614008339306163720e-02	5.713878504065527109e-01
1.260000000000000009e+00	4.439147341168914185e-02	5.713701045331436301e-01
1.265000000000000124e+00	4.263964133702595471e-02	5.713502208589350539e-01
1.270000000000000018e+00	4.088510176661663831e-02	5.713278408973953004e-01
1.274999999999999911e+00	3.912845424340922335e-02	5.713025020131543563e-01
1.280000000000000027e+00	3.737042146310078083e-02	5.712736624567793520e-01
1.285000000000000142e+00	3.561185639335504721e-02	5.712406071887439207e-01
1.290000000000000036e+00	3.385380373145847194e-02	5.712024883166142430e-01
1.294999999999999929e+00	3.209751491001550799e-02	5.711581571871471308e-01
1.300000000000000044e+00	3.034455087180373475e-02	5.711062324787298250e-01
1.305000000000000160e+00	2.859681329591271318e-02	5.710447854646784061e-01
1.310000000000000053e+00	2.685672363433445897e-02	5.709714609188036860e-01
1.314999999999999947e+00	2.512728806128674067e-02	5.708828537513019885e-01
1.320000000000000062e+00	2.341242160125055552e-02	5.707747398589672061e-01
1.325000000000000178e+00	2.171708241833300579e-02	5.706407692068702353e-01
1.330000000000000071e+00	2.004787266460502509e-02	5.704729565350521447e-01
1.334999999999999964e+00	1.841330299001715798e-02	5.702588050920673890e-01
1.340000000000000080e+00	1.682487466844596880e-02	5.699825320534753770e-01
1.345000000000000195e+00	1.529749459854467392e-02	5.696186723104088578e-01
1.350000000000000089e+00	1.385103242215253612e-02	5.691358345943184904e-01
1.354999999999999982e+00	1.251030030558288042e-02	5.684840131460622281e-01
1.360000000000000098e+00	1.130510305583297403e-02	5.676077274853345012e-01
1.365000000000000213e+00	1.026661766837494612e-02	5.664310369537708389e-01
1.370000000000000107e+00	9.419593908766029852e-03	5.648946528128377942e-01
1.375000000000000000e+00	8.773616129943592051e-03	5.629581242102855709e-01
1.379999999999999893e+00	8.314340993280367603e-03	5.606340764472497185e-01
1.384999999999999787e+00	8.009256734032299541e-03	5.579873031294549923e-01
1.389999999999999902e+00	7.817329360258086848e-03	5.550959389931433563e-01
1.395000000000000018e+00	7.701167763538459970e-03	5.520483169722516514e-01
1.399999999999999911e+00	7.632865139617963854e-03	5.489018621123282760e-01
1.404999999999999805e+00	7.593133960321255850e-03	5.457037014838461708e-01
1.409999999999999920e+00	7.570344049360767762e-03	5.424781998413318318e-01
1.415000000000000036e+00	7.557210231513970290e-03	5.392432270715465936e-01
1.419999999999999929e+00	7.549677715937203049e-03	5.360072748763428097e-01
1.424999999999999822e+00	7.545286650398984676e-03	5.327763438610779723e-01
1.429999999999999938e+00	7.542704967200237337e-03	5.295532014823657319e-01
1.435000000000000053e+00	7.541132827038984042e-03	5.263397784618485398e-01
1.439999999999999947e+00	7.540141024298467956e-03	5.231369532742742301e-01
1.444999999999999840e+00	7.539472706970666224e-03	5.199453346780453789e-01
1.449999999999999956e+00	7.538990467879015667e-03	5.167651954272647341e-01
1.455000000000000071e+00	7.538612172533641978e-03	5.135967225669283431e-01
1.459999999999999964e+00	7.538293931150563502e-03	5.104399966070383154e-01
1.464999999999999858e+00	7.538009520403210137e-03	5.072950710258458118e-01
1.469999999999999973e+00	7.537744934161282051e-03	5.041619656735606414e-01
1.475000000000000089e+00	7.537491805560809360e-03	5.010406919614528443e-01
1.479999999999999982e+00	7.537245666695715704e-03	4.979312507593418591e-01
1.484999999999999876e+00	7.537003848588980787e-03	4.948336403679846063e-01
1.489999999999999991e+00	7.536764925888674374e-03	4.917478558393436616e-01
1.495000000000000107e+00	7.536528046854835787e-03	4.886738914996462402e-01
1.500000000000000000e+00	7.536292756261108415e-03	4.856117407200478686e-01
1.504999999999999893e+00	7.536058781722696116e-03	4.825613967169509744e-01
1.510000000000000009e+00	7.535825977236595800e-03	4.795228524647969226e-01
1.515000000000000124e+00	7.535594255066861355e-03	4.764961009528286273e-01
1.520000000000000018e+00	7.535363567749587578e-03	4.734811351422276715e-01
1.524999999999999911e+00	7.535133886388134181e-03	4.704779480522316981e-01
1.530000000000000027e+00	7.534905194917813388e-03	4.674865327305788854e-01
1.535000000000000142e+00	7.534677483193370773e-03	4.645068822868699820e-01
1.540000000000000036e+00	7.534450745159773991e-03	4.615389898664404855e-01
1.544999999999999929e+00	7.534224976652844491e-03	4.585828486682318461e-01
1.550000000000000044e+00	7.534000174814135288e-03	4.556384519189322635e-01
1.555000000000000160e+00	7.533776337392809712e-03	4.527057928871417447e-01
1.560000000000000053e+00	7.533553462556604255e-03	4.497848648567525087e-01
1.564999999999999947e+00	7.533331548671771960e-03	4.468756611411432988e-01
1.570000000000000062e+00	7.533110594240083335e-03	4.439781750554496198e-01
1.575000000000000178e+00	7.532890597830990860e-03	4.410923999319832367e-01
1.580000000000000071e+00	7.532671558058708951e-03	4.382183290912562978e-01
1.584999999999999964e+00	7.532453473562872662e-03	4.353559558590163747e-01
1.590000000000000080e+00	7.532236342998323633e-03	4.325052735359623535e-01
1.595000000000000195e+00	7.532020165031270281e-03	4.296662754165304077e-01
1.600000000000000089e+00	7.531804938333064477e-03	4.268389547572635223e-01
1.604999999999999982e+00	7.531590661581358606e-03	4.240233047973984148e-01
1.610000000000000098e+00	7.531377333455117375e-03	4.212193187258632676e-01
1.615000000000000213e+00	7.531164952637420251e-03	4.184269897036898000e-01
1.620000000000000107e+00	7.530953517810827155e-03	4.156463108296161169e-01
1.625000000000000000e+00	7.530743027660773310e-03	4.128772751643357553e-01
1.629999999999999893e+00	7.530533480871002584e-03	4.101198756946897173e-01
1.634999999999999787e+00	7.530324876127214746e-03	4.073741053597598749e-01
1.639999999999999902e+00	7.530117212112478857e-03	4.046399570136343105e-01
1.645000000000000018e+00	7.529910487511031446e-03	4.019174234533494650e-01
1.649999999999999911e+00	7.529704701003632657e-03	3.992064973802183503e-01
1.654999999999999805e+00	7.529499851271483253e-03	3.965071714296214966e-01
1.659999999999999920e+00	7.529295936991516579e-03	3.938194381308877667e-01
1.665000000000000036e+00	7.529092956840422249e-03	3.911432899389366002e-01
1.669999999999999929e+00	7.528890909489867854e-03	3.884787191927029926e-01
1.674999999999999822e+00	7.528689793610629337e-03	3.858257181486264842e-01
1.679999999999999938e+00	7.528489607867738104e-03	3.831842789376177505e-01
1.685000000000000053e+00	7.528290350924718953e-03	3.805543936003894512e-01
1.689999999999999947e+00	7.528092021438663461e-03	3.779360540429625437e-01
1.694999999999999840e+00	7.527894618064565925e-03	3.753292520738290561e-01
1.699999999999999956e+00	7.527698139450332560e-03	3.727339793580007332e-01
1.705000000000000071e+00	7.527502584241212852e-03	3.701502274559959060e-01
1.709999999999999964e+00	7.527307951074737637e-03	3.675779877764303039e-01
1.714999999999999858e+00	7.527114238585253664e-03	3.650172516168169179e-01
1.719999999999999973e+00	7.526921445398788817e-03	3.624680101147049194e-01
1.725000000000000089e+00	7.526729570137680354e-03	3.599302542902791946e-01
1.729999999999999982e+00	7.526538611415382017e-03	3.574039749960539747e-01
1.734999999999999876e+00	7.526348567841177270e-03	3.548891629612564991e-01
1.739999999999999991e+00	7.526159438014917019e-03	3.523858087400835171e-01
1.745000000000000107e+00	7.525971220531840408e-03	3.498939027578542582e-01
1.750000000000000000e+00	7.525783913977231870e-03	3.474134352578394647e-01
1.754999999999999893e+00	7.525597516931339936e-03	3.449443963491647391e-01
1.760000000000000009e+00	7.525412027963965765e-03	3.424867759522243760e-01
1.765000000000000124e+00	7.525227445639479096e-03	3.400405638483164905e-01
1.770000000000000018e+00	7.525043768511333921e-03	3.376057496236543609e-01
1.774999999999999911e+00	7.524860995127175510e-03	3.351823227207116340e-01
1.780000000000000027e+00	7.524679124023292767e-03	3.327702723808477203e-01
1.785000000000000142e+00	7.524498153729816327e-03	3.303695876973405388e-01
1.790000000000000036e+00	7.524318082765103256e-03	3.279802575566422296e-01
1.794999999999999929e+00	7.524138909641020154e-03	3.256022706930746247e-01
1.800000000000000044e+00	7.523960632857267135e-03	3.232356156287342630e-01
1.805000000000000160e+00	7.523783250906750271e-03	3.208802807298268278e-01
1.810000000000000053e+00	7.523606762269837052e-03	3.185362541452392282e-01
1.814999999999999947e+00	7.523431165419815561e-03	3.162035238644869684e-01
1.820000000000000062e+00	7.523256458817084887e-03	3.138820776549738900e-01
1.825000000000000178e+00	7.523082640914706236e-03	3.115719031215264945e-01
1.830000000000000071e+00	7.522909710152523091e-03	3.092729876423616631e-01
1.834999999999999964e+00	7.522737664962795591e-03	3.069853184301796767e-01
1.840000000000000080e+00	7.522566503764266041e-03	3.047088824668635620e-01
1.845000000000000195e+00	7.522396224967869624e-03	3.024436665661017765e-01
1.850000000000000089e+00	7.522226826970735726e-03	3.001896573068421614e-01
1.854999999999999982e+00	7.522058308161987117e-03	2.979468410974140391e-01
1.860000000000000098e+00	7.521890666916677091e-03	2.957152041077623084e-01
1.865000000000000213e+00	7.521723901601665846e-03	2.934947323350384218e-01
1.870000000000000107e+00	7.521558010569503842e-03	2.912854115346396044e-01
1.875000000000000000e+00	7.521392992164379308e-03	2.890872272872356263e-01
1.879999999999999893e+00	7.521228844715949560e-03	2.869001649286418987e-01
1.884999999999999787e+00	7.521065566545358759e-03	2.847242096182500681e-01
1.889999999999999902e+00	7.520903155959018059e-03	2.825593462677589152e-01
1.895000000000000018e+00	7.520741611254696223e-03	2.804055596109787385e-01
1.899999999999999911e+00	7.520580930715237318e-03	2.782628341314476450e-01
1.904999999999999805e+00	7.520421112614731132e-03	2.761311541335741415e-01
1.909999999999999920e+00	7.520262155212180562e-03	2.740105036691689033e-01
1.915000000000000036e+00	7.520104056757731005e-03	2.719008666098917670e-01
1.919999999999999929e+00	7.519946815486290050e-03	2.698022265727279545e-01
1.924999999999999822e+00	7.519790429623828855e-03	2.677145669937028294e-01
1.929999999999999938e+00	7.519634897380950665e-03	2.656378710523339404e-01
1.935000000000000053e+00	7.519480216959252908e-03	2.635721217465796240e-01
1.939999999999999947e+00	7.519326386544848001e-03	2.615173018162947338e-01
1.944999999999999840e+00	7.519173404314792239e-03	2.594733938193781175e-01
1.949999999999999956e+00	7.519021268430561497e-03	2.574403800542634513e-01
1.955000000000000071e+00	7.518869977044534761e-03	2.554182426372287873e-01
1.959999999999999964e+00	7.518719528293431667e-03	2.534069634239544677e-01
1.964999999999999858e+00	7.518569920304847207e-03	2.514065240879576613e-01
1.969999999999999973e+00	7.518421151190652837e-03	2.494169060412482763e-01
1.975000000000000089e+00	7.518273219053585830e-03	2.474380905138534592e-01
1.979999999999999982e+00	7.518126121980609616e-03	2.454700584736025648e-01
1.984999999999999876e+00	7.517979858049556909e-03	2.435127907067041464e-01
1.989999999999999991e+00	7.517834425322449284e-03	2.415662677366925137e-01
1.995000000000000107e+00	7.517689821852194081e-03	2.396304699060201049e-01
2.000000000000000000e+00	7.517546045675866685e-03	2.377053772941987719e-01
2.004999999999999893e+00	7.517403094821456001e-03	2.357909698003685661e-01
2.009999999999999787e+00	7.517260967301114642e-03	2.338872270606669468e-01
2.014999999999999680e+00	7.517119661117946036e-03	2.319941285317372315e-01
2.020000000000000018e+00	7.516979174259226862e-03	2.301116534073581188e-01
2.024999999999999911e+00	7.516839504703234920e-03	2.282397807028542780e-01
2.029999999999999805e+00	7.516700650412441211e-03	2.263784891710185765e-01
2.035000000000000142e+00	7.516562609340382041e-03	2.245277573873862287e-01
2.040000000000000036e+00	7.516425379424822480e-03	2.226875636654855328e-01
2.044999999999999929e+00	7.516288958594664026e-03	2.208578861429361107e-01
2.049999999999999822e+00	7.516153344763084644e-03	2.190387026960604333e-01
2.054999999999999716e+00	7.516018535834482865e-03	2.172299910267697365e-01
2.060000000000000053e+00	7.515884529697594400e-03	2.154317285765691148e-01
2.064999999999999947e+00	7.515751324232466599e-03	2.136438926141935868e-01
2.069999999999999840e+00	7.515618917303558584e-03	2.118664601490396204e-01
2.075000000000000178e+00	7.515487306766744334e-03	2.100994080195121849e-01
2.080000000000000071e+00	7.515356490462389398e-03	2.083427128059189282e-01
2.084999999999999964e+00	7.515226466222391273e-03	2.065963509194888859e-01
2.089999999999999858e+00	7.515097231863233571e-03	2.048602985147612021e-01
2.094999999999999751e+00	7.514968785193051545e-03	2.031345315792397743e-01
2.100000000000000089e+00	7.514841124004675854e-03	2.014190258453093796e-01
2.104999999999999982e+00	7.514714246082716299e-03	1.997137568804879804e-01
2.109999999999999876e+00	7.514588149196596914e-03	1.980186999989037855e-01
2.115000000000000213e+00	7.514462831107657920e-03	1.963338303521069972e-01
2.120000000000000107e+00	7.514338289562183873e-03	1.946591228401422236e-01
2.125000000000000000e+00	7.514214522298520368e-03	1.929945522028815030e-01
2.129999999999999893e+00	7.514091527040092644e-03	1.913400929307243481e-01
2.134999999999999787e+00	7.513969301502547438e-03	1.896957193564161315e-01
2.140000000000000124e+00	7.513847843386753378e-03	1.880614055654077632e-01
2.145000000000000018e+00	7.513727150385965392e-03	1.864371254881224960e-01
2.149999999999999911e+00	7.513607220178814688e-03	1.848228528100085699e-01
2.155000000000000249e+00	7.513488050436488777e-03	1.832185610642155793e-01
2.160000000000000142e+00	7.513369638815718850e-03	1.816242235413751960e-01
2.165000000000000036e+00	7.513251982965965005e-03	1.800398133826498492e-01
2.169999999999999929e+00	7.513135080522408832e-03	1.784653034892715873e-01
2.174999999999999822e+00	7.513018929113141238e-03	1.769006666159289587e-01
2.180000000000000160e+00	7.512903526352158502e-03	1.753458752800960974e-01
2.185000000000000053e+00	7.512788869846554439e-03	1.738009018557209462e-01
2.189999999999999947e+00	7.512674957189520789e-03	1.722657184823761511e-01
2.195000000000000284e+00	7.512561785967538514e-03	1.707402971592127394e-01
2.200000000000000178e+00	7.512449353753387730e-03	1.692246096539656020e-01
2.205000000000000071e+00	7.512337658113338139e-03	1.677186275971365437e-01
2.209999999999999964e+00	7.512226696600164157e-03	1.662223223908848302e-01
2.214999999999999858e+00	7.512116466760337084e-03	1.647356653034052210e-01
2.220000000000000195e+00	7.512006966127043710e-03	1.632586273777342778e-01
2.225000000000000089e+00	7.511898192227381074e-03	1.617911795262892971e-01
2.229999999999999982e+00	7.511790142575384618e-03	1.603332924396201620e-01
2.235000000000000320e+00	7.511682814679209938e-03	1.588849366810739516e-01
2.240000000000000213e+00	7.511576206034181746e-03	1.574460825955251164e-01
2.245000000000000107e+00	7.511470314129966089e-03	1.560167004041302929e-01
2.250000000000000000e+00	7.511365136443631449e-03	1.545967601130653346e-01
2.254999999999999893e+00	7.511260670446810554e-03	1.531862316083390518e-01
2.259999999999999787e+00	7.511156913598779697e-03	1.517850845645661306e-01
2.264999999999999680e+00	7.511053863353609264e-03	1.503932885398054919e-01
2.270000000000000018e+00	7.510951517153256068e-03	1.490108128843987412e-01
2.274999999999999911e+00	7.510849872434706941e-03	1.476376268358015054e-01
2.279999999999999805e+00	7.510748926623084069e-03	1.462736994275150582e-01
2.285000000000000142e+00	7.510648677138777318e-03	1.449189995838776057e-01
2.290000000000000036e+00	7.510549121390566914e-03	1.435734960291192575e-01
2.294999999999999929e+00	7.510450256782740149e-03	1.422371573820807034e-01
2.299999999999999822e+00	7.510352080708240091e-03	1.409099520654184534e-01
2.304999999999999716e+00	7.510254590555755401e-03	1.395918484002207915e-01
2.310000000000000053e+00	7.510157783702896793e-03	1.382828145153903732e-01
2.314999999999999947e+00	7.510061657523267771e-03	1.369828184421268691e-01
2.319999999999999840e+00	7.509966209379666247e-03	1.356918280235132335e-01
2.325000000000000178e+00	7.509871436631128383e-03	1.344098110088345621e-01
2.330000000000000071e+00	7.509777336626158838e-03	1.331367349633961750e-01
2.334999999999999964e+00	7.509683906709754657e-03	1.318725673626474360e-01
2.339999999999999858e+00	7.509591144216658937e-03	1.306172755022571019e-01
2.344999999999999751e+00	7.509499046478357830e-03	1.293708265920146538e-01
2.350000000000000089e+00	7.509407610816369767e-03	1.281331876661873925e-01
2.354999999999999982e+00	7.509316834549208640e-03	1.269043256771708317e-01
2.359999999999999876e+00	7.509226714985707714e-03	1.256842074061523262e-01
2.365000000000000213e+00	7.509137249431951586e-03	1.244727995564819806e-01
2.370000000000000107e+00	7.509048435184635661e-03	1.232700686646687332e-01
2.375000000000000000e+00	7.508960269537962549e-03	1.220759811934427896e-01
2.379999999999999893e+00	7.508872749777037968e-03	1.208905034431080883e-01
2.384999999999999787e+00	7.508785873184737648e-03	1.197136016442705841e-01
2.390000000000000124e+00	7.508699637035131866e-03	1.185452418695697452e-01
2.395000000000000018e+00	7.508614038600321984e-03	1.173853901260461241e-01
2.399999999999999911e+00	7.508529075143906620e-03	1.162340122672746862e-01
2.405000000000000249e+00	7.508444743927771350e-03	1.150910740853457459e-01
2.410000000000000142e+00	7.508361042205599981e-03	1.139565412234239128e-01
2.415000000000000036e+00	7.508277967229626086e-03	1.128303792673156086e-01
2.419999999999999929e+00	7.508195516244187649e-03	1.117125536584749890e-01
2.424999999999999822e+00	7.508113686492430029e-03	1.106030297851354205e-01
2.430000000000000160e+00	7.508032475209909171e-03	1.095017728957823899e-01
2.435000000000000053e+00	7.507951879631252073e-03	1.084087481898246136e-01
2.439999999999999947e+00	7.507871896983800766e-03	1.073239207315553889e-01
2.445000000000000284e+00	7.507792524494233746e-03	1.062472555403392444e-01
2.450000000000000178e+00	7.507713759382250718e-03	1.051787175050827305e-01
2.455000000000000071e+00	7.507635598867151532e-03	1.041182714739130877e-01
2.459999999999999964e+00	7.507558040161565159e-03	1.030658821691777943e-01
2.464999999999999858e+00	7.507481080477985264e-03	1.020215142765940469e-01
2.470000000000000195e+00	7.507404717022542542e-03	1.009851323607956625e-01
2.475000000000000089e+00	7.507328947001496063e-03	9.995670095393148491e-02
2.479999999999999982e+00	7.507253767615053308e-03	9.893618447177825181e-02
2.485000000000000320e+00	7.507179176063812076e-03	9.792354730176658362e-02
2.490000000000000213e+00	7.507105169542629963e-03	9.691875371967917374e-02
2.495000000000000107e+00	7.507031745247015955e-03	9.592176797708248936e-02
2.500000000000000000e+00	7.506958900367049353e-03	9.493255421862746568e-02
2.504999999999999893e+00	7.506886632093725392e-03	9.395107656886850234e-02
2.509999999999999787e+00	7.506814937612916669e-03	9.297729905018267682e-02
2.514999999999999680e+00	7.506743814111675392e-03	9.201118566895689910e-02
2.520000000000000018e+00	7.506673258772243382e-03	9.105270033414185338e-02
2.524999999999999911e+00	7.506603268778296208e-03	9.010180694278892288e-02
2.529999999999999805e+00	7.506533841309017373e-03	8.915846929925476394e-02
2.535000000000000142e+00	7.506464973545277398e-03	8.822265120006893280e-02
2.540000000000000036e+00	7.506396662663764388e-03	8.729431635380584253e-02
2.544999999999999929e+00	7.506328905843116274e-03	8.637342846526524509e-02
2.549999999999999822e+00	7.506261700258096484e-03	8.545995115602517123e-02
2.554999999999999716e+00	7.506195043085668941e-03	8.455384804791943321e-02
2.560000000000000053e+00	7.506128931499237052e-03	8.365508268428584193e-02
2.564999999999999947e+00	7.506063362674661454e-03	8.276361861272403531e-02
2.569999999999999840e+00	7.505998333784544979e-03	8.187941930705258664e-02
2.575000000000000178e+00	7.505933842004200093e-03	8.100244824933133803e-02
2.580000000000000071e+00	7.505869884505994571e-03	8.013266885254106964e-02
2.584999999999999964e+00	7.505806458465253024e-03	7.927004454185518356e-02
2.589999999999999858e+00	7.505743561054658945e-03	7.841453867805385503e-02
2.594999999999999751e+00	7.505681189450104200e-03	7.756611463803116113e-02
2.600000000000000089e+00	7.505619340825143981e-03	7.672473573895553789e-02
2.604999999999999982e+00	7.505558012356786449e-03	7.589036531799846219e-02
2.609999999999999876e+00	7.505497201220010135e-03	7.506296665725278872e-02
2.615000000000000213e+00	7.505436904593488535e-03	7.424250306266931554e-02
2.620000000000000107e+00	7.505377119654164757e-03	7.342893778974474150e-02
2.625000000000000000e+00	7.505317843582921464e-03	7.262223412165300096e-02
2.629999999999999893e+00	7.505259073559211042e-03	7.182235529571259769e-02
2.634999999999999787e+00	7.505200806766662222e-03	7.102926458070138449e-02
2.640000000000000124e+00	7.505143040387773565e-03	7.024292520411302976e-02
2.645000000000000018e+00	7.505085771609455031e-03	6.946330042864394538e-02
2.649999999999999911e+00	7.505028997617784782e-03	6.869035348024750409e-02
2.655000000000000249e+00	7.504972715603483967e-03	6.792404762378233263e-02
2.660000000000000142e+00	7.504916922756736837e-03	6.716434609187420246e-02
2.665000000000000036e+00	7.504861616272600483e-03	6.641121215971389213e-02
2.669999999999999929e+00	7.504806793345885664e-03	6.566460907473531394e-02
2.674999999999999822e+00	7.504752451176506696e-03	6.492450013055431346e-02
2.680000000000000160e+00	7.504698586964421263e-03	6.419084859746956861e-02
2.685000000000000053e+00	7.504645197914911782e-03	6.346361779553361115e-02
2.689999999999999947e+00	7.504592281233593738e-03	6.274277102588363131e-02
2.695000000000000284e+00	7.504539834131627660e-03	6.202827164293576306e-02
2.700000000000000178e+00	7.504487853820790769e-03	6.132008298655355905e-02
2.705000000000000071e+00	7.504436337518625641e-03	6.061816845335675497e-02
2.709999999999999964e+00	7.504385282443570837e-03	5.992249142973334747e-02
2.714999999999999858e+00	7.504334685820046244e-03	5.923301536225579478e-02
2.720000000000000195e+00	7.504284544873647891e-03	5.854970369154232496e-02
2.725000000000000089e+00	7.504234856836162169e-03	5.787251992177403631e-02
2.729999999999999982e+00	7.504185618940828299e-03	5.720142755541002960e-02
2.735000000000000320e+00	7.504136828427284030e-03	5.653639016179887872e-02
2.740000000000000213e+00	7.504088482536891425e-03	5.587737131275340163e-02
2.745000000000000107e+00	7.504040578517617507e-03	5.522433465024961796e-02
2.750000000000000000e+00	7.503993113619421632e-03	5.457724382286548159e-02
2.754999999999999893e+00	7.503946085099071073e-03	5.393606255256275933e-02
2.759999999999999787e+00	7.503899490215588247e-03	5.330075457199270200e-02
2.764999999999999680e+00	7.503853326235001252e-03	5.267128369035638247e-02
2.770000000000000018e+00	7.503807590425858737e-03	5.204761373158099669e-02
2.774999999999999911e+00	7.503762280063908455e-03	5.142970859925367205e-02
2.779999999999999805e+00	7.503717392427674583e-03	5.081753221567156947e-02
2.785000000000000142e+00	7.503672924803072089e-03	5.021104858584529707e-02
2.790000000000000036e+00	7.503628874479048236e-03	4.961022173742567903e-02
2.794999999999999929e+00	7.503585238752126692e-03	4.901501578377324281e-02
2.799999999999999822e+00	7.503542014922116692e-03	4.842539486476316046e-02
2.804999999999999716e+00	7.503499200296583418e-03	4.784132320891834600e-02
2.810000000000000053e+00	7.503456792186626555e-03	4.726276507509429015e-02
2.814999999999999947e+00	7.503414787911282142e-03	4.668968481367360285e-02
2.819999999999999840e+00	7.503373184793360982e-03	4.612204680913174759e-02
2.825000000000000178e+00	7.503331980163788911e-03	4.555981554029028824e-02
2.830000000000000071e+00	7.503291171357505049e-03	4.500295552376542413e-02
2.834999999999999964e+00	7.503250755717731819e-03	4.445143137327852573e-02
2.839999999999999858e+00	7.503210730591943455e-03	4.390520774398664478e-02
2.844999999999999751e+00	7.503171093336064024e-03	4.336424939085044977e-02
2.850000000000000089e+00	7.503131841310500989e-03	4.282852111384666954e-02
2.854999999999999982e+00	7.503092971884273849e-03	4.229798781539218649e-02
2.859999999999999876e+00	7.503054482431113607e-03	4.177261444643837196e-02
2.865000000000000213e+00	7.503016370333522034e-03	4.125236606295117070e-02
2.870000000000000107e+00	7.502978632978934449e-03	4.073720777288692557e-02
2.875000000000000000e+00	7.502941267763712195e-03	4.022710479172836306e-02
2.879999999999999893e+00	7.502904272089372210e-03	3.972202239034049176e-02
2.884999999999999787e+00	7.502867643366504039e-03	3.922192594956383505e-02
2.890000000000000124e+00	7.502831379011067926e-03	3.872678090894839109e-02
2.895000000000000018e+00	7.502795476448245043e-03	3.823655282040560460e-02
2.899999999999999911e+00	7.502759933108796297e-03	3.775120729781859114e-02
2.905000000000000249e+00	7.502724746432845766e-03	3.727071006975345158e-02
2.910000000000000142e+00	7.502689913866305432e-03	3.679502692994455343e-02
2.915000000000000036e+00	7.502655432864585756e-03	3.632412378906719336e-02
2.919999999999999929e+00	7.502621300889084598e-03	3.585796662609425089e-02
2.924999999999999822e+00	7.502587515410837071e-03	3.539652153913351584e-02
2.930000000000000160e+00	7.502554073907060847e-03	3.493975469765278619e-02
2.935000000000000053e+00	7.502520973864737486e-03	3.448763239238403222e-02
2.939999999999999947e+00	7.502488212777228861e-03	3.404012098841385087e-02
2.945000000000000284e+00	7.502455788147783036e-03	3.359718697415760291e-02
2.950000000000000178e+00	7.502423697486214002e-03	3.315879691531198326e-02
2.955000000000000071e+00	7.502391938312345972e-03	3.272491750290217050e-02
2.959999999999999964e+00	7.502360508152752967e-03	3.229551550809253019e-02
2.964999999999999858e+00	7.502329404544135459e-03	3.187055782931096093e-02
2.970000000000000195e+00	7.502298625030120668e-03	3.145001144791324810e-02
2.975000000000000089e+00	7.502268167164575022e-03	3.103384347438903346e-02
2.979999999999999982e+00	7.502238028508467771e-03	3.062202110487535767e-02
2.985000000000000320e+00	7.502208206633113191e-03	3.021451166644794489e-02
2.990000000000000213e+00	7.502178699117100988e-03	2.981128257447999280e-02
2.995000000000000107e+00	7.502149503549469106e-03	2.941230137702373348e-02
3.000000000000000000e+00	7.502120617526690516e-03	2.901753571300850001e-02
3.004999999999999893e+00	7.502092038655792244e-03	2.862695335571837849e-02
3.009999999999999787e+00	7.502063764551394204e-03	2.824052217182431920e-02
3.014999999999999680e+00	7.502035792838765774e-03	2.785821016396260522e-02
3.020000000000000018e+00	7.502008121150926211e-03	2.747998543059604684e-02
3.024999999999999911e+00	7.501980747131630975e-03	2.710581620769912659e-02
3.029999999999999805e+00	7.501953668432541529e-03	2.673567082944173709e-02
3.035000000000000142e+00	7.501926882716137938e-03	2.636951776898729255e-02
3.040000000000000036e+00	7.501900387652955457e-03	2.600732559999357346e-02
3.044999999999999929e+00	7.501874180924430341e-03	2.564906303652924116e-02
3.049999999999999822e+00	7.501848260220192813e-03	2.529469889538553048e-02
3.054999999999999716e+00	7.501822623240854762e-03	2.494420213511843940e-02
3.060000000000000053e+00	7.501797267695357353e-03	2.459754181916425433e-02
3.064999999999999947e+00	7.501772191303698011e-03	2.425468715401404157e-02
3.069999999999999840e+00	7.501747391794337007e-03	2.391560745312657291e-02
3.075000000000000178e+00	7.501722866906861131e-03	2.358027217424198477e-02
3.080000000000000071e+00	7.501698614389442320e-03	2.324865088408539782e-02
3.084999999999999964e+00	7.501674632001449280e-03	2.292071329482687700e-02
3.089999999999999858e+00	7.501650917510958166e-03	2.259642922956847655e-02
3.094999999999999751e+00	7.501627468697302618e-03	2.227576865795819969e-02
3.100000000000000089e+00	7.501604283348642550e-03	2.195870166245312768e-02
3.104999999999999982e+00	7.501581359264451743e-03	2.164519847309519240e-02
3.109999999999999876e+00	7.501558694253142139e-03	2.133522943454254153e-02
3.115000000000000213e+00	7.501536286134497661e-03	2.102876504001509675e-02
3.120000000000000107e+00	7.501514132737345346e-03	2.072577589908709828e-02
3.125000000000000000e+00	7.501492231901935384e-03	2.042623277081000513e-02
3.129999999999999893e+00	7.501470581477664296e-03	2.013010653225829477e-02
3.134999999999999787e+00	7.501449179325395122e-03	1.983736821083847968e-02
3.140000000000000124e+00	7.501428023315240452e-03	1.954798895357992908e-02
3.145000000000000018e+00	7.501407111328819294e-03	1.926194005863837710e-02
3.149999999999999911e+00	7.501386441257093009e-03	1.897919294532378690e-02
3.155000000000000249e+00	7.501366011002571013e-03	1.869971918480712106e-02
3.160000000000000142e+00	7.501345818477191812e-03	1.842349047087693190e-02
3.165000000000000036e+00	7.501325861604474926e-03	1.815047864985794290e-02
3.169999999999999929e+00	7.501306138317459168e-03	1.788065569208820843e-02
3.174999999999999822e+00	7.501286646560789521e-03	1.761399372105864475e-02
3.180000000000000160e+00	7.501267384288713529e-03	1.735046498560178369e-02
3.185000000000000053e+00	7.501248349467110922e-03	1.709004188826197465e-02
3.189999999999999947e+00	7.501229540071539456e-03	1.683269695818664924e-02
3.195000000000000284e+00	7.501210954089211624e-03	1.657840287873626334e-02
3.200000000000000178e+00	7.501192589517091669e-03	1.632713246107023869e-02
3.205000000000000071e+00	7.501174444363814184e-03	1.607885867100532565e-02
3.209999999999999964e+00	7.501156516647836635e-03	1.583355460328705541e-02
3.214999999999999858e+00	7.501138804399298116e-03	1.559119350770686238e-02
3.220000000000000195e+00	7.501121305658225644e-03	1.535174876404989813e-02
3.225000000000000089e+00	7.501104018476340875e-03	1.511519390748021496e-02
3.229999999999999982e+00	7.501086940915307165e-03	1.488150260415602687e-02
3.235000000000000320e+00	7.501070071048494652e-03	1.465064867589288035e-02
3.240000000000000213e+00	7.501053406959268949e-03	1.442260607643715276e-02
3.245000000000000107e+00	7.501036946742705054e-03	1.419734891541699247e-02
3.250000000000000000e+00	7.501020688503924616e-03	1.397485143526491606e-02
3.254999999999999893e+00	7.501004630359759534e-03	1.375508803446656540e-02
3.259999999999999787e+00	7.500988770437134329e-03	1.353803324512301530e-02
3.264999999999999680e+00	7.500973106874681169e-03	1.332366175550735860e-02
3.270000000000000018e+00	7.500957637821165612e-03	1.311194838825743315e-02
3.274999999999999911e+00	7.500942361437053924e-03	1.290286812225050275e-02
3.279999999999999805e+00	7.500927275892985656e-03	1.269639607141682600e-02
3.285000000000000142e+00	7.500912379371291530e-03	1.249250750594238339e-02
3.290000000000000036e+00	7.500897670064507645e-03	1.229117783169448447e-02
3.294999999999999929e+00	7.500883146176849127e-03	1.209238261076264927e-02
3.299999999999999822e+00	7.500868805922766835e-03	1.189609754148609339e-02
3.304999999999999716e+00	7.500854647528372443e-03	1.170229847834382102e-02
3.310000000000000053e+00	7.500840669230040246e-03	1.151096141257422663e-02
3.314999999999999947e+00	7.500826869275785402e-03	1.132206249142448870e-02
3.319999999999999840e+00	7.500813245923909980e-03	1.113557799935324145e-02
3.325000000000000178e+00	7.500799797444332624e-03	1.095148437664939661e-02
3.330000000000000071e+00	7.500786522117276235e-03	1.076975820120833205e-02
3.334999999999999964e+00	7.500773418234554270e-03	1.059037620653059675e-02
3.339999999999999858e+00	7.500760484098300054e-03	1.041331526406192795e-02
3.344999999999999751e+00	7.500747718022210582e-03	1.023855240058244020e-02
3.350000000000000089e+00	7.500735118330307920e-03	1.006606478110076003e-02
3.354999999999999982e+00	7.500722683358149179e-03	9.895829725644351982e-03
3.359999999999999876e+00	7.500710411451625217e-03	9.727824692698091094e-03
3.365000000000000213e+00	7.500698300968125509e-03	9.562027295406037158e-03
3.370000000000000107e+00	7.500686350275375010e-03	9.398415285545117306e-03
3.375000000000000000e+00	7.500674557752559993e-03	9.236966569148737788e-03
3.379999999999999893e+00	7.500662921789206551e-03	9.077659191005872652e-03
3.384999999999999787e+00	7.500651440786257861e-03	8.920471349717278703e-03
3.390000000000000124e+00	7.500640113154990844e-03	8.765381382710121447e-03
3.395000000000000018e+00	7.500628937318061344e-03	8.612367780737399323e-03
3.399999999999999911e+00	7.500617911708451144e-03	8.461409173398609304e-03
3.405000000000000249e+00	7.500607034770469771e-03	8.312484343092873748e-03
3.410000000000000142e+00	7.500596304958749225e-03	8.165572211036017936e-03
3.415000000000000036e+00	7.500585720739197208e-03	8.020651850677929309e-03
3.419999999999999929e+00	7.500575280588028283e-03	7.877702474206479955e-03
3.424999999999999822e+00	7.500564982992686744e-03	7.736703445439514423e-03
3.430000000000000160e+00	7.500554826450905530e-03	7.597634266806234035e-03
3.435000000000000053e+00	7.500544809471588331e-03	7.460474591724274539e-03
3.439999999999999947e+00	7.500534930573912740e-03	7.325204212049025131e-03
3.445000000000000284e+00	7.500525188288169852e-03	7.191803069946119294e-03
3.450000000000000178e+00	7.500515581154901246e-03	7.060251245799366998e-03
3.455000000000000071e+00	7.500506107725705626e-03	6.930528969589132976e-03
3.459999999999999964e+00	7.500496766562400087e-03	6.802616609249225767e-03
3.464999999999999858e+00	7.500487556237803340e-03	6.676494681561718353e-03
3.470000000000000195e+00	7.500478475334923859e-03	6.552143840953338939e-03
3.475000000000000089e+00	7.500469522447704082e-03	6.429544889917015657e-03
3.479999999999999982e+00	7.500460696180249326e-03	6.308678768238618409e-03
3.485000000000000320e+00	7.500451995147532080e-03	6.189526562955302048e-03
3.490000000000000213e+00	7.500443417974646948e-03	6.072069498003420870e-03
3.495000000000000107e+00	7.500434963297497593e-03	5.956288943723912939e-03
3.500000000000000000e+00	7.500426629762067289e-03	5.842166406922087371e-03
3.504999999999999893e+00	7.500418416025078985e-03	5.729683539930275141e-03
3.509999999999999787e+00	7.500410320753296209e-03	5.618822131070301193e-03
3.514999999999999680e+00	7.500402342624149302e-03	5.509564113283554193e-03
3.520000000000000018e+00	7.500394480325067552e-03	5.401891554987111634e-03
3.524999999999999911e+00	7.500386732554072469e-03	5.295786668281078288e-03
3.529999999999999805e+00	7.500379098019142009e-03	5.191231800189349821e-03
3.535000000000000142e+00	7.500371575438767417e-03	5.088209440454322975e-03
3.540000000000000036e+00	7.500364163541348682e-03	4.986702213153391613e-03
3.544999999999999929e+00	7.500356861065723621e-03	4.886692884090796871e-03
3.549999999999999822e+00	7.500349666760590221e-03	4.788164352780933941e-03
3.554999999999999716e+00	7.500342579385001901e-03	4.691099659447226650e-03
3.560000000000000053e+00	7.500335597707820205e-03	4.595481977363479430e-03
3.564999999999999947e+00	7.500328720508181446e-03	4.501294619469495967e-03
3.569999999999999840e+00	7.500321946574978020e-03	4.408521031061705606e-03
3.575000000000000178e+00	7.500315274707292090e-03	4.317144796035124292e-03
3.580000000000000071e+00	7.500308703713905525e-03	4.227149629914783019e-03
3.584999999999999964e+00	7.500302232413705826e-03	4.138519385733491381e-03
3.589999999999999858e+00	7.500295859635219484e-03	4.051238047395476841e-03
3.594999999999999751e+00	7.500289584216998824e-03	3.965289735199484071e-03
3.600000000000000089e+00	7.500283405007168377e-03	3.880658699526165229e-03
3.604999999999999982e+00	7.500277320863792639e-03	3.797329326015903405e-03
3.609999999999999876e+00	7.500271330654444991e-03	3.715286129571530090e-03
3.615000000000000213e+00	7.500265433256553781e-03	3.634513759200064600e-03
3.620000000000000107e+00	7.500259627556986851e-03	3.554996992322663214e-03
3.625000000000000000e+00	7.500253912452380274e-03	3.476720739289425235e-03
3.629999999999999893e+00	7.500248286848741966e-03	3.399670037988265781e-03
3.634999999999999787e+00	7.500242749661755262e-03	3.323830058041940885e-03
3.640000000000000124e+00	7.500237299816410290e-03	3.249186095707774866e-03
3.645000000000000018e+00	7.500231936247277187e-03	3.175723577765857814e-03
3.649999999999999911e+00	7.500226657898162626e-03	3.103428056701581887e-03
3.655000000000000249e+00	7.500221463722362217e-03	3.032285214293846138e-03
3.660000000000000142e+00	7.500216352682335247e-03	2.962280857072769821e-03
3.665000000000000036e+00	7.500211323749936265e-03	2.893400919616487960e-03
3.669999999999999929e+00	7.500206375906105435e-03	2.825631460276115288e-03
3.674999999999999822e+00	7.500201508141086243e-03	2.758958664189903754e-03
3.680000000000000160e+00	7.500196719454134929e-03	2.693368839267834720e-03
3.685000000000000053e+00	7.500192008853712178e-03	2.628848418931638113e-03
3.689999999999999947e+00	7.500187375357212499e-03	2.565383958351435175e-03
3.695000000000000284e+00	7.500182817991140304e-03	2.502962136919982799e-03
3.700000000000000178e+00	7.500178335790854897e-03	2.441569754733935275e-03
3.705000000000000071e+00	7.500173927800728342e-03	2.381193734810532932e-03
3.709999999999999964e+00	7.500169593073907799e-03	2.321821119806256450e-03
3.714999999999999858e+00	7.500165330672454306e-03	2.263439073984162015e-03
3.720000000000000195e+00	7.500161139667119864e-03	2.206034880162481039e-03
3.725000000000000089e+00	7.500157019137475810e-03	2.149595941440781040e-03
3.729999999999999982e+00	7.500152968171702045e-03	2.094109778371460850e-03
3.735000000000000320e+00	7.500148985866692854e-03	2.039564030452495780e-03
3.740000000000000213e+00	7.500145071327872157e-03	1.985946453514893760e-03
3.745000000000000107e+00	7.500141223669277643e-03	1.933244920989823012e-03
3.750000000000000000e+00	7.500137442013389034e-03	1.881447421505197783e-03
3.754999999999999893e+00	7.500133725491201810e-03	1.830542059934851242e-03
3.759999999999999787e+00	7.500130073242064141e-03	1.780517055197267887e-03
3.764999999999999680e+00	7.500126484413741079e-03	1.731360741094498199e-03
3.770000000000000018e+00	7.500122958162265367e-03	1.683061564306446642e-03
3.774999999999999911e+00	7.500119493651981675e-03	1.635608085026844924e-03
3.779999999999999805e+00	7.500116090055413895e-03	1.588988975146535948e-03
3.785000000000000142e+00	7.500112746553298099e-03	1.543193018693837272e-03
3.790000000000000036e+00	7.500109462334461977e-03	1.498209110200462166e-03
3.794999999999999929e+00	7.500106236595838714e-03	1.454026254953319714e-03
3.799999999999999822e+00	7.500103068542365511e-03	1.410633567536714351e-03
3.804999999999999716e+00	7.500099957386983582e-03	1.368020271902732924e-03
3.810000000000000053e+00	7.500096902350547080e-03	1.326175700083498301e-03
3.814999999999999947e+00	7.500093902661810960e-03	1.285089292087051487e-03
3.819999999999999840e+00	7.500090957557349440e-03	1.244750594773498661e-03
3.825000000000000178e+00	7.500088066281537791e-03	1.205149261583188681e-03
3.830000000000000071e+00	7.500085228086480343e-03	1.166275051570951323e-03
3.834999999999999964e+00	7.500082442231974927e-03	1.128117828973087319e-03
3.839999999999999858e+00	7.500079707985456492e-03	1.090667562393761360e-03
3.844999999999999751e+00	7.500077024621953740e-03	1.053914324217374715e-03
3.850000000000000089e+00	7.500074391424037083e-03	1.017848289941359783e-03
3.854999999999999982e+00	7.500071807681764000e-03	9.824597374405506615e-04
3.859999999999999876e+00	7.500069272692646942e-03	9.477390464406223580e-04
3.865000000000000213e+00	7.500066785761580479e-03	9.136766976404964635e-04
3.870000000000000107e+00	7.500064346200814407e-03	8.802632723211281564e-04
3.875000000000000000e+00	7.500061953329882625e-03	8.474894513320915899e-04
3.879999999999999893e+00	7.500059606475579718e-03	8.153460148302802291e-04
3.884999999999999787e+00	7.500057304971880293e-03	7.838238411367728703e-04
3.890000000000000124e+00	7.500055048159925096e-03	7.529139066000645718e-04
3.895000000000000018e+00	7.500052835387929079e-03	7.226072843290246277e-04
3.899999999999999911e+00	7.500050666011183996e-03	6.928951441755950864e-04
3.905000000000000249e+00	7.500048539391946517e-03	6.637687513496437616e-04
3.910000000000000142e+00	7.500046454899459911e-03	6.352194665159864497e-04
3.915000000000000036e+00	7.500044411909830011e-03	6.072387442967804201e-04
3.919999999999999929e+00	7.500042409806047770e-03	5.798181334780047559e-04
3.924999999999999822e+00	7.500040447977869562e-03	5.529492754048263934e-04
3.930000000000000160e+00	7.500038525821839733e-03	5.266239042926312711e-04
3.935000000000000053e+00	7.500036642741165702e-03	5.008338455208060465e-04
3.939999999999999947e+00	7.500034798145749186e-03	4.755710160437428224e-04
3.945000000000000284e+00	7.500032991452050893e-03	4.508274225881502353e-04
3.950000000000000178e+00	7.500031222083127815e-03	4.265951621593860616e-04
3.955000000000000071e+00	7.500029489468499656e-03	4.028664201475214168e-04
3.959999999999999964e+00	7.500027793044184397e-03	3.796334709244774080e-04
3.964999999999999858e+00	7.500026132252560380e-03	3.568886758637710658e-04
3.970000000000000195e+00	7.500024506542410548e-03	3.346244840241422184e-04
3.975000000000000089e+00	7.500022915368774988e-03	3.128334300879392123e-04
3.979999999999999982e+00	7.500021358193005583e-03	2.915081351269060311e-04
3.985000000000000320e+00	7.500019834482608144e-03	2.706413044637753849e-04
3.990000000000000213e+00	7.500018343711309203e-03	2.502257285162262646e-04
3.995000000000000107e+00	7.500016885358886005e-03	2.302542805864162651e-04
4.000000000000000000e+00	7.500015458911238504e-03	2.107199177788840049e-04
4.004999999999999893e+00	7.500014063860224560e-03	1.916156787225686679e-04
4.009999999999999787e+00	7.500012699703726728e-03	1.729346845587476002e-04
4.014999999999999680e+00	7.500011365945484856e-03	1.546701365998470290e-04
4.019999999999999574e+00	7.500010062095170682e-03	1.368153173836317293e-04
4.025000000000000355e+00	7.500008787668215222e-03	1.193635882730802888e-04
4.030000000000000249e+00	7.500007542185885973e-03	1.023083905731147949e-04
4.035000000000000142e+00	7.500006325175111697e-03	8.564324307565424304e-05
4.040000000000000036e+00	7.500005136168565699e-03	6.936174323526931131e-05
4.044999999999999929e+00	7.500003974704482802e-03	5.345756466341896181e-05
4.049999999999999822e+00	7.500002840326748695e-03	3.792445835951295410e-05
4.054999999999999716e+00	7.500001732584716044e-03	2.275625015828566097e-05
4.059999999999999609e+00	7.500000651033294705e-03	7.946842012772382472e-06
4.064999999999999503e+00	7.499999595232764368e-03	-6.509790601396231018e-06
4.070000000000000284e+00	7.499998564748870840e-03	-2.061959735434617754e-05
4.075000000000000178e+00	7.499997559152632616e-03	-3.438845569710220133e-05
4.080000000000000071e+00	7.499996578020441500e-03	-4.782216948441011893e-05
4.084999999999999964e+00	7.499995620933870046e-03	-6.092647164574295434e-05
4.089999999999999858e+00	7.499994687479772174e-03	-7.370702276589580801e-05
4.094999999999999751e+00	7.499993777250087146e-03	-8.616941378841753302e-05
4.099999999999999645e+00	7.499992889841944517e-03	-9.831916455674758728e-05
4.105000000000000426e+00	7.499992024857464641e-03	-1.101617265467611808e-04
4.110000000000000320e+00	7.499991181903872296e-03	-1.217024813715230405e-04
4.115000000000000213e+00	7.499990360593286783e-03	-1.329467435397444744e-04
4.120000000000000107e+00	7.499989560542840751e-03	-1.438997589268874112e-04
4.125000000000000000e+00	7.499988781374474639e-03	-1.545667075563170818e-04
4.129999999999999893e+00	7.499988022715049427e-03	-1.649527020395613066e-04
4.134999999999999787e+00	7.499987284196141073e-03	-1.750627903771790955e-04
4.139999999999999680e+00	7.499986565454163680e-03	-1.849019543708461152e-04
4.144999999999999574e+00	7.499985866130152654e-03	-1.944751124410619653e-04
4.150000000000000355e+00	7.499985185869889603e-03	-2.037871180134128227e-04
4.155000000000000249e+00	7.499984524323695910e-03	-2.128427623503253703e-04
4.160000000000000142e+00	7.499983881146547217e-03	-2.216467729141276776e-04
4.165000000000000036e+00	7.499983255997870468e-03	-2.302038162101088640e-04
4.169999999999999929e+00	7.499982648541662737e-03	-2.385184961287064860e-04
4.174999999999999822e+00	7.499982058446286529e-03	-2.465953567972246929e-04
4.179999999999999716e+00	7.499981485384581668e-03	-2.544388809034345126e-04
4.185000000000000497e+00	7.499980929033671015e-03	-2.620534925535351694e-04
4.190000000000000391e+00	7.499980389075074083e-03	-2.694435555792348684e-04
4.195000000000000284e+00	7.499979865194500613e-03	-2.766133763996053208e-04
4.200000000000000178e+00	7.499979357081977202e-03	-2.835672023138255545e-04
4.205000000000000071e+00	7.499978864431635674e-03	-2.903092243644803789e-04
4.209999999999999964e+00	7.499978386941837105e-03	-2.968435756180095599e-04
4.214999999999999858e+00	7.499977924314968868e-03	-3.031743340273389048e-04
4.219999999999999751e+00	7.499977476257565188e-03	-3.093055207019478753e-04
4.224999999999999645e+00	7.499977042480100720e-03	-3.152411027676599005e-04
4.230000000000000426e+00	7.499976622697115437e-03	-3.209849916281333005e-04
4.235000000000000320e+00	7.499976216627010812e-03	-3.265410458198254894e-04
4.240000000000000213e+00	7.499975823992171241e-03	-3.319130692667270977e-04
4.245000000000000107e+00	7.499975444518761081e-03	-3.371048141285188488e-04
4.250000000000000000e+00	7.499975077936849553e-03	-3.421199790502689117e-04
4.254999999999999893e+00	7.499974723980203442e-03	-3.469622120019307974e-04
4.259999999999999787e+00	7.499974382386415464e-03	-3.516351085245718604e-04
4.264999999999999680e+00	7.499974052896702173e-03	-3.561422145595102883e-04
4.269999999999999574e+00	7.499973735256022789e-03	-3.604870246926243486e-04
4.275000000000000355e+00	7.499973429212881439e-03	-3.646729849713695160e-04
4.280000000000000249e+00	7.499973134519451190e-03	-3.687034911486645008e-04
4.285000000000000142e+00	7.499972850931374557e-03	-3.725818914862447724e-04
4.290000000000000036e+00	7.499972578207883198e-03	-3.763114849995147205e-04
4.294999999999999929e+00	7.499972316111601887e-03	-3.798955242457277147e-04
4.299999999999999822e+00	7.499972064408674290e-03	-3.833372135710358354e-04
4.304999999999999716e+00	7.499971822868557389e-03	-3.866397118821167139e-04
4.309999999999999609e+00	7.499971591264153331e-03	-3.898061308967399816e-04
4.314999999999999503e+00	7.499971369371608194e-03	-3.928395378974121289e-04
4.320000000000000284e+00	7.499971156970436890e-03	-3.957429539866391763e-04
4.325000000000000178e+00	7.499970953843323671e-03	-3.985193568213832695e-04
4.330000000000000071e+00	7.499970759776251363e-03	-4.011716788741035507e-04
4.334999999999999964e+00	7.499970574558302745e-03	-4.037028101467410660e-04
4.339999999999999858e+00	7.499970397981784581e-03	-4.061155964387146307e-04
4.344999999999999751e+00	7.499970229842033327e-03	-4.084128420393356431e-04
4.349999999999999645e+00	7.499970069937540902e-03	-4.105973080035513331e-04
4.355000000000000426e+00	7.499969918069760398e-03	-4.126717148218299086e-04
4.360000000000000320e+00	7.499969774043226643e-03	-4.146387407046848669e-04
4.365000000000000213e+00	7.499969637665369719e-03	-4.165010242289314719e-04
4.370000000000000107e+00	7.499969508746635524e-03	-4.182611626318434432e-04
4.375000000000000000e+00	7.499969387100296689e-03	-4.199217144329339484e-04
4.379999999999999893e+00	7.499969272542571404e-03	-4.214851977385481721e-04
4.384999999999999787e+00	7.499969164892440407e-03	-4.229540928383078045e-04
4.389999999999999680e+00	7.499969063971766679e-03	-4.243308405207700616e-04
4.394999999999999574e+00	7.499968969605106360e-03	-4.256178446438512678e-04
4.400000000000000355e+00	7.499968881619833647e-03	-4.268174704622585227e-04
4.405000000000000249e+00	7.499968799845955179e-03	-4.279320471711550115e-04
4.410000000000000142e+00	7.499968724116227135e-03	-4.289638662460694288e-04
4.415000000000000036e+00	7.499968654265978286e-03	-4.299151839590090022e-04
4.419999999999999929e+00	7.499968590133223624e-03	-4.307882197313849795e-04
4.424999999999999822e+00	7.499968531558486549e-03	-4.315851586221950862e-04
4.429999999999999716e+00	7.499968478384916835e-03	-4.323081496943666658e-04
4.435000000000000497e+00	7.499968430458112817e-03	-4.329593084744147533e-04
4.440000000000000391e+00	7.499968387626235883e-03	-4.335407153327392772e-04
4.445000000000000284e+00	7.499968349739837004e-03	-4.340544179143085890e-04
4.450000000000000178e+00	7.499968316651972090e-03	-4.345024295332682420e-04
4.455000000000000071e+00	7.499968288218027655e-03	-4.348867315742724034e-04
4.459999999999999964e+00	7.499968264295834436e-03	-4.352092719017717549e-04
4.464999999999999858e+00	7.499968244745497392e-03	-4.354719672315967281e-04
4.469999999999999751e+00	7.499968229429510198e-03	-4.356767015552425230e-04
4.474999999999999645e+00	7.499968218212582638e-03	-4.358253284814655884e-04
4.480000000000000426e+00	7.499968210961754228e-03	-4.359196696757217213e-04
4.485000000000000320e+00	7.499968207546230288e-03	-4.359615171716255209e-04
4.490000000000000213e+00	7.499968207837486890e-03	-4.359526318257770034e-04
4.495000000000000107e+00	7.499968211709111265e-03	-4.358947455987715637e-04
4.500000000000000000e+00	7.499968219036911091e-03	-4.357895600255802288e-04
4.504999999999999893e+00	7.499968229698748823e-03	-4.356387484660777633e-04
4.509999999999999787e+00	7.499968243574654456e-03	-4.354439545910851451e-04
4.514999999999999680e+00	7.499968260546661589e-03	-4.352067946023184530e-04
4.519999999999999574e+00	7.499968280498917582e-03	-4.349288557340841863e-04
4.525000000000000355e+00	7.499968303317525696e-03	-4.346116984426731124e-04
4.530000000000000249e+00	7.499968328890650043e-03	-4.342568549237763010e-04
4.535000000000000142e+00	7.499968357108359462e-03	-4.338658312712321001e-04
4.540000000000000036e+00	7.499968387862734204e-03	-4.334401060102014282e-04
4.544999999999999929e+00	7.499968421047710672e-03	-4.329811322253513078e-04
4.549999999999999822e+00	7.499968456559191581e-03	-4.324903361096455422e-04
4.554999999999999716e+00	7.499968494294882888e-03	-4.319691190622537464e-04
4.559999999999999609e+00	7.499968534154409158e-03	-4.314188562527390496e-04
4.564999999999999503e+00	7.499968576039157432e-03	-4.308408986887348542e-04
4.570000000000000284e+00	7.499968619852379580e-03	-4.302365717954527479e-04
4.575000000000000178e+00	7.499968665499047449e-03	-4.296071774534439562e-04
4.580000000000000071e+00	7.499968712885953480e-03	-4.289539925932488434e-04
4.584999999999999964e+00	7.499968761921564121e-03	-4.282782712033226385e-04
4.589999999999999858e+00	7.499968812516121311e-03	-4.275812429395799770e-04
4.594999999999999751e+00	7.499968864581498494e-03	-4.268641151039693224e-04
4.599999999999999645e+00	7.499968918031301238e-03	-4.261280712685824087e-04
4.605000000000000426e+00	7.499968972780724115e-03	-4.253742732251120334e-04
4.610000000000000320e+00	7.499969028746651320e-03	-4.246038596232215774e-04
4.615000000000000213e+00	7.499969085847513553e-03	-4.238179478913819205e-04
4.620000000000000107e+00	7.499969144003391236e-03	-4.230176328891466133e-04
4.625000000000000000e+00	7.499969203135872266e-03	-4.222039887996719256e-04
4.629999999999999893e+00	7.499969263168150893e-03	-4.213780677955268183e-04
4.634999999999999787e+00	7.499969324024893282e-03	-4.205409019033862932e-04
4.639999999999999680e+00	7.499969385632329448e-03	-4.196935016829731130e-04
4.644999999999999574e+00	7.499969447918124026e-03	-4.188368580644641673e-04
4.650000000000000355e+00	7.499969510811469071e-03	-4.179719410400896027e-04
4.655000000000000249e+00	7.499969574242952228e-03	-4.170997014746569923e-04
4.660000000000000142e+00	7.499969638144652999e-03	-4.162210698093559260e-04
4.665000000000000036e+00	7.499969702450010912e-03	-4.153369578461058530e-04
4.669999999999999929e+00	7.499969767093917460e-03	-4.144482574629404937e-04
4.674999999999999822e+00	7.499969832012592062e-03	-4.135558423727254680e-04
4.679999999999999716e+00	7.499969897143672279e-03	-4.126605668496971958e-04
4.685000000000000497e+00	7.499969962426087169e-03	-4.117632674630863953e-04
4.690000000000000391e+00	7.499970027800152705e-03	-4.108647618142332127e-04
4.695000000000000284e+00	7.499970093207440798e-03	-4.099658502459240504e-04
4.700000000000000178e+00	7.499970158590876443e-03	-4.090673145893059318e-04
4.705000000000000071e+00	7.499970223894612820e-03	-4.081699198496607436e-04
4.709999999999999964e+00	7.499970289064121498e-03	-4.072744129624909218e-04
4.714999999999999858e+00	7.499970354046072742e-03	-4.063815244563906805e-04
4.719999999999999751e+00	7.499970418788420509e-03	-4.054919672178102495e-04
4.724999999999999645e+00	7.499970483240292300e-03	-4.046064381316740702e-04
4.730000000000000426e+00	7.499970547352068952e-03	-4.037256168540079380e-04
4.735000000000000320e+00	7.499970611075271881e-03	-4.028501674313280864e-04
4.740000000000000213e+00	7.499970674362651558e-03	-4.019807370803301716e-04
4.745000000000000107e+00	7.499970737168070410e-03	-4.011179577866710888e-04
4.750000000000000000e+00	7.499970799446587823e-03	-4.002624450910938886e-04
4.754999999999999893e+00	7.499970861154353456e-03	-3.994147996685611947e-04
4.759999999999999787e+00	7.499970922248686174e-03	-3.985756061199366559e-04
4.764999999999999680e+00	7.499970982687965623e-03	-3.977454345322748754e-04
4.769999999999999574e+00	7.499971042431718971e-03	-3.969248392752982354e-04
4.775000000000000355e+00	7.499971101440507278e-03	-3.961143605437903348e-04
4.780000000000000249e+00	7.499971159676015707e-03	-3.953145231579354465e-04
4.785000000000000142e+00	7.499971217100939030e-03	-3.945258380888342882e-04
4.790000000000000036e+00	7.499971273679067497e-03	-3.937488012618839081e-04
4.794999999999999929e+00	7.499971329375184487e-03	-3.929838950662327348e-04
4.799999999999999822e+00	7.499971384155145436e-03	-3.922315871603558103e-04
4.804999999999999716e+00	7.499971437985773759e-03	-3.914923319664666431e-04
4.809999999999999609e+00	7.499971490834943244e-03	-3.907665694773109215e-04
4.814999999999999503e+00	7.499971542671476574e-03	-3.900547267366073919e-04
4.820000000000000284e+00	7.499971593465225989e-03	-3.893572166461143572e-04
4.825000000000000178e+00	7.499971643186970072e-03	-3.886744394330856082e-04
4.830000000000000071e+00	7.499971691808500485e-03	-3.880067814567466277e-04
4.834999999999999964e+00	7.499971739302514415e-03	-3.873546166636854119e-04
4.839999999999999858e+00	7.499971785642700443e-03	-3.867183053926533109e-04
4.844999999999999751e+00	7.499971830803637933e-03	-3.860981958192334163e-04
4.849999999999999645e+00	7.499971874760879426e-03	-3.854946227579741556e-04
4.855000000000000426e+00	7.499971917490850896e-03	-3.849079090972257005e-04
4.860000000000000320e+00	7.499971958970933286e-03	-3.843383645975641813e-04
4.865000000000000213e+00	7.499971999179363621e-03	-3.837862873180425687e-04
4.870000000000000107e+00	7.499972038095320884e-03	-3.832519624099038126e-04
4.875000000000000000e+00	7.499972075698822793e-03	-3.827356635352658905e-04
4.879999999999999893e+00	7.499972111970814280e-03	-3.822376516549829653e-04
4.884999999999999787e+00	7.499972146893064268e-03	-3.817581764410563723e-04
4.889999999999999680e+00	7.499972180448255012e-03	-3.812974750575763984e-04
4.894999999999999574e+00	7.499972212619879751e-03	-3.808557735679690519e-04
4.900000000000000355e+00	7.499972243392329443e-03	-3.804332857078808645e-04
4.905000000000000249e+00	7.499972272750795622e-03	-3.800302142885617269e-04
4.910000000000000142e+00	7.499972300681354530e-03	-3.796467499605739250e-04
4.915000000000000036e+00	7.499972327170871707e-03	-3.792830726143385945e-04
4.919999999999999929e+00	7.499972352207084393e-03	-3.789393501335798021e-04
4.924999999999999822e+00	7.499972375778508719e-03	-3.786157397944375758e-04
4.929999999999999716e+00	7.499972397874524709e-03	-3.783123870072985554e-04
4.935000000000000497e+00	7.499972418485276529e-03	-3.780294267157576675e-04
4.940000000000000391e+00	7.499972437601767038e-03	-3.777669821258068704e-04
4.945000000000000284e+00	7.499972455215752828e-03	-3.775251661058341940e-04
4.950000000000000178e+00	7.499972471319837040e-03	-3.773040799018225898e-04
4.955000000000000071e+00	7.499972485907370479e-03	-3.771038145397586109e-04
4.959999999999999964e+00	7.499972498972547023e-03	-3.769244495257193265e-04
4.964999999999999858e+00	7.499972510510295211e-03	-3.767660542519392082e-04
4.969999999999999751e+00	7.499972520516380581e-03	-3.766286866804468246e-04
4.974999999999999645e+00	7.499972528987300727e-03	-3.765123947542052519e-04
4.980000000000000426e+00	7.499972535920378970e-03	-3.764172150630786581e-04
4.985000000000000320e+00	7.499972541313665482e-03	-3.763431742613602905e-04
4.990000000000000213e+00	7.499972545166037029e-03	-3.762902877147174382e-04
4.995000000000000107e+00	7.499972547477087685e-03	-3.762585609255051288e-04
5.000000000000000000e+00	7.499972548247232050e-03	-3.762479881594397633e-04
