# coordinate_x	h	p	@time=951.29
0.000000000000000000e+00	2.699773313555489662e-01	5.715661463942294240e-01
5.000000000000000104e-03	2.699737636587551393e-01	5.715661463171369805e-01
1.000000000000000021e-02	2.699630605695416685e-01	5.715661460858187937e-01
1.499999999999999944e-02	2.699452220891668253e-01	5.715661457002307877e-01
2.000000000000000042e-02	2.699202482206869425e-01	5.715661451602661591e-01
2.500000000000000139e-02	2.698881389676064391e-01	5.715661444658021173e-01
2.999999999999999889e-02	2.698488943351871616e-01	5.715661436166544762e-01
3.500000000000000333e-02	2.698025143291332695e-01	5.715661426126235067e-01
4.000000000000000083e-02	2.697489989569100133e-01	5.715661414534476403e-01
4.499999999999999833e-02	2.696883482264280096e-01	5.715661401388497653e-01
5.000000000000000278e-02	2.696205621473656278e-01	5.715661386684903755e-01
5.500000000000000028e-02	2.695456407298512103e-01	5.715661370420141996e-01
5.999999999999999778e-02	2.694635839857894566e-01	5.715661352590032385e-01
6.500000000000000222e-02	2.693743919275409793e-01	5.715661333190232840e-01
7.000000000000000666e-02	2.692780645692534058e-01	5.715661312215770673e-01
7.500000000000001110e-02	2.691746019255373823e-01	5.715661289661503330e-01
8.000000000000000167e-02	2.690640040128032817e-01	5.715661265521653212e-01
8.499999999999999223e-02	2.689462708479328779e-01	5.715661239790268411e-01
8.999999999999999667e-02	2.688214024496223264e-01	5.715661212460753093e-01
9.500000000000000111e-02	2.686893988370488429e-01	5.715661183526332678e-01
1.000000000000000056e-01	2.685502600312210109e-01	5.715661152979578663e-01
1.050000000000000100e-01	2.684039860536391875e-01	5.715661120812878249e-01
1.100000000000000006e-01	2.682505769276541385e-01	5.715661087017956943e-01
1.149999999999999911e-01	2.680900326771206710e-01	5.715661051586343744e-01
1.199999999999999956e-01	2.679223533277651503e-01	5.715661014508899296e-01
1.250000000000000000e-01	2.677475389058316946e-01	5.715660975776277741e-01
1.300000000000000044e-01	2.675655894394591838e-01	5.715660935378452656e-01
1.350000000000000089e-01	2.673765049573193497e-01	5.715660893305183343e-01
1.400000000000000133e-01	2.671802854900043878e-01	5.715660849545535216e-01
1.450000000000000178e-01	2.669769310686558317e-01	5.715660804088348312e-01
1.499999999999999944e-01	2.667664417263638232e-01	5.715660756921755459e-01
1.549999999999999989e-01	2.665488174967857171e-01	5.715660708033649673e-01
1.600000000000000033e-01	2.663240584155580626e-01	5.715660657411203438e-01
1.650000000000000078e-01	2.660921645189040508e-01	5.715660605041341658e-01
1.700000000000000122e-01	2.658531358450593185e-01	5.715660550910245385e-01
1.749999999999999889e-01	2.656069724328672388e-01	5.715660495003834773e-01
1.799999999999999933e-01	2.653536743232191575e-01	5.715660437307272801e-01
1.849999999999999978e-01	2.650932415576374712e-01	5.715660377805442671e-01
1.900000000000000022e-01	2.648256741797306857e-01	5.715660316482453762e-01
1.950000000000000067e-01	2.645509722337627823e-01	5.715660253322115691e-01
2.000000000000000111e-01	2.642691357661253737e-01	5.715660188307444267e-01
2.050000000000000155e-01	2.639801648238922493e-01	5.715660121421141104e-01
2.099999999999999922e-01	2.636840594563087392e-01	5.715660052645092915e-01
2.149999999999999967e-01	2.633808197133308826e-01	5.715659981960844460e-01
2.200000000000000011e-01	2.630704456471336106e-01	5.715659909349107837e-01
2.250000000000000056e-01	2.627529373106330390e-01	5.715659834790233207e-01
2.300000000000000100e-01	2.624282947590146908e-01	5.715659758263710311e-01
2.349999999999999867e-01	2.620965180482379697e-01	5.715659679748643640e-01
2.399999999999999911e-01	2.617576072365854767e-01	5.715659599223250620e-01
2.449999999999999956e-01	2.614115623831487767e-01	5.715659516665340112e-01
2.500000000000000000e-01	2.610583835493999749e-01	5.715659432051803934e-01
2.550000000000000044e-01	2.606980707976573886e-01	5.715659345359099808e-01
2.600000000000000089e-01	2.603306241926812148e-01	5.715659256562733992e-01
2.650000000000000133e-01	2.599560438001175533e-01	5.715659165637752004e-01
2.700000000000000178e-01	2.595743296881193873e-01	5.715659072558216813e-01
2.750000000000000222e-01	2.591854819257681797e-01	5.715658977297698451e-01
2.800000000000000266e-01	2.587895005847213326e-01	5.715658879828747763e-01
2.850000000000000311e-01	2.583863857376101913e-01	5.715658780123387128e-01
2.899999999999999800e-01	2.579761374597154266e-01	5.715658678152588656e-01
2.949999999999999845e-01	2.575587558273398914e-01	5.715658573886754912e-01
2.999999999999999889e-01	2.571342409195139789e-01	5.715658467295198220e-01
3.049999999999999933e-01	2.567025928163416126e-01	5.715658358346623613e-01
3.099999999999999978e-01	2.562638116007371902e-01	5.715658247008603698e-01
3.150000000000000022e-01	2.558178973567432068e-01	5.715658133248062711e-01
3.200000000000000067e-01	2.553648501713008390e-01	5.715658017030740279e-01
3.250000000000000111e-01	2.549046701325379249e-01	5.715657898321691022e-01
3.300000000000000155e-01	2.544373573315740211e-01	5.715657777084731661e-01
3.350000000000000200e-01	2.539629118607775737e-01	5.715657653282945061e-01
3.400000000000000244e-01	2.534813338156079454e-01	5.715657526878125116e-01
3.449999999999999734e-01	2.529926232928396135e-01	5.715657397831279685e-01
3.499999999999999778e-01	2.524967803924431653e-01	5.715657266102073253e-01
3.549999999999999822e-01	2.519938052157746911e-01	5.715657131649325429e-01
3.599999999999999867e-01	2.514836978674981349e-01	5.715656994430451388e-01
3.649999999999999911e-01	2.509664584537379395e-01	5.715656854401964804e-01
3.699999999999999956e-01	2.504420870840450841e-01	5.715656711518910527e-01
3.750000000000000000e-01	2.499105838695109272e-01	5.715656565735363071e-01
3.800000000000000044e-01	2.493719489247790688e-01	5.715656417003864842e-01
3.850000000000000089e-01	2.488261823661189476e-01	5.715656265275914638e-01
3.900000000000000133e-01	2.482732843134855538e-01	5.715656110501403653e-01
3.950000000000000178e-01	2.477132548885507823e-01	5.715655952629107306e-01
4.000000000000000222e-01	2.471460942168139108e-01	5.715655791606116809e-01
4.050000000000000266e-01	2.465718024255878216e-01	5.715655627378324333e-01
4.099999999999999756e-01	2.459903796461636039e-01	5.715655459889847911e-01
4.149999999999999800e-01	2.454018260117491468e-01	5.715655289083525492e-01
4.199999999999999845e-01	2.448061416596906958e-01	5.715655114900329847e-01
4.249999999999999889e-01	2.442033267293615417e-01	5.715654937279857073e-01
4.299999999999999933e-01	2.435933813644435286e-01	5.715654756159742611e-01
4.349999999999999978e-01	2.429763057107630631e-01	5.715654571476139756e-01
4.400000000000000022e-01	2.423520999186362379e-01	5.715654383163141228e-01
4.450000000000000067e-01	2.417207641406492469e-01	5.715654191153246577e-01
4.500000000000000111e-01	2.410822985340704272e-01	5.715653995376779317e-01
4.550000000000000155e-01	2.404367032585723596e-01	5.715653795762353218e-01
4.600000000000000200e-01	2.397839784787149375e-01	5.715653592236287217e-01
4.649999999999999689e-01	2.391241243616055168e-01	5.715653384723057284e-01
4.699999999999999734e-01	2.384571410794569524e-01	5.715653173144719101e-01
4.749999999999999778e-01	2.377830288071829390e-01	5.715652957421343272e-01
4.799999999999999822e-01	2.371017877250352068e-01	5.715652737470439115e-01
4.849999999999999867e-01	2.364134180161303056e-01	5.715652513207384322e-01
4.899999999999999911e-01	2.357179198691708444e-01	5.715652284544844308e-01
4.949999999999999956e-01	2.350152934758995837e-01	5.715652051393182997e-01
5.000000000000000000e-01	2.343055390339099653e-01	5.715651813659897718e-01
5.050000000000000044e-01	2.335886567440235428e-01	5.715651571250000007e-01
5.100000000000000089e-01	2.328646468131948533e-01	5.715651324065464944e-01
5.150000000000000133e-01	2.321335094518080233e-01	5.715651072005587530e-01
5.200000000000000178e-01	2.313952448766816439e-01	5.715650814966434234e-01
5.250000000000000222e-01	2.306498533082799729e-01	5.715650552841184950e-01
5.300000000000000266e-01	2.298973349738241412e-01	5.715650285519588980e-01
5.350000000000000311e-01	2.291376901044126224e-01	5.715650012888275899e-01
5.400000000000000355e-01	2.283709189382455151e-01	5.715649734830225981e-01
5.450000000000000400e-01	2.275970217176492838e-01	5.715649451225051081e-01
5.500000000000000444e-01	2.268159986924209170e-01	5.715649161948477275e-01
5.550000000000000488e-01	2.260278501167513887e-01	5.715648866872586886e-01
5.600000000000000533e-01	2.252325762526973529e-01	5.715648565865323327e-01
5.649999999999999467e-01	2.244301773669973299e-01	5.715648258790685388e-01
5.699999999999999512e-01	2.236206537346790424e-01	5.715647945508255390e-01
5.749999999999999556e-01	2.228040056357618592e-01	5.715647625873347959e-01
5.799999999999999600e-01	2.219802333590089605e-01	5.715647299736558162e-01
5.849999999999999645e-01	2.211493371985087941e-01	5.715646966943854768e-01
5.899999999999999689e-01	2.203113174575816180e-01	5.715646627336162799e-01
5.949999999999999734e-01	2.194661744452328089e-01	5.715646280749391295e-01
5.999999999999999778e-01	2.186139084802239396e-01	5.715645927014046945e-01
6.049999999999999822e-01	2.177545198873901133e-01	5.715645565955197460e-01
6.099999999999999867e-01	2.168880090018864837e-01	5.715645197392117405e-01
6.149999999999999911e-01	2.160143761653613159e-01	5.715644821138174958e-01
6.199999999999999956e-01	2.151336217303902454e-01	5.715644437000523270e-01
6.250000000000000000e-01	2.142457460564954064e-01	5.715644044779895072e-01
6.300000000000000044e-01	2.133507495147806687e-01	5.715643644270346213e-01
6.350000000000000089e-01	2.124486324837871198e-01	5.715643235258943688e-01
6.400000000000000133e-01	2.115393953543437677e-01	5.715642817525583563e-01
6.450000000000000178e-01	2.106230385252481074e-01	5.715642390842545773e-01
6.500000000000000222e-01	2.096995624083478893e-01	5.715641954974384209e-01
6.550000000000000266e-01	2.087689674240358895e-01	5.715641509677357179e-01
6.600000000000000311e-01	2.078312540065790082e-01	5.715641054699391876e-01
6.650000000000000355e-01	2.068864225994147821e-01	5.715640589779363845e-01
6.700000000000000400e-01	2.059344736607467419e-01	5.715640114647159153e-01
6.750000000000000444e-01	2.049754076586287332e-01	5.715639629022771784e-01
6.800000000000000488e-01	2.040092250768466287e-01	5.715639132616482376e-01
6.850000000000000533e-01	2.030359264097761629e-01	5.715638625127755779e-01
6.899999999999999467e-01	2.020555121685730648e-01	5.715638106245548578e-01
6.949999999999999512e-01	2.010679828757880316e-01	5.715637575646975721e-01
6.999999999999999556e-01	2.000733390718897886e-01	5.715637032997760159e-01
7.049999999999999600e-01	1.990715813096201325e-01	5.715636477950655214e-01
7.099999999999999645e-01	1.980627101608760376e-01	5.715635910146050769e-01
7.149999999999999689e-01	1.970467262107862549e-01	5.715635329210104754e-01
7.199999999999999734e-01	1.960236300649814967e-01	5.715634734755543622e-01
7.249999999999999778e-01	1.949934223433721081e-01	5.715634126379458557e-01
7.299999999999999822e-01	1.939561036878386380e-01	5.715633503664324655e-01
7.349999999999999867e-01	1.929116747556881561e-01	5.715632866175420768e-01
7.399999999999999911e-01	1.918601362278004874e-01	5.715632213462095157e-01
7.449999999999999956e-01	1.908014888017389443e-01	5.715631545054761231e-01
7.500000000000000000e-01	1.897357332003913877e-01	5.715630860466441865e-01
7.550000000000000044e-01	1.886628701647086181e-01	5.715630159189282189e-01
7.600000000000000089e-01	1.875829004628837282e-01	5.715629440696410324e-01
7.650000000000000133e-01	1.864958248826887321e-01	5.715628704437902829e-01
7.700000000000000178e-01	1.854016442412403098e-01	5.715627949843014033e-01
7.750000000000000222e-01	1.843003593769029225e-01	5.715627176315500879e-01
7.800000000000000266e-01	1.831919711596939060e-01	5.715626383236288577e-01
7.850000000000000311e-01	1.820764804827180450e-01	5.715625569958057151e-01
7.900000000000000355e-01	1.809538882732716347e-01	5.715624735808404466e-01
7.950000000000000400e-01	1.798241954837695722e-01	5.715623880083596786e-01
8.000000000000000444e-01	1.786874031036146393e-01	5.715623002052293566e-01
8.050000000000000488e-01	1.775435121495747004e-01	5.715622100948342110e-01
8.100000000000000533e-01	1.763925236784908701e-01	5.715621175975151846e-01
8.149999999999999467e-01	1.752344387770583267e-01	5.715620226297384310e-01
8.199999999999999512e-01	1.740692585754559929e-01	5.715619251046084592e-01
8.249999999999999556e-01	1.728969842364788123e-01	5.715618249309090126e-01
8.299999999999999600e-01	1.717176169701824517e-01	5.715617220137036991e-01
8.349999999999999645e-01	1.705311580223095314e-01	5.715616162532299871e-01
8.399999999999999689e-01	1.693376086900535982e-01	5.715615075455996452e-01
8.449999999999999734e-01	1.681369703097159995e-01	5.715613957815237622e-01
8.499999999999999778e-01	1.669292442737072002e-01	5.715612808471292050e-01
8.549999999999999822e-01	1.657144320173636054e-01	5.715611626224870179e-01
8.599999999999999867e-01	1.644925350373195594e-01	5.715610409825625515e-01
8.649999999999999911e-01	1.632635548774052370e-01	5.715609157955181541e-01
8.699999999999999956e-01	1.620274931485412573e-01	5.715607869238176209e-01
8.750000000000000000e-01	1.607843515136297419e-01	5.715606542222643194e-01
8.800000000000000044e-01	1.595341317091430733e-01	5.715605175392877157e-01
8.850000000000000089e-01	1.582768355289106976e-01	5.715603767146728575e-01
8.900000000000000133e-01	1.570124648475981766e-01	5.715602315810580647e-01
8.950000000000000178e-01	1.557410216032799333e-01	5.715600819613042560e-01
9.000000000000000222e-01	1.544625078230327242e-01	5.715599276702388876e-01
9.050000000000000266e-01	1.531769256041715932e-01	5.715597685116042825e-01
9.100000000000000311e-01	1.518842771422151128e-01	5.715596042800901166e-01
9.150000000000000355e-01	1.505845647106462404e-01	5.715594347577865886e-01
9.200000000000000400e-01	1.492777906915449260e-01	5.715592597165544131e-01
9.250000000000000444e-01	1.479639575537187168e-01	5.715590789138965677e-01
9.300000000000000488e-01	1.466430678863444581e-01	5.715588920957251906e-01
9.350000000000000533e-01	1.453151243752928423e-01	5.715586989915460991e-01
9.399999999999999467e-01	1.439801298401746366e-01	5.715584993176934248e-01
9.449999999999999512e-01	1.426380872086613072e-01	5.715582927717000050e-01
9.499999999999999556e-01	1.412889995573952950e-01	5.715580790360860197e-01
9.549999999999999600e-01	1.399328700840817286e-01	5.715578577717614905e-01
9.599999999999999645e-01	1.385697021527995676e-01	5.715576286224703928e-01
9.649999999999999689e-01	1.371994992636091648e-01	5.715573912070402995e-01
9.699999999999999734e-01	1.358222651028924421e-01	5.715571451246065360e-01
9.749999999999999778e-01	1.344380035101856996e-01	5.715568899454808172e-01
9.799999999999999822e-01	1.330467185342883440e-01	5.715566252173063244e-01
9.849999999999999867e-01	1.316484143969894605e-01	5.715563504542675588e-01
9.899999999999999911e-01	1.302430955558177839e-01	5.715560651443605256e-01
9.949999999999999956e-01	1.288307666642833915e-01	5.715557687366006334e-01
1.000000000000000000e+00	1.274114326423052557e-01	5.715554606496323631e-01
1.004999999999999893e+00	1.259850986325334044e-01	5.715551402565147709e-01
1.010000000000000009e+00	1.245517700796898303e-01	5.715548068949442007e-01
1.015000000000000124e+00	1.231114526824720057e-01	5.715544598490921446e-01
1.020000000000000018e+00	1.216641524832881710e-01	5.715540983617833914e-01
1.024999999999999911e+00	1.202098758151672470e-01	5.715537216127293263e-01
1.030000000000000027e+00	1.187486294036725482e-01	5.715533287330832879e-01
1.035000000000000142e+00	1.172804203081563718e-01	5.715529187792461885e-01
1.040000000000000036e+00	1.158052560380122276e-01	5.715524907503254370e-01
1.044999999999999929e+00	1.143231444875082992e-01	5.715520435564713786e-01
1.050000000000000044e+00	1.128340940690119448e-01	5.715515760399006995e-01
1.055000000000000160e+00	1.113381136405159344e-01	5.715510869364388569e-01
1.060000000000000053e+00	1.098352126590639438e-01	5.715505749009406333e-01
1.064999999999999947e+00	1.083254010999413486e-01	5.715500384603421358e-01
1.070000000000000062e+00	1.068086896342874681e-01	5.715494760445363198e-01
1.075000000000000178e+00	1.052850895387597158e-01	5.715488859287455314e-01
1.080000000000000071e+00	1.037546129022847846e-01	5.715482662712034756e-01
1.084999999999999964e+00	1.022172725248122194e-01	5.715476150420024659e-01
1.090000000000000080e+00	1.006730821594076924e-01	5.715469300693205579e-01
1.095000000000000195e+00	9.912205639849129557e-02	5.715462089510139343e-01
1.100000000000000089e+00	9.756421095910024210e-02	5.715454491116426228e-01
1.104999999999999982e+00	9.599956255475340650e-02	5.715446476918798480e-01
1.110000000000000098e+00	9.442812923384638624e-02	5.715438016192742054e-01
1.115000000000000213e+00	9.284993023500034970e-02	5.715429074689034605e-01
1.120000000000000107e+00	9.126498639138234947e-02	5.715419615517449703e-01
1.125000000000000000e+00	8.967331996708309549e-02	5.715409597377126838e-01
1.129999999999999893e+00	8.807495514395141667e-02	5.715398975667811410e-01
1.134999999999999787e+00	8.646991783621905958e-02	5.715387700223379941e-01
1.139999999999999902e+00	8.485823628158011001e-02	5.715375716719601762e-01
1.145000000000000018e+00	8.323994083096458718e-02	5.715362963744605729e-01
1.149999999999999911e+00	8.161506467265033926e-02	5.715349374596604415e-01
1.154999999999999805e+00	7.998364359383727806e-02	5.715334873459461118e-01
1.159999999999999920e+00	7.834571687638172688e-02	5.715319377718396376e-01
1.165000000000000036e+00	7.670132702674452296e-02	5.715302792912924090e-01
1.169999999999999929e+00	7.505052089574916485e-02	5.715285015747926245e-01
1.174999999999999822e+00	7.339334937375377454e-02	5.715265927354007403e-01
1.179999999999999938e+00	7.172986880659061593e-02	5.715245397242881831e-01
1.185000000000000053e+00	7.006014065379363720e-02	5.715223274190452951e-01
1.189999999999999947e+00	6.838423330159627833e-02	5.715199391490741743e-01
1.194999999999999840e+00	6.670222168435657739e-02	5.715173554446950632e-01
1.199999999999999956e+00	6.501418963798388795e-02	5.715145547435451778e-01
1.205000000000000071e+00	6.332022948949901642e-02	5.715115116472457846e-01
1.209999999999999964e+00	6.162044515834586705e-02	5.715081978838815191e-01
1.214999999999999858e+00	5.991495172842145611e-02	5.715045798360071094e-01
1.219999999999999973e+00	5.820387960342287420e-02	5.715006198713570296e-01
1.225000000000000089e+00	5.648737409365528483e-02	5.714962727697066036e-01
1.229999999999999982e+00	5.476560108705100238e-02	5.714914875926297988e-01
1.234999999999999876e+00	5.303874671715706063e-02	5.714862024069764512e-01
1.239999999999999991e+00	5.130702526259239143e-02	5.714803469594913476e-01
1.245000000000000107e+00	4.957067902747504945e-02	5.714738346958255777e-01
1.250000000000000000e+00	4.782998959883540818e-02	5.714665666636263852e-01
1.254999999999999893e+00	4.608527819538929537e-02	5.714584191109285394e-01
1.260000000000000009e+00	4.433692212477682165e-02	5.714492493111150706e-01
1.265000000000000124e+00	4.258535610000815930e-02	5.714388756959495330e-01
1.270000000000000018e+00	4.083109699553696958e-02	5.714270867725850245e-01
1.274999999999999911e+00	3.907474711582238636e-02	5.714136081787198895e-01
1.280000000000000027e+00	3.731703264466165737e-02	5.713981167378882065e-01
1.285000000000000142e+00	3.555881083959678418e-02	5.713801836413872071e-01
1.290000000000000036e+00	3.380113191003791817e-02	5.713592973765181382e-01
1.294999999999999929e+00	3.204525417534322129e-02	5.713347612741310755e-01
1.300000000000000044e+00	3.029274759805457642e-02	5.713057325053956248e-01
1.305000000000000160e+00	2.854552532334299342e-02	5.712710278516806017e-01
1.310000000000000053e+00	2.680602413139124632e-02	5.712291936822846417e-01
1.314999999999999947e+00	2.507727003347964834e-02	5.711781168966886257e-01
1.320000000000000062e+00	2.336320509723735853e-02	5.711151601795600996e-01
1.325000000000000178e+00	2.166882302409721753e-02	5.710363372030176077e-01
1.330000000000000071e+00	2.000077499780363727e-02	5.709366048011855765e-01
1.334999999999999964e+00	1.836763632189297724e-02	5.708080284018918205e-01
1.340000000000000080e+00	1.678099609589974936e-02	5.706405283965085840e-01
1.345000000000000195e+00	1.525587269843589958e-02	5.704177624904930299e-01
1.350000000000000089e+00	1.381227110296438798e-02	5.701194787484373805e-01
1.354999999999999982e+00	1.247514280858852756e-02	5.697133010091453009e-01
1.360000000000000098e+00	1.127437707255050242e-02	5.691631676879472801e-01
1.365000000000000213e+00	1.024109534450068533e-02	5.684196871863347322e-01
1.370000000000000107e+00	9.399720765199908942e-03	5.674442568755642125e-01
1.375000000000000000e+00	8.759268991419226838e-03	5.662106935690968124e-01
1.379999999999999893e+00	8.304781680975167543e-03	5.647273050564687313e-01
1.384999999999999787e+00	8.003372578536728857e-03	5.630361148996634313e-01
1.389999999999999902e+00	7.814006832689384535e-03	5.611876217875233497e-01
1.395000000000000018e+00	7.699506713064431344e-03	5.592386279271440719e-01
1.399999999999999911e+00	7.632241546758153188e-03	5.572260385174370168e-01
1.404999999999999805e+00	7.593153279744649375e-03	5.551800321426259011e-01
1.409999999999999920e+00	7.570767548072231644e-03	5.531162233842139564e-01
1.415000000000000036e+00	7.557900762275283901e-03	5.510460267805514789e-01
1.419999999999999929e+00	7.550556074387222011e-03	5.489748650222179283e-01
1.424999999999999822e+00	7.546308865618094400e-03	5.469065519556797206e-01
1.429999999999999938e+00	7.543846000911133901e-03	5.448428351584327922e-01
1.435000000000000053e+00	7.542378878964090504e-03	5.427849215488945722e-01
1.439999999999999947e+00	7.541484190747944558e-03	5.407333449827989025e-01
1.444999999999999840e+00	7.540908545651672963e-03	5.386884649598526753e-01
1.449999999999999956e+00	7.540516328838306123e-03	5.366504258931699134e-01
1.455000000000000071e+00	7.540226449632323261e-03	5.346193168886766989e-01
1.459999999999999964e+00	7.539995552601316126e-03	5.325951588989015217e-01
1.464999999999999858e+00	7.539797722924256040e-03	5.305779556088056070e-01
1.469999999999999973e+00	7.539619110139147810e-03	5.285676893165941470e-01
1.475000000000000089e+00	7.539451436062310358e-03	5.265643371353463387e-01
1.479999999999999982e+00	7.539290276411154956e-03	5.245678696322829682e-01
1.484999999999999876e+00	7.539132986345581204e-03	5.225782560142845368e-01
1.489999999999999991e+00	7.538978151641063420e-03	5.205954636427235771e-01
1.495000000000000107e+00	7.538824926157375143e-03	5.186194597230435743e-01
1.500000000000000000e+00	7.538672856614675628e-03	5.166502110987540863e-01
1.504999999999999893e+00	7.538521671064562710e-03	5.146876848312926800e-01
1.510000000000000009e+00	7.538371222958303169e-03	5.127318480840147297e-01
1.515000000000000124e+00	7.538221423630054110e-03	5.107826683491061281e-01
1.520000000000000018e+00	7.538072224444570396e-03	5.088401133615096938e-01
1.524999999999999911e+00	7.537923595254097074e-03	5.069041512128369398e-01
1.530000000000000027e+00	7.537775518698728965e-03	5.049747502761352536e-01
1.535000000000000142e+00	7.537627983336315889e-03	5.030518792828881924e-01
1.540000000000000036e+00	7.537480981820451377e-03	5.011355072525151000e-01
1.544999999999999929e+00	7.537334508712357529e-03	4.992256035566109418e-01
1.550000000000000044e+00	7.537188559895942330e-03	4.973221378511961110e-01
1.555000000000000160e+00	7.537043131883280553e-03	4.954250801358831557e-01
1.560000000000000053e+00	7.536898221624310258e-03	4.935344006882040335e-01
1.564999999999999947e+00	7.536753826288627132e-03	4.916500701201742540e-01
1.570000000000000062e+00	7.536609943201121910e-03	4.897720593144423429e-01
1.575000000000000178e+00	7.536466569775582963e-03	4.879003394790690784e-01
1.580000000000000071e+00	7.536323703490581914e-03	4.860348820853757634e-01
1.584999999999999964e+00	7.536181341871396946e-03	4.841756589212316553e-01
1.590000000000000080e+00	7.536039482478818635e-03	4.823226420305222750e-01
1.595000000000000195e+00	7.535898122906403880e-03	4.804758037650704861e-01
1.600000000000000089e+00	7.535757260773480633e-03	4.786351167256620576e-01
1.604999999999999982e+00	7.535616893727220024e-03	4.768005538126698917e-01
1.610000000000000098e+00	7.535477019437071371e-03	4.749720881685816631e-01
1.615000000000000213e+00	7.535337635598282797e-03	4.731496932273794864e-01
1.620000000000000107e+00	7.535198739926884416e-03	4.713333426585157859e-01
1.625000000000000000e+00	7.535060330163604464e-03	4.695230104150936445e-01
1.629999999999999893e+00	7.534922404069102284e-03	4.677186706792415549e-01
1.634999999999999787e+00	7.534784959427946044e-03	4.659202979091355279e-01
1.639999999999999902e+00	7.534647994044000111e-03	4.641278667857244855e-01
1.645000000000000018e+00	7.534511505744362000e-03	4.623413522586343194e-01
1.649999999999999911e+00	7.534375492374875520e-03	4.605607294941971297e-01
1.654999999999999805e+00	7.534239951803987055e-03	4.587859739202753140e-01
1.659999999999999920e+00	7.534104881918374068e-03	4.570170611755497991e-01
1.665000000000000036e+00	7.533970280626715518e-03	4.552539671533021304e-01
1.669999999999999929e+00	7.533836145855428781e-03	4.534966679519177868e-01
1.674999999999999822e+00	7.533702475552355067e-03	4.517451399176609095e-01
1.679999999999999938e+00	7.533569267682592614e-03	4.499993595963524551e-01
1.685000000000000053e+00	7.533436520232105783e-03	4.482593037751716469e-01
1.689999999999999947e+00	7.533304231203653660e-03	4.465249494354687210e-01
1.694999999999999840e+00	7.533172398620316748e-03	4.447962737936254074e-01
1.699999999999999956e+00	7.533041020521522718e-03	4.430732542549645769e-01
1.705000000000000071e+00	7.532910094966491568e-03	4.413558684537017829e-01
1.709999999999999964e+00	7.532779620030357649e-03	4.396440942079142267e-01
1.714999999999999858e+00	7.532649593807535897e-03	4.379379095586137249e-01
1.719999999999999973e+00	7.532520014407931459e-03	4.362372927257395783e-01
1.725000000000000089e+00	7.532390879960232204e-03	4.345422221463824397e-01
1.729999999999999982e+00	7.532262188608212020e-03	4.328526764317676689e-01
1.734999999999999876e+00	7.532133938513942660e-03	4.311686344046568586e-01
1.739999999999999991e+00	7.532006127854179445e-03	4.294900750572885895e-01
1.745000000000000107e+00	7.531878754823514988e-03	4.278169775879869796e-01
1.750000000000000000e+00	7.531751817630833422e-03	4.261493213600267005e-01
1.754999999999999893e+00	7.531625314502403412e-03	4.244870859374740846e-01
1.760000000000000009e+00	7.531499243678413044e-03	4.228302510449469809e-01
1.765000000000000124e+00	7.531373603415990846e-03	4.211787966027138452e-01
1.770000000000000018e+00	7.531248391985819607e-03	4.195327026873182930e-01
1.774999999999999911e+00	7.531123607675094082e-03	4.178919495659602079e-01
1.780000000000000027e+00	7.530999248784209406e-03	4.162565176579574588e-01
1.785000000000000142e+00	7.530875313629660679e-03	4.146263875684328415e-01
1.790000000000000036e+00	7.530751800540792969e-03	4.130015400505850920e-01
1.794999999999999929e+00	7.530628707862649721e-03	4.113819560387031449e-01
1.800000000000000044e+00	7.530506033952793013e-03	4.097676166112216856e-01
1.805000000000000160e+00	7.530383777184085185e-03	4.081585030230849287e-01
1.810000000000000053e+00	7.530261935941584550e-03	4.065545966695598423e-01
1.814999999999999947e+00	7.530140508625268909e-03	4.049558791179713180e-01
1.820000000000000062e+00	7.530019493646993717e-03	4.033623320722483085e-01
1.825000000000000178e+00	7.529898889433167021e-03	4.017739374040510403e-01
1.830000000000000071e+00	7.529778694421764007e-03	4.001906771180263611e-01
1.834999999999999964e+00	7.529658907064951633e-03	3.986125333823459793e-01
1.840000000000000080e+00	7.529539525826168221e-03	3.970394884946491509e-01
1.845000000000000195e+00	7.529420549182694322e-03	3.954715249120111520e-01
1.850000000000000089e+00	7.529301975622785213e-03	3.939086252175500458e-01
1.854999999999999982e+00	7.529183803648203596e-03	3.923507721498438738e-01
1.860000000000000098e+00	7.529066031771401539e-03	3.907979485701812972e-01
1.865000000000000213e+00	7.528948658518009804e-03	3.892501374914447698e-01
1.870000000000000107e+00	7.528831682424073565e-03	3.877073220459845149e-01
1.875000000000000000e+00	7.528715102038492299e-03	3.861694855139837235e-01
1.879999999999999893e+00	7.528598915920314480e-03	3.846366112919375468e-01
1.884999999999999787e+00	7.528483122641128032e-03	3.831086829205167521e-01
1.889999999999999902e+00	7.528367720782413140e-03	3.815856840536310801e-01
1.895000000000000018e+00	7.528252708937884993e-03	3.800675984858091772e-01
1.899999999999999911e+00	7.528138085710892567e-03	3.785544101218270563e-01
1.904999999999999805e+00	7.528023849716727542e-03	3.770461030036189043e-01
1.909999999999999920e+00	7.527909999580070788e-03	3.755426612804538822e-01
1.915000000000000036e+00	7.527796533937257915e-03	3.740440692353926289e-01
1.919999999999999929e+00	7.527683451433768262e-03	3.725503112559951924e-01
1.924999999999999822e+00	7.527570750726461819e-03	3.710613718603366640e-01
1.929999999999999938e+00	7.527458430481108118e-03	3.695772356682303084e-01
1.935000000000000053e+00	7.527346489374581520e-03	3.680978874268167056e-01
1.939999999999999947e+00	7.527234926092442151e-03	3.666233119822854269e-01
1.944999999999999840e+00	7.527123739331088685e-03	3.651534943050509519e-01
1.949999999999999956e+00	7.527012927795384382e-03	3.636884194619575128e-01
1.955000000000000071e+00	7.526902490200772580e-03	3.622280726410547769e-01
1.959999999999999964e+00	7.526792425270947828e-03	3.607724391242718154e-01
1.964999999999999858e+00	7.526682731739932353e-03	3.593215043118035412e-01
1.969999999999999973e+00	7.526573408349788823e-03	3.578752536952391483e-01
1.975000000000000089e+00	7.526464453852665590e-03	3.564336728815734601e-01
1.979999999999999982e+00	7.526355867008545017e-03	3.549967475667745731e-01
1.984999999999999876e+00	7.526247646587259227e-03	3.535644635594313856e-01
1.989999999999999991e+00	7.526139791366274860e-03	3.521368067547474556e-01
1.995000000000000107e+00	7.526032300132677599e-03	3.507137631578360337e-01
2.000000000000000000e+00	7.525925171680991621e-03	3.492953188581275348e-01
2.004999999999999893e+00	7.525818404815136364e-03	3.478814600523216782e-01
2.009999999999999787e+00	7.525711998346282412e-03	3.464721730191967497e-01
2.014999999999999680e+00	7.525605951094776168e-03	3.450674441422298955e-01
2.020000000000000018e+00	7.525500261888027828e-03	3.436672598847955173e-01
2.024999999999999911e+00	7.525394929562414376e-03	3.422716068124640465e-01
2.029999999999999805e+00	7.525289952961194441e-03	3.408804715685772591e-01
2.035000000000000142e+00	7.525185330936387008e-03	3.394938408962346332e-01
2.040000000000000036e+00	7.525081062346718370e-03	3.381117016142366483e-01
2.044999999999999929e+00	7.524977146059471343e-03	3.367340406387672180e-01
2.049999999999999822e+00	7.524873580948468650e-03	3.353608449596920948e-01
2.054999999999999716e+00	7.524770365895889178e-03	3.339921016619485372e-01
2.060000000000000053e+00	7.524667499790289524e-03	3.326277979021882159e-01
2.064999999999999947e+00	7.524564981528388159e-03	3.312679209298824978e-01
2.069999999999999840e+00	7.524462810013119937e-03	3.299124580642995297e-01
2.075000000000000178e+00	7.524360984155395969e-03	3.285613967153328541e-01
2.080000000000000071e+00	7.524259502872185888e-03	3.272147243608049538e-01
2.084999999999999964e+00	7.524158365088252573e-03	3.258724285670261400e-01
2.089999999999999858e+00	7.524057569734265635e-03	3.245344969664141210e-01
2.094999999999999751e+00	7.523957115748510990e-03	3.232009172777928763e-01
2.100000000000000089e+00	7.523857002075027764e-03	3.218716772843182583e-01
2.104999999999999982e+00	7.523757227665304852e-03	3.205467648535243463e-01
2.109999999999999876e+00	7.523657791476434306e-03	3.192261679155465326e-01
2.115000000000000213e+00	7.523558692472790549e-03	3.179098744829222389e-01
2.120000000000000107e+00	7.523459929624211513e-03	3.165978726291037160e-01
2.125000000000000000e+00	7.523361501907650968e-03	3.152901505080199507e-01
2.129999999999999893e+00	7.523263408305386549e-03	3.139866963328702965e-01
2.134999999999999787e+00	7.523165647806656468e-03	3.126874983954553433e-01
2.140000000000000124e+00	7.523068219405886631e-03	3.113925450452430521e-01
2.145000000000000018e+00	7.522971122104304791e-03	3.101018247084751933e-01
2.149999999999999911e+00	7.522874354908198023e-03	3.088153258674984358e-01
2.155000000000000249e+00	7.522777916830502599e-03	3.075330370796517387e-01
2.160000000000000142e+00	7.522681806889087476e-03	3.062549469568566773e-01
2.165000000000000036e+00	7.522586024108319017e-03	3.049810441842917275e-01
2.169999999999999929e+00	7.522490567517376575e-03	3.037113175002328358e-01
2.174999999999999822e+00	7.522395436151791195e-03	3.024457557145222020e-01
2.180000000000000160e+00	7.522300629051781144e-03	3.011843476886519877e-01
2.185000000000000053e+00	7.522206145263781937e-03	2.999270823540332032e-01
2.189999999999999947e+00	7.522111983838795750e-03	2.986739486923155606e-01
2.195000000000000284e+00	7.522018143833904096e-03	2.974249357534617944e-01
2.200000000000000178e+00	7.521924624310639788e-03	2.961800326362983848e-01
2.205000000000000071e+00	7.521831424336482275e-03	2.949392285063999752e-01
2.209999999999999964e+00	7.521738542983248677e-03	2.937025125768640832e-01
2.214999999999999858e+00	7.521645979328573511e-03	2.924698741260117196e-01
2.220000000000000195e+00	7.521553732454321420e-03	2.912413024783797044e-01
2.225000000000000089e+00	7.521461801448044333e-03	2.900167870222426503e-01
2.229999999999999982e+00	7.521370185401417621e-03	2.887963171908171089e-01
2.235000000000000320e+00	7.521278883411682513e-03	2.875798824796084729e-01
2.240000000000000213e+00	7.521187894580096990e-03	2.863674724278234551e-01
2.245000000000000107e+00	7.521097218013366066e-03	2.851590766355458495e-01
2.250000000000000000e+00	7.521006852822110893e-03	2.839546847453501832e-01
2.254999999999999893e+00	7.520916798122279090e-03	2.827542864593132754e-01
2.259999999999999787e+00	7.520827053033637272e-03	2.815578715208227889e-01
2.264999999999999680e+00	7.520737616681164896e-03	2.803654297314283617e-01
2.270000000000000018e+00	7.520648488193561534e-03	2.791769509328407284e-01
2.274999999999999911e+00	7.520559666704632051e-03	2.779924250236266992e-01
2.279999999999999805e+00	7.520471151351802545e-03	2.768118419413936881e-01
2.285000000000000142e+00	7.520382941277497721e-03	2.756351916793315926e-01
2.290000000000000036e+00	7.520295035627673312e-03	2.744624642685797866e-01
2.294999999999999929e+00	7.520207433553174371e-03	2.732936497946193977e-01
2.299999999999999822e+00	7.520120134208291111e-03	2.721287383798169368e-01
2.304999999999999716e+00	7.520033136752098113e-03	2.709677201996717466e-01
2.310000000000000053e+00	7.519946440347026646e-03	2.698105854655316604e-01
2.314999999999999947e+00	7.519860044160192603e-03	2.686573244406998406e-01
2.319999999999999840e+00	7.519773947361986163e-03	2.675079274233172488e-01
2.325000000000000178e+00	7.519688149127379782e-03	2.663623847623317609e-01
2.330000000000000071e+00	7.519602648634539539e-03	2.652206868405458384e-01
2.334999999999999964e+00	7.519517445066119243e-03	2.640828240904496416e-01
2.339999999999999858e+00	7.519432537607883063e-03	2.629487869774287390e-01
2.344999999999999751e+00	7.519347925449990956e-03	2.618185660154669914e-01
2.350000000000000089e+00	7.519263607785633442e-03	2.606921517505091379e-01
2.354999999999999982e+00	7.519179583812310094e-03	2.595695347760364480e-01
2.359999999999999876e+00	7.519095852730467780e-03	2.584507057165810195e-01
2.365000000000000213e+00	7.519012413744778286e-03	2.573356552431763644e-01
2.370000000000000107e+00	7.518929266062786970e-03	2.562243740570212536e-01
2.375000000000000000e+00	7.518846408896172166e-03	2.551168529048071232e-01
2.379999999999999893e+00	7.518763841459418992e-03	2.540130825625275812e-01
2.384999999999999787e+00	7.518681562971058809e-03	2.529130538506868531e-01
2.390000000000000124e+00	7.518599572652356899e-03	2.518167576182506751e-01
2.395000000000000018e+00	7.518517869728547597e-03	2.507241847577387217e-01
2.399999999999999911e+00	7.518436453427526298e-03	2.496353261893135833e-01
2.405000000000000249e+00	7.518355322981075915e-03	2.485501728757591455e-01
2.410000000000000142e+00	7.518274477623577111e-03	2.474687158067063464e-01
2.415000000000000036e+00	7.518193916593219131e-03	2.463909460134986462e-01
2.419999999999999929e+00	7.518113639130723051e-03	2.453168545535509559e-01
2.424999999999999822e+00	7.518033644480541337e-03	2.442464325251064716e-01
2.430000000000000160e+00	7.517953931889594966e-03	2.431796710517247218e-01
2.435000000000000053e+00	7.517874500608464315e-03	2.421165612969320147e-01
2.439999999999999947e+00	7.517795349890131484e-03	2.410570944488362732e-01
2.445000000000000284e+00	7.517716478991169453e-03	2.400012617346728161e-01
2.450000000000000178e+00	7.517637887170493076e-03	2.389490544055440924e-01
2.455000000000000071e+00	7.517559573690534361e-03	2.379004637508626285e-01
2.459999999999999964e+00	7.517481537816011680e-03	2.368554810832121660e-01
2.464999999999999858e+00	7.517403778815090303e-03	2.358140977526910764e-01
2.470000000000000195e+00	7.517326295958161146e-03	2.347763051318921268e-01
2.475000000000000089e+00	7.517249088519000443e-03	2.337420946301480562e-01
2.479999999999999982e+00	7.517172155773553695e-03	2.327114576786278588e-01
2.485000000000000320e+00	7.517095497001083197e-03	2.316843857444856325e-01
2.490000000000000213e+00	7.517019111482967607e-03	2.306608703160724083e-01
2.495000000000000107e+00	7.516942998503840789e-03	2.296409029169893812e-01
2.500000000000000000e+00	7.516867157350396594e-03	2.286244750914123158e-01
2.504999999999999893e+00	7.516791587312524232e-03	2.276115784180524626e-01
2.509999999999999787e+00	7.516716287682123458e-03	2.266022044955904868e-01
2.514999999999999680e+00	7.516641257754223468e-03	2.255963449565467904e-01
2.520000000000000018e+00	7.516566496825819767e-03	2.245939914528230497e-01
2.524999999999999911e+00	7.516492004196973983e-03	2.235951356694836634e-01
2.529999999999999805e+00	7.516417779169668086e-03	2.225997693104028174e-01
2.535000000000000142e+00	7.516343821048893786e-03	2.216078841119579201e-01
2.540000000000000036e+00	7.516270129141511096e-03	2.206194718287817214e-01
2.544999999999999929e+00	7.516196702757337728e-03	2.196345242473685122e-01
2.549999999999999822e+00	7.516123541208012855e-03	2.186530331719286624e-01
2.554999999999999716e+00	7.516050643808079579e-03	2.176749904379102207e-01
2.560000000000000053e+00	7.515978009873856489e-03	2.167003878979539000e-01
2.564999999999999947e+00	7.515905638724514060e-03	2.157292174353310221e-01
2.569999999999999840e+00	7.515833529680954021e-03	2.147614709499972852e-01
2.575000000000000178e+00	7.515761682066876212e-03	2.137971403719481633e-01
2.580000000000000071e+00	7.515690095207673560e-03	2.128362176473707623e-01
2.584999999999999964e+00	7.515618768431486796e-03	2.118786947519175068e-01
2.589999999999999858e+00	7.515547701068103770e-03	2.109245636769535859e-01
2.594999999999999751e+00	7.515476892450015899e-03	2.099738164427513432e-01
2.600000000000000089e+00	7.515406341911319218e-03	2.090264450848315081e-01
2.604999999999999982e+00	7.515336048788765627e-03	2.080824416670790378e-01
2.609999999999999876e+00	7.515266012420676080e-03	2.071417982681769132e-01
2.615000000000000213e+00	7.515196232147976219e-03	2.062045069946443210e-01
2.620000000000000107e+00	7.515126707313126049e-03	2.052705599673624315e-01
2.625000000000000000e+00	7.515057437261144294e-03	2.043399493345354201e-01
2.629999999999999893e+00	7.514988421338545874e-03	2.034126672583063122e-01
2.634999999999999787e+00	7.514919658894364529e-03	2.024887059276424817e-01
2.640000000000000124e+00	7.514851149279090300e-03	2.015680575450403689e-01
2.645000000000000018e+00	7.514782891845691280e-03	2.006507143393365944e-01
2.649999999999999911e+00	7.514714885948558035e-03	1.997366685524995800e-01
2.655000000000000249e+00	7.514647130944514079e-03	1.988259124523672761e-01
2.660000000000000142e+00	7.514579626191776780e-03	1.979184383195257968e-01
2.665000000000000036e+00	7.514512371050952218e-03	1.970142384599728180e-01
2.669999999999999929e+00	7.514445364884008230e-03	1.961133051920825876e-01
2.674999999999999822e+00	7.514378607055262338e-03	1.952156308591974365e-01
2.680000000000000160e+00	7.514312096930363463e-03	1.943212078166761669e-01
2.685000000000000053e+00	7.514245833877271179e-03	1.934300284444149254e-01
2.689999999999999947e+00	7.514179817265245233e-03	1.925420851339782746e-01
2.695000000000000284e+00	7.514114046465820464e-03	1.916573703010496510e-01
2.700000000000000178e+00	7.514048520851796323e-03	1.907758763726452034e-01
2.705000000000000071e+00	7.513983239798218729e-03	1.898975957994937513e-01
2.709999999999999964e+00	7.513918202681366121e-03	1.890225210433320036e-01
2.714999999999999858e+00	7.513853408879726976e-03	1.881506445892154045e-01
2.720000000000000195e+00	7.513788857772996273e-03	1.872819589328937606e-01
2.725000000000000089e+00	7.513724548743044331e-03	1.864164565930538087e-01
2.729999999999999982e+00	7.513660481172920215e-03	1.855541300987735842e-01
2.735000000000000320e+00	7.513596654447814507e-03	1.846949720016976826e-01
2.740000000000000213e+00	7.513533067954073115e-03	1.838389748635704812e-01
2.745000000000000107e+00	7.513469721080147899e-03	1.829861312683430663e-01
2.750000000000000000e+00	7.513406613215622629e-03	1.821364338097851698e-01
2.754999999999999893e+00	7.513343743752154066e-03	1.812898751035253164e-01
2.759999999999999787e+00	7.513281112082506596e-03	1.804464477747391438e-01
2.764999999999999680e+00	7.513218717601488975e-03	1.796061444701239629e-01
2.770000000000000018e+00	7.513156559704992424e-03	1.787689578456633233e-01
2.774999999999999911e+00	7.513094637790923049e-03	1.779348805785355703e-01
2.779999999999999805e+00	7.513032951258246002e-03	1.771039053549540443e-01
2.785000000000000142e+00	7.512971499507912695e-03	1.762760248820103015e-01
2.790000000000000036e+00	7.512910281941910171e-03	1.754512318755898082e-01
2.794999999999999929e+00	7.512849297964186573e-03	1.746295190721498247e-01
2.799999999999999822e+00	7.512788546979703129e-03	1.738108792167095129e-01
2.804999999999999716e+00	7.512728028395353544e-03	1.729953050745631216e-01
2.810000000000000053e+00	7.512667741619025522e-03	1.721827894193442565e-01
2.814999999999999947e+00	7.512607686060510624e-03	1.713733250446750345e-01
2.819999999999999840e+00	7.512547861130577063e-03	1.705669047523035442e-01
2.825000000000000178e+00	7.512488266241872624e-03	1.697635213636882467e-01
2.830000000000000071e+00	7.512428900807998321e-03	1.689631677082095718e-01
2.834999999999999964e+00	7.512369764244409588e-03	1.681658366346902578e-01
2.839999999999999858e+00	7.512310855967500346e-03	1.673715209996785303e-01
2.844999999999999751e+00	7.512252175395494648e-03	1.665802136789063526e-01
2.850000000000000089e+00	7.512193721947534215e-03	1.657919075556438804e-01
2.854999999999999982e+00	7.512135495044569219e-03	1.650065955320945132e-01
2.859999999999999876e+00	7.512077494108450153e-03	1.642242705178210138e-01
2.865000000000000213e+00	7.512019718562812538e-03	1.634449254410774433e-01
2.870000000000000107e+00	7.511962167832176608e-03	1.626685532373070564e-01
2.875000000000000000e+00	7.511904841342825073e-03	1.618951468604109545e-01
2.879999999999999893e+00	7.511847738521909741e-03	1.611246992713165904e-01
2.884999999999999787e+00	7.511790858798324082e-03	1.603572034491846376e-01
2.890000000000000124e+00	7.511734201601814181e-03	1.595926523800469954e-01
2.895000000000000018e+00	7.511677766363847840e-03	1.588310390679522344e-01
2.899999999999999911e+00	7.511621552516730728e-03	1.580723565236732409e-01
2.905000000000000249e+00	7.511565559494469413e-03	1.573165977757898237e-01
2.910000000000000142e+00	7.511509786731897925e-03	1.565637558594673018e-01
2.915000000000000036e+00	7.511454233665526906e-03	1.558138238274766052e-01
2.919999999999999929e+00	7.511398899732681447e-03	1.550667947390417523e-01
2.924999999999999822e+00	7.511343784372347641e-03	1.543226616707986942e-01
2.930000000000000160e+00	7.511288887024312154e-03	1.535814177057118757e-01
2.935000000000000053e+00	7.511234207130002699e-03	1.528430559439712677e-01
2.939999999999999947e+00	7.511179744131637158e-03	1.521075694919773735e-01
2.945000000000000284e+00	7.511125497473057112e-03	1.513749514731770329e-01
2.950000000000000178e+00	7.511071466598880433e-03	1.506451950171171505e-01
2.955000000000000071e+00	7.511017650955331346e-03	1.499182932702186055e-01
2.959999999999999964e+00	7.510964049989403424e-03	1.491942393848983139e-01
2.964999999999999858e+00	7.510910663149676647e-03	1.484730265302820484e-01
2.970000000000000195e+00	7.510857489885489069e-03	1.477546478813941411e-01
2.975000000000000089e+00	7.510804529647751270e-03	1.470390966298093793e-01
2.979999999999999982e+00	7.510751781888119760e-03	1.463263659729105159e-01
2.985000000000000320e+00	7.510699246059810569e-03	1.456164491244782144e-01
2.990000000000000213e+00	7.510646921616777848e-03	1.449093393040171429e-01
2.995000000000000107e+00	7.510594808014515317e-03	1.442050297472843301e-01
3.000000000000000000e+00	7.510542904709244412e-03	1.435035136956822610e-01
3.004999999999999893e+00	7.510491211158717463e-03	1.428047844067267813e-01
3.009999999999999787e+00	7.510439726821404975e-03	1.421088351435072505e-01
3.014999999999999680e+00	7.510388451157293602e-03	1.414156591850929678e-01
3.020000000000000018e+00	7.510337383627076896e-03	1.407252498160606602e-01
3.024999999999999911e+00	7.510286523692953284e-03	1.400376003368401512e-01
3.029999999999999805e+00	7.510235870817825489e-03	1.393527040533081574e-01
3.035000000000000142e+00	7.510185424466079424e-03	1.386705542870729502e-01
3.040000000000000036e+00	7.510135184102802695e-03	1.379911443651357927e-01
3.044999999999999929e+00	7.510085149194555693e-03	1.373144676301134570e-01
3.049999999999999822e+00	7.510035319208588356e-03	1.366405174299667458e-01
3.054999999999999716e+00	7.509985693613615600e-03	1.359692871281621973e-01
3.060000000000000053e+00	7.509936271879034952e-03	1.353007700934666935e-01
3.064999999999999947e+00	7.509887053475695039e-03	1.346349597100483519e-01
3.069999999999999840e+00	7.509838037875123627e-03	1.339718493673375255e-01
3.075000000000000178e+00	7.509789224550289174e-03	1.333114324700663267e-01
3.080000000000000071e+00	7.509740612974829740e-03	1.326537024281966293e-01
3.084999999999999964e+00	7.509692202623815399e-03	1.319986526668976423e-01
3.089999999999999858e+00	7.509643992972983226e-03	1.313462766165406637e-01
3.094999999999999751e+00	7.509595983499491034e-03	1.306965677226151479e-01
3.100000000000000089e+00	7.509548173681156701e-03	1.300495194357899065e-01
3.104999999999999982e+00	7.509500562997207564e-03	1.294051252217682246e-01
3.109999999999999876e+00	7.509453150927532759e-03	1.287633785514144535e-01
3.115000000000000213e+00	7.509405936953417009e-03	1.281242729105479261e-01
3.120000000000000107e+00	7.509358920556803360e-03	1.274878017901365512e-01
3.125000000000000000e+00	7.509312101221024376e-03	1.268539586960280852e-01
3.129999999999999893e+00	7.509265478430062271e-03	1.262227371392106168e-01
3.134999999999999787e+00	7.509219051669281837e-03	1.255941306454820272e-01
3.140000000000000124e+00	7.509172820424696651e-03	1.249681327457766999e-01
3.145000000000000018e+00	7.509126784183695058e-03	1.243447369857732798e-01
3.149999999999999911e+00	7.509080942434307251e-03	1.237239369162873581e-01
3.155000000000000249e+00	7.509035294665931254e-03	1.231057261028176281e-01
3.160000000000000142e+00	7.508989840368606936e-03	1.224900981160048780e-01
3.165000000000000036e+00	7.508944579033733323e-03	1.218770465411155579e-01
3.169999999999999929e+00	7.508899510153348687e-03	1.212665649685677333e-01
3.174999999999999822e+00	7.508854633220841783e-03	1.206586470033521874e-01
3.180000000000000160e+00	7.508809947730241477e-03	1.200532862556244057e-01
3.185000000000000053e+00	7.508765453176919312e-03	1.194504763500644356e-01
3.189999999999999947e+00	7.508721149056883475e-03	1.188502109165337634e-01
3.195000000000000284e+00	7.508677034867479623e-03	1.182524835993734313e-01
3.200000000000000178e+00	7.508633110106690059e-03	1.176572880481278893e-01
3.205000000000000071e+00	7.508589374273828485e-03	1.170646179267796350e-01
3.209999999999999964e+00	7.508545826868841776e-03	1.164744669045395392e-01
3.214999999999999858e+00	7.508502467393002137e-03	1.158868286650193424e-01
3.220000000000000195e+00	7.508459295348216683e-03	1.153016968970882045e-01
3.225000000000000089e+00	7.508416310237711784e-03	1.147190653039822511e-01
3.229999999999999982e+00	7.508373511565346985e-03	1.141389275942274600e-01
3.235000000000000320e+00	7.508330898836296750e-03	1.135612774906866879e-01
3.240000000000000213e+00	7.508288471556367853e-03	1.129861087215487531e-01
3.245000000000000107e+00	7.508246229232678516e-03	1.124134150293125550e-01
3.250000000000000000e+00	7.508204171372978401e-03	1.118431901618424235e-01
3.254999999999999893e+00	7.508162297486321683e-03	1.112754278812893294e-01
3.259999999999999787e+00	7.508120607082399180e-03	1.107101219552126675e-01
3.264999999999999680e+00	7.508079099672199282e-03	1.101472661654381985e-01
3.270000000000000018e+00	7.508037774767345289e-03	1.095868542992462780e-01
3.274999999999999911e+00	7.507996631880757207e-03	1.090288801581667522e-01
3.279999999999999805e+00	7.507955670525990818e-03	1.084733375492333840e-01
3.285000000000000142e+00	7.507914890217892538e-03	1.079202202937150079e-01
3.290000000000000036e+00	7.507874290471947161e-03	1.073695222184375131e-01
3.294999999999999929e+00	7.507833870804926646e-03	1.068212371644507441e-01
3.299999999999999822e+00	7.507793630734241330e-03	1.062753589784165287e-01
3.304999999999999716e+00	7.507753569778587849e-03	1.057318815212131696e-01
3.310000000000000053e+00	7.507713687457299480e-03	1.051907986593891425e-01
3.314999999999999947e+00	7.507673983290994064e-03	1.046521042737040968e-01
3.319999999999999840e+00	7.507634456800930424e-03	1.041157922506492639e-01
3.325000000000000178e+00	7.507595107509645004e-03	1.035818564909241624e-01
3.330000000000000071e+00	7.507555934940319566e-03	1.030502909010243273e-01
3.334999999999999964e+00	7.507516938617411761e-03	1.025210894016534008e-01
3.339999999999999858e+00	7.507478118066023692e-03	1.019942459193778350e-01
3.344999999999999751e+00	7.507439472812532481e-03	1.014697543949747843e-01
3.350000000000000089e+00	7.507401002383964038e-03	1.009476087751534357e-01
3.354999999999999982e+00	7.507362706308613222e-03	1.004278030208390626e-01
3.359999999999999876e+00	7.507324584115428884e-03	9.991033109896081676e-02
3.365000000000000213e+00	7.507286635334627090e-03	9.939518699067102780e-02
3.370000000000000107e+00	7.507248859497079631e-03	9.888236468320074635e-02
3.375000000000000000e+00	7.507211256134924647e-03	9.837185817801367971e-02
3.379999999999999893e+00	7.507173824780957738e-03	9.786366148272891696e-02
3.384999999999999787e+00	7.507136564969239118e-03	9.735776861921052738e-02
3.390000000000000124e+00	7.507099476234490795e-03	9.685417361555689886e-02
3.395000000000000018e+00	7.507062558112699395e-03	9.635287051412551318e-02
3.399999999999999911e+00	7.507025810140515072e-03	9.585385336358948072e-02
3.405000000000000249e+00	7.506989231855847391e-03	9.535711622689722888e-02
3.410000000000000142e+00	7.506952822797279858e-03	9.486265317339626080e-02
3.415000000000000036e+00	7.506916582504651915e-03	9.437045828672789571e-02
3.419999999999999929e+00	7.506880510518478683e-03	9.388052565701769658e-02
3.424999999999999822e+00	7.506844606380531221e-03	9.339284938870542896e-02
3.430000000000000160e+00	7.506808869633263201e-03	9.290742359280269869e-02
3.435000000000000053e+00	7.506773299820379032e-03	9.242424239465751867e-02
3.439999999999999947e+00	7.506737896486270940e-03	9.194329992627919834e-02
3.445000000000000284e+00	7.506702659176583622e-03	9.146459033403692152e-02
3.450000000000000178e+00	7.506667587437652195e-03	9.098810777105302561e-02
3.455000000000000071e+00	7.506632680817064245e-03	9.051384640483546573e-02
3.459999999999999964e+00	7.506597938863100380e-03	9.004180040973791543e-02
3.464999999999999858e+00	7.506563361125296284e-03	8.957196397452761583e-02
3.470000000000000195e+00	7.506528947153883261e-03	8.910433129491215909e-02
3.475000000000000089e+00	7.506494696500347688e-03	8.863889658104158464e-02
3.479999999999999982e+00	7.506460608716876773e-03	8.817565405010294177e-02
3.485000000000000320e+00	7.506426683356913661e-03	8.771459793375618874e-02
3.490000000000000213e+00	7.506392919974605796e-03	8.725572247079645127e-02
3.495000000000000107e+00	7.506359318125354826e-03	8.679902191452390503e-02
3.500000000000000000e+00	7.506325877365275373e-03	8.634449052547338299e-02
3.504999999999999893e+00	7.506292597251736261e-03	8.589212257871824130e-02
3.509999999999999787e+00	7.506259477342821021e-03	8.544191235666750983e-02
3.514999999999999680e+00	7.506226517197869125e-03	8.499385415630371365e-02
3.520000000000000018e+00	7.506193716376942555e-03	8.454794228204758066e-02
3.524999999999999911e+00	7.506161074441356634e-03	8.410417105292951334e-02
3.529999999999999805e+00	7.506128590953156134e-03	8.366253479552174244e-02
3.535000000000000142e+00	7.506096265475639163e-03	8.322302785104362943e-02
3.540000000000000036e+00	7.506064097572838489e-03	8.278564456836155772e-02
3.544999999999999929e+00	7.506032086810040214e-03	8.235037931102763553e-02
3.549999999999999822e+00	7.506000232753272904e-03	8.191722645034721362e-02
3.554999999999999716e+00	7.505968534969819327e-03	8.148618037235115519e-02
3.560000000000000053e+00	7.505936993027705582e-03	8.105723547093085513e-02
3.564999999999999947e+00	7.505905606496217179e-03	8.063038615474429904e-02
3.569999999999999840e+00	7.505874374945390760e-03	8.020562684041844526e-02
3.575000000000000178e+00	7.505843297946517174e-03	7.978295195938861495e-02
3.580000000000000071e+00	7.505812375071648813e-03	7.936235595116893082e-02
3.584999999999999964e+00	7.505781605894091407e-03	7.894383327012421958e-02
3.589999999999999858e+00	7.505750989987918301e-03	7.852737837880884031e-02
3.594999999999999751e+00	7.505720526928460513e-03	7.811298575467179317e-02
3.600000000000000089e+00	7.505690216291817547e-03	7.770064988346293833e-02
3.604999999999999982e+00	7.505660057655350048e-03	7.729036526587138023e-02
3.609999999999999876e+00	7.505630050597194083e-03	7.688212641099935463e-02
3.615000000000000213e+00	7.505600194696748599e-03	7.647592784293368029e-02
3.620000000000000107e+00	7.505570489534193167e-03	7.607176409428755004e-02
3.625000000000000000e+00	7.505540934690968502e-03	7.566962971270489724e-02
3.629999999999999893e+00	7.505511529749308089e-03	7.526951925446986880e-02
3.634999999999999787e+00	7.505482274292705688e-03	7.487142729094420357e-02
3.640000000000000124e+00	7.505453167905451299e-03	7.447534840224434571e-02
3.645000000000000018e+00	7.505424210173101268e-03	7.408127718361212644e-02
3.649999999999999911e+00	7.505395400682012517e-03	7.368920823915900420e-02
3.655000000000000249e+00	7.505366739019807450e-03	7.329913618816992493e-02
3.660000000000000142e+00	7.505338224774919451e-03	7.291105565891561890e-02
3.665000000000000036e+00	7.505309857537049122e-03	7.252496129488873733e-02
3.669999999999999929e+00	7.505281636896710649e-03	7.214084774868394223e-02
3.674999999999999822e+00	7.505253562445688038e-03	7.175870968816722151e-02
3.680000000000000160e+00	7.505225633776590154e-03	7.137854179042350811e-02
3.685000000000000053e+00	7.505197850483293943e-03	7.100033874785847965e-02
3.689999999999999947e+00	7.505170212160504686e-03	7.062409526221405387e-02
3.695000000000000284e+00	7.505142718404204417e-03	7.024980605060313077e-02
3.700000000000000178e+00	7.505115368811204370e-03	6.987746583959239532e-02
3.705000000000000071e+00	7.505088162979596869e-03	6.950706937117002993e-02
3.709999999999999964e+00	7.505061100508312114e-03	6.913861139689601865e-02
3.714999999999999858e+00	7.505034180997558792e-03	6.877208668380256629e-02
3.720000000000000195e+00	7.505007404048393872e-03	6.840749000861184870e-02
3.725000000000000089e+00	7.504980769263151948e-03	6.804481616356965190e-02
3.729999999999999982e+00	7.504954276245024564e-03	6.768405995073009662e-02
3.735000000000000320e+00	7.504927924598482625e-03	6.732521618772209504e-02
3.740000000000000213e+00	7.504901713928862662e-03	6.696827970210196546e-02
3.745000000000000107e+00	7.504875643842778832e-03	6.661324533705198503e-02
3.750000000000000000e+00	7.504849713947717854e-03	6.626010794580078356e-02
3.754999999999999893e+00	7.504823923852449279e-03	6.590886239725490814e-02
3.759999999999999787e+00	7.504798273166620425e-03	6.555950357048589971e-02
3.764999999999999680e+00	7.504772761501164909e-03	6.521202636029520272e-02
3.770000000000000018e+00	7.504747388467898454e-03	6.486642567176818808e-02
3.774999999999999911e+00	7.504722153679924818e-03	6.452269642577206088e-02
3.779999999999999805e+00	7.504697056751240269e-03	6.418083355357709352e-02
3.785000000000000142e+00	7.504672097297129980e-03	6.384083200228712895e-02
3.790000000000000036e+00	7.504647274933776840e-03	6.350268672952823212e-02
3.794999999999999929e+00	7.504622589278655241e-03	6.316639270881189983e-02
3.799999999999999822e+00	7.504598039950145967e-03	6.283194492429085287e-02
3.804999999999999716e+00	7.504573626567923039e-03	6.249933837605508441e-02
3.810000000000000053e+00	7.504549348752571208e-03	6.216856807495448750e-02
3.814999999999999947e+00	7.504525206125972799e-03	6.183962904782831088e-02
3.819999999999999840e+00	7.504501198310927802e-03	6.151251633239430278e-02
3.825000000000000178e+00	7.504477324931534653e-03	6.118722498241108837e-02
3.830000000000000071e+00	7.504453585612819860e-03	6.086375006263454457e-02
3.834999999999999964e+00	7.504429979981107508e-03	6.054208665391268979e-02
3.839999999999999858e+00	7.504406507663656696e-03	6.022222984820904679e-02
3.844999999999999751e+00	7.504383168289025831e-03	5.990417475363087052e-02
3.850000000000000089e+00	7.504359961486715275e-03	5.958791648951870107e-02
3.854999999999999982e+00	7.504336886887531637e-03	5.927345019140804055e-02
3.859999999999999876e+00	7.504313944123225215e-03	5.896077100618525579e-02
3.865000000000000213e+00	7.504291132826855157e-03	5.864987409698258630e-02
3.870000000000000107e+00	7.504268452632432973e-03	5.834075463840034809e-02
3.875000000000000000e+00	7.504245903175279023e-03	5.803340782133545317e-02
3.879999999999999893e+00	7.504223484091676437e-03	5.772782884826964389e-02
3.884999999999999787e+00	7.504201195019217195e-03	5.742401293803152396e-02
3.890000000000000124e+00	7.504179035596462120e-03	5.712195532115100366e-02
3.895000000000000018e+00	7.504157005463285221e-03	5.682165124455486327e-02
3.899999999999999911e+00	7.504135104260533685e-03	5.652309596698711774e-02
3.905000000000000249e+00	7.504113331630371357e-03	5.622628476363802918e-02
3.910000000000000142e+00	7.504091687215943066e-03	5.593121292163078656e-02
3.915000000000000036e+00	7.504070170661710296e-03	5.563787574458398111e-02
3.919999999999999929e+00	7.504048781613125059e-03	5.534626854816365044e-02
3.924999999999999822e+00	7.504027519716956023e-03	5.505638666458033403e-02
3.930000000000000160e+00	7.504006384620968452e-03	5.476822543820619726e-02
3.935000000000000053e+00	7.503985375974248605e-03	5.448178023000603554e-02
3.939999999999999947e+00	7.503964493426885408e-03	5.419704641321999167e-02
3.945000000000000284e+00	7.503943736630291385e-03	5.391401937772863362e-02
3.950000000000000178e+00	7.503923105236886930e-03	5.363269452580090441e-02
3.955000000000000071e+00	7.503902598900417768e-03	5.335306727639327340e-02
3.959999999999999964e+00	7.503882217275647908e-03	5.307513306096296735e-02
3.964999999999999858e+00	7.503861960018664082e-03	5.279888732770143811e-02
3.970000000000000195e+00	7.503841826786579981e-03	5.252432553741234744e-02
3.975000000000000089e+00	7.503821817237834625e-03	5.225144316767975361e-02
3.979999999999999982e+00	7.503801931031900060e-03	5.198023570881079441e-02
3.985000000000000320e+00	7.503782167829576265e-03	5.171069866793825270e-02
3.990000000000000213e+00	7.503762527292701448e-03	5.144282756502827764e-02
3.995000000000000107e+00	7.503743009084445220e-03	5.117661793691737765e-02
4.000000000000000000e+00	7.503723612869020627e-03	5.091206533338452078e-02
4.004999999999999893e+00	7.503704338311972984e-03	5.064916532112331143e-02
4.009999999999999787e+00	7.503685185079902314e-03	5.038791347987820607e-02
4.014999999999999680e+00	7.503666152840739179e-03	5.012830540635166560e-02
4.019999999999999574e+00	7.503647241263472316e-03	4.987033671040443789e-02
4.025000000000000355e+00	7.503628450018428805e-03	4.961400301889801884e-02
4.030000000000000249e+00	7.503609778776999112e-03	4.935929997195893232e-02
4.035000000000000142e+00	7.503591227211909437e-03	4.910622322675625012e-02
4.040000000000000036e+00	7.503572794996961511e-03	4.885476845382968197e-02
4.044999999999999929e+00	7.503554481807291933e-03	4.860493134080271643e-02
4.049999999999999822e+00	7.503536287319116302e-03	4.835670758877412545e-02
4.054999999999999716e+00	7.503518211209990289e-03	4.811009291596698295e-02
4.059999999999999609e+00	7.503500253158555504e-03	4.786508305418319537e-02
4.064999999999999503e+00	7.503482412844792761e-03	4.762167375238854361e-02
4.070000000000000284e+00	7.503464689949776618e-03	4.737986077323013551e-02
4.075000000000000178e+00	7.503447084155922576e-03	4.713963989655800546e-02
4.080000000000000071e+00	7.503429595146742480e-03	4.690100691600488508e-02
4.084999999999999964e+00	7.503412222607094319e-03	4.666395764244418015e-02
4.089999999999999858e+00	7.503394966222940235e-03	4.642848790063278802e-02
4.094999999999999751e+00	7.503377825681586781e-03	4.619459353260510492e-02
4.099999999999999645e+00	7.503360800671449865e-03	4.596227039437833506e-02
4.105000000000000426e+00	7.503343890882293275e-03	4.573151435928326375e-02
4.110000000000000320e+00	7.503327096004994493e-03	4.550232131473182229e-02
4.115000000000000213e+00	7.503310415731783214e-03	4.527468716548467553e-02
4.120000000000000107e+00	7.503293849756005433e-03	4.504860783048055678e-02
4.125000000000000000e+00	7.503277397772362828e-03	4.482407924604117633e-02
4.129999999999999893e+00	7.503261059476678575e-03	4.460109736276220149e-02
4.134999999999999787e+00	7.503244834566129805e-03	4.437965814865554165e-02
4.139999999999999680e+00	7.503228722739029022e-03	4.415975758610173052e-02
4.144999999999999574e+00	7.503212723695035745e-03	4.394139167492965015e-02
4.150000000000000355e+00	7.503196837134950940e-03	4.372455642943025300e-02
4.155000000000000249e+00	7.503181062760931261e-03	4.350924788137430083e-02
4.160000000000000142e+00	7.503165400276271338e-03	4.329546207708653144e-02
4.165000000000000036e+00	7.503149849385626693e-03	4.308319508040166917e-02
4.169999999999999929e+00	7.503134409794799502e-03	4.287244296979946662e-02
4.174999999999999822e+00	7.503119081210947623e-03	4.266320184129872989e-02
4.179999999999999716e+00	7.503103863342384244e-03	4.245546780565273570e-02
4.185000000000000497e+00	7.503088755898779105e-03	4.224923699118199316e-02
4.190000000000000391e+00	7.503073758590962476e-03	4.204450554102982102e-02
4.195000000000000284e+00	7.503058871131122048e-03	4.184126961593356842e-02
4.200000000000000178e+00	7.503044093232611247e-03	4.163952539154024829e-02
4.205000000000000071e+00	7.503029424610142654e-03	4.143926906111694564e-02
4.209999999999999964e+00	7.503014864979597187e-03	4.124049683292577845e-02
4.214999999999999858e+00	7.503000414058217521e-03	4.104320493287381272e-02
4.219999999999999751e+00	7.502986071564419872e-03	4.084738960194716356e-02
4.224999999999999645e+00	7.502971837217983081e-03	4.065304709880059736e-02
4.230000000000000426e+00	7.502957710739863867e-03	4.046017369725050244e-02
4.235000000000000320e+00	7.502943691852382441e-03	4.026876568880458779e-02
4.240000000000000213e+00	7.502929780279041228e-03	4.007881938021320978e-02
4.245000000000000107e+00	7.502915975744706145e-03	3.989033109593934784e-02
4.250000000000000000e+00	7.502902277975433999e-03	3.970329717576862733e-02
4.254999999999999893e+00	7.502888686698639883e-03	3.951771397721930146e-02
4.259999999999999787e+00	7.502875201642938453e-03	3.933357787321055399e-02
4.264999999999999680e+00	7.502861822538304387e-03	3.915088525441323686e-02
4.269999999999999574e+00	7.502848549115910190e-03	3.896963252697568242e-02
4.275000000000000355e+00	7.502835381108293594e-03	3.878981611481582131e-02
4.280000000000000249e+00	7.502822318249195363e-03	3.861143245740435853e-02
4.285000000000000142e+00	7.502809360273718017e-03	3.843447801199804253e-02
4.290000000000000036e+00	7.502796506918175783e-03	3.825894925148006637e-02
4.294999999999999929e+00	7.502783757920242040e-03	3.808484266653497374e-02
4.299999999999999822e+00	7.502771113018804477e-03	3.791215476354595215e-02
4.304999999999999716e+00	7.502758571954116010e-03	3.774088206671162571e-02
4.309999999999999609e+00	7.502746134467642124e-03	3.757102111599979616e-02
4.314999999999999503e+00	7.502733800302216136e-03	3.740256846920649025e-02
4.320000000000000284e+00	7.502721569201888270e-03	3.723552069996575314e-02
4.325000000000000178e+00	7.502709440912076581e-03	3.706987439975160947e-02
4.330000000000000071e+00	7.502697415179419502e-03	3.690562617594330547e-02
4.334999999999999964e+00	7.502685491751919823e-03	3.674277265377034335e-02
4.339999999999999858e+00	7.502673670378811124e-03	3.658131047443324846e-02
4.344999999999999751e+00	7.502661950810689609e-03	3.642123629699157289e-02
4.349999999999999645e+00	7.502650332799381400e-03	3.626254679654009050e-02
4.355000000000000426e+00	7.502638816098077847e-03	3.610523866604024162e-02
4.360000000000000320e+00	7.502627400461206290e-03	3.594930861455114535e-02
4.365000000000000213e+00	7.502616085644554095e-03	3.579475336900488081e-02
4.370000000000000107e+00	7.502604871405152420e-03	3.564156967249190039e-02
4.375000000000000000e+00	7.502593757501391583e-03	3.548975428598063336e-02
4.379999999999999893e+00	7.502582743692904829e-03	3.533930398665693917e-02
4.384999999999999787e+00	7.502571829740688029e-03	3.519021556958838032e-02
4.389999999999999680e+00	7.502561015406984321e-03	3.504248584611724393e-02
4.394999999999999574e+00	7.502550300455394262e-03	3.489611164546970595e-02
4.400000000000000355e+00	7.502539684650772617e-03	3.475108981320238627e-02
4.405000000000000249e+00	7.502529167759332436e-03	3.460741721275686217e-02
4.410000000000000142e+00	7.502518749548536640e-03	3.446509072395893825e-02
4.415000000000000036e+00	7.502508429787211643e-03	3.432410724451893935e-02
4.419999999999999929e+00	7.502498208245438928e-03	3.418446368858366058e-02
4.424999999999999822e+00	7.502488084694657403e-03	3.404615698818253683e-02
4.429999999999999716e+00	7.502478058907564515e-03	3.390918409183179411e-02
4.435000000000000497e+00	7.502468130658216001e-03	3.377354196592725205e-02
4.440000000000000391e+00	7.502458299721927876e-03	3.363922759340017693e-02
4.445000000000000284e+00	7.502448565875374439e-03	3.350623797505670326e-02
4.450000000000000178e+00	7.502438928896492873e-03	3.337457012828534686e-02
4.455000000000000071e+00	7.502429388564576911e-03	3.324422108834346190e-02
4.459999999999999964e+00	7.502419944660184033e-03	3.311518790711585197e-02
4.464999999999999858e+00	7.502410596965228273e-03	3.298746765434877604e-02
4.469999999999999751e+00	7.502401345262893484e-03	3.286105741645915096e-02
4.474999999999999645e+00	7.502392189337713999e-03	3.273595429771652965e-02
4.480000000000000426e+00	7.502383128975496571e-03	3.261215541910253424e-02
4.485000000000000320e+00	7.502374163963399303e-03	3.248965791944136150e-02
4.490000000000000213e+00	7.502365294089852719e-03	3.236845895430875281e-02
4.495000000000000107e+00	7.502356519144638691e-03	3.224855569711122805e-02
4.500000000000000000e+00	7.502347838918814113e-03	3.212994533804478664e-02
4.504999999999999893e+00	7.502339253204783759e-03	3.201262508512300875e-02
4.509999999999999787e+00	7.502330761796229160e-03	3.189659216318491142e-02
4.514999999999999680e+00	7.502322364488180594e-03	3.178184381487249993e-02
4.519999999999999574e+00	7.502314061076945963e-03	3.166837729968731419e-02
4.525000000000000355e+00	7.502305851360176712e-03	3.155618989491786042e-02
4.530000000000000249e+00	7.502297735136808851e-03	3.144527889474437593e-02
4.535000000000000142e+00	7.502289712207118461e-03	3.133564161111661306e-02
4.540000000000000036e+00	7.502281782372663584e-03	3.122727537290634001e-02
4.544999999999999929e+00	7.502273945436344071e-03	3.112017752673591070e-02
4.549999999999999822e+00	7.502266201202344338e-03	3.101434543617818604e-02
4.554999999999999716e+00	7.502258549476187137e-03	3.090977648253620536e-02
4.559999999999999609e+00	7.502250990064680651e-03	3.080646806409004929e-02
4.564999999999999503e+00	7.502243522775967066e-03	3.070441759682811939e-02
4.570000000000000284e+00	7.502236147419480070e-03	3.060362251374047424e-02
4.575000000000000178e+00	7.502228863805981279e-03	3.050408026550222029e-02
4.580000000000000071e+00	7.502221671747526417e-03	3.040578831981284591e-02
4.584999999999999964e+00	7.502214571057498269e-03	3.030874416203200097e-02
4.589999999999999858e+00	7.502207561550568518e-03	3.021294529456462069e-02
4.594999999999999751e+00	7.502200643042740251e-03	3.011838923744950339e-02
4.599999999999999645e+00	7.502193815351304584e-03	3.002507352778965855e-02
4.605000000000000426e+00	7.502187078294878832e-03	2.993299572029399155e-02
4.610000000000000320e+00	7.502180431693372675e-03	2.984215338675276843e-02
4.615000000000000213e+00	7.502173875368015922e-03	2.975254411653291409e-02
4.620000000000000107e+00	7.502167409141332483e-03	2.966416551609764307e-02
4.625000000000000000e+00	7.502161032837165525e-03	2.957701520945608953e-02
4.629999999999999893e+00	7.502154746280648850e-03	2.949109083772680565e-02
4.634999999999999787e+00	7.502148549298237254e-03	2.940639005954203203e-02
4.639999999999999680e+00	7.502142441717672694e-03	2.932291055065454691e-02
4.644999999999999574e+00	7.502136423368015519e-03	2.924065000429702799e-02
4.650000000000000355e+00	7.502130494079617580e-03	2.915960613083197484e-02
4.655000000000000249e+00	7.502124653684139576e-03	2.907977665806652304e-02
4.660000000000000142e+00	7.502118902014538043e-03	2.900115933094485690e-02
4.665000000000000036e+00	7.502113238905075768e-03	2.892375191181900673e-02
4.669999999999999929e+00	7.502107664191308770e-03	2.884755218018339798e-02
4.674999999999999822e+00	7.502102177710095847e-03	2.877255793290205144e-02
4.679999999999999716e+00	7.502096779299589902e-03	2.869876698398469289e-02
4.685000000000000497e+00	7.502091468799244878e-03	2.862617716477084892e-02
4.690000000000000391e+00	7.502086246049805354e-03	2.855478632374720133e-02
4.695000000000000284e+00	7.502081110893315218e-03	2.848459232668893587e-02
4.700000000000000178e+00	7.502076063173108121e-03	2.841559305651771006e-02
4.705000000000000071e+00	7.502071102733813557e-03	2.834778641340099034e-02
4.709999999999999964e+00	7.502066229421350783e-03	2.828117031465022038e-02
4.714999999999999858e+00	7.502061443082930561e-03	2.821574269477821958e-02
4.719999999999999751e+00	7.502056743567049948e-03	2.815150150543724653e-02
4.724999999999999645e+00	7.502052130723498372e-03	2.808844471543522556e-02
4.730000000000000426e+00	7.502047604403348953e-03	2.802657031071296989e-02
4.735000000000000320e+00	7.502043164458961980e-03	2.796587629431963179e-02
4.740000000000000213e+00	7.502038810743982301e-03	2.790636068642879039e-02
4.745000000000000107e+00	7.502034543113337596e-03	2.784802152427352448e-02
4.750000000000000000e+00	7.502030361423236635e-03	2.779085686220083076e-02
4.754999999999999893e+00	7.502026265531168414e-03	2.773486477156693678e-02
4.759999999999999787e+00	7.502022255295904760e-03	2.768004334082948409e-02
4.764999999999999680e+00	7.502018330577488181e-03	2.762639067540356361e-02
4.769999999999999574e+00	7.502014491237244884e-03	2.757390489779129247e-02
4.775000000000000355e+00	7.502010737137769156e-03	2.752258414739874870e-02
4.780000000000000249e+00	7.502007068142936379e-03	2.747242658070262605e-02
4.785000000000000142e+00	7.502003484117884813e-03	2.742343037102886599e-02
4.790000000000000036e+00	7.501999984929032077e-03	2.737559370875550235e-02
4.794999999999999929e+00	7.501996570444053464e-03	2.732891480105350407e-02
4.799999999999999822e+00	7.501993240531903626e-03	2.728339187212552169e-02
4.804999999999999716e+00	7.501989995062790552e-03	2.723902316290932255e-02
4.809999999999999609e+00	7.501986833908198121e-03	2.719580693135196722e-02
4.814999999999999503e+00	7.501983756940860081e-03	2.715374145207626391e-02
4.820000000000000284e+00	7.501980764034783464e-03	2.711282501668989958e-02
4.825000000000000178e+00	7.501977855065217367e-03	2.707305593341556918e-02
4.830000000000000071e+00	7.501975029908686775e-03	2.703443252743441966e-02
4.834999999999999964e+00	7.501972288442953531e-03	2.699695314048027039e-02
4.839999999999999858e+00	7.501969630547047560e-03	2.696061613121705433e-02
4.844999999999999751e+00	7.501967056101234779e-03	2.692541987479756330e-02
4.849999999999999645e+00	7.501964564987050055e-03	2.689136276327433461e-02
4.855000000000000426e+00	7.501962157087253835e-03	2.685844320512346950e-02
4.860000000000000320e+00	7.501959832285871183e-03	2.682665962568849330e-02
4.865000000000000213e+00	7.501957590468152741e-03	2.679601046666972922e-02
4.870000000000000107e+00	7.501955431520609431e-03	2.676649418660058052e-02
4.875000000000000000e+00	7.501953355330971684e-03	2.673810926030303209e-02
4.879999999999999893e+00	7.501951361788228474e-03	2.671085417939576823e-02
4.884999999999999787e+00	7.501949450782580478e-03	2.668472745171632937e-02
4.889999999999999680e+00	7.501947622205485181e-03	2.665972760186069435e-02
4.894999999999999574e+00	7.501945875949607434e-03	2.663585317057252932e-02
4.900000000000000355e+00	7.501944211908864561e-03	2.661310271531361349e-02
4.905000000000000249e+00	7.501942629978375181e-03	2.659147480962079785e-02
4.910000000000000142e+00	7.501941130054508647e-03	2.657096804370681631e-02
4.915000000000000036e+00	7.501939712034829538e-03	2.655158102378527007e-02
4.919999999999999929e+00	7.501938375818147098e-03	2.653331237270141474e-02
4.924999999999999822e+00	7.501937121304462323e-03	2.651616072922582251e-02
4.929999999999999716e+00	7.501935948395019142e-03	2.650012474871454166e-02
4.935000000000000497e+00	7.501934856992242828e-03	2.648520310237188063e-02
4.940000000000000391e+00	7.501933846999800717e-03	2.647139447793942987e-02
4.945000000000000284e+00	7.501932918322538023e-03	2.645869757892856805e-02
4.950000000000000178e+00	7.501932070866529877e-03	2.644711112533783617e-02
4.955000000000000071e+00	7.501931304539030156e-03	2.643663385285567602e-02
4.959999999999999964e+00	7.501930619248520921e-03	2.642726451360558060e-02
4.964999999999999858e+00	7.501930014904647365e-03	2.641900187531956434e-02
4.969999999999999751e+00	7.501929491418286335e-03	2.641184472211064241e-02
4.974999999999999645e+00	7.501929048701471738e-03	2.640579185361753220e-02
4.980000000000000426e+00	7.501928686667458726e-03	2.640084208580396885e-02
4.985000000000000320e+00	7.501928405230657779e-03	2.639699425007522443e-02
4.990000000000000213e+00	7.501928204306697150e-03	2.639424719410358999e-02
4.995000000000000107e+00	7.501928083812351745e-03	2.639259978091722941e-02
5.000000000000000000e+00	7.501928043665608177e-03	2.639205088975149147e-02
