# coordinate_x	h	p	@time=251.29
0.000000000000000000e+00	2.701592754893546444e-01	5.720401543348893059e-01
5.000000000000000104e-03	2.701557048207300360e-01	5.720401521454986371e-01
1.000000000000000021e-02	2.701449928161067660e-01	5.720401455766007670e-01
1.499999999999999944e-02	2.701271394768315903e-01	5.720401346274138765e-01
2.000000000000000042e-02	2.701021448061762809e-01	5.720401192960391512e-01
2.500000000000000139e-02	2.700700088078921701e-01	5.720400995802986666e-01
2.999999999999999889e-02	2.700307314876117526e-01	5.720400754769232599e-01
3.500000000000000333e-02	2.699843128514407553e-01	5.720400469823674339e-01
4.000000000000000083e-02	2.699307529073698420e-01	5.720400140919921217e-01
4.499999999999999833e-02	2.698700516638662394e-01	5.720399768008795904e-01
5.000000000000000278e-02	2.698022091312888837e-01	5.720399351030144297e-01
5.500000000000000028e-02	2.697272253204779924e-01	5.720398889920983443e-01
5.999999999999999778e-02	2.696451002441743183e-01	5.720398384607302544e-01
6.500000000000000222e-02	2.695558339156060579e-01	5.720397835012209775e-01
7.000000000000000666e-02	2.694594263499131559e-01	5.720397241047725512e-01
7.500000000000001110e-02	2.693558775627301061e-01	5.720396602622926929e-01
8.000000000000000167e-02	2.692451875716162513e-01	5.720395919635724580e-01
8.499999999999999223e-02	2.691273563946343095e-01	5.720395191981012539e-01
8.999999999999999667e-02	2.690023840517869469e-01	5.720394419542433884e-01
9.500000000000000111e-02	2.688702705635900303e-01	5.720393602200526395e-01
1.000000000000000056e-01	2.687310159525170827e-01	5.720392739824482486e-01
1.050000000000000100e-01	2.685846202415658746e-01	5.720391832280289357e-01
1.100000000000000006e-01	2.684310834557112613e-01	5.720390879422478925e-01
1.149999999999999911e-01	2.682704056204653909e-01	5.720389881102267982e-01
1.199999999999999956e-01	2.681025867633391457e-01	5.720388837159293693e-01
1.250000000000000000e-01	2.679276269123945786e-01	5.720387747429755976e-01
1.300000000000000044e-01	2.677455260977167351e-01	5.720386611738140781e-01
1.350000000000000089e-01	2.675562843499575405e-01	5.720385429905362473e-01
1.400000000000000133e-01	2.673599017018182256e-01	5.720384201740467134e-01
1.450000000000000178e-01	2.671563781865838871e-01	5.720382927048782706e-01
1.499999999999999944e-01	2.669457138396180151e-01	5.720381605623610088e-01
1.549999999999999989e-01	2.667279086968862845e-01	5.720380237254363287e-01
1.600000000000000033e-01	2.665029627964645709e-01	5.720378821718254958e-01
1.650000000000000078e-01	2.662708761770509747e-01	5.720377358788434341e-01
1.700000000000000122e-01	2.660316488794878254e-01	5.720375848225653925e-01
1.749999999999999889e-01	2.657852809452615483e-01	5.720374289786412936e-01
1.799999999999999933e-01	2.655317724180395467e-01	5.720372683214608456e-01
1.849999999999999978e-01	2.652711233421572445e-01	5.720371028249671141e-01
1.900000000000000022e-01	2.650033337641702902e-01	5.720369324618213014e-01
1.950000000000000067e-01	2.647284037313278326e-01	5.720367572042149851e-01
2.000000000000000111e-01	2.644463332931418220e-01	5.720365770230340097e-01
2.050000000000000155e-01	2.641571224998450207e-01	5.720363918886705035e-01
2.099999999999999922e-01	2.638607714039787333e-01	5.720362017701851043e-01
2.149999999999999967e-01	2.635572800588341646e-01	5.720360066361186435e-01
2.200000000000000011e-01	2.632466485200598005e-01	5.720358064536532616e-01
2.250000000000000056e-01	2.629288768440857238e-01	5.720356011894230930e-01
2.300000000000000100e-01	2.626039650897510902e-01	5.720353908086741601e-01
2.349999999999999867e-01	2.622719133167102923e-01	5.720351752760746145e-01
2.399999999999999911e-01	2.619327215870823622e-01	5.720349545548731873e-01
2.449999999999999956e-01	2.615863899638375956e-01	5.720347286077085425e-01
2.500000000000000000e-01	2.612329185124699915e-01	5.720344973957666168e-01
2.550000000000000044e-01	2.608723072993631709e-01	5.720342608795886408e-01
2.600000000000000089e-01	2.605045563934874631e-01	5.720340190182279239e-01
2.650000000000000133e-01	2.601296658647438420e-01	5.720337717700559876e-01
2.700000000000000178e-01	2.597476357856868256e-01	5.720335190919186852e-01
2.750000000000000222e-01	2.593584662298453747e-01	5.720332609399405577e-01
2.800000000000000266e-01	2.589621572734732147e-01	5.720329972686805098e-01
2.850000000000000311e-01	2.585587089938447547e-01	5.720327280319339458e-01
2.899999999999999800e-01	2.581481214710351635e-01	5.720324531818877789e-01
2.949999999999999845e-01	2.577303947861898092e-01	5.720321726699203468e-01
2.999999999999999889e-01	2.573055290233348669e-01	5.720318864457565322e-01
3.049999999999999933e-01	2.568735242676199459e-01	5.720315944582642365e-01
3.099999999999999978e-01	2.564343806071603948e-01	5.720312966546095002e-01
3.150000000000000022e-01	2.559880981312514514e-01	5.720309929810504235e-01
3.200000000000000067e-01	2.555346769322444089e-01	5.720306833820919534e-01
3.250000000000000111e-01	2.550741171037303467e-01	5.720303678012759185e-01
3.300000000000000155e-01	2.546064187424525449e-01	5.720300461803371483e-01
3.350000000000000200e-01	2.541315819464577408e-01	5.720297184599884011e-01
3.400000000000000244e-01	2.536496068170467355e-01	5.720293845790779264e-01
3.449999999999999734e-01	2.531604934568916776e-01	5.720290444753689529e-01
3.499999999999999778e-01	2.526642419720268595e-01	5.720286980846995828e-01
3.549999999999999822e-01	2.521608524699301968e-01	5.720283453417556174e-01
3.599999999999999867e-01	2.516503250615562681e-01	5.720279861792328946e-01
3.649999999999999911e-01	2.511326598593803250e-01	5.720276205286030091e-01
3.699999999999999956e-01	2.506078569794760735e-01	5.720272483192793134e-01
3.750000000000000000e-01	2.500759165395197159e-01	5.720268694793742004e-01
3.800000000000000044e-01	2.495368386609149447e-01	5.720264839348685459e-01
3.850000000000000089e-01	2.489906234667553231e-01	5.720260916103605542e-01
3.900000000000000133e-01	2.484372710839988230e-01	5.720256924282393074e-01
3.950000000000000178e-01	2.478767816413865455e-01	5.720252863094237306e-01
4.000000000000000222e-01	2.473091552716691899e-01	5.720248731725411373e-01
4.050000000000000266e-01	2.467343921094798664e-01	5.720244529346550921e-01
4.099999999999999756e-01	2.461524922936156878e-01	5.720240255104499516e-01
4.149999999999999800e-01	2.455634559648618431e-01	5.720235908129461810e-01
4.199999999999999845e-01	2.449672832683315871e-01	5.720231487526917791e-01
4.249999999999999889e-01	2.443639743512390217e-01	5.720226992384634945e-01
4.299999999999999933e-01	2.437535293653006474e-01	5.720222421764672438e-01
4.349999999999999978e-01	2.431359484644540214e-01	5.720217774710223413e-01
4.400000000000000022e-01	2.425112318073244511e-01	5.720213050237719088e-01
4.450000000000000067e-01	2.418793795548866421e-01	5.720208247343494534e-01
4.500000000000000111e-01	2.412403918730001706e-01	5.720203364996003792e-01
4.550000000000000155e-01	2.405942689300110127e-01	5.720198402142283589e-01
4.600000000000000200e-01	2.399410108993597079e-01	5.720193357700296133e-01
4.649999999999999689e-01	2.392806179571197456e-01	5.720188230565170784e-01
4.699999999999999734e-01	2.386130902846822499e-01	5.720183019601692287e-01
4.749999999999999778e-01	2.379384280662279194e-01	5.720177723650292645e-01
4.799999999999999822e-01	2.372566314914927588e-01	5.720172341519704773e-01
4.849999999999999867e-01	2.365677007531696852e-01	5.720166871992674595e-01
4.899999999999999911e-01	2.358716360497604136e-01	5.720161313818807880e-01
4.949999999999999956e-01	2.351684375829026785e-01	5.720155665719967031e-01
5.000000000000000000e-01	2.344581055603130737e-01	5.720149926383334416e-01
5.050000000000000044e-01	2.337406401930359201e-01	5.720144094466462770e-01
5.100000000000000089e-01	2.330160416984828065e-01	5.720138168590576111e-01
5.150000000000000133e-01	2.322843102975984397e-01	5.720132147345245999e-01
5.200000000000000178e-01	2.315454462180025486e-01	5.720126029281948909e-01
5.250000000000000222e-01	2.307994496910681925e-01	5.720119812918326163e-01
5.300000000000000266e-01	2.300463209551722732e-01	5.720113496732046610e-01
5.350000000000000311e-01	2.292860602526813063e-01	5.720107079164585828e-01
5.400000000000000355e-01	2.285186678333171462e-01	5.720100558615436315e-01
5.450000000000000400e-01	2.277441439510448917e-01	5.720093933445357104e-01
5.500000000000000444e-01	2.269624888675611518e-01	5.720087201970966984e-01
5.550000000000000488e-01	2.261737028490782841e-01	5.720080362467417912e-01
5.600000000000000533e-01	2.253777861699427509e-01	5.720073413163402343e-01
5.649999999999999467e-01	2.245747391093098067e-01	5.720066352243191599e-01
5.699999999999999512e-01	2.237645619549002429e-01	5.720059177842123921e-01
5.749999999999999556e-01	2.229472549995590303e-01	5.720051888047910094e-01
5.799999999999999600e-01	2.221228185451593062e-01	5.720044480896665506e-01
5.849999999999999645e-01	2.212912528990378935e-01	5.720036954373429738e-01
5.899999999999999689e-01	2.204525583780564957e-01	5.720029306408775938e-01
5.949999999999999734e-01	2.196067353049063475e-01	5.720021534878459990e-01
5.999999999999999778e-01	2.187537840123372213e-01	5.720013637600694922e-01
6.049999999999999822e-01	2.178937048393230214e-01	5.720005612334818634e-01
6.099999999999999867e-01	2.170264981354698974e-01	5.719997456779307710e-01
6.149999999999999911e-01	2.161521642570342905e-01	5.719989168569367122e-01
6.199999999999999956e-01	2.152707035715223927e-01	5.719980745275768941e-01
6.250000000000000000e-01	2.143821164535511525e-01	5.719972184401233006e-01
6.300000000000000044e-01	2.134864032896524322e-01	5.719963483380189340e-01
6.350000000000000089e-01	2.125835644739670627e-01	5.719954639573827659e-01
6.400000000000000133e-01	2.116736004132679649e-01	5.719945650270883419e-01
6.450000000000000178e-01	2.107565115224765695e-01	5.719936512681200735e-01
6.500000000000000222e-01	2.098322982299204997e-01	5.719927223937669725e-01
6.550000000000000266e-01	2.089009609726606709e-01	5.719917781088136310e-01
6.600000000000000311e-01	2.079625002020007163e-01	5.719908181098618538e-01
6.650000000000000355e-01	2.070169163786121369e-01	5.719898420843383402e-01
6.700000000000000400e-01	2.060642099783139558e-01	5.719888497109590908e-01
6.750000000000000444e-01	2.051043814869823734e-01	5.719878406585325870e-01
6.800000000000000488e-01	2.041374314066210782e-01	5.719868145865836251e-01
6.850000000000000533e-01	2.031633602500403368e-01	5.719857711439297887e-01
6.899999999999999467e-01	2.021821685472406371e-01	5.719847099694823633e-01
6.949999999999999512e-01	2.011938568398448091e-01	5.719836306905697887e-01
6.999999999999999556e-01	2.001984256878194257e-01	5.719825329239375256e-01
7.049999999999999600e-01	1.991958756636427463e-01	5.719814162737890673e-01
7.099999999999999645e-01	1.981862073593904094e-01	5.719802803330078511e-01
7.149999999999999689e-01	1.971694213806202967e-01	5.719791246808834106e-01
7.199999999999999734e-01	1.961455183538520219e-01	5.719779488845808668e-01
7.249999999999999778e-01	1.951144989201478719e-01	5.719767524965164718e-01
7.299999999999999822e-01	1.940763637430185928e-01	5.719755350561035456e-01
7.349999999999999867e-01	1.930311135016779256e-01	5.719742960867362225e-01
7.399999999999999911e-01	1.919787488994103009e-01	5.719730350978454725e-01
7.449999999999999956e-01	1.909192706564743769e-01	5.719717515814430886e-01
7.500000000000000000e-01	1.898526795189721117e-01	5.719704450145259855e-01
7.550000000000000044e-01	1.887789762513744363e-01	5.719691148551284687e-01
7.600000000000000089e-01	1.876981616459353075e-01	5.719677605451161106e-01
7.650000000000000133e-01	1.866102365148100128e-01	5.719663815056860168e-01
7.700000000000000178e-01	1.855152017000626097e-01	5.719649771405995731e-01
7.750000000000000222e-01	1.844130580653448315e-01	5.719635468310624304e-01
7.800000000000000266e-01	1.833038065065502598e-01	5.719620899394496361e-01
7.850000000000000311e-01	1.821874479430183880e-01	5.719606058034896190e-01
7.900000000000000355e-01	1.810639833288957279e-01	5.719590937405423237e-01
7.950000000000000400e-01	1.799334136438257292e-01	5.719575530410000441e-01
8.000000000000000444e-01	1.787957399050836282e-01	5.719559829731882816e-01
8.050000000000000488e-01	1.776509631577091741e-01	5.719543827758836185e-01
8.100000000000000533e-01	1.764990844874894105e-01	5.719527516639176801e-01
8.149999999999999467e-01	1.753401050104878289e-01	5.719510888196976950e-01
8.199999999999999512e-01	1.741740258869577396e-01	5.719493933996039337e-01
8.249999999999999556e-01	1.730008483102153938e-01	5.719476645243831703e-01
8.299999999999999600e-01	1.718205735215782015e-01	5.719459012864428482e-01
8.349999999999999645e-01	1.706332027985235089e-01	5.719441027389687848e-01
8.399999999999999689e-01	1.694387374707571337e-01	5.719422679042344138e-01
8.449999999999999734e-01	1.682371789075935709e-01	5.719403957612710920e-01
8.499999999999999778e-01	1.670285285352736404e-01	5.719384852553288656e-01
8.549999999999999822e-01	1.658127878234950392e-01	5.719365352839013150e-01
8.599999999999999867e-01	1.645899583041130487e-01	5.719345447074946076e-01
8.649999999999999911e-01	1.633600415567423025e-01	5.719325123337793970e-01
8.699999999999999956e-01	1.621230392289928768e-01	5.719304369298472412e-01
8.750000000000000000e-01	1.608789530210550656e-01	5.719283172042268770e-01
8.800000000000000044e-01	1.596277847076432721e-01	5.719261518208358375e-01
8.850000000000000089e-01	1.583695361214655095e-01	5.719239393785546799e-01
8.900000000000000133e-01	1.571042091770724347e-01	5.719216784271147214e-01
8.950000000000000178e-01	1.558318058531009964e-01	5.719193674438750596e-01
9.000000000000000222e-01	1.545523282182536817e-01	5.719170048519250926e-01
9.050000000000000266e-01	1.532657784121930489e-01	5.719145889936488869e-01
9.100000000000000311e-01	1.519721586739096186e-01	5.719121181513689978e-01
9.150000000000000355e-01	1.506714713211278756e-01	5.719095905172115746e-01
9.200000000000000400e-01	1.493637187813600387e-01	5.719070042166704004e-01
9.250000000000000444e-01	1.480489035696675171e-01	5.719043572742033010e-01
9.300000000000000488e-01	1.467270283227434247e-01	5.719016476401606042e-01
9.350000000000000533e-01	1.453980957748527425e-01	5.718988731514416113e-01
9.399999999999999467e-01	1.440621087953406487e-01	5.718960315623075052e-01
9.449999999999999512e-01	1.427190703625525747e-01	5.718931204993058515e-01
9.499999999999999556e-01	1.413689836052292870e-01	5.718901374965817963e-01
9.549999999999999600e-01	1.400118517741809343e-01	5.718870799441300168e-01
9.599999999999999645e-01	1.386476782881074787e-01	5.718839451283288522e-01
9.649999999999999689e-01	1.372764667027700780e-01	5.718807301724015968e-01
9.699999999999999734e-01	1.358982207618674720e-01	5.718774320830322111e-01
9.749999999999999778e-01	1.345129443634125455e-01	5.718740476816999152e-01
9.799999999999999822e-01	1.331206416164062434e-01	5.718705736583993282e-01
9.849999999999999867e-01	1.317213168040866078e-01	5.718670064922435348e-01
9.899999999999999911e-01	1.303149744472756055e-01	5.718633425135115633e-01
9.949999999999999956e-01	1.289016192641199432e-01	5.718595778115886930e-01
1.000000000000000000e+00	1.274812562411499761e-01	5.718557083068041003e-01
1.004999999999999893e+00	1.260538905890765116e-01	5.718517296433719421e-01
1.010000000000000009e+00	1.246195278228000303e-01	5.718476372727829826e-01
1.015000000000000124e+00	1.231781737127624343e-01	5.718434263289046138e-01
1.020000000000000018e+00	1.217298343753916018e-01	5.718390917250583128e-01
1.024999999999999911e+00	1.202745162194306383e-01	5.718346280078066002e-01
1.030000000000000027e+00	1.188122260486056680e-01	5.718300294703088094e-01
1.035000000000000142e+00	1.173429710022685785e-01	5.718252899805266187e-01
1.040000000000000036e+00	1.158667586724526771e-01	5.718204031140243782e-01
1.044999999999999929e+00	1.143835970380604333e-01	5.718153619513217656e-01
1.050000000000000044e+00	1.128934945989456679e-01	5.718101592340251171e-01
1.055000000000000160e+00	1.113964603027572664e-01	5.718047871247726732e-01
1.060000000000000053e+00	1.098925036992823429e-01	5.717992373914964066e-01
1.064999999999999947e+00	1.083816348589145551e-01	5.717935011217628594e-01
1.070000000000000062e+00	1.068638645512501872e-01	5.717875689411224815e-01
1.075000000000000178e+00	1.053392041539863988e-01	5.717814306715238715e-01
1.080000000000000071e+00	1.038076658607297031e-01	5.717750755911950034e-01
1.084999999999999964e+00	1.022692625789360238e-01	5.717684920240377888e-01
1.090000000000000080e+00	1.007240081731432535e-01	5.717616676504049256e-01
1.095000000000000195e+00	9.917191735034383560e-02	5.717545890107403883e-01
1.100000000000000089e+00	9.761300594647823181e-02	5.717472418791113009e-01
1.104999999999999982e+00	9.604729079737646391e-02	5.717396106595322713e-01
1.110000000000000098e+00	9.447479007848638699e-02	5.717316788373849601e-01
1.115000000000000213e+00	9.289552315923667314e-02	5.717234282403997891e-01
1.120000000000000107e+00	9.130951100880529969e-02	5.717148395874284139e-01
1.125000000000000000e+00	8.971677603144211088e-02	5.717058915773095551e-01
1.129999999999999893e+00	8.811734255488119782e-02	5.716965615602467299e-01
1.134999999999999787e+00	8.651123664383381096e-02	5.716868244058228576e-01
1.139999999999999902e+00	8.489848669279231874e-02	5.716766533300422504e-01
1.145000000000000018e+00	8.327912321458713629e-02	5.716660184772041076e-01
1.149999999999999911e+00	8.165317956638967756e-02	5.716548879463124733e-01
1.154999999999999805e+00	8.002069170997544445e-02	5.716432259983088571e-01
1.159999999999999920e+00	7.838169910953961261e-02	5.716309943402476668e-01
1.165000000000000036e+00	7.673624446022862811e-02	5.716181498363948066e-01
1.169999999999999929e+00	7.508437481019722415e-02	5.716046461290887892e-01
1.174999999999999822e+00	7.342614125424631877e-02	5.715904306846214533e-01
1.179999999999999938e+00	7.176160035231182732e-02	5.715754468587602721e-01
1.185000000000000053e+00	7.009081378602638468e-02	5.715596300385412665e-01
1.189999999999999947e+00	6.841385017455652029e-02	5.715429103021765211e-01
1.194999999999999840e+00	6.673078469421374337e-02	5.715252073137465638e-01
1.199999999999999956e+00	6.504170143505902391e-02	5.715064337881514689e-01
1.205000000000000071e+00	6.334669298848227825e-02	5.714864886372473807e-01
1.209999999999999964e+00	6.164586355209032004e-02	5.714652615409961944e-01
1.214999999999999858e+00	5.993932849956903203e-02	5.714426235974044976e-01
1.219999999999999973e+00	5.822721854008227477e-02	5.714184334379868169e-01
1.225000000000000089e+00	5.650967930270330702e-02	5.713925242423817386e-01
1.229999999999999982e+00	5.478687701206554767e-02	5.713647120478914099e-01
1.234999999999999876e+00	5.305899815374454098e-02	5.713347773510287775e-01
1.239999999999999991e+00	5.132625737907633989e-02	5.713024765956015161e-01
1.245000000000000107e+00	4.958889738273905556e-02	5.712675155119079085e-01
1.250000000000000000e+00	4.784720016649141733e-02	5.712295653109529248e-01
1.254999999999999893e+00	4.610148738487779979e-02	5.711882230571870833e-01
1.260000000000000009e+00	4.435213681016293014e-02	5.711430350037318693e-01
1.265000000000000124e+00	4.259958364558317362e-02	5.710934359711214992e-01
1.270000000000000018e+00	4.084434529126622360e-02	5.710387838252631854e-01
1.274999999999999911e+00	3.908702460977644261e-02	5.709782636481600671e-01
1.280000000000000027e+00	3.732834838908819647e-02	5.709109401731197186e-01
1.285000000000000142e+00	3.556917453501101667e-02	5.708356005240186049e-01
1.290000000000000036e+00	3.381055397050702904e-02	5.707508367119060733e-01
1.294999999999999929e+00	3.205374579518036754e-02	5.706547763215460423e-01
1.300000000000000044e+00	3.030032085646099799e-02	5.705452177133560898e-01
1.305000000000000160e+00	2.855219330038219136e-02	5.704191460500317445e-01
1.310000000000000053e+00	2.681180110249586218e-02	5.702729664897621120e-01
1.314999999999999947e+00	2.508217170366276380e-02	5.701015869671423042e-01
1.320000000000000062e+00	2.336724901872645407e-02	5.698988485022509209e-01
1.325000000000000178e+00	2.167202913446140966e-02	5.696556885851924434e-01
1.330000000000000071e+00	2.000316662080139224e-02	5.693610144393066452e-01
1.334999999999999964e+00	1.836924150989607471e-02	5.689978495397886027e-01
1.340000000000000080e+00	1.678185013881313553e-02	5.685453667386800580e-01
1.345000000000000195e+00	1.525602145789413215e-02	5.679707328404764999e-01
1.350000000000000089e+00	1.381177671947275525e-02	5.672347482420243558e-01
1.354999999999999982e+00	1.247409019921958545e-02	5.662764818117238530e-01
1.360000000000000098e+00	1.127288086941916588e-02	5.650308769836794864e-01
1.365000000000000213e+00	1.023930068391078717e-02	5.634115916800622736e-01
1.370000000000000107e+00	9.397788145088599790e-03	5.613556409653422952e-01
1.375000000000000000e+00	8.757343640964889570e-03	5.588257228702112611e-01
1.379999999999999893e+00	8.302955560581821298e-03	5.558452259388784178e-01
1.384999999999999787e+00	8.001671665269665876e-03	5.524967069360560146e-01
1.389999999999999902e+00	7.812406406686112775e-03	5.488724953797788908e-01
1.395000000000000018e+00	7.697957412743140077e-03	5.450752198505586232e-01
1.399999999999999911e+00	7.630692347277829440e-03	5.411697130013420898e-01
1.404999999999999805e+00	7.591560598012025117e-03	5.372093922468442750e-01
1.409999999999999920e+00	7.569098510171012872e-03	5.332213455524651424e-01
1.415000000000000036e+00	7.556131973469841848e-03	5.292256598676027268e-01
1.419999999999999929e+00	7.548671582990601828e-03	5.252317410503681838e-01
1.424999999999999822e+00	7.544298195075106739e-03	5.212463353999717830e-01
1.429999999999999938e+00	7.541702435718003299e-03	5.172725304148865222e-01
1.435000000000000053e+00	7.540098318801029265e-03	5.133125249556461656e-01
1.439999999999999947e+00	7.539064239238712876e-03	5.093673313608477748e-01
1.444999999999999840e+00	7.538347961394708564e-03	5.054376763872434619e-01
1.449999999999999956e+00	7.537814602043214213e-03	5.015239086825150627e-01
1.455000000000000071e+00	7.537383559264866986e-03	4.976262860370145313e-01
1.459999999999999964e+00	7.537011782004445284e-03	4.937449462468510020e-01
1.464999999999999858e+00	7.536673557239212916e-03	4.898799980442354873e-01
1.469999999999999973e+00	7.536355159241148703e-03	4.860315118999761763e-01
1.475000000000000089e+00	7.536048392619103947e-03	4.821995487000069192e-01
1.479999999999999982e+00	7.535748884624601102e-03	4.783841568550612489e-01
1.484999999999999876e+00	7.535454025215176758e-03	4.745853813054407011e-01
1.489999999999999991e+00	7.535162422565633289e-03	4.708032626258281117e-01
1.495000000000000107e+00	7.534873246367641657e-03	4.670378398278878795e-01
1.500000000000000000e+00	7.534586054325552971e-03	4.632891500928023598e-01
1.504999999999999893e+00	7.534300582913026727e-03	4.595572296246962507e-01
1.510000000000000009e+00	7.534016692110184418e-03	4.558421135769741284e-01
1.515000000000000124e+00	7.533734298764354666e-03	4.521438362979541825e-01
1.520000000000000018e+00	7.533453358994342784e-03	4.484624313133205864e-01
1.524999999999999911e+00	7.533173846977878237e-03	4.447979313866232687e-01
1.530000000000000027e+00	7.532895749349548080e-03	4.411503685142014741e-01
1.535000000000000142e+00	7.532619058452868360e-03	4.375197739335751623e-01
1.540000000000000036e+00	7.532343770555271004e-03	4.339061781170424625e-01
1.544999999999999929e+00	7.532069883704238002e-03	4.303096107697449435e-01
1.550000000000000044e+00	7.531797397156358813e-03	4.267301008176281885e-01
1.555000000000000160e+00	7.531526310698574700e-03	4.231676764082375475e-01
1.560000000000000053e+00	7.531256624463000468e-03	4.196223648917428162e-01
1.564999999999999947e+00	7.530988338714456401e-03	4.160941928284807023e-01
1.570000000000000062e+00	7.530721453787607954e-03	4.125831859627062670e-01
1.575000000000000178e+00	7.530455970023080224e-03	4.090893692380572766e-01
1.580000000000000071e+00	7.530191887743159680e-03	4.056127667639994328e-01
1.584999999999999964e+00	7.529929207235477352e-03	4.021534018394902210e-01
1.590000000000000080e+00	7.529667928740650662e-03	3.987112969121879846e-01
1.595000000000000195e+00	7.529408052451434276e-03	3.952864736103090526e-01
1.600000000000000089e+00	7.529149578503855668e-03	3.918789526947055180e-01
1.604999999999999982e+00	7.528892506981616113e-03	3.884887540988137267e-01
1.610000000000000098e+00	7.528636837908048510e-03	3.851158968737228849e-01
1.615000000000000213e+00	7.528382571252519376e-03	3.817603992360834031e-01
1.620000000000000107e+00	7.528129706922365855e-03	3.784222785062923422e-01
1.625000000000000000e+00	7.527878244770257882e-03	3.751015511642152300e-01
1.629999999999999893e+00	7.527628184585853297e-03	3.717982327806230169e-01
1.634999999999999787e+00	7.527379526103785377e-03	3.685123380805757631e-01
1.639999999999999902e+00	7.527132268994961468e-03	3.652438808682466065e-01
1.645000000000000018e+00	7.526886412875052716e-03	3.619928740978112236e-01
1.649999999999999911e+00	7.526641957295424068e-03	3.587593297917996971e-01
1.654999999999999805e+00	7.526398901752086312e-03	3.555432591193313230e-01
1.659999999999999920e+00	7.526157245676250510e-03	3.523446723081363752e-01
1.665000000000000036e+00	7.525916988443725857e-03	3.491635787299766092e-01
1.669999999999999929e+00	7.525678129365101152e-03	3.459999868064814188e-01
1.674999999999999822e+00	7.525440667695575472e-03	3.428539041015864486e-01
1.679999999999999938e+00	7.525204602624778819e-03	3.397253372213353551e-01
1.685000000000000053e+00	7.524969933287023460e-03	3.366142919131679956e-01
1.689999999999999947e+00	7.524736658750767228e-03	3.335207729598393400e-01
1.694999999999999840e+00	7.524504778029272520e-03	3.304447842853835415e-01
1.699999999999999956e+00	7.524274290069733924e-03	3.273863288433058183e-01
1.705000000000000071e+00	7.524045193764322334e-03	3.243454087290516541e-01
1.709999999999999964e+00	7.523817487938989045e-03	3.213220250626234731e-01
1.714999999999999858e+00	7.523591171364885435e-03	3.183161781073810537e-01
1.719999999999999973e+00	7.523366242746853082e-03	3.153278671472409256e-01
1.725000000000000089e+00	7.523142700735205128e-03	3.123570906116313051e-01
1.729999999999999982e+00	7.522920543913919761e-03	3.094038459474337532e-01
1.734999999999999876e+00	7.522699770812760721e-03	3.064681297499130541e-01
1.739999999999999991e+00	7.522480379895186281e-03	3.035499376295611174e-01
1.745000000000000107e+00	7.522262369570808030e-03	3.006492643488246630e-01
1.750000000000000000e+00	7.522045738183013620e-03	2.977661036840115738e-01
1.754999999999999893e+00	7.521830484021757753e-03	2.949004485676348652e-01
1.760000000000000009e+00	7.521616605310906499e-03	2.920522909455446903e-01
1.765000000000000124e+00	7.521404100221351814e-03	2.892216219247079056e-01
1.770000000000000018e+00	7.521192966858084375e-03	2.864084316257282103e-01
1.774999999999999911e+00	7.520983203273616004e-03	2.836127093358781215e-01
1.780000000000000027e+00	7.520774807454805311e-03	2.808344433571719478e-01
1.785000000000000142e+00	7.520567777336563745e-03	2.780736211644688760e-01
1.790000000000000036e+00	7.520362110788443577e-03	2.753302292492613157e-01
1.794999999999999929e+00	7.520157805628624112e-03	2.726042532826649101e-01
1.800000000000000044e+00	7.519954859610270687e-03	2.698956779550885643e-01
1.805000000000000160e+00	7.519753270435781088e-03	2.672044871439284153e-01
1.810000000000000053e+00	7.519553035742936389e-03	2.645306637492830792e-01
1.814999999999999947e+00	7.519354153119390226e-03	2.618741898661683942e-01
1.820000000000000062e+00	7.519156620088616669e-03	2.592350466164416445e-01
1.825000000000000178e+00	7.518960434124644099e-03	2.566132143253561093e-01
1.830000000000000071e+00	7.518765592637800983e-03	2.540086723498567456e-01
1.834999999999999964e+00	7.518572092989680468e-03	2.514213992592913560e-01
1.840000000000000080e+00	7.518379932478704009e-03	2.488513726602427922e-01
1.845000000000000195e+00	7.518189108355297599e-03	2.462985693812146382e-01
1.850000000000000089e+00	7.517999617807283666e-03	2.437629652941621650e-01
1.854999999999999982e+00	7.517811457975259390e-03	2.412445355029707306e-01
1.860000000000000098e+00	7.517624625937824670e-03	2.387432541618485227e-01
1.865000000000000213e+00	7.517439118727157338e-03	2.362590946674176240e-01
1.870000000000000107e+00	7.517254933314084127e-03	2.337920294741296368e-01
1.875000000000000000e+00	7.517072066623832829e-03	2.313420302897881420e-01
1.879999999999999893e+00	7.516890515520967091e-03	2.289090678881491592e-01
1.884999999999999787e+00	7.516710276825303363e-03	2.264931123076978359e-01
1.889999999999999902e+00	7.516531347296712129e-03	2.240941326615901730e-01
1.895000000000000018e+00	7.516353723651197916e-03	2.217120973395082517e-01
1.899999999999999911e+00	7.516177402545571283e-03	2.193469738151016257e-01
1.904999999999999805e+00	7.516002380593673690e-03	2.169987288507435053e-01
1.909999999999999920e+00	7.515828654350946263e-03	2.146673283026299395e-01
1.915000000000000036e+00	7.515656220330783031e-03	2.123527373282627639e-01
1.919999999999999929e+00	7.515485074988991279e-03	2.100549201893615603e-01
1.924999999999999822e+00	7.515315214740280955e-03	2.077738404618986179e-01
1.929999999999999938e+00	7.515146635942624408e-03	2.055094608369791298e-01
1.935000000000000053e+00	7.514979334913855953e-03	2.032617433332581935e-01
1.939999999999999947e+00	7.514813307915955282e-03	2.010306490959390957e-01
1.944999999999999840e+00	7.514648551171742435e-03	1.988161386114031814e-01
1.949999999999999956e+00	7.514485060849095295e-03	1.966181715044773293e-01
1.955000000000000071e+00	7.514322833077725222e-03	1.944367067551089068e-01
1.959999999999999964e+00	7.514161863933338167e-03	1.922717024940514552e-01
1.964999999999999858e+00	7.514002149454490111e-03	1.901231162214181980e-01
1.969999999999999973e+00	7.513843685626686586e-03	1.879909046009321794e-01
1.975000000000000089e+00	7.513686468399317052e-03	1.858750236801962608e-01
1.979999999999999982e+00	7.513530493669700640e-03	1.837754286836520978e-01
1.984999999999999876e+00	7.513375757300087311e-03	1.816920742344042272e-01
1.989999999999999991e+00	7.513222255101663707e-03	1.796249141460307952e-01
1.995000000000000107e+00	7.513069982851600277e-03	1.775739016458031672e-01
2.000000000000000000e+00	7.512918936277034575e-03	1.755389891654889623e-01
2.004999999999999893e+00	7.512769111072153949e-03	1.735201285658088677e-01
2.009999999999999787e+00	7.512620502882166700e-03	1.715172709263710904e-01
2.014999999999999680e+00	7.512473107320403846e-03	1.695303667712118878e-01
2.020000000000000018e+00	7.512326919952289420e-03	1.675593658579962453e-01
2.024999999999999911e+00	7.512181936312458709e-03	1.656042174044905224e-01
2.029999999999999805e+00	7.512038151888723349e-03	1.636648698771628885e-01
2.035000000000000142e+00	7.511895562139203446e-03	1.617412712184372603e-01
2.040000000000000036e+00	7.511754162476300470e-03	1.598333686348273885e-01
2.044999999999999929e+00	7.511613948283831117e-03	1.579411088248241779e-01
2.049999999999999822e+00	7.511474914901006272e-03	1.560644377666906835e-01
2.054999999999999716e+00	7.511337057639567473e-03	1.542033009468404270e-01
2.060000000000000053e+00	7.511200371767785822e-03	1.523576431474186754e-01
2.064999999999999947e+00	7.511064852527575032e-03	1.505274086750310325e-01
2.069999999999999840e+00	7.510930495118527637e-03	1.487125411482342063e-01
2.075000000000000178e+00	7.510797294715002015e-03	1.469129837264746274e-01
2.080000000000000071e+00	7.510665246450194156e-03	1.451286788976127728e-01
2.084999999999999964e+00	7.510534345433190866e-03	1.433595687069346425e-01
2.089999999999999858e+00	7.510404586733085766e-03	1.416055945448265463e-01
2.094999999999999751e+00	7.510275965395994333e-03	1.398666973757285437e-01
2.100000000000000089e+00	7.510148476429220205e-03	1.381428175260749625e-01
2.104999999999999982e+00	7.510022114818219914e-03	1.364338949130591006e-01
2.109999999999999876e+00	7.509896875510823841e-03	1.347398688329528027e-01
2.115000000000000213e+00	7.509772753434150634e-03	1.330606781895548041e-01
2.120000000000000107e+00	7.509649743478892352e-03	1.313962612830008037e-01
2.125000000000000000e+00	7.509527840516158625e-03	1.297465560377707439e-01
2.129999999999999893e+00	7.509407039381839864e-03	1.281114997920961285e-01
2.134999999999999787e+00	7.509287334893374223e-03	1.264910295254061956e-01
2.140000000000000124e+00	7.509168721834194940e-03	1.248850816484366466e-01
2.145000000000000018e+00	7.509051194970410570e-03	1.232935922299967374e-01
2.149999999999999911e+00	7.508934749035341659e-03	1.217164967878817811e-01
2.155000000000000249e+00	7.508819378746115977e-03	1.201537305148442786e-01
2.160000000000000142e+00	7.508705078788289328e-03	1.186052280704117112e-01
2.165000000000000036e+00	7.508591843832353174e-03	1.170709238059494256e-01
2.169999999999999929e+00	7.508479668518451729e-03	1.155507515574775851e-01
2.174999999999999822e+00	7.508368547472785495e-03	1.140446448697192555e-01
2.180000000000000160e+00	7.508258475292431573e-03	1.125525367900097190e-01
2.185000000000000053e+00	7.508149446561647455e-03	1.110743600912232065e-01
2.189999999999999947e+00	7.508041455836790209e-03	1.096100470668654597e-01
2.195000000000000284e+00	7.507934497662510122e-03	1.081595297527759986e-01
2.200000000000000178e+00	7.507828566556786105e-03	1.067227397234928182e-01
2.205000000000000071e+00	7.507723657026997913e-03	1.052996083126300636e-01
2.209999999999999964e+00	7.507619763555081240e-03	1.038900664105988497e-01
2.214999999999999858e+00	7.507516880613472436e-03	1.024940446835651831e-01
2.220000000000000195e+00	7.507415002650391980e-03	1.011114733726083126e-01
2.225000000000000089e+00	7.507314124105652145e-03	9.974228251116622201e-02
2.229999999999999982e+00	7.507214239396074046e-03	9.838640172571003206e-02
2.235000000000000320e+00	7.507115342931159133e-03	9.704376045158601138e-02
2.240000000000000213e+00	7.507017429098635473e-03	9.571428773528456446e-02
2.245000000000000107e+00	7.506920492279991336e-03	9.439791244859092878e-02
2.250000000000000000e+00	7.506824526836157647e-03	9.309456309252062134e-02
2.254999999999999893e+00	7.506729527122895859e-03	9.180416800969694313e-02
2.259999999999999787e+00	7.506635487476621786e-03	9.052665519002300876e-02
2.264999999999999680e+00	7.506542402229641683e-03	8.926195248120476211e-02
2.270000000000000018e+00	7.506450265696120068e-03	8.800998739622740985e-02
2.274999999999999911e+00	7.506359072187166609e-03	8.677068732194719025e-02
2.279999999999999805e+00	7.506268815996949666e-03	8.554397932843653407e-02
2.285000000000000142e+00	7.506179491417617512e-03	8.432979037556956325e-02
2.290000000000000036e+00	7.506091092725573205e-03	8.312804712429923415e-02
2.294999999999999929e+00	7.506003614196229273e-03	8.193867614116491505e-02
2.299999999999999822e+00	7.505917050090438712e-03	8.076160371155974294e-02
2.304999999999999716e+00	7.505831394669080538e-03	7.959675604209337507e-02
2.310000000000000053e+00	7.505746642179648639e-03	7.844405907590565330e-02
2.314999999999999947e+00	7.505662786870671670e-03	7.730343869281934566e-02
2.319999999999999840e+00	7.505579822978462358e-03	7.617482052675350612e-02
2.325000000000000178e+00	7.505497744741358723e-03	7.505813016360400602e-02
2.330000000000000071e+00	7.505416546386638188e-03	7.395329296080878356e-02
2.334999999999999964e+00	7.505336222144589654e-03	7.286023424289619910e-02
2.339999999999999858e+00	7.505256766235587212e-03	7.177887912324969200e-02
2.344999999999999751e+00	7.505178172883977469e-03	7.070915269726978092e-02
2.350000000000000089e+00	7.505100436305336270e-03	6.965097986638231486e-02
2.354999999999999982e+00	7.505023550720163472e-03	6.860428552876142450e-02
2.359999999999999876e+00	7.504947510341312272e-03	6.756899440562440240e-02
2.365000000000000213e+00	7.504872309387496630e-03	6.654503122946510418e-02
2.370000000000000107e+00	7.504797942070898405e-03	6.553232057267668886e-02
2.375000000000000000e+00	7.504724402610484825e-03	6.453078703324746646e-02
2.379999999999999893e+00	7.504651685219792569e-03	6.354035506574891301e-02
2.384999999999999787e+00	7.504579784120050077e-03	6.256094916445083254e-02
2.390000000000000124e+00	7.504508693528142045e-03	6.159249369670890401e-02
2.395000000000000018e+00	7.504438407669540047e-03	6.063491308345814873e-02
2.399999999999999911e+00	7.504368920766448306e-03	5.968813163503232377e-02
2.405000000000000249e+00	7.504300227050531361e-03	5.875207372899685782e-02
2.410000000000000142e+00	7.504232320751244578e-03	5.782666364843126738e-02
2.415000000000000036e+00	7.504165196108369268e-03	5.691182575706490998e-02
2.419999999999999929e+00	7.504098847360523607e-03	5.600748434004940851e-02
2.424999999999999822e+00	7.504033268757489585e-03	5.511356377636596887e-02
2.430000000000000160e+00	7.503968454548921689e-03	5.422998838211181422e-02
2.435000000000000053e+00	7.503904398996467419e-03	5.335668258014875098e-02
2.439999999999999947e+00	7.503841096362655512e-03	5.249357074592683053e-02
2.445000000000000284e+00	7.503778540922822170e-03	5.164057737434621376e-02
2.450000000000000178e+00	7.503716726954186636e-03	5.079762692813900860e-02
2.455000000000000071e+00	7.503655648747564050e-03	4.996464400191912708e-02
2.459999999999999964e+00	7.503595300596637048e-03	4.914155317313978477e-02
2.464999999999999858e+00	7.503535676809459584e-03	4.832827916331013801e-02
2.470000000000000195e+00	7.503476771697920218e-03	4.752474669154395370e-02
2.475000000000000089e+00	7.503418579589036033e-03	4.673088063292292482e-02
2.479999999999999982e+00	7.503361094814608480e-03	4.594660587465008994e-02
2.485000000000000320e+00	7.503304311722308259e-03	4.517184747154253527e-02
2.490000000000000213e+00	7.503248224665518516e-03	4.440653050480192210e-02
2.495000000000000107e+00	7.503192828014216761e-03	4.365058023462064368e-02
2.500000000000000000e+00	7.503138116145005414e-03	4.290392196157863380e-02
2.504999999999999893e+00	7.503084083451787289e-03	4.216648117635167503e-02
2.509999999999999787e+00	7.503030724335983496e-03	4.143818342374086527e-02
2.514999999999999680e+00	7.502978033216999021e-03	4.071895444947327969e-02
2.520000000000000018e+00	7.502926004522639247e-03	4.000872006686912591e-02
2.524999999999999911e+00	7.502874632699356970e-03	3.930740630072727254e-02
2.529999999999999805e+00	7.502823912202864938e-03	3.861493925663322252e-02
2.535000000000000142e+00	7.502773837508172096e-03	3.793124526192322848e-02
2.540000000000000036e+00	7.502724403100384347e-03	3.725625073763568634e-02
2.544999999999999929e+00	7.502675603484536097e-03	3.658988233654997951e-02
2.549999999999999822e+00	7.502627433176577501e-03	3.593206681777996736e-02
2.554999999999999716e+00	7.502579886712998705e-03	3.528273118188719054e-02
2.560000000000000053e+00	7.502532958642007047e-03	3.464180254811392856e-02
2.564999999999999947e+00	7.502486643532940529e-03	3.400920828657159889e-02
2.569999999999999840e+00	7.502440935967636705e-03	3.338487589810900519e-02
2.575000000000000178e+00	7.502395830549633653e-03	3.276873314357874739e-02
2.580000000000000071e+00	7.502351321895734011e-03	3.216070792633526215e-02
2.584999999999999964e+00	7.502307404644994321e-03	3.156072841858382355e-02
2.589999999999999858e+00	7.502264073450476412e-03	3.096872294650039950e-02
2.594999999999999751e+00	7.502221322988029441e-03	3.038462011367079607e-02
2.600000000000000089e+00	7.502179147948232971e-03	2.980834868882275071e-02
2.604999999999999982e+00	7.502137543044965634e-03	2.923983772636376890e-02
2.609999999999999876e+00	7.502096503007540766e-03	2.867901645671476485e-02
2.615000000000000213e+00	7.502056022589066904e-03	2.812581440395696755e-02
2.620000000000000107e+00	7.502016096558765564e-03	2.758016127875519835e-02
2.625000000000000000e+00	7.501976719710133114e-03	2.704198709312578830e-02
2.629999999999999893e+00	7.501937886853441567e-03	2.651122205593543085e-02
2.634999999999999787e+00	7.501899592823691419e-03	2.598779668480460242e-02
2.640000000000000124e+00	7.501861832473303258e-03	2.547164170416635343e-02
2.645000000000000018e+00	7.501824600679863307e-03	2.496268815432119842e-02
2.649999999999999911e+00	7.501787892338998912e-03	2.446086729203885909e-02
2.655000000000000249e+00	7.501751702371921120e-03	2.396611069678190875e-02
2.660000000000000142e+00	7.501716025718483186e-03	2.347835017383304024e-02
2.665000000000000036e+00	7.501680857344524521e-03	2.299751785770541915e-02
2.669999999999999929e+00	7.501646192235101804e-03	2.252354611777645371e-02
2.674999999999999822e+00	7.501612025401642111e-03	2.205636765890591974e-02
2.680000000000000160e+00	7.501578351875350104e-03	2.159591542955475660e-02
2.685000000000000053e+00	7.501545166714161661e-03	2.114212271963305384e-02
2.689999999999999947e+00	7.501512464996328011e-03	2.069492307108231413e-02
2.695000000000000284e+00	7.501480241827177681e-03	2.025425037297604383e-02
2.700000000000000178e+00	7.501448492332872357e-03	1.982003877454314306e-02
2.705000000000000071e+00	7.501417211666972819e-03	1.939222277754539675e-02
2.709999999999999964e+00	7.501386395004373472e-03	1.897073715171776476e-02
2.714999999999999858e+00	7.501356037547676596e-03	1.855551702444872830e-02
2.720000000000000195e+00	7.501326134521293411e-03	1.814649779861253129e-02
2.725000000000000089e+00	7.501296681177628371e-03	1.774361523957958264e-02
2.729999999999999982e+00	7.501267672791354577e-03	1.734680539541427063e-02
2.735000000000000320e+00	7.501239104665409843e-03	1.695600468124349933e-02
2.740000000000000213e+00	7.501210972125436048e-03	1.657114980179379832e-02
2.745000000000000107e+00	7.501183270525589586e-03	1.619217783314658154e-02
2.750000000000000000e+00	7.501155995243149847e-03	1.581902614758682810e-02
2.754999999999999893e+00	7.501129141684145796e-03	1.545163249277597614e-02
2.759999999999999787e+00	7.501102705278122305e-03	1.508993491888283023e-02
2.764999999999999680e+00	7.501076681483590664e-03	1.473387185520566578e-02
2.770000000000000018e+00	7.501051065782960575e-03	1.438338203955624034e-02
2.774999999999999911e+00	7.501025853687798978e-03	1.403840459236282111e-02
2.779999999999999805e+00	7.501001040733931181e-03	1.369887894827727902e-02
2.785000000000000142e+00	7.500976622486522742e-03	1.336474492779228702e-02
2.790000000000000036e+00	7.500952594535333258e-03	1.303594267104077678e-02
2.794999999999999929e+00	7.500928952499625636e-03	1.271241270696113132e-02
2.799999999999999822e+00	7.500905692023575148e-03	1.239409588925729708e-02
2.804999999999999716e+00	7.500882808781009561e-03	1.208093346314706266e-02
2.810000000000000053e+00	7.500860298470964777e-03	1.177286700345052915e-02
2.814999999999999947e+00	7.500838156822260162e-03	1.146983847895703505e-02
2.819999999999999840e+00	7.500816379589202512e-03	1.117179019260941715e-02
2.825000000000000178e+00	7.500794962555997446e-03	1.087866484352531700e-02
2.830000000000000071e+00	7.500773901532598216e-03	1.059040546924452410e-02
2.834999999999999964e+00	7.500753192358949710e-03	1.030695550544161523e-02
2.839999999999999858e+00	7.500732830900992514e-03	1.002825873020199085e-02
2.844999999999999751e+00	7.500712813054738644e-03	9.754259321463886259e-03
2.850000000000000089e+00	7.500693134742416127e-03	9.484901803288991323e-03
2.854999999999999982e+00	7.500673791916392073e-03	9.220131101071490920e-03
2.859999999999999876e+00	7.500654780555456036e-03	8.959892489768866639e-03
2.865000000000000213e+00	7.500636096668584357e-03	8.704131646916447862e-03
2.870000000000000107e+00	7.500617736291361436e-03	8.452794602783695807e-03
2.875000000000000000e+00	7.500599695489597492e-03	8.205827791233072724e-03
2.879999999999999893e+00	7.500581970355879070e-03	7.963178001766454614e-03
2.884999999999999787e+00	7.500564557013034150e-03	7.724792428267966519e-03
2.890000000000000124e+00	7.500547451610824028e-03	7.490618622904831984e-03
2.895000000000000018e+00	7.500530650329252300e-03	7.260604542794061797e-03
2.899999999999999911e+00	7.500514149375390321e-03	7.034698505722056065e-03
2.905000000000000249e+00	7.500497944986547413e-03	6.812849234774715455e-03
2.910000000000000142e+00	7.500482033427215145e-03	6.595005815840384103e-03
2.915000000000000036e+00	7.500466410992097030e-03	6.381117740243975010e-03
2.919999999999999929e+00	7.500451074003179446e-03	6.171134863996364898e-03
2.924999999999999822e+00	7.500436018812626018e-03	5.965007448473448083e-03
2.930000000000000160e+00	7.500421241799968240e-03	5.762686121376041533e-03
2.935000000000000053e+00	7.500406739374859341e-03	5.564121915494257657e-03
2.939999999999999947e+00	7.500392507974393275e-03	5.369266231341682932e-03
2.945000000000000284e+00	7.500378544065720680e-03	5.178070874046249335e-03
2.950000000000000178e+00	7.500364844143479759e-03	4.990488017622137645e-03
2.955000000000000071e+00	7.500351404732292539e-03	4.806470240028008073e-03
2.959999999999999964e+00	7.500338222384306773e-03	4.625970489040363842e-03
2.964999999999999858e+00	7.500325293681561235e-03	4.448942115520375384e-03
2.970000000000000195e+00	7.500312615233642975e-03	4.275338840852042563e-03
2.975000000000000089e+00	7.500300183679925979e-03	4.105114788459051506e-03
2.979999999999999982e+00	7.500287995687340316e-03	3.938224452771332297e-03
2.985000000000000320e+00	7.500276047952489367e-03	3.774622729032688431e-03
2.990000000000000213e+00	7.500264337199524789e-03	3.614264883759872420e-03
2.995000000000000107e+00	7.500252860182144050e-03	3.457106582882310715e-03
3.000000000000000000e+00	7.500241613681569476e-03	3.303103863656813976e-03
3.004999999999999893e+00	7.500230594508433025e-03	3.152213161180938885e-03
3.009999999999999787e+00	7.500219799500857688e-03	3.004391281727334523e-03
3.014999999999999680e+00	7.500209225526224301e-03	2.859595427671299782e-03
3.020000000000000018e+00	7.500198869479353554e-03	2.717783172208966796e-03
3.024999999999999911e+00	7.500188728284168729e-03	2.578912482740211131e-03
3.029999999999999805e+00	7.500178798891967910e-03	2.442941696934601298e-03
3.035000000000000142e+00	7.500169078282979164e-03	2.309829544610225629e-03
3.040000000000000036e+00	7.500159563464735973e-03	2.179535125112082826e-03
3.044999999999999929e+00	7.500150251473517056e-03	2.052017927727351702e-03
3.049999999999999822e+00	7.500141139372816339e-03	1.927237810340678504e-03
3.054999999999999716e+00	7.500132224254687369e-03	1.805155018426374703e-03
3.060000000000000053e+00	7.500123503238295686e-03	1.685730164945312267e-03
3.064999999999999947e+00	7.500114973471166957e-03	1.568924247954089739e-03
3.069999999999999840e+00	7.500106632127829555e-03	1.454698631708732778e-03
3.075000000000000178e+00	7.500098476410961210e-03	1.343015062930678818e-03
3.080000000000000071e+00	7.500090503550113988e-03	1.233835653082786818e-03
3.084999999999999964e+00	7.500082710802778545e-03	1.127122893331462773e-03
3.089999999999999858e+00	7.500075095453184564e-03	1.022839637960563063e-03
3.094999999999999751e+00	7.500067654813268730e-03	9.209491180691778151e-04
3.100000000000000089e+00	7.500060386221566247e-03	8.214149260893740439e-04
3.104999999999999982e+00	7.500053287044080794e-03	7.242010282584019666e-04
3.109999999999999876e+00	7.500046354673261043e-03	6.292717502066744921e-04
3.115000000000000213e+00	7.500039586528783019e-03	5.365917882428819898e-04
3.120000000000000107e+00	7.500032980056598603e-03	4.461261959790431921e-04
3.125000000000000000e+00	7.500026532729640698e-03	3.578403944665300269e-04
3.129999999999999893e+00	7.500020242046936784e-03	2.717001598253796467e-04
3.134999999999999787e+00	7.500014105534242963e-03	1.876716322689491779e-04
3.140000000000000124e+00	7.500008120743223428e-03	1.057213047048451225e-04
3.145000000000000018e+00	7.500002285252005581e-03	2.581603068558137299e-05
3.149999999999999911e+00	7.499996596664432365e-03	-5.207698605086324224e-05
3.155000000000000249e+00	7.499991052610541047e-03	-1.279901846676133673e-04
3.160000000000000142e+00	7.499985650745876267e-03	-2.019556567804305515e-04
3.165000000000000036e+00	7.499980388751903773e-03	-2.740051405452058613e-04
3.169999999999999929e+00	7.499975264335385916e-03	-3.441700293326462631e-04
3.174999999999999822e+00	7.499970275228720791e-03	-4.124813667807006160e-04
3.180000000000000160e+00	7.499965419189384523e-03	-4.789698546233895683e-04
3.185000000000000053e+00	7.499960694000204486e-03	-5.436658486727698972e-04
3.189999999999999947e+00	7.499956097468852764e-03	-6.065993658321046107e-04
3.195000000000000284e+00	7.499951627428063858e-03	-6.678000809725398402e-04
3.200000000000000178e+00	7.499947281735181923e-03	-7.272973331603149955e-04
3.205000000000000071e+00	7.499943058272310822e-03	-7.851201233940132600e-04
3.209999999999999964e+00	7.499938954945928153e-03	-8.412971200751277571e-04
3.214999999999999858e+00	7.499934969686966775e-03	-8.958566575718895138e-04
3.220000000000000195e+00	7.499931100450480878e-03	-9.488267409620976126e-04
3.225000000000000089e+00	7.499927345215678075e-03	-1.000235045390371726e-03
3.229999999999999982e+00	7.499923701985630568e-03	-1.050108920111538294e-03
3.235000000000000320e+00	7.499920168787251734e-03	-1.098475388608585864e-03
3.240000000000000213e+00	7.499916743671059330e-03	-1.145361151964460018e-03
3.245000000000000107e+00	7.499913424711098300e-03	-1.190792589708567330e-03
3.250000000000000000e+00	7.499910210004749091e-03	-1.234795762544255290e-03
3.254999999999999893e+00	7.499907097672602746e-03	-1.277396413892465093e-03
3.259999999999999787e+00	7.499904085858315195e-03	-1.318619972001664094e-03
3.264999999999999680e+00	7.499901172728431174e-03	-1.358491552157565412e-03
3.270000000000000018e+00	7.499898356472278413e-03	-1.397035958201772732e-03
3.274999999999999911e+00	7.499895635301754258e-03	-1.434277685377312057e-03
3.279999999999999805e+00	7.499893007451255422e-03	-1.470240921281710036e-03
3.285000000000000142e+00	7.499890471177421240e-03	-1.504949549318577821e-03
3.290000000000000036e+00	7.499888024759105917e-03	-1.538427149110238026e-03
3.294999999999999929e+00	7.499885666497074950e-03	-1.570697000526295609e-03
3.299999999999999822e+00	7.499883394714018138e-03	-1.601782083580497503e-03
3.304999999999999716e+00	7.499881207754206976e-03	-1.631705083007710085e-03
3.310000000000000053e+00	7.499879103983540622e-03	-1.660488387669037608e-03
3.314999999999999947e+00	7.499877081789169467e-03	-1.688154095649357228e-03
3.319999999999999840e+00	7.499875139579574058e-03	-1.714724013194327294e-03
3.325000000000000178e+00	7.499873275784147905e-03	-1.740219660301228289e-03
3.330000000000000071e+00	7.499871488853317170e-03	-1.764662269210686687e-03
3.334999999999999964e+00	7.499869777258084437e-03	-1.788072790464240213e-03
3.339999999999999858e+00	7.499868139490178769e-03	-1.810471890973361841e-03
3.344999999999999751e+00	7.499866574061571714e-03	-1.831879960517606440e-03
3.350000000000000089e+00	7.499865079504651651e-03	-1.852317109412756659e-03
3.354999999999999982e+00	7.499863654371716377e-03	-1.871803175424351703e-03
3.359999999999999876e+00	7.499862297235166536e-03	-1.890357721056323218e-03
3.365000000000000213e+00	7.499861006686975654e-03	-1.908000040854971723e-03
3.370000000000000107e+00	7.499859781338911319e-03	-1.924749158338876854e-03
3.375000000000000000e+00	7.499858619821971398e-03	-1.940623833669389425e-03
3.379999999999999893e+00	7.499857520786635569e-03	-1.955642560241966591e-03
3.384999999999999787e+00	7.499856482902279853e-03	-1.969823572699722167e-03
3.390000000000000124e+00	7.499855504857443761e-03	-1.983184843205970140e-03
3.395000000000000018e+00	7.499854585359223141e-03	-1.995744089777791788e-03
3.399999999999999911e+00	7.499853723133561613e-03	-2.007518772258982259e-03
3.405000000000000249e+00	7.499852916924626064e-03	-2.018526100951563169e-03
3.410000000000000142e+00	7.499852165495109364e-03	-2.028783032307631112e-03
3.415000000000000036e+00	7.499851467625589380e-03	-2.038306277837201308e-03
3.419999999999999929e+00	7.499850822114855972e-03	-2.047112299537153998e-03
3.424999999999999822e+00	7.499850227779243129e-03	-2.055217319054327037e-03
3.430000000000000160e+00	7.499849683452981981e-03	-2.062637312869133790e-03
3.435000000000000053e+00	7.499849187987510379e-03	-2.069388021693661754e-03
3.439999999999999947e+00	7.499848740251842394e-03	-2.075484945426792679e-03
3.445000000000000284e+00	7.499848339131866617e-03	-2.080943352767624169e-03
3.450000000000000178e+00	7.499847983530728672e-03	-2.085778275958678589e-03
3.455000000000000071e+00	7.499847672368115635e-03	-2.090004520595423014e-03
3.459999999999999964e+00	7.499847404580648955e-03	-2.093636660173563667e-03
3.464999999999999858e+00	7.499847179121161937e-03	-2.096689046076242319e-03
3.470000000000000195e+00	7.499846994959106540e-03	-2.099175801940794152e-03
3.475000000000000089e+00	7.499846851079813512e-03	-2.101110833805598134e-03
3.479999999999999982e+00	7.499846746484913063e-03	-2.102507824311379992e-03
3.485000000000000320e+00	7.499846680191588066e-03	-2.103380242990485552e-03
3.490000000000000213e+00	7.499846651233001670e-03	-2.103741340316995188e-03
3.495000000000000107e+00	7.499846658657542686e-03	-2.103604158121644488e-03
3.500000000000000000e+00	7.499846701529266219e-03	-2.102981523504824854e-03
3.504999999999999893e+00	7.499846778927126908e-03	-2.101886059361084916e-03
3.509999999999999787e+00	7.499846889945429966e-03	-2.100330178168383338e-03
3.514999999999999680e+00	7.499847033693060085e-03	-2.098326092606539808e-03
3.520000000000000018e+00	7.499847209293935939e-03	-2.095885809235750914e-03
3.524999999999999911e+00	7.499847415886235630e-03	-2.093021139193986229e-03
3.529999999999999805e+00	7.499847652622863327e-03	-2.089743691777301918e-03
3.535000000000000142e+00	7.499847918670659967e-03	-2.086064885201706961e-03
3.540000000000000036e+00	7.499848213210882908e-03	-2.081995940097306971e-03
3.544999999999999929e+00	7.499848535438414891e-03	-2.077547890320856003e-03
3.549999999999999822e+00	7.499848884562241094e-03	-2.072731576375132483e-03
3.554999999999999716e+00	7.499849259804664166e-03	-2.067557656258871713e-03
3.560000000000000053e+00	7.499849660401780409e-03	-2.062036598822576325e-03
3.564999999999999947e+00	7.499850085602693950e-03	-2.056178694642912287e-03
3.569999999999999840e+00	7.499850534670001595e-03	-2.049994049325639354e-03
3.575000000000000178e+00	7.499851006878995724e-03	-2.043492594392297152e-03
3.580000000000000071e+00	7.499851501518163023e-03	-2.036684080540448420e-03
3.584999999999999964e+00	7.499852017888383043e-03	-2.029578088530828699e-03
3.589999999999999858e+00	7.499852555303426933e-03	-2.022184022414664096e-03
3.594999999999999751e+00	7.499853113089160334e-03	-2.014511120410172364e-03
3.600000000000000089e+00	7.499853690584042977e-03	-2.006568448106285825e-03
3.604999999999999982e+00	7.499854287138334186e-03	-1.998364909317655765e-03
3.609999999999999876e+00	7.499854902114588134e-03	-1.989909239273799334e-03
3.615000000000000213e+00	7.499855534886870623e-03	-1.981210015442407511e-03
3.620000000000000107e+00	7.499856184841248267e-03	-1.972275650712493333e-03
3.625000000000000000e+00	7.499856851375006142e-03	-1.963114404176203968e-03
3.629999999999999893e+00	7.499857533897146510e-03	-1.953734374314050181e-03
3.634999999999999787e+00	7.499858231827603861e-03	-1.944143509725959965e-03
3.640000000000000124e+00	7.499858944597737574e-03	-1.934349602326332828e-03
3.645000000000000018e+00	7.499859671649562569e-03	-1.924360298015538205e-03
3.649999999999999911e+00	7.499860412436235024e-03	-1.914183089892233488e-03
3.655000000000000249e+00	7.499861166421284767e-03	-1.903825328856904430e-03
3.660000000000000142e+00	7.499861933079108797e-03	-1.893294216848417054e-03
3.665000000000000036e+00	7.499862711894196739e-03	-1.882596817371644379e-03
3.669999999999999929e+00	7.499863502361631303e-03	-1.871740048764922214e-03
3.674999999999999822e+00	7.499864303986318072e-03	-1.860730694644314835e-03
3.680000000000000160e+00	7.499865116283482500e-03	-1.849575397208273655e-03
3.685000000000000053e+00	7.499865938777904896e-03	-1.838280667591377874e-03
3.689999999999999947e+00	7.499866771004413089e-03	-1.826852879212167817e-03
3.695000000000000284e+00	7.499867612507132159e-03	-1.815298278029791592e-03
3.700000000000000178e+00	7.499868462839964951e-03	-1.803622975940545560e-03
3.705000000000000071e+00	7.499869321565853092e-03	-1.791832960931170936e-03
3.709999999999999964e+00	7.499870188257252296e-03	-1.779934090529399675e-03
3.714999999999999858e+00	7.499871062495404653e-03	-1.767932101847965445e-03
3.720000000000000195e+00	7.499871943870806135e-03	-1.755832605094212939e-03
3.725000000000000089e+00	7.499872831982488421e-03	-1.743641093499422165e-03
3.729999999999999982e+00	7.499873726438480333e-03	-1.731362936892017921e-03
3.735000000000000320e+00	7.499874626855100070e-03	-1.719003391506941430e-03
3.740000000000000213e+00	7.499875532857414040e-03	-1.706567593626989992e-03
3.745000000000000107e+00	7.499876444078532566e-03	-1.694060569267594272e-03
3.750000000000000000e+00	7.499877360160067848e-03	-1.681487227890246343e-03
3.754999999999999893e+00	7.499878280751436609e-03	-1.668852371958206822e-03
3.759999999999999787e+00	7.499879205510313722e-03	-1.656160690725827283e-03
3.764999999999999680e+00	7.499880134101946129e-03	-1.643416769661174611e-03
3.770000000000000018e+00	7.499881066199596061e-03	-1.630625084314795727e-03
3.774999999999999911e+00	7.499882001483870568e-03	-1.617790009605418267e-03
3.779999999999999805e+00	7.499882939643155201e-03	-1.604915813771454029e-03
3.785000000000000142e+00	7.499883880372952213e-03	-1.592006667516311733e-03
3.790000000000000036e+00	7.499884823376313375e-03	-1.579066638045687962e-03
3.794999999999999929e+00	7.499885768363185115e-03	-1.566099698069487031e-03
3.799999999999999822e+00	7.499886715050833527e-03	-1.553109719927483730e-03
3.804999999999999716e+00	7.499887663163204259e-03	-1.540100484445016196e-03
3.810000000000000053e+00	7.499888612431336241e-03	-1.527075675149657018e-03
3.814999999999999947e+00	7.499889562592736321e-03	-1.514038886978050138e-03
3.819999999999999840e+00	7.499890513391785189e-03	-1.500993620585882107e-03
3.825000000000000178e+00	7.499891464579119815e-03	-1.487943290903648427e-03
3.830000000000000071e+00	7.499892415912041109e-03	-1.474891221541961084e-03
3.834999999999999964e+00	7.499893367153894624e-03	-1.461840653194328545e-03
3.839999999999999858e+00	7.499894318074479087e-03	-1.448794738139672208e-03
3.844999999999999751e+00	7.499895268449442709e-03	-1.435756548490238959e-03
3.850000000000000089e+00	7.499896218060673504e-03	-1.422729070792926823e-03
3.854999999999999982e+00	7.499897166695715552e-03	-1.409715214120943168e-03
3.859999999999999876e+00	7.499898114148148900e-03	-1.396717804775497338e-03
3.865000000000000213e+00	7.499899060217016245e-03	-1.383739594219947919e-03
3.870000000000000107e+00	7.499900004707195020e-03	-1.370783253883020927e-03
3.875000000000000000e+00	7.499900947428841426e-03	-1.357851382934431974e-03
3.879999999999999893e+00	7.499901888197750381e-03	-1.344946503190659354e-03
3.884999999999999787e+00	7.499902826834807350e-03	-1.332071066731307972e-03
3.890000000000000124e+00	7.499903763166350899e-03	-1.319227450908454528e-03
3.895000000000000018e+00	7.499904697023625395e-03	-1.306417965803023098e-03
3.899999999999999911e+00	7.499905628243142691e-03	-1.293644849338438166e-03
3.905000000000000249e+00	7.499906556666146099e-03	-1.280910274576696787e-03
3.910000000000000142e+00	7.499907482138961669e-03	-1.268216344936927073e-03
3.915000000000000036e+00	7.499908404512477776e-03	-1.255565101330848813e-03
3.919999999999999929e+00	7.499909323642480787e-03	-1.242958517486696243e-03
3.924999999999999822e+00	7.499910239389155457e-03	-1.230398506924228240e-03
3.930000000000000160e+00	7.499911151617409330e-03	-1.217886918384103196e-03
3.935000000000000053e+00	7.499912060196384407e-03	-1.205425542642601412e-03
3.939999999999999947e+00	7.499912964999774605e-03	-1.193016108046753487e-03
3.945000000000000284e+00	7.499913865905345235e-03	-1.180660287169028183e-03
3.950000000000000178e+00	7.499914762795250461e-03	-1.168359692448215845e-03
3.955000000000000071e+00	7.499915655555559717e-03	-1.156115882684540137e-03
3.959999999999999964e+00	7.499916544076565619e-03	-1.143930358786173981e-03
3.964999999999999858e+00	7.499917428252324270e-03	-1.131804570105555355e-03
3.970000000000000195e+00	7.499918307980956225e-03	-1.119739910291237591e-03
3.975000000000000089e+00	7.499919183164198075e-03	-1.107737723466138040e-03
3.979999999999999982e+00	7.499920053707693005e-03	-1.095799300184440838e-03
3.985000000000000320e+00	7.499920919520557984e-03	-1.083925883452686997e-03
3.990000000000000213e+00	7.499921780515665659e-03	-1.072118664791242831e-03
3.995000000000000107e+00	7.499922636609221080e-03	-1.060378790099332589e-03
4.000000000000000000e+00	7.499923487721034919e-03	-1.048707355820554512e-03
4.004999999999999893e+00	7.499924333774114077e-03	-1.037105414652975555e-03
4.009999999999999787e+00	7.499925174694927962e-03	-1.025573971818012024e-03
4.014999999999999680e+00	7.499926010413010373e-03	-1.014113990616911931e-03
4.019999999999999574e+00	7.499926840861213632e-03	-1.002726388802347530e-03
4.025000000000000355e+00	7.499927665975326084e-03	-9.914120439826242925e-04
4.030000000000000249e+00	7.499928485694321023e-03	-9.801717900951227407e-04
4.035000000000000142e+00	7.499929299959975926e-03	-9.690064226597127966e-04
4.040000000000000036e+00	7.499930108717124851e-03	-9.579166953531637833e-04
4.044999999999999929e+00	7.499930911913282004e-03	-9.469033251134341368e-04
4.049999999999999822e+00	7.499931709498885470e-03	-9.359669888140701105e-04
4.054999999999999716e+00	7.499932501426938986e-03	-9.251083282210713138e-04
4.059999999999999609e+00	7.499933287653242665e-03	-9.143279467660950363e-04
4.064999999999999503e+00	7.499934068136045184e-03	-9.036264143576974977e-04
4.070000000000000284e+00	7.499934842836271896e-03	-8.930042642523679025e-04
4.075000000000000178e+00	7.499935611717180491e-03	-8.824619977218717748e-04
4.080000000000000071e+00	7.499936374744588241e-03	-8.720000810209731874e-04
4.084999999999999964e+00	7.499937131886535470e-03	-8.616189499128068096e-04
4.089999999999999858e+00	7.499937883113506724e-03	-8.513190067320408269e-04
4.094999999999999751e+00	7.499938628398106384e-03	-8.411006247702279646e-04
4.099999999999999645e+00	7.499939367715264225e-03	-8.309641454332145245e-04
4.105000000000000426e+00	7.499940101041930977e-03	-8.209098824885747124e-04
4.110000000000000320e+00	7.499940828357275213e-03	-8.109381193157665568e-04
4.115000000000000213e+00	7.499941549642385845e-03	-8.010491130177051873e-04
4.120000000000000107e+00	7.499942264880461208e-03	-7.912430917625355720e-04
4.125000000000000000e+00	7.499942974056526303e-03	-7.815202587613673257e-04
4.129999999999999893e+00	7.499943677157613203e-03	-7.718807897001429136e-04
4.134999999999999787e+00	7.499944374172483504e-03	-7.623248365858603616e-04
4.139999999999999680e+00	7.499945065091812198e-03	-7.528525252671372211e-04
4.144999999999999574e+00	7.499945749907909257e-03	-7.434639591510793953e-04
4.150000000000000355e+00	7.499946428614901774e-03	-7.341592168110687346e-04
4.155000000000000249e+00	7.499947101208464216e-03	-7.249383555764623210e-04
4.160000000000000142e+00	7.499947767685995366e-03	-7.158014092262068081e-04
4.165000000000000036e+00	7.499948428046359847e-03	-7.067483914537250021e-04
4.169999999999999929e+00	7.499949082290050320e-03	-6.977792936447160073e-04
4.174999999999999822e+00	7.499949730418947226e-03	-6.888940882194082406e-04
4.179999999999999716e+00	7.499950372436469705e-03	-6.800927264932771915e-04
4.185000000000000497e+00	7.499951008347345745e-03	-6.713751418990320094e-04
4.190000000000000391e+00	7.499951638157758768e-03	-6.627412479284919755e-04
4.195000000000000284e+00	7.499952261875122983e-03	-6.541909412366670807e-04
4.200000000000000178e+00	7.499952879508225631e-03	-6.457240996632729411e-04
4.205000000000000071e+00	7.499953491067013617e-03	-6.373405852212488685e-04
4.209999999999999964e+00	7.499954096562725346e-03	-6.290402421964238133e-04
4.214999999999999858e+00	7.499954696007686029e-03	-6.208229000227884339e-04
4.219999999999999751e+00	7.499955289415439520e-03	-6.126883714587430096e-04
4.224999999999999645e+00	7.499955876800546220e-03	-6.046364553514735167e-04
4.230000000000000426e+00	7.499956458178710580e-03	-5.966669348881400298e-04
4.235000000000000320e+00	7.499957033566587682e-03	-5.887795802517593966e-04
4.240000000000000213e+00	7.499957602981902928e-03	-5.809741469458107148e-04
4.245000000000000107e+00	7.499958166443273372e-03	-5.732503783440461714e-04
4.250000000000000000e+00	7.499958723970316134e-03	-5.656080040868562836e-04
4.254999999999999893e+00	7.499959275583472328e-03	-5.580467425272414919e-04
4.259999999999999787e+00	7.499959821304124155e-03	-5.505662991974469289e-04
4.264999999999999680e+00	7.499960361154417096e-03	-5.431663691535694579e-04
4.269999999999999574e+00	7.499960895157370064e-03	-5.358466355108994173e-04
4.275000000000000355e+00	7.499961423336709739e-03	-5.286067716893542772e-04
4.280000000000000249e+00	7.499961945716975519e-03	-5.214464400159472433e-04
4.285000000000000142e+00	7.499962462323359925e-03	-5.143652938734765779e-04
4.290000000000000036e+00	7.499962973181807484e-03	-5.073629763685099390e-04
4.294999999999999929e+00	7.499963478318863799e-03	-5.004391223857140684e-04
4.299999999999999822e+00	7.499963977761766633e-03	-4.935933573198422958e-04
4.304999999999999716e+00	7.499964471538307989e-03	-4.868252990378520184e-04
4.309999999999999609e+00	7.499964959676916516e-03	-4.801345566733779746e-04
4.314999999999999503e+00	7.499965442206522198e-03	-4.735207324990543115e-04
4.320000000000000284e+00	7.499965919156641354e-03	-4.669834207819293444e-04
4.325000000000000178e+00	7.499966390557247405e-03	-4.605222095681777458e-04
4.330000000000000071e+00	7.499966856438845461e-03	-4.541366795979406975e-04
4.334999999999999964e+00	7.499967316832351766e-03	-4.478264060046978703e-04
4.339999999999999858e+00	7.499967771769169150e-03	-4.415909572880704877e-04
4.344999999999999751e+00	7.499968221281067340e-03	-4.354298969300086529e-04
4.349999999999999645e+00	7.499968665400254079e-03	-4.293427824241353931e-04
4.355000000000000426e+00	7.499969104159263239e-03	-4.233291668109694550e-04
4.360000000000000320e+00	7.499969537591023340e-03	-4.173885977622534150e-04
4.365000000000000213e+00	7.499969965728747398e-03	-4.115206190373775822e-04
4.370000000000000107e+00	7.499970388605998843e-03	-4.057247696213187624e-04
4.375000000000000000e+00	7.499970806256592640e-03	-4.000005851044815403e-04
4.379999999999999893e+00	7.499971218714645595e-03	-3.943475968727513893e-04
4.384999999999999787e+00	7.499971626014495692e-03	-3.887653334127005064e-04
4.389999999999999680e+00	7.499972028190741991e-03	-3.832533195524335710e-04
4.394999999999999574e+00	7.499972425278164830e-03	-3.778110776944054120e-04
4.400000000000000355e+00	7.499972817311774398e-03	-3.724381271056251253e-04
4.405000000000000249e+00	7.499973204326727469e-03	-3.671339850799651460e-04
4.410000000000000142e+00	7.499973586358369901e-03	-3.618981662764669165e-04
4.415000000000000036e+00	7.499973963442165513e-03	-3.567301838132590826e-04
4.419999999999999929e+00	7.499974335613735117e-03	-3.516295486525071652e-04
4.424999999999999822e+00	7.499974702908782792e-03	-3.465957706278562306e-04
4.429999999999999716e+00	7.499975065363137516e-03	-3.416283578748559595e-04
4.435000000000000497e+00	7.499975423012683780e-03	-3.367268177938386982e-04
4.440000000000000391e+00	7.499975775893398013e-03	-3.318906565244849455e-04
4.445000000000000284e+00	7.499976124041285268e-03	-3.271193798461349703e-04
4.450000000000000178e+00	7.499976467492412181e-03	-3.224124926951507392e-04
4.455000000000000071e+00	7.499976806282847991e-03	-3.177695000044321988e-04
4.459999999999999964e+00	7.499977140448693159e-03	-3.131899062625271126e-04
4.464999999999999858e+00	7.499977470026027333e-03	-3.086732162942402535e-04
4.469999999999999751e+00	7.499977795050934495e-03	-3.042189348601199604e-04
4.474999999999999645e+00	7.499978115559451791e-03	-2.998265673798882424e-04
4.480000000000000426e+00	7.499978431587594682e-03	-2.954956195712855004e-04
4.485000000000000320e+00	7.499978743171310108e-03	-2.912255981180920461e-04
4.490000000000000213e+00	7.499979050346499906e-03	-2.870160103470831259e-04
4.495000000000000107e+00	7.499979353148972239e-03	-2.828663648423621036e-04
4.500000000000000000e+00	7.499979651614469348e-03	-2.787761711593199007e-04
4.504999999999999893e+00	7.499979945778618984e-03	-2.747449403869735296e-04
4.509999999999999787e+00	7.499980235676957825e-03	-2.707721848978791954e-04
4.514999999999999680e+00	7.499980521344893312e-03	-2.668574188600554282e-04
4.519999999999999574e+00	7.499980802817715793e-03	-2.630001580217628801e-04
4.525000000000000355e+00	7.499981080130568162e-03	-2.591999201746052910e-04
4.530000000000000249e+00	7.499981353318461476e-03	-2.554562249721458269e-04
4.535000000000000142e+00	7.499981622416237656e-03	-2.517685943457859989e-04
4.540000000000000036e+00	7.499981887458585968e-03	-2.481365523561908804e-04
4.544999999999999929e+00	7.499982148480012663e-03	-2.445596255634664663e-04
4.549999999999999822e+00	7.499982405514853123e-03	-2.410373429103720977e-04
4.554999999999999716e+00	7.499982658597244972e-03	-2.375692360482869298e-04
4.559999999999999609e+00	7.499982907761133279e-03	-2.341548392513027931e-04
4.564999999999999503e+00	7.499983153040254945e-03	-2.307936896993164277e-04
4.570000000000000284e+00	7.499983394468138706e-03	-2.274853274221287787e-04
4.575000000000000178e+00	7.499983632078086049e-03	-2.242292955411564050e-04
4.580000000000000071e+00	7.499983865903179017e-03	-2.210251402424343026e-04
4.584999999999999964e+00	7.499984095976261998e-03	-2.178724109783743016e-04
4.589999999999999858e+00	7.499984322329937385e-03	-2.147706604689908374e-04
4.594999999999999751e+00	7.499984544996562107e-03	-2.117194448648206237e-04
4.599999999999999645e+00	7.499984764008241558e-03	-2.087183237754762001e-04
4.605000000000000426e+00	7.499984979396816590e-03	-2.057668603951670540e-04
4.610000000000000320e+00	7.499985191193866974e-03	-2.028646215577095994e-04
4.615000000000000213e+00	7.499985399430699265e-03	-2.000111778258585236e-04
4.620000000000000107e+00	7.499985604138342463e-03	-1.972061035720448026e-04
4.625000000000000000e+00	7.499985805347544540e-03	-1.944489770326348428e-04
4.629999999999999893e+00	7.499986003088765507e-03	-1.917393804136092929e-04
4.634999999999999787e+00	7.499986197392173939e-03	-1.890768999110387170e-04
4.639999999999999680e+00	7.499986388287637439e-03	-1.864611258408609411e-04
4.644999999999999574e+00	7.499986575804726968e-03	-1.838916526267610825e-04
4.650000000000000355e+00	7.499986759972700374e-03	-1.813680789533385525e-04
4.655000000000000249e+00	7.499986940820509325e-03	-1.788900077223501200e-04
4.660000000000000142e+00	7.499987118376788033e-03	-1.764570462286599328e-04
4.665000000000000036e+00	7.499987292669852389e-03	-1.740688060860091273e-04
4.669999999999999929e+00	7.499987463727690422e-03	-1.717249034249250365e-04
4.674999999999999822e+00	7.499987631577970104e-03	-1.694249587890595628e-04
4.679999999999999716e+00	7.499987796248021137e-03	-1.671685973545153630e-04
4.685000000000000497e+00	7.499987957764843623e-03	-1.649554487976340341e-04
4.690000000000000391e+00	7.499988116155095058e-03	-1.627851475351298725e-04
4.695000000000000284e+00	7.499988271445098137e-03	-1.606573325643391621e-04
4.700000000000000178e+00	7.499988423660821669e-03	-1.585716477234194255e-04
4.705000000000000071e+00	7.499988572827896195e-03	-1.565277415050828947e-04
4.709999999999999964e+00	7.499988718971594033e-03	-1.545252673364079770e-04
4.714999999999999858e+00	7.499988862116841425e-03	-1.525638833667639159e-04
4.719999999999999751e+00	7.499989002288199452e-03	-1.506432527666118142e-04
4.724999999999999645e+00	7.499989139509880519e-03	-1.487630434906011742e-04
4.730000000000000426e+00	7.499989273805724929e-03	-1.469229285948359131e-04
4.735000000000000320e+00	7.499989405199220839e-03	-1.451225859760118240e-04
4.740000000000000213e+00	7.499989533713478235e-03	-1.433616987064429348e-04
4.745000000000000107e+00	7.499989659371253219e-03	-1.416399547500786288e-04
4.750000000000000000e+00	7.499989782194915050e-03	-1.399570473149892901e-04
4.754999999999999893e+00	7.499989902206477370e-03	-1.383126745468755774e-04
4.759999999999999787e+00	7.499990019427565241e-03	-1.367065398983805349e-04
4.764999999999999680e+00	7.499990133879439434e-03	-1.351383518010004466e-04
4.769999999999999574e+00	7.499990245582973010e-03	-1.336078240508391994e-04
4.775000000000000355e+00	7.499990354558670400e-03	-1.321146754594894638e-04
4.780000000000000249e+00	7.499990460826642252e-03	-1.306586302557634805e-04
4.785000000000000142e+00	7.499990564406634058e-03	-1.292394177162987663e-04
4.790000000000000036e+00	7.499990665317985382e-03	-1.278567725828378505e-04
4.794999999999999929e+00	7.499990763579674098e-03	-1.265104346732127136e-04
4.799999999999999822e+00	7.499990859210271289e-03	-1.252001493136184701e-04
4.804999999999999716e+00	7.499990952227978541e-03	-1.239256669307285967e-04
4.809999999999999609e+00	7.499991042650592382e-03	-1.226867434986026611e-04
4.814999999999999503e+00	7.499991130495535507e-03	-1.214831401124077487e-04
4.820000000000000284e+00	7.499991215779823819e-03	-1.203146234496086167e-04
4.825000000000000178e+00	7.499991298520098520e-03	-1.191809653259686633e-04
4.830000000000000071e+00	7.499991378732593153e-03	-1.180819431705678609e-04
4.834999999999999964e+00	7.499991456433163090e-03	-1.170173395645911208e-04
4.839999999999999858e+00	7.499991531637254308e-03	-1.159869427298170321e-04
4.844999999999999751e+00	7.499991604359935483e-03	-1.149905460508638088e-04
4.849999999999999645e+00	7.499991674615861560e-03	-1.140279485767641048e-04
4.855000000000000426e+00	7.499991742419312782e-03	-1.130989545270391633e-04
4.860000000000000320e+00	7.499991807784152191e-03	-1.122033738060767188e-04
4.865000000000000213e+00	7.499991870723868130e-03	-1.113410214935909274e-04
4.870000000000000107e+00	7.499991931251530873e-03	-1.105117183713459834e-04
4.875000000000000000e+00	7.499991989379834259e-03	-1.097152903986373091e-04
4.879999999999999893e+00	7.499992045121054926e-03	-1.089515692509939658e-04
4.884999999999999787e+00	7.499992098487093077e-03	-1.082203917809775642e-04
4.889999999999999680e+00	7.499992149489429979e-03	-1.075216005686910673e-04
4.894999999999999574e+00	7.499992198139169598e-03	-1.068550433684688564e-04
4.900000000000000355e+00	7.499992244446998697e-03	-1.062205736706286157e-04
4.905000000000000249e+00	7.499992288423225871e-03	-1.056180501345008166e-04
4.910000000000000142e+00	7.499992330077741645e-03	-1.050473371612388007e-04
4.915000000000000036e+00	7.499992369420060978e-03	-1.045083043135084028e-04
4.919999999999999929e+00	7.499992406459278158e-03	-1.040008268991341606e-04
4.924999999999999822e+00	7.499992441204111904e-03	-1.035247853778812938e-04
4.929999999999999716e+00	7.499992473662864603e-03	-1.030800659554505423e-04
4.935000000000000497e+00	7.499992503843460473e-03	-1.026665599778638251e-04
4.940000000000000391e+00	7.499992531753406529e-03	-1.022841645355709032e-04
4.945000000000000284e+00	7.499992557399835953e-03	-1.019327818456972735e-04
4.950000000000000178e+00	7.499992580789462994e-03	-1.016123198659628476e-04
4.955000000000000071e+00	7.499992601928628065e-03	-1.013226916652789147e-04
4.959999999999999964e+00	7.499992620823254380e-03	-1.010638160470889705e-04
4.964999999999999858e+00	7.499992637478895656e-03	-1.008356169086619780e-04
4.969999999999999751e+00	7.499992651900684072e-03	-1.006380238735833887e-04
4.974999999999999645e+00	7.499992664093384914e-03	-1.004709716401384835e-04
4.980000000000000426e+00	7.499992674061343664e-03	-1.003344006226095548e-04
4.985000000000000320e+00	7.499992681808540645e-03	-1.002282562890607101e-04
4.990000000000000213e+00	7.499992687338538112e-03	-1.001524898111930421e-04
4.995000000000000107e+00	7.499992690654534028e-03	-1.001070573918517510e-04
5.000000000000000000e+00	7.499992691759304816e-03	-1.000919209231035102e-04
