# coordinate_x	h	p	@time=0.21000000000000002
0.000000000000000000e+00	5.008260691800476838e-01	2.030874166312004458e+00
5.000000000000000104e-03	5.008133769416978076e-01	2.030875354264026988e+00
1.000000000000000021e-02	5.007753001794976733e-01	2.030878916386046562e+00
1.499999999999999944e-02	5.007118388426743394e-01	2.030884850809504538e+00
2.000000000000000042e-02	5.006229928080058178e-01	2.030893152991001482e+00
2.500000000000000139e-02	5.005087619343390193e-01	2.030903817712559789e+00
2.999999999999999889e-02	5.003691460100911925e-01	2.030916837125285035e+00
3.500000000000000333e-02	5.002041448062866102e-01	2.030932202697394384e+00
4.000000000000000083e-02	5.000137580239873980e-01	2.030949903232558640e+00
4.499999999999999833e-02	4.997979853471950507e-01	2.030969926821329707e+00
5.000000000000000278e-02	4.995568263905582063e-01	2.030992258840442766e+00
5.500000000000000028e-02	4.992902807520896991e-01	2.031016883911944682e+00
5.999999999999999778e-02	4.989983479612346562e-01	2.031043783879894260e+00
6.500000000000000222e-02	4.986810275313368623e-01	2.031072939780818931e+00
7.000000000000000666e-02	4.983383189081418974e-01	2.031104329793855356e+00
7.500000000000001110e-02	4.979702215219444783e-01	2.031137931226050242e+00
8.000000000000000167e-02	4.975767347366028548e-01	2.031173718431885433e+00
8.499999999999999223e-02	4.971578579012968513e-01	2.031211664816864992e+00
8.999999999999999667e-02	4.967135903001327346e-01	2.031251740722311183e+00
9.500000000000000111e-02	4.962439312034396810e-01	2.031293915450602672e+00
1.000000000000000056e-01	4.957488798180474388e-01	2.031338155111076738e+00
1.050000000000000100e-01	4.952284353380458914e-01	2.031384424670198197e+00
1.100000000000000006e-01	4.946825968958232234e-01	2.031432685754351208e+00
1.149999999999999911e-01	4.941113636122101416e-01	2.031482898728130149e+00
1.199999999999999956e-01	4.935147345483694714e-01	2.031535020449753759e+00
1.250000000000000000e-01	4.928927087552444908e-01	2.031589006380559947e+00
1.300000000000000044e-01	4.922452852263957679e-01	2.031644808288730619e+00
1.350000000000000089e-01	4.915724629466689533e-01	2.031702376392944931e+00
1.400000000000000133e-01	4.908742408460811113e-01	2.031761657010068944e+00
1.450000000000000178e-01	4.901506178476184306e-01	2.031822594735766430e+00
1.499999999999999944e-01	4.894015928222801848e-01	2.031885130031782172e+00
1.549999999999999989e-01	4.886271646359132692e-01	2.031949201446128228e+00
1.600000000000000033e-01	4.878273321055283107e-01	2.032014743135567070e+00
1.650000000000000078e-01	4.870020940450719427e-01	2.032081687127789582e+00
1.700000000000000122e-01	4.861514492231386320e-01	2.032149960774693565e+00
1.749999999999999889e-01	4.852753964075753879e-01	2.032219489058713968e+00
1.799999999999999933e-01	4.843739343247200346e-01	2.032290191972509596e+00
1.849999999999999978e-01	4.834470617027281092e-01	2.032361986871307202e+00
1.900000000000000022e-01	4.824947772324777451e-01	2.032434785774645647e+00
1.950000000000000067e-01	4.815170796095001871e-01	2.032508497766233990e+00
2.000000000000000111e-01	4.805139674967022212e-01	2.032583026213465427e+00
2.050000000000000155e-01	4.794854395647741852e-01	2.032658271215878276e+00
2.099999999999999922e-01	4.784314944568925365e-01	2.032734126738235503e+00
2.149999999999999967e-01	4.773521308274698005e-01	2.032810483108177912e+00
2.200000000000000011e-01	4.762473473090116927e-01	2.032887224058812503e+00
2.250000000000000056e-01	4.751171425490657296e-01	2.032964229275547652e+00
2.300000000000000100e-01	4.739615151794202563e-01	2.033041371344316950e+00
2.349999999999999867e-01	4.727804638510973989e-01	2.033118518346891612e+00
2.399999999999999911e-01	4.715739872060969451e-01	2.033195530711112031e+00
2.449999999999999956e-01	4.703420839102676609e-01	2.033272263853146189e+00
2.500000000000000000e-01	4.690847526278157376e-01	2.033348564926413360e+00
2.550000000000000044e-01	4.678019920518759478e-01	2.033424275508285639e+00
2.600000000000000089e-01	4.664938008820221360e-01	2.033499228244800339e+00
2.650000000000000133e-01	4.651601778523461461e-01	2.033573249578137787e+00
2.700000000000000178e-01	4.638011217122282592e-01	2.033646156284730555e+00
2.750000000000000222e-01	4.624166312517162813e-01	2.033717758238501983e+00
2.800000000000000266e-01	4.610067052858353165e-01	2.033787854840607867e+00
2.850000000000000311e-01	4.595713426770438037e-01	2.033856237811816570e+00
2.899999999999999800e-01	4.581105423233861607e-01	2.033922687512910610e+00
2.949999999999999845e-01	4.566243031777838524e-01	2.033986975757700488e+00
2.999999999999999889e-01	4.551126242403609745e-01	2.034048862024072424e+00
3.049999999999999933e-01	4.535755045743096181e-01	2.034108096276914690e+00
3.099999999999999978e-01	4.520129433027467170e-01	2.034164415070970122e+00
3.150000000000000022e-01	4.504249396208719336e-01	2.034217544370340303e+00
3.200000000000000067e-01	4.488114927977457924e-01	2.034267195545725215e+00
3.250000000000000111e-01	4.471726021844347754e-01	2.034313068174104178e+00
3.300000000000000155e-01	4.455082672211371775e-01	2.034354845934672085e+00
3.350000000000000200e-01	4.438184874409827341e-01	2.034392199368669996e+00
3.400000000000000244e-01	4.421032624829719926e-01	2.034424781680416405e+00
3.449999999999999734e-01	4.403625920910702041e-01	2.034452231433012681e+00
3.499999999999999778e-01	4.385964761334689155e-01	2.034474168263367133e+00
3.549999999999999822e-01	4.368049145965824942e-01	2.034490195484495612e+00
3.599999999999999867e-01	4.349879076111879406e-01	2.034499895726451513e+00
3.649999999999999911e-01	4.331454554408987745e-01	2.034502833410039901e+00
3.699999999999999956e-01	4.312775585157920255e-01	2.034498550329189026e+00
3.750000000000000000e-01	4.293842174148961299e-01	2.034486567953952996e+00
3.800000000000000044e-01	4.274654329079730086e-01	2.034466382974188026e+00
3.850000000000000089e-01	4.255212059315146567e-01	2.034437469381529695e+00
3.900000000000000133e-01	4.235515376394136111e-01	2.034399273999429880e+00
3.950000000000000178e-01	4.215564293719180067e-01	2.034351218284143226e+00
4.000000000000000222e-01	4.195358827159946791e-01	2.034292693872386870e+00
4.050000000000000266e-01	4.174898994666421115e-01	2.034223064029964778e+00
4.099999999999999756e-01	4.154184816978320205e-01	2.034141659255750412e+00
4.149999999999999800e-01	4.133216317155233854e-01	2.034047778293110120e+00
4.199999999999999845e-01	4.111993521401581253e-01	2.033940683837787144e+00
4.249999999999999889e-01	4.090516458506578967e-01	2.033819603011363775e+00
4.299999999999999933e-01	4.068785160795488354e-01	2.033683723231255680e+00
4.349999999999999978e-01	4.046799663471553066e-01	2.033532192026585861e+00
4.400000000000000022e-01	4.024560005705414278e-01	2.033364113141232554e+00
4.450000000000000067e-01	4.002066229870397951e-01	2.033178545550121452e+00
4.500000000000000111e-01	3.979318382783216257e-01	2.032974499881499586e+00
4.550000000000000155e-01	3.956316514823161046e-01	2.032750936465123281e+00
4.600000000000000200e-01	3.933060681338618747e-01	2.032506762178177606e+00
4.649999999999999689e-01	3.909550941639788890e-01	2.032240827325277888e+00
4.699999999999999734e-01	3.885787360587107941e-01	2.031951923034354568e+00
4.749999999999999778e-01	3.861770007446096442e-01	2.031638776730816609e+00
4.799999999999999822e-01	3.837498957675556377e-01	2.031300050235992138e+00
4.849999999999999867e-01	3.812974291631985868e-01	2.030934333553002791e+00
4.899999999999999911e-01	3.788196096577429728e-01	2.030540143851935486e+00
4.949999999999999956e-01	3.763164465219617227e-01	2.030115917231451572e+00
5.000000000000000000e-01	3.737879497961586472e-01	2.029660008812868455e+00
5.050000000000000044e-01	3.712341301262289117e-01	2.029170682077459986e+00
5.100000000000000089e-01	3.686549990152645506e-01	2.028646110337442909e+00
5.150000000000000133e-01	3.660505686399767034e-01	2.028084363172093507e+00
5.200000000000000178e-01	3.634208521316992790e-01	2.027483409598921593e+00
5.250000000000000222e-01	3.607658633713079488e-01	2.026841101039408066e+00
5.300000000000000266e-01	3.580856173027054390e-01	2.026155176580525907e+00
5.350000000000000311e-01	3.553801297041730423e-01	2.025423241789688245e+00
5.400000000000000355e-01	3.526494175377923868e-01	2.024642776537808775e+00
5.450000000000000400e-01	3.498934986949406301e-01	2.023811108848807994e+00
5.500000000000000444e-01	3.471123923855290450e-01	2.022925425853790760e+00
5.550000000000000488e-01	3.443061188551002627e-01	2.021982741698004293e+00
5.600000000000000533e-01	3.414746998182496274e-01	2.020979912315425953e+00
5.649999999999999467e-01	3.386181581444981936e-01	2.019913596218973151e+00
5.699999999999999512e-01	3.357365183408185239e-01	2.018780273930840696e+00
5.749999999999999556e-01	3.328298062031362914e-01	2.017576200241983031e+00
5.799999999999999600e-01	3.298980493535220715e-01	2.016297429312129186e+00
5.849999999999999645e-01	3.269412768538096370e-01	2.014939756692061490e+00
5.899999999999999689e-01	3.239595198037508728e-01	2.013498751326210368e+00
5.949999999999999734e-01	3.209528109128289008e-01	2.011969685273371944e+00
5.999999999999999778e-01	3.179211851665202371e-01	2.010347574114057956e+00
6.049999999999999822e-01	3.148646793519158105e-01	2.008627091866051373e+00
6.099999999999999867e-01	3.117833328002165838e-01	2.006802621630816130e+00
6.149999999999999911e-01	3.086771868612440128e-01	2.004868152659458502e+00
6.199999999999999956e-01	3.055462857314366065e-01	2.002817343483451751e+00
6.250000000000000000e-01	3.023906758717272991e-01	2.000643397418397029e+00
6.300000000000000044e-01	2.992104069316349757e-01	1.998339140934528579e+00
6.350000000000000089e-01	2.960055311042974480e-01	1.995896873057238174e+00
6.400000000000000133e-01	2.927761041588013424e-01	1.993308462368545086e+00
6.450000000000000178e-01	2.895221847253714453e-01	1.990565164732410297e+00
6.500000000000000222e-01	2.862438354498967885e-01	1.987657743113429243e+00
6.550000000000000266e-01	2.829411222013745175e-01	1.984576246767078445e+00
6.600000000000000311e-01	2.796141153647232480e-01	1.981310159060213794e+00
6.650000000000000355e-01	2.762628889615414973e-01	1.977848129650990439e+00
6.700000000000000400e-01	2.728875220998158158e-01	1.974178156754565538e+00
6.750000000000000444e-01	2.694880979978594437e-01	1.970287261802670331e+00
6.800000000000000488e-01	2.660647056125002852e-01	1.966161714192194543e+00
6.850000000000000533e-01	2.626174385546877210e-01	1.961786635340128759e+00
6.899999999999999467e-01	2.591463969212828289e-01	1.957146275981261230e+00
6.949999999999999512e-01	2.556516860892286136e-01	1.952223533262425592e+00
6.999999999999999556e-01	2.521334187802834470e-01	1.947000293249357750e+00
7.049999999999999600e-01	2.485917137188030368e-01	1.941456840525993099e+00
7.099999999999999645e-01	2.450266979638104914e-01	1.935572281904295977e+00
7.149999999999999689e-01	2.414385054132922037e-01	1.929323822632049712e+00
7.199999999999999734e-01	2.378272794440738913e-01	1.922687291607671378e+00
7.249999999999999778e-01	2.341931712430317669e-01	1.915636251382334843e+00
7.299999999999999822e-01	2.305363428025830330e-01	1.908142650781287752e+00
7.349999999999999867e-01	2.268569650562941298e-01	1.900175726914158147e+00
7.399999999999999911e-01	2.231552212866977636e-01	1.891702818426306498e+00
7.449999999999999956e-01	2.194313050393608966e-01	1.882688006029978656e+00
7.500000000000000000e-01	2.156854240105949005e-01	1.873093129244827182e+00
7.550000000000000044e-01	2.119177977100340782e-01	1.862876096614354937e+00
7.600000000000000089e-01	2.081286619091005374e-01	1.851992161560387373e+00
7.650000000000000133e-01	2.043182660174213405e-01	1.840391813198422932e+00
7.700000000000000178e-01	2.004868781892774066e-01	1.828022383963241460e+00
7.750000000000000222e-01	1.966347823736170897e-01	1.814825405055962904e+00
7.800000000000000266e-01	1.927622841959713562e-01	1.800738641392739758e+00
7.850000000000000311e-01	1.888697076352294502e-01	1.785692759816053021e+00
7.900000000000000355e-01	1.849574018236965212e-01	1.769613917934361957e+00
7.950000000000000400e-01	1.810257372959802324e-01	1.752419544988391253e+00
8.000000000000000444e-01	1.770751138813708159e-01	1.734021653512058281e+00
8.050000000000000488e-01	1.731059564608903589e-01	1.714321467522068154e+00
8.100000000000000533e-01	1.691187241657827744e-01	1.693213684285447718e+00
8.149999999999999467e-01	1.651139055676912881e-01	1.670579595796607641e+00
8.199999999999999512e-01	1.610920294471085701e-01	1.646292609035051147e+00
8.249999999999999556e-01	1.570536593283835269e-01	1.620209385378843514e+00
8.299999999999999600e-01	1.529994061455910992e-01	1.592177041468115561e+00
8.349999999999999645e-01	1.489299220181597438e-01	1.562021664456763270e+00
8.399999999999999689e-01	1.448459152228381008e-01	1.529557776563070792e+00
8.449999999999999734e-01	1.407481430865826499e-01	1.494573353928436266e+00
8.499999999999999778e-01	1.366374297775042324e-01	1.456842367814002559e+00
8.549999999999999822e-01	1.325146581685149316e-01	1.416105116346967119e+00
8.599999999999999867e-01	1.283807910944075870e-01	1.372084986390124550e+00
8.649999999999999911e-01	1.242368620117096506e-01	1.324462466310208253e+00
8.699999999999999956e-01	1.200840005427619844e-01	1.272897752727083720e+00
8.750000000000000000e-01	1.159234217231518843e-01	1.216996202358672674e+00
8.800000000000000044e-01	1.117564568793318197e-01	1.156339107289585666e+00
8.850000000000000089e-01	1.075845412137372559e-01	1.090437503740286029e+00
8.900000000000000133e-01	1.034092513573564576e-01	1.018774456990587884e+00
8.950000000000000178e-01	9.923229099362827765e-02	9.407429934925923831e-01
9.000000000000000222e-01	9.505553681701026103e-02	8.557046981664113705e-01
9.050000000000000266e-01	9.088102184250240745e-02	7.629059536973247235e-01
9.100000000000000311e-01	8.671099203000291744e-02	6.615596741582490115e-01
9.150000000000000355e-01	8.254788688084931103e-02	5.507317701841497604e-01
9.200000000000000400e-01	7.839440975188217975e-02	4.294553587819605056e-01
9.250000000000000444e-01	7.425350535805076702e-02	2.965756063439729528e-01
9.300000000000000488e-01	7.012844805966206296e-02	1.509078945602659039e-01
9.350000000000000533e-01	6.602281616382774110e-02	-8.979418190951830164e-03
9.399999999999999467e-01	6.194060503736197737e-02	-1.845534747691655875e-01
9.449999999999999512e-01	5.788619930708872874e-02	-3.776446431445197316e-01
9.499999999999999556e-01	5.386452430783211093e-02	-5.901927455828340774e-01
9.549999999999999600e-01	4.988102184760327684e-02	-8.248447852114910717e-01
9.599999999999999645e-01	4.594187429239814102e-02	-1.084757868030993055e+00
9.649999999999999689e-01	4.205400649879483671e-02	-1.375105440375813171e+00
9.699999999999999734e-01	3.822548979338011993e-02	-1.703339560171262645e+00
9.749999999999999778e-01	3.446565701819569866e-02	-2.084348466845872938e+00
9.799999999999999822e-01	3.078606608411588869e-02	-2.542274657401882632e+00
9.849999999999999867e-01	2.720106733025668549e-02	-3.130443960551187565e+00
9.899999999999999911e-01	2.373069794115829217e-02	-3.932490158048760343e+00
9.949999999999999956e-01	2.040296023908566223e-02	-5.118815797085640718e+00
1.000000000000000000e+00	1.726235302590255205e-02	-6.881222104728807132e+00
1.004999999999999893e+00	1.437608469537620358e-02	-9.411802984612309686e+00
1.010000000000000009e+00	1.184662689661195034e-02	-1.261517244122654802e+01
1.015000000000000124e+00	9.806827091607187713e-03	-1.581929697691967363e+01
1.020000000000000018e+00	8.371383195524188456e-03	-1.795141328728684371e+01
1.024999999999999911e+00	7.548297952387916614e-03	-1.779890920374644736e+01
1.030000000000000027e+00	7.183904254680836821e-03	-1.553745770262269765e+01
1.035000000000000142e+00	7.080108089294039064e-03	-1.227493710730075094e+01
1.040000000000000036e+00	7.098014917576231722e-03	-8.989196686164122596e+00
1.044999999999999929e+00	7.160654671656940806e-03	-6.235831133469707410e+00
1.050000000000000044e+00	7.234041072793375576e-03	-4.137213289703493224e+00
1.055000000000000160e+00	7.301731101680120593e-03	-2.647822269111718363e+00
1.060000000000000053e+00	7.358087724997591610e-03	-1.639844563422026447e+00
1.064999999999999947e+00	7.401767264196597827e-03	-9.854695609811232604e-01
1.070000000000000062e+00	7.434034985009525288e-03	-5.748106109505410899e-01
1.075000000000000178e+00	7.456892588400002020e-03	-3.247372107739155966e-01
1.080000000000000071e+00	7.472552643458189869e-03	-1.770695750444143124e-01
1.084999999999999964e+00	7.482962766851600570e-03	-9.210038057857948546e-02
1.090000000000000080e+00	7.489693729637777672e-03	-4.490172817511991349e-02
1.095000000000000195e+00	7.493941452947877613e-03	-1.948366839726537597e-02
1.100000000000000089e+00	7.496550640484358520e-03	-6.540883505572863896e-03
1.104999999999999982e+00	7.498116567097048990e-03	-3.671845541267790758e-04
1.110000000000000098e+00	7.499026604204149168e-03	2.164087703405855566e-03
1.115000000000000213e+00	7.499540016882274077e-03	2.895554923406672143e-03
1.120000000000000107e+00	7.499815669920365663e-03	2.776448696324596010e-03
1.125000000000000000e+00	7.499955599601695541e-03	2.336342761922894501e-03
1.129999999999999893e+00	7.500019061824199536e-03	1.820682908544576060e-03
1.134999999999999787e+00	7.500042535417922838e-03	1.349342249165033560e-03
1.139999999999999902e+00	7.500045909559349168e-03	9.611035902060612599e-04
1.145000000000000018e+00	7.500040722484049502e-03	6.630223442999093114e-04
1.149999999999999911e+00	7.500032650245328295e-03	4.442771328918618777e-04
1.154999999999999805e+00	7.500024618747119613e-03	2.898025701434142794e-04
1.159999999999999920e+00	7.500017728911322241e-03	1.840746373932105045e-04
1.165000000000000036e+00	7.500012325208691051e-03	1.137341712244996318e-04
1.169999999999999929e+00	7.500008307367846301e-03	6.823279913317070863e-05
1.174999999999999822e+00	7.500005447325083785e-03	3.954454832150218892e-05
1.179999999999999938e+00	7.500003478166508870e-03	2.199883709435523658e-05
1.185000000000000053e+00	7.500002161982212770e-03	1.156737093962483262e-05
1.189999999999999947e+00	7.500001306563384984e-03	5.607599368034819549e-06
1.194999999999999840e+00	7.500000764463924177e-03	2.338228976574449683e-06
1.199999999999999956e+00	7.500000430803076094e-03	6.626733523484602758e-07
1.205000000000000071e+00	7.500000230838576275e-03	-1.227227798990981026e-07
1.209999999999999964e+00	7.500000115353460013e-03	-4.234238586379986440e-07
1.214999999999999858e+00	7.500000051060609456e-03	-4.853253384798029198e-07
1.219999999999999973e+00	7.500000017363708284e-03	-4.384883536913529093e-07
1.225000000000000089e+00	7.500000000973570773e-03	-3.554394133062440738e-07
1.229999999999999982e+00	7.499999994165489764e-03	-2.690678101522377709e-07
1.234999999999999876e+00	7.499999992210408702e-03	-1.944536888520523141e-07
1.239999999999999991e+00	7.499999992566928203e-03	-1.353719899207025155e-07
1.245000000000000107e+00	7.499999993792197221e-03	-9.141605119394476585e-08
1.250000000000000000e+00	7.499999995207754129e-03	-6.003731644310277878e-08
1.254999999999999893e+00	7.499999996485604351e-03	-3.841397262576277536e-08
1.260000000000000009e+00	7.499999997524481668e-03	-2.394627300068273088e-08
1.265000000000000124e+00	7.499999998311212591e-03	-1.451729501553152199e-08
1.270000000000000018e+00	7.499999998880665930e-03	-8.537676475807115634e-09
1.274999999999999911e+00	7.499999999277467445e-03	-4.837139752820420808e-09
1.280000000000000027e+00	7.499999999545608857e-03	-2.617013812905681238e-09
1.285000000000000142e+00	7.499999999721927886e-03	-1.322989051199139441e-09
1.290000000000000036e+00	7.499999999834736954e-03	-6.009140740849301057e-10
1.294999999999999929e+00	7.499999999905166727e-03	-2.162464798723949700e-10
1.300000000000000044e+00	7.499999999947832251e-03	-2.769459653025716573e-11
1.305000000000000160e+00	7.499999999972973598e-03	5.404436491644949234e-11
1.310000000000000053e+00	7.499999999987198331e-03	7.936345545273635282e-11
1.314999999999999947e+00	7.499999999994915248e-03	7.831269475866375919e-11
1.320000000000000062e+00	7.499999999998807967e-03	6.634174202970923652e-11
1.325000000000000178e+00	7.500000000000586059e-03	5.181002360585839749e-11
1.330000000000000071e+00	7.500000000001224437e-03	3.826514207782348595e-11
1.334999999999999964e+00	7.500000000001311173e-03	2.715555631150658976e-11
1.340000000000000080e+00	7.500000000001154181e-03	1.864040532237136891e-11
1.345000000000000195e+00	7.500000000000922595e-03	1.244680415136910489e-11
1.350000000000000089e+00	7.500000000000693612e-03	8.104415402018649552e-12
1.354999999999999982e+00	7.500000000000500190e-03	5.154428694499233918e-12
1.360000000000000098e+00	7.500000000000347535e-03	3.205832303715262332e-12
1.365000000000000213e+00	7.500000000000235645e-03	1.953252691318356099e-12
1.370000000000000107e+00	7.500000000000155848e-03	1.170837983581402834e-12
1.375000000000000000e+00	7.500000000000102071e-03	6.939627563319599261e-13
1.379999999999999893e+00	7.500000000000065642e-03	4.120368849533828678e-13
1.384999999999999787e+00	7.500000000000042223e-03	2.527622116951976828e-13
1.389999999999999902e+00	7.500000000000027478e-03	1.660862501662004550e-13
1.395000000000000018e+00	7.500000000000018804e-03	1.204194620502851387e-13
1.399999999999999911e+00	7.500000000000013600e-03	9.989326754946734639e-14
1.404999999999999805e+00	7.500000000000010131e-03	9.375611286472331293e-14
1.409999999999999920e+00	7.500000000000008396e-03	9.348835307633393076e-14
1.415000000000000036e+00	7.500000000000007529e-03	9.502751606498963585e-14
1.419999999999999929e+00	7.500000000000006661e-03	9.935891002828191256e-14
1.424999999999999822e+00	7.500000000000007529e-03	1.022129340644996431e-13
1.429999999999999938e+00	7.500000000000006661e-03	1.038474311446198589e-13
1.435000000000000053e+00	7.500000000000007529e-03	1.046057107363097412e-13
1.439999999999999947e+00	7.500000000000007529e-03	1.047465341810299598e-13
1.444999999999999840e+00	7.500000000000006661e-03	1.039657461680865753e-13
1.449999999999999956e+00	7.500000000000006661e-03	1.027117914603776445e-13
1.455000000000000071e+00	7.500000000000006661e-03	1.033248043290976881e-13
1.459999999999999964e+00	7.500000000000006661e-03	1.038532430634701680e-13
1.464999999999999858e+00	7.500000000000007529e-03	1.055596024695768527e-13
1.469999999999999973e+00	7.500000000000006661e-03	1.069274704045255683e-13
1.475000000000000089e+00	7.500000000000007529e-03	1.073749472522808730e-13
1.479999999999999982e+00	7.500000000000007529e-03	1.075295057333686469e-13
1.484999999999999876e+00	7.500000000000006661e-03	1.069849607099466607e-13
1.489999999999999991e+00	7.500000000000006661e-03	1.058805052359606312e-13
1.495000000000000107e+00	7.500000000000007529e-03	1.066184725870760806e-13
1.500000000000000000e+00	7.500000000000007529e-03	1.074926211716274496e-13
1.504999999999999893e+00	7.500000000000007529e-03	1.071946495465235021e-13
1.510000000000000009e+00	7.500000000000006661e-03	1.060369708632186295e-13
1.515000000000000124e+00	7.500000000000007529e-03	1.065697039527853339e-13
1.520000000000000018e+00	7.500000000000007529e-03	1.071441579305200920e-13
1.524999999999999911e+00	7.500000000000007529e-03	1.069175492583414134e-13
1.530000000000000027e+00	7.500000000000006661e-03	1.069144149273622204e-13
1.535000000000000142e+00	7.500000000000007529e-03	1.089695215285951376e-13
1.540000000000000036e+00	7.500000000000007529e-03	1.109493818371160074e-13
1.544999999999999929e+00	7.500000000000007529e-03	1.127952206087683391e-13
1.550000000000000044e+00	7.500000000000007529e-03	1.148894497767680287e-13
1.555000000000000160e+00	7.500000000000007529e-03	1.155577837837891389e-13
1.560000000000000053e+00	7.500000000000007529e-03	1.160597898153115690e-13
1.564999999999999947e+00	7.500000000000007529e-03	1.154480983559143297e-13
1.570000000000000062e+00	7.500000000000007529e-03	1.146810955176456874e-13
1.575000000000000178e+00	7.500000000000007529e-03	1.125247702631284133e-13
1.580000000000000071e+00	7.500000000000007529e-03	1.102281624779407862e-13
1.584999999999999964e+00	7.500000000000007529e-03	1.077571914928357330e-13
1.590000000000000080e+00	7.500000000000006661e-03	1.059199860038282670e-13
1.595000000000000195e+00	7.500000000000007529e-03	1.073700392408720638e-13
1.600000000000000089e+00	7.500000000000007529e-03	1.095403008120268745e-13
1.604999999999999982e+00	7.500000000000007529e-03	1.116062218248401403e-13
1.610000000000000098e+00	7.500000000000007529e-03	1.137705816333619502e-13
1.615000000000000213e+00	7.500000000000007529e-03	1.158816611706913544e-13
1.620000000000000107e+00	7.500000000000007529e-03	1.179878249378641317e-13
1.625000000000000000e+00	7.500000000000007529e-03	1.196750101586050699e-13
1.629999999999999893e+00	7.500000000000007529e-03	1.215770056099242305e-13
1.634999999999999787e+00	7.500000000000008396e-03	1.226913431829435557e-13
1.639999999999999902e+00	7.500000000000008396e-03	1.229351271734253567e-13
1.645000000000000018e+00	7.500000000000008396e-03	1.224726341033125311e-13
1.649999999999999911e+00	7.500000000000008396e-03	1.212162687081618512e-13
1.654999999999999805e+00	7.500000000000007529e-03	1.191771864687039584e-13
1.659999999999999920e+00	7.500000000000007529e-03	1.163746428434332149e-13
1.665000000000000036e+00	7.500000000000007529e-03	1.134474434940190916e-13
1.669999999999999929e+00	7.500000000000007529e-03	1.106418226458943269e-13
1.674999999999999822e+00	7.500000000000007529e-03	1.076035758696301743e-13
1.679999999999999938e+00	7.500000000000006661e-03	1.046723880884170035e-13
1.685000000000000053e+00	7.500000000000007529e-03	1.032820660300534011e-13
1.689999999999999947e+00	7.500000000000006661e-03	1.024415489811391140e-13
1.694999999999999840e+00	7.500000000000007529e-03	1.036258371595928919e-13
1.699999999999999956e+00	7.500000000000006661e-03	1.050195278261941390e-13
1.705000000000000071e+00	7.500000000000007529e-03	1.081011531798326720e-13
1.709999999999999964e+00	7.500000000000007529e-03	1.115353309093949060e-13
1.714999999999999858e+00	7.500000000000007529e-03	1.145954600431516466e-13
1.719999999999999973e+00	7.500000000000007529e-03	1.166089852838522422e-13
1.725000000000000089e+00	7.500000000000007529e-03	1.178284359397266270e-13
1.729999999999999982e+00	7.500000000000007529e-03	1.191058073562186496e-13
1.734999999999999876e+00	7.500000000000007529e-03	1.191931584028384926e-13
1.739999999999999991e+00	7.500000000000007529e-03	1.179958953074726517e-13
1.745000000000000107e+00	7.500000000000007529e-03	1.166046330646819702e-13
1.750000000000000000e+00	7.500000000000007529e-03	1.144150278240429395e-13
1.754999999999999893e+00	7.500000000000007529e-03	1.108976627620537243e-13
1.760000000000000009e+00	7.500000000000007529e-03	1.075341679192980315e-13
1.765000000000000124e+00	7.500000000000007529e-03	1.062206586366669259e-13
1.770000000000000018e+00	7.500000000000007529e-03	1.052850909888220987e-13
1.774999999999999911e+00	7.500000000000007529e-03	1.057300885142493785e-13
1.780000000000000027e+00	7.500000000000006661e-03	1.056531318001186644e-13
1.785000000000000142e+00	7.500000000000007529e-03	1.068938279608003701e-13
1.790000000000000036e+00	7.500000000000007529e-03	1.080767670215390835e-13
1.794999999999999929e+00	7.500000000000007529e-03	1.085698938413906719e-13
1.800000000000000044e+00	7.500000000000007529e-03	1.086586981337165512e-13
1.805000000000000160e+00	7.500000000000007529e-03	1.083207840357833715e-13
1.810000000000000053e+00	7.500000000000007529e-03	1.074475346437038483e-13
1.814999999999999947e+00	7.500000000000007529e-03	1.058565299186906515e-13
1.820000000000000062e+00	7.500000000000006661e-03	1.043806473948336137e-13
1.825000000000000178e+00	7.500000000000007529e-03	1.047875950885793340e-13
1.830000000000000071e+00	7.500000000000007529e-03	1.050261424337233827e-13
1.834999999999999964e+00	7.500000000000007529e-03	1.041989219023897645e-13
1.840000000000000080e+00	7.500000000000006661e-03	1.032746331588418925e-13
1.845000000000000195e+00	7.500000000000007529e-03	1.051102658670113002e-13
1.850000000000000089e+00	7.500000000000006661e-03	1.063657973462319583e-13
1.854999999999999982e+00	7.500000000000007529e-03	1.043445249135678298e-13
1.860000000000000098e+00	7.500000000000006661e-03	1.017608039757906608e-13
1.865000000000000213e+00	7.500000000000007529e-03	1.014865140438493964e-13
1.870000000000000107e+00	7.500000000000006661e-03	1.017130098106110474e-13
1.875000000000000000e+00	7.500000000000006661e-03	1.039464428432548192e-13
1.879999999999999893e+00	7.500000000000006661e-03	1.054860736267850846e-13
1.884999999999999787e+00	7.500000000000006661e-03	1.054104037116588993e-13
1.889999999999999902e+00	7.500000000000006661e-03	1.047022190389578479e-13
1.895000000000000018e+00	7.500000000000006661e-03	1.053586559069629889e-13
1.899999999999999911e+00	7.500000000000007529e-03	1.055157566275011569e-13
1.904999999999999805e+00	7.500000000000007529e-03	1.043516157924674237e-13
1.909999999999999920e+00	7.500000000000006661e-03	1.029796602555458403e-13
1.915000000000000036e+00	7.500000000000007529e-03	1.039123103422186615e-13
1.919999999999999929e+00	7.500000000000006661e-03	1.055404872943912193e-13
1.924999999999999822e+00	7.500000000000006661e-03	1.080730018417216254e-13
1.929999999999999938e+00	7.500000000000006661e-03	1.082202259126153300e-13
1.935000000000000053e+00	7.500000000000007529e-03	1.102392209696069442e-13
1.939999999999999947e+00	7.500000000000007529e-03	1.129131322691195566e-13
1.944999999999999840e+00	7.500000000000007529e-03	1.151150381437297405e-13
1.949999999999999956e+00	7.500000000000007529e-03	1.163411604914227868e-13
1.955000000000000071e+00	7.500000000000007529e-03	1.168758360504177238e-13
1.959999999999999964e+00	7.500000000000007529e-03	1.176209662398035147e-13
1.964999999999999858e+00	7.500000000000007529e-03	1.179447801592773761e-13
1.969999999999999973e+00	7.500000000000007529e-03	1.186792379498249412e-13
1.975000000000000089e+00	7.500000000000008396e-03	1.197209519335847266e-13
1.979999999999999982e+00	7.500000000000007529e-03	1.201557825883905531e-13
1.984999999999999876e+00	7.500000000000008396e-03	1.194089189173838137e-13
1.989999999999999991e+00	7.500000000000007529e-03	1.186454716742614463e-13
1.995000000000000107e+00	7.500000000000008396e-03	1.207565496439519698e-13
2.000000000000000000e+00	7.500000000000008396e-03	1.231145650284577821e-13
2.004999999999999893e+00	7.500000000000008396e-03	1.246501949395326383e-13
2.009999999999999787e+00	7.500000000000008396e-03	1.258283057102863716e-13
2.014999999999999680e+00	7.500000000000008396e-03	1.267171157772721825e-13
2.020000000000000018e+00	7.500000000000008396e-03	1.269618237161712249e-13
2.024999999999999911e+00	7.500000000000008396e-03	1.267696873844114507e-13
2.029999999999999805e+00	7.500000000000008396e-03	1.266323324514017053e-13
2.035000000000000142e+00	7.500000000000008396e-03	1.265700424244658985e-13
2.040000000000000036e+00	7.500000000000008396e-03	1.263711085929276707e-13
2.044999999999999929e+00	7.500000000000008396e-03	1.259919883277269714e-13
2.049999999999999822e+00	7.500000000000008396e-03	1.257552175538649293e-13
2.054999999999999716e+00	7.500000000000008396e-03	1.255947553583443767e-13
2.060000000000000053e+00	7.500000000000008396e-03	1.248487760720447721e-13
2.064999999999999947e+00	7.500000000000008396e-03	1.241309976441279393e-13
2.069999999999999840e+00	7.500000000000007529e-03	1.243025778715573527e-13
2.075000000000000178e+00	7.500000000000008396e-03	1.241080163819110831e-13
2.080000000000000071e+00	7.500000000000008396e-03	1.235014540987852339e-13
2.084999999999999964e+00	7.500000000000008396e-03	1.224236748763500526e-13
2.089999999999999858e+00	7.500000000000008396e-03	1.208977674678646931e-13
2.094999999999999751e+00	7.500000000000008396e-03	1.186593922349822309e-13
2.100000000000000089e+00	7.500000000000007529e-03	1.163220247288320661e-13
2.104999999999999982e+00	7.500000000000007529e-03	1.165148197946543223e-13
2.109999999999999876e+00	7.500000000000007529e-03	1.163909363670582211e-13
2.115000000000000213e+00	7.500000000000008396e-03	1.153603524325847263e-13
2.120000000000000107e+00	7.500000000000007529e-03	1.149967511188810105e-13
2.125000000000000000e+00	7.500000000000008396e-03	1.150064346198418951e-13
2.129999999999999893e+00	7.500000000000007529e-03	1.147559620176256923e-13
2.134999999999999787e+00	7.500000000000007529e-03	1.145816762539950903e-13
2.140000000000000124e+00	7.500000000000007529e-03	1.146549365756137949e-13
2.145000000000000018e+00	7.500000000000008396e-03	1.147473412704072897e-13
2.149999999999999911e+00	7.500000000000007529e-03	1.150302213588400222e-13
2.155000000000000249e+00	7.500000000000008396e-03	1.178125578258232090e-13
2.160000000000000142e+00	7.500000000000008396e-03	1.206246417338857428e-13
2.165000000000000036e+00	7.500000000000007529e-03	1.223681316961559175e-13
2.169999999999999929e+00	7.500000000000008396e-03	1.232058376714552775e-13
2.174999999999999822e+00	7.500000000000008396e-03	1.235374913877874110e-13
2.180000000000000160e+00	7.500000000000008396e-03	1.241027089951949985e-13
2.185000000000000053e+00	7.500000000000008396e-03	1.253536617720217486e-13
2.189999999999999947e+00	7.500000000000008396e-03	1.263114439497936220e-13
2.195000000000000284e+00	7.500000000000008396e-03	1.266636306034497671e-13
2.200000000000000178e+00	7.500000000000008396e-03	1.267893887921473549e-13
2.205000000000000071e+00	7.500000000000008396e-03	1.266398467825775774e-13
2.209999999999999964e+00	7.500000000000008396e-03	1.264365572190556895e-13
2.214999999999999858e+00	7.500000000000008396e-03	1.261062041616671159e-13
2.220000000000000195e+00	7.500000000000008396e-03	1.254418551945343050e-13
2.225000000000000089e+00	7.500000000000008396e-03	1.243799942038838749e-13
2.229999999999999982e+00	7.500000000000008396e-03	1.233375230670144336e-13
2.235000000000000320e+00	7.500000000000008396e-03	1.233048060571886748e-13
2.240000000000000213e+00	7.500000000000008396e-03	1.238735050649989580e-13
2.245000000000000107e+00	7.500000000000008396e-03	1.241946233673477403e-13
2.250000000000000000e+00	7.500000000000007529e-03	1.237213365737610170e-13
2.254999999999999893e+00	7.500000000000008396e-03	1.224489635582816987e-13
2.259999999999999787e+00	7.500000000000008396e-03	1.207177426754668880e-13
2.264999999999999680e+00	7.500000000000008396e-03	1.182654652593296415e-13
2.270000000000000018e+00	7.500000000000007529e-03	1.159783777300912825e-13
2.274999999999999911e+00	7.500000000000007529e-03	1.163164744971921385e-13
2.279999999999999805e+00	7.500000000000007529e-03	1.164139933602737726e-13
2.285000000000000142e+00	7.500000000000008396e-03	1.161593237122494188e-13
2.290000000000000036e+00	7.500000000000007529e-03	1.155699738100979797e-13
2.294999999999999929e+00	7.500000000000007529e-03	1.144910347050989000e-13
2.299999999999999822e+00	7.500000000000007529e-03	1.139878539844695852e-13
2.304999999999999716e+00	7.500000000000008396e-03	1.138279473739232527e-13
2.310000000000000053e+00	7.500000000000007529e-03	1.131047388938811224e-13
2.314999999999999947e+00	7.500000000000007529e-03	1.119955623605369302e-13
2.319999999999999840e+00	7.500000000000007529e-03	1.107551157376811388e-13
2.325000000000000178e+00	7.500000000000007529e-03	1.093802467616624737e-13
2.330000000000000071e+00	7.500000000000007529e-03	1.090668692398830575e-13
2.334999999999999964e+00	7.500000000000007529e-03	1.124718386626162853e-13
2.339999999999999858e+00	7.500000000000007529e-03	1.163981243442467804e-13
2.344999999999999751e+00	7.500000000000007529e-03	1.174250933288170709e-13
2.350000000000000089e+00	7.500000000000007529e-03	1.165745590241860669e-13
2.354999999999999982e+00	7.500000000000007529e-03	1.177269466414511518e-13
2.359999999999999876e+00	7.500000000000007529e-03	1.175067014655143964e-13
2.365000000000000213e+00	7.500000000000007529e-03	1.170118775057482505e-13
2.370000000000000107e+00	7.500000000000007529e-03	1.151649251836668638e-13
2.375000000000000000e+00	7.500000000000007529e-03	1.135363102650697565e-13
2.379999999999999893e+00	7.500000000000007529e-03	1.106232244031680147e-13
2.384999999999999787e+00	7.500000000000007529e-03	1.094406804419875721e-13
2.390000000000000124e+00	7.500000000000007529e-03	1.067859372397765295e-13
2.395000000000000018e+00	7.500000000000006661e-03	1.048385558199004987e-13
2.399999999999999911e+00	7.500000000000007529e-03	1.056089217922656566e-13
2.405000000000000249e+00	7.500000000000007529e-03	1.090043197095695181e-13
2.410000000000000142e+00	7.500000000000006661e-03	1.108938201607048644e-13
2.415000000000000036e+00	7.500000000000007529e-03	1.137705746872878708e-13
2.419999999999999929e+00	7.500000000000007529e-03	1.143133005341637765e-13
2.424999999999999822e+00	7.500000000000007529e-03	1.136479685951302986e-13
2.430000000000000160e+00	7.500000000000007529e-03	1.127203254450615363e-13
2.435000000000000053e+00	7.500000000000007529e-03	1.115650815868938146e-13
2.439999999999999947e+00	7.500000000000007529e-03	1.106277429494735225e-13
2.445000000000000284e+00	7.500000000000007529e-03	1.097775979018278164e-13
2.450000000000000178e+00	7.500000000000006661e-03	1.082167100023001962e-13
2.455000000000000071e+00	7.500000000000006661e-03	1.056500262008513369e-13
2.459999999999999964e+00	7.500000000000006661e-03	1.020763222437997080e-13
2.464999999999999858e+00	7.500000000000006661e-03	9.703311747422802914e-14
2.470000000000000195e+00	7.500000000000005794e-03	9.134376855854359425e-14
2.475000000000000089e+00	7.500000000000005794e-03	8.844413744745857214e-14
2.479999999999999982e+00	7.500000000000005794e-03	8.918309640703755063e-14
2.485000000000000320e+00	7.500000000000006661e-03	9.224186840689981733e-14
2.490000000000000213e+00	7.500000000000005794e-03	9.466193428826070795e-14
2.495000000000000107e+00	7.500000000000006661e-03	9.792220882555437980e-14
2.500000000000000000e+00	7.500000000000006661e-03	1.006231489129987513e-13
2.504999999999999893e+00	7.500000000000006661e-03	1.048260389708810171e-13
2.509999999999999787e+00	7.500000000000007529e-03	1.085585751796674173e-13
2.514999999999999680e+00	7.500000000000006661e-03	1.113090110170263344e-13
2.520000000000000018e+00	7.500000000000007529e-03	1.132792556358082450e-13
2.524999999999999911e+00	7.500000000000007529e-03	1.149574570567684695e-13
2.529999999999999805e+00	7.500000000000007529e-03	1.164973760462036476e-13
2.535000000000000142e+00	7.500000000000008396e-03	1.179031310452039063e-13
2.540000000000000036e+00	7.500000000000007529e-03	1.185429640660079570e-13
2.544999999999999929e+00	7.500000000000007529e-03	1.178452422159123239e-13
2.549999999999999822e+00	7.500000000000007529e-03	1.158408255549108735e-13
2.554999999999999716e+00	7.500000000000007529e-03	1.126894500742259375e-13
2.560000000000000053e+00	7.500000000000007529e-03	1.099670690901557840e-13
2.564999999999999947e+00	7.500000000000007529e-03	1.098729891794076076e-13
2.569999999999999840e+00	7.500000000000007529e-03	1.103155231940082560e-13
2.575000000000000178e+00	7.500000000000007529e-03	1.107686809084345878e-13
2.580000000000000071e+00	7.500000000000007529e-03	1.107929513150051907e-13
2.584999999999999964e+00	7.500000000000007529e-03	1.085606586944538581e-13
2.589999999999999858e+00	7.500000000000006661e-03	1.066403959309650579e-13
2.594999999999999751e+00	7.500000000000007529e-03	1.069571828036512223e-13
2.600000000000000089e+00	7.500000000000006661e-03	1.050804217276065110e-13
2.604999999999999982e+00	7.500000000000006661e-03	1.034088620527705799e-13
2.609999999999999876e+00	7.500000000000006661e-03	1.033552679242022629e-13
2.615000000000000213e+00	7.500000000000006661e-03	1.031101798749624868e-13
2.620000000000000107e+00	7.500000000000006661e-03	1.001872492962657345e-13
2.625000000000000000e+00	7.500000000000007529e-03	9.861874709510599717e-14
2.629999999999999893e+00	7.500000000000006661e-03	9.761518502417269928e-14
2.634999999999999787e+00	7.500000000000006661e-03	9.829669912090230162e-14
2.640000000000000124e+00	7.500000000000006661e-03	9.889519540254958641e-14
2.645000000000000018e+00	7.500000000000006661e-03	1.008199082291808142e-13
2.649999999999999911e+00	7.500000000000006661e-03	1.023577325668685267e-13
2.655000000000000249e+00	7.500000000000006661e-03	1.052923580605913492e-13
2.660000000000000142e+00	7.500000000000006661e-03	1.070943706286768135e-13
2.665000000000000036e+00	7.500000000000007529e-03	1.074241774726678442e-13
2.669999999999999929e+00	7.500000000000007529e-03	1.072122326446779139e-13
2.674999999999999822e+00	7.500000000000007529e-03	1.062796923630740722e-13
2.680000000000000160e+00	7.500000000000006661e-03	1.053250215153688985e-13
2.685000000000000053e+00	7.500000000000006661e-03	1.054497014648137505e-13
2.689999999999999947e+00	7.500000000000006661e-03	1.027342808462803556e-13
2.695000000000000284e+00	7.500000000000006661e-03	1.007609469271058487e-13
2.700000000000000178e+00	7.500000000000006661e-03	9.896880775517641867e-14
2.705000000000000071e+00	7.500000000000007529e-03	9.914694706687021141e-14
2.709999999999999964e+00	7.500000000000006661e-03	9.998982195293196941e-14
2.714999999999999858e+00	7.500000000000007529e-03	1.028461695359014608e-13
2.720000000000000195e+00	7.500000000000006661e-03	1.061651464404260734e-13
2.725000000000000089e+00	7.500000000000007529e-03	1.111730708044607217e-13
2.729999999999999982e+00	7.500000000000006661e-03	1.132040734423276935e-13
2.735000000000000320e+00	7.500000000000007529e-03	1.113670820987613129e-13
2.740000000000000213e+00	7.500000000000006661e-03	1.097131296102208464e-13
2.745000000000000107e+00	7.500000000000007529e-03	1.112708591323131709e-13
2.750000000000000000e+00	7.500000000000007529e-03	1.132176051623028725e-13
2.754999999999999893e+00	7.500000000000008396e-03	1.146913964362370919e-13
2.759999999999999787e+00	7.500000000000007529e-03	1.159117254520634126e-13
2.764999999999999680e+00	7.500000000000008396e-03	1.171794172609689545e-13
2.770000000000000018e+00	7.500000000000007529e-03	1.180901172179223606e-13
2.774999999999999911e+00	7.500000000000007529e-03	1.186059173849504733e-13
2.779999999999999805e+00	7.500000000000007529e-03	1.178536049481253133e-13
2.785000000000000142e+00	7.500000000000007529e-03	1.152564622537836708e-13
2.790000000000000036e+00	7.500000000000007529e-03	1.121556925787883991e-13
2.794999999999999929e+00	7.500000000000007529e-03	1.114313571280832179e-13
2.799999999999999822e+00	7.500000000000007529e-03	1.111883024320848350e-13
2.804999999999999716e+00	7.500000000000007529e-03	1.106288925451060679e-13
2.810000000000000053e+00	7.500000000000007529e-03	1.098484423112110133e-13
2.814999999999999947e+00	7.500000000000007529e-03	1.083766799198848572e-13
2.819999999999999840e+00	7.500000000000006661e-03	1.064522082380557641e-13
2.825000000000000178e+00	7.500000000000007529e-03	1.061613399336603169e-13
2.830000000000000071e+00	7.500000000000007529e-03	1.065420760730802871e-13
2.834999999999999964e+00	7.500000000000007529e-03	1.090157096550672258e-13
2.839999999999999858e+00	7.500000000000007529e-03	1.112225313976578501e-13
2.844999999999999751e+00	7.500000000000007529e-03	1.126433909294379842e-13
2.850000000000000089e+00	7.500000000000007529e-03	1.130917873165181834e-13
2.854999999999999982e+00	7.500000000000007529e-03	1.128241664076814479e-13
2.859999999999999876e+00	7.500000000000007529e-03	1.120514892960839238e-13
2.865000000000000213e+00	7.500000000000007529e-03	1.109143029137427608e-13
2.870000000000000107e+00	7.500000000000007529e-03	1.096639263336027733e-13
2.875000000000000000e+00	7.500000000000006661e-03	1.079639233128717853e-13
2.879999999999999893e+00	7.500000000000006661e-03	1.053650490240923531e-13
2.884999999999999787e+00	7.500000000000006661e-03	1.012282242773832276e-13
2.890000000000000124e+00	7.500000000000006661e-03	9.646589659745879989e-14
2.895000000000000018e+00	7.500000000000007529e-03	9.380536827152201793e-14
2.899999999999999911e+00	7.500000000000006661e-03	9.137199263346110104e-14
2.905000000000000249e+00	7.500000000000005794e-03	9.150480844552808505e-14
2.910000000000000142e+00	7.500000000000005794e-03	9.515109696778923316e-14
2.915000000000000036e+00	7.500000000000006661e-03	1.013630968965874170e-13
2.919999999999999929e+00	7.500000000000006661e-03	1.069385040726454318e-13
2.924999999999999822e+00	7.500000000000007529e-03	1.116351117102910733e-13
2.930000000000000160e+00	7.500000000000007529e-03	1.165229114868540571e-13
2.935000000000000053e+00	7.500000000000007529e-03	1.206599551434399058e-13
2.939999999999999947e+00	7.500000000000007529e-03	1.217705688662153120e-13
2.945000000000000284e+00	7.500000000000008396e-03	1.208469518530941353e-13
2.950000000000000178e+00	7.500000000000007529e-03	1.203620767010832885e-13
2.955000000000000071e+00	7.500000000000007529e-03	1.176604836253060790e-13
2.959999999999999964e+00	7.500000000000007529e-03	1.128995497164676728e-13
2.964999999999999858e+00	7.500000000000007529e-03	1.101910810588405256e-13
2.970000000000000195e+00	7.500000000000006661e-03	1.058217106597671301e-13
2.975000000000000089e+00	7.500000000000007529e-03	1.017855520234819598e-13
2.979999999999999982e+00	7.500000000000006661e-03	9.927422364771728689e-14
2.985000000000000320e+00	7.500000000000006661e-03	9.793693296441273045e-14
2.990000000000000213e+00	7.500000000000006661e-03	9.811048874748244814e-14
2.995000000000000107e+00	7.500000000000007529e-03	1.011808661201899889e-13
3.000000000000000000e+00	7.500000000000006661e-03	1.044278115251235625e-13
3.004999999999999893e+00	7.500000000000007529e-03	1.068397430043927731e-13
3.009999999999999787e+00	7.500000000000007529e-03	1.091745325903461362e-13
3.014999999999999680e+00	7.500000000000007529e-03	1.114964511907185400e-13
3.020000000000000018e+00	7.500000000000007529e-03	1.140499658266619119e-13
3.024999999999999911e+00	7.500000000000007529e-03	1.165938302605794277e-13
3.029999999999999805e+00	7.500000000000007529e-03	1.179830508979863055e-13
3.035000000000000142e+00	7.500000000000007529e-03	1.175806050159242372e-13
3.040000000000000036e+00	7.500000000000007529e-03	1.165066749264378996e-13
3.044999999999999929e+00	7.500000000000008396e-03	1.178130076526920776e-13
3.049999999999999822e+00	7.500000000000007529e-03	1.192681447150809653e-13
3.054999999999999716e+00	7.500000000000008396e-03	1.206919763382851004e-13
3.060000000000000053e+00	7.500000000000007529e-03	1.219355203612516518e-13
3.064999999999999947e+00	7.500000000000007529e-03	1.226739130038065680e-13
3.069999999999999840e+00	7.500000000000007529e-03	1.237636453410559355e-13
3.075000000000000178e+00	7.500000000000008396e-03	1.242936959861249181e-13
3.080000000000000071e+00	7.500000000000008396e-03	1.245193340397134691e-13
3.084999999999999964e+00	7.500000000000008396e-03	1.247685585741857532e-13
3.089999999999999858e+00	7.500000000000008396e-03	1.252176300763927152e-13
3.094999999999999751e+00	7.500000000000008396e-03	1.253164499855716817e-13
3.100000000000000089e+00	7.500000000000008396e-03	1.248628488383123636e-13
3.104999999999999982e+00	7.500000000000008396e-03	1.243028812268867619e-13
3.109999999999999876e+00	7.500000000000008396e-03	1.235324852769874970e-13
3.115000000000000213e+00	7.500000000000008396e-03	1.220037362041427822e-13
3.120000000000000107e+00	7.500000000000007529e-03	1.204354033981478082e-13
3.125000000000000000e+00	7.500000000000008396e-03	1.215426601104083976e-13
3.129999999999999893e+00	7.500000000000008396e-03	1.226197292029105028e-13
3.134999999999999787e+00	7.500000000000008396e-03	1.225648592689614564e-13
3.140000000000000124e+00	7.500000000000007529e-03	1.218236905246211125e-13
3.145000000000000018e+00	7.500000000000008396e-03	1.212592140491955703e-13
3.149999999999999911e+00	7.500000000000007529e-03	1.207423978876533666e-13
3.155000000000000249e+00	7.500000000000008396e-03	1.205387130308062503e-13
3.160000000000000142e+00	7.500000000000008396e-03	1.199999338710086635e-13
3.165000000000000036e+00	7.500000000000007529e-03	1.185803470436565520e-13
3.169999999999999929e+00	7.500000000000008396e-03	1.165441769268649202e-13
3.174999999999999822e+00	7.500000000000008396e-03	1.149895202710751579e-13
3.180000000000000160e+00	7.500000000000007529e-03	1.132000848720816386e-13
3.185000000000000053e+00	7.500000000000007529e-03	1.117652303305279991e-13
3.189999999999999947e+00	7.500000000000007529e-03	1.111535752850930864e-13
3.195000000000000284e+00	7.500000000000007529e-03	1.113015238636448938e-13
3.200000000000000178e+00	7.500000000000007529e-03	1.119806255002755813e-13
3.205000000000000071e+00	7.500000000000007529e-03	1.131592755317414548e-13
3.209999999999999964e+00	7.500000000000007529e-03	1.146290721641007415e-13
3.214999999999999858e+00	7.500000000000007529e-03	1.166352399923599586e-13
3.220000000000000195e+00	7.500000000000007529e-03	1.190173619530478467e-13
3.225000000000000089e+00	7.500000000000008396e-03	1.216353681509038664e-13
3.229999999999999982e+00	7.500000000000007529e-03	1.237077470332484731e-13
3.235000000000000320e+00	7.500000000000008396e-03	1.249808887261999849e-13
3.240000000000000213e+00	7.500000000000008396e-03	1.257684145853947184e-13
3.245000000000000107e+00	7.500000000000008396e-03	1.261867063558069546e-13
3.250000000000000000e+00	7.500000000000008396e-03	1.268129751949361303e-13
3.254999999999999893e+00	7.500000000000008396e-03	1.276479108112429227e-13
3.259999999999999787e+00	7.500000000000008396e-03	1.280948370703540171e-13
3.264999999999999680e+00	7.500000000000008396e-03	1.281440512879482721e-13
3.270000000000000018e+00	7.500000000000008396e-03	1.277758288387147997e-13
3.274999999999999911e+00	7.500000000000008396e-03	1.268821837690580000e-13
3.279999999999999805e+00	7.500000000000008396e-03	1.254741645296687546e-13
3.285000000000000142e+00	7.500000000000008396e-03	1.238591595783994250e-13
3.290000000000000036e+00	7.500000000000008396e-03	1.224868578186778232e-13
3.294999999999999929e+00	7.500000000000008396e-03	1.218634872019567294e-13
3.299999999999999822e+00	7.500000000000007529e-03	1.210839931910335929e-13
3.304999999999999716e+00	7.500000000000008396e-03	1.195807468819096979e-13
3.310000000000000053e+00	7.500000000000008396e-03	1.175891059737966445e-13
3.314999999999999947e+00	7.500000000000008396e-03	1.154837029034167929e-13
3.319999999999999840e+00	7.500000000000007529e-03	1.143833212384065791e-13
3.325000000000000178e+00	7.500000000000007529e-03	1.140408267213133101e-13
3.330000000000000071e+00	7.500000000000007529e-03	1.137521054917876149e-13
3.334999999999999964e+00	7.500000000000007529e-03	1.134321815853226316e-13
3.339999999999999858e+00	7.500000000000007529e-03	1.134229072603488988e-13
3.344999999999999751e+00	7.500000000000007529e-03	1.136736954340417403e-13
3.350000000000000089e+00	7.500000000000007529e-03	1.140334873541966575e-13
3.354999999999999982e+00	7.500000000000007529e-03	1.141379670168950530e-13
3.359999999999999876e+00	7.500000000000007529e-03	1.134367517102566764e-13
3.365000000000000213e+00	7.500000000000007529e-03	1.125058726727529400e-13
3.370000000000000107e+00	7.500000000000007529e-03	1.118462151471698063e-13
3.375000000000000000e+00	7.500000000000007529e-03	1.116488664729035193e-13
3.379999999999999893e+00	7.500000000000007529e-03	1.118905234083713831e-13
3.384999999999999787e+00	7.500000000000007529e-03	1.124447687747015698e-13
3.390000000000000124e+00	7.500000000000007529e-03	1.133375798929683305e-13
3.395000000000000018e+00	7.500000000000007529e-03	1.144793702807188746e-13
3.399999999999999911e+00	7.500000000000007529e-03	1.162386617683949503e-13
3.405000000000000249e+00	7.500000000000008396e-03	1.183863905455826337e-13
3.410000000000000142e+00	7.500000000000007529e-03	1.200695215447632249e-13
3.415000000000000036e+00	7.500000000000008396e-03	1.208928740511150089e-13
3.419999999999999929e+00	7.500000000000008396e-03	1.209758426723272011e-13
3.424999999999999822e+00	7.500000000000007529e-03	1.208465686897300912e-13
3.430000000000000160e+00	7.500000000000007529e-03	1.210929868138560547e-13
3.435000000000000053e+00	7.500000000000007529e-03	1.203818676829109901e-13
3.439999999999999947e+00	7.500000000000008396e-03	1.186283940180876786e-13
3.445000000000000284e+00	7.500000000000008396e-03	1.165852315206428131e-13
3.450000000000000178e+00	7.500000000000007529e-03	1.158989812591297924e-13
3.455000000000000071e+00	7.500000000000008396e-03	1.184386840502813204e-13
3.459999999999999964e+00	7.500000000000008396e-03	1.213473394941701770e-13
3.464999999999999858e+00	7.500000000000008396e-03	1.237382763906679958e-13
3.470000000000000195e+00	7.500000000000008396e-03	1.254076131874042323e-13
3.475000000000000089e+00	7.500000000000008396e-03	1.264120549544623829e-13
3.479999999999999982e+00	7.500000000000008396e-03	1.267686713194252470e-13
3.485000000000000320e+00	7.500000000000008396e-03	1.266961323362955136e-13
3.490000000000000213e+00	7.500000000000008396e-03	1.264176874848586754e-13
3.495000000000000107e+00	7.500000000000008396e-03	1.257670021782727704e-13
3.500000000000000000e+00	7.500000000000008396e-03	1.249369911033095407e-13
3.504999999999999893e+00	7.500000000000008396e-03	1.249067061546752971e-13
3.509999999999999787e+00	7.500000000000008396e-03	1.252041132428614921e-13
3.514999999999999680e+00	7.500000000000008396e-03	1.252690073467466141e-13
3.520000000000000018e+00	7.500000000000008396e-03	1.255549162194367980e-13
3.524999999999999911e+00	7.500000000000008396e-03	1.259911072045422777e-13
3.529999999999999805e+00	7.500000000000008396e-03	1.261179465448326791e-13
3.535000000000000142e+00	7.500000000000008396e-03	1.259080225517209422e-13
3.540000000000000036e+00	7.500000000000008396e-03	1.254110286459386048e-13
3.544999999999999929e+00	7.500000000000008396e-03	1.243849723133391458e-13
3.549999999999999822e+00	7.500000000000007529e-03	1.225862327489812299e-13
3.554999999999999716e+00	7.500000000000008396e-03	1.199151565594242038e-13
3.560000000000000053e+00	7.500000000000008396e-03	1.165919425124946596e-13
3.564999999999999947e+00	7.500000000000007529e-03	1.128503927143742467e-13
3.569999999999999840e+00	7.500000000000007529e-03	1.092603412898501162e-13
3.575000000000000178e+00	7.500000000000006661e-03	1.068278594586225491e-13
3.580000000000000071e+00	7.500000000000007529e-03	1.073614853475484242e-13
3.584999999999999964e+00	7.500000000000007529e-03	1.085843682930568523e-13
3.589999999999999858e+00	7.500000000000007529e-03	1.095155663362909494e-13
3.594999999999999751e+00	7.500000000000007529e-03	1.101590592288423323e-13
3.600000000000000089e+00	7.500000000000007529e-03	1.105807012544385280e-13
3.604999999999999982e+00	7.500000000000007529e-03	1.106601752179936257e-13
3.609999999999999876e+00	7.500000000000007529e-03	1.106698004532882560e-13
3.615000000000000213e+00	7.500000000000007529e-03	1.106505262811690545e-13
3.620000000000000107e+00	7.500000000000007529e-03	1.109005797512244423e-13
3.625000000000000000e+00	7.500000000000007529e-03	1.112729459505459329e-13
3.629999999999999893e+00	7.500000000000007529e-03	1.118234953585840125e-13
3.634999999999999787e+00	7.500000000000007529e-03	1.125677245060347320e-13
3.640000000000000124e+00	7.500000000000007529e-03	1.135603059607003313e-13
3.645000000000000018e+00	7.500000000000008396e-03	1.146571567021313111e-13
3.649999999999999911e+00	7.500000000000007529e-03	1.150630414309160071e-13
3.655000000000000249e+00	7.500000000000007529e-03	1.145623600425579707e-13
3.660000000000000142e+00	7.500000000000007529e-03	1.148603670546138559e-13
3.665000000000000036e+00	7.500000000000008396e-03	1.180490564098554274e-13
3.669999999999999929e+00	7.500000000000008396e-03	1.213610592266090594e-13
3.674999999999999822e+00	7.500000000000007529e-03	1.237749323090924213e-13
3.680000000000000160e+00	7.500000000000007529e-03	1.251119312535411531e-13
3.685000000000000053e+00	7.500000000000008396e-03	1.254837385618992185e-13
3.689999999999999947e+00	7.500000000000008396e-03	1.252931137583170723e-13
3.695000000000000284e+00	7.500000000000008396e-03	1.246573295825276242e-13
3.700000000000000178e+00	7.500000000000008396e-03	1.236043686550136204e-13
3.705000000000000071e+00	7.500000000000008396e-03	1.218684201101691550e-13
3.709999999999999964e+00	7.500000000000008396e-03	1.195864859088128163e-13
3.714999999999999858e+00	7.500000000000008396e-03	1.175944777413654730e-13
3.720000000000000195e+00	7.500000000000008396e-03	1.156465769874476160e-13
3.725000000000000089e+00	7.500000000000007529e-03	1.143233228797894124e-13
3.729999999999999982e+00	7.500000000000008396e-03	1.137118478370307252e-13
3.735000000000000320e+00	7.500000000000007529e-03	1.136322147018566375e-13
3.740000000000000213e+00	7.500000000000007529e-03	1.133784135188935757e-13
3.745000000000000107e+00	7.500000000000007529e-03	1.131951541317864226e-13
3.750000000000000000e+00	7.500000000000007529e-03	1.132406292443897135e-13
3.754999999999999893e+00	7.500000000000007529e-03	1.134213790895597782e-13
3.759999999999999787e+00	7.500000000000007529e-03	1.141595106009540004e-13
3.764999999999999680e+00	7.500000000000008396e-03	1.152969676981755715e-13
3.770000000000000018e+00	7.500000000000007529e-03	1.159517693459203073e-13
3.774999999999999911e+00	7.500000000000008396e-03	1.161696275791632453e-13
3.779999999999999805e+00	7.500000000000007529e-03	1.172759155415742824e-13
3.785000000000000142e+00	7.500000000000008396e-03	1.189935182391138036e-13
3.790000000000000036e+00	7.500000000000007529e-03	1.200529507531166860e-13
3.794999999999999929e+00	7.500000000000007529e-03	1.198582721187900974e-13
3.799999999999999822e+00	7.500000000000007529e-03	1.187673954871666723e-13
3.804999999999999716e+00	7.500000000000008396e-03	1.176983840226739641e-13
3.810000000000000053e+00	7.500000000000007529e-03	1.161620548498874909e-13
3.814999999999999947e+00	7.500000000000008396e-03	1.146081587708889315e-13
3.819999999999999840e+00	7.500000000000007529e-03	1.126395643197503694e-13
3.825000000000000178e+00	7.500000000000007529e-03	1.112712477659132427e-13
3.830000000000000071e+00	7.500000000000007529e-03	1.138586532821972456e-13
3.834999999999999964e+00	7.500000000000008396e-03	1.179175227460163632e-13
3.839999999999999858e+00	7.500000000000007529e-03	1.212684182755643026e-13
3.844999999999999751e+00	7.500000000000008396e-03	1.236726577446516630e-13
3.850000000000000089e+00	7.500000000000008396e-03	1.254074227299724664e-13
3.854999999999999982e+00	7.500000000000008396e-03	1.265094789091953519e-13
3.859999999999999876e+00	7.500000000000008396e-03	1.269755518095748070e-13
3.865000000000000213e+00	7.500000000000008396e-03	1.269470083527752271e-13
3.870000000000000107e+00	7.500000000000008396e-03	1.268999114998390480e-13
3.875000000000000000e+00	7.500000000000008396e-03	1.268761289972314335e-13
3.879999999999999893e+00	7.500000000000008396e-03	1.268109285251920377e-13
3.884999999999999787e+00	7.500000000000008396e-03	1.265833975647162041e-13
3.890000000000000124e+00	7.500000000000008396e-03	1.259959397099778678e-13
3.895000000000000018e+00	7.500000000000008396e-03	1.249428250135937882e-13
3.899999999999999911e+00	7.500000000000008396e-03	1.235615741663680512e-13
3.905000000000000249e+00	7.500000000000008396e-03	1.218187113100917212e-13
3.910000000000000142e+00	7.500000000000007529e-03	1.201381358869443308e-13
3.915000000000000036e+00	7.500000000000008396e-03	1.215024336201650552e-13
3.919999999999999929e+00	7.500000000000008396e-03	1.232128764420330452e-13
3.924999999999999822e+00	7.500000000000008396e-03	1.242366006900891989e-13
3.930000000000000160e+00	7.500000000000008396e-03	1.252041169402149167e-13
3.935000000000000053e+00	7.500000000000008396e-03	1.259246610542561318e-13
3.939999999999999947e+00	7.500000000000008396e-03	1.263392621678092574e-13
3.945000000000000284e+00	7.500000000000008396e-03	1.266748585237375290e-13
3.950000000000000178e+00	7.500000000000008396e-03	1.270090298725764884e-13
3.955000000000000071e+00	7.500000000000008396e-03	1.271525747665641589e-13
3.959999999999999964e+00	7.500000000000008396e-03	1.269511257337234129e-13
3.964999999999999858e+00	7.500000000000008396e-03	1.263409823717349443e-13
3.970000000000000195e+00	7.500000000000008396e-03	1.253682761343542782e-13
3.975000000000000089e+00	7.500000000000008396e-03	1.241080088509423586e-13
3.979999999999999982e+00	7.500000000000008396e-03	1.231038796462858608e-13
3.985000000000000320e+00	7.500000000000008396e-03	1.227733738680817335e-13
3.990000000000000213e+00	7.500000000000007529e-03	1.234046470701678138e-13
3.995000000000000107e+00	7.500000000000008396e-03	1.235054126729575875e-13
4.000000000000000000e+00	7.500000000000008396e-03	1.227804192611965556e-13
4.004999999999999893e+00	7.500000000000007529e-03	1.211841135808019894e-13
4.009999999999999787e+00	7.500000000000007529e-03	1.188803050212924375e-13
4.014999999999999680e+00	7.500000000000008396e-03	1.168259129359593786e-13
4.019999999999999574e+00	7.500000000000008396e-03	1.146651860426204517e-13
4.025000000000000355e+00	7.500000000000007529e-03	1.120855171222870068e-13
4.030000000000000249e+00	7.500000000000007529e-03	1.095114762869085261e-13
4.035000000000000142e+00	7.500000000000006661e-03	1.078787748645194660e-13
4.040000000000000036e+00	7.500000000000007529e-03	1.092426245159088389e-13
4.044999999999999929e+00	7.500000000000007529e-03	1.116770309757324251e-13
4.049999999999999822e+00	7.500000000000007529e-03	1.140587353190274442e-13
4.054999999999999716e+00	7.500000000000007529e-03	1.157327049079414359e-13
4.059999999999999609e+00	7.500000000000007529e-03	1.177644797056541063e-13
4.064999999999999503e+00	7.500000000000007529e-03	1.198417229530914238e-13
4.070000000000000284e+00	7.500000000000007529e-03	1.208329812343833869e-13
4.075000000000000178e+00	7.500000000000008396e-03	1.207565005983971988e-13
4.080000000000000071e+00	7.500000000000008396e-03	1.202898928885479625e-13
4.084999999999999964e+00	7.500000000000007529e-03	1.191839985609885779e-13
4.089999999999999858e+00	7.500000000000007529e-03	1.170734160292159404e-13
4.094999999999999751e+00	7.500000000000007529e-03	1.151375961658798342e-13
4.099999999999999645e+00	7.500000000000007529e-03	1.138472009105620882e-13
4.105000000000000426e+00	7.500000000000007529e-03	1.130641697163095195e-13
4.110000000000000320e+00	7.500000000000007529e-03	1.127843946019680227e-13
4.115000000000000213e+00	7.500000000000007529e-03	1.128804146534492663e-13
4.120000000000000107e+00	7.500000000000007529e-03	1.131745393379422521e-13
4.125000000000000000e+00	7.500000000000008396e-03	1.133311506939391937e-13
4.129999999999999893e+00	7.500000000000007529e-03	1.130147620788611156e-13
4.134999999999999787e+00	7.500000000000007529e-03	1.127496339935126118e-13
4.139999999999999680e+00	7.500000000000007529e-03	1.122841411659168178e-13
4.144999999999999574e+00	7.500000000000007529e-03	1.119602084382602687e-13
4.150000000000000355e+00	7.500000000000007529e-03	1.117411794237989313e-13
4.155000000000000249e+00	7.500000000000007529e-03	1.117214208271971969e-13
4.160000000000000142e+00	7.500000000000007529e-03	1.120671348377975263e-13
4.165000000000000036e+00	7.500000000000007529e-03	1.127026106644575016e-13
4.169999999999999929e+00	7.500000000000007529e-03	1.135059656125761668e-13
4.174999999999999822e+00	7.500000000000008396e-03	1.142847120004513835e-13
4.179999999999999716e+00	7.500000000000007529e-03	1.145107250631112183e-13
4.185000000000000497e+00	7.500000000000007529e-03	1.140229888600861290e-13
4.190000000000000391e+00	7.500000000000007529e-03	1.134758307797264191e-13
4.195000000000000284e+00	7.500000000000007529e-03	1.132752279010872038e-13
4.200000000000000178e+00	7.500000000000007529e-03	1.130269599502173143e-13
4.205000000000000071e+00	7.500000000000007529e-03	1.127672821601816579e-13
4.209999999999999964e+00	7.500000000000007529e-03	1.127572492384379927e-13
4.214999999999999858e+00	7.500000000000007529e-03	1.129629239726473363e-13
4.219999999999999751e+00	7.500000000000007529e-03	1.132365039742659219e-13
4.224999999999999645e+00	7.500000000000007529e-03	1.134506450425692215e-13
4.230000000000000426e+00	7.500000000000007529e-03	1.136310909299356369e-13
4.235000000000000320e+00	7.500000000000008396e-03	1.137305482927369553e-13
4.240000000000000213e+00	7.500000000000007529e-03	1.132662046065871415e-13
4.245000000000000107e+00	7.500000000000007529e-03	1.127059069212659690e-13
4.250000000000000000e+00	7.500000000000007529e-03	1.122798134065287055e-13
4.254999999999999893e+00	7.500000000000007529e-03	1.122344376342439482e-13
4.259999999999999787e+00	7.500000000000007529e-03	1.123050317287400943e-13
4.264999999999999680e+00	7.500000000000007529e-03	1.122945292642535907e-13
4.269999999999999574e+00	7.500000000000007529e-03	1.125713566181243086e-13
4.275000000000000355e+00	7.500000000000007529e-03	1.128049819627054667e-13
4.280000000000000249e+00	7.500000000000007529e-03	1.123808760014677640e-13
4.285000000000000142e+00	7.500000000000007529e-03	1.119093642329181880e-13
4.290000000000000036e+00	7.500000000000007529e-03	1.113904276131459989e-13
4.294999999999999929e+00	7.500000000000007529e-03	1.111549880035561815e-13
4.299999999999999822e+00	7.500000000000007529e-03	1.113469815404509232e-13
4.304999999999999716e+00	7.500000000000007529e-03	1.117752140377077105e-13
4.309999999999999609e+00	7.500000000000007529e-03	1.122234690500644080e-13
4.314999999999999503e+00	7.500000000000007529e-03	1.125354730280282093e-13
4.320000000000000284e+00	7.500000000000007529e-03	1.127371650005521335e-13
4.325000000000000178e+00	7.500000000000008396e-03	1.127729661910220667e-13
4.330000000000000071e+00	7.500000000000007529e-03	1.122371267317922807e-13
4.334999999999999964e+00	7.500000000000007529e-03	1.118887727815784920e-13
4.339999999999999858e+00	7.500000000000007529e-03	1.117887897528259723e-13
4.344999999999999751e+00	7.500000000000007529e-03	1.118265564049515505e-13
4.349999999999999645e+00	7.500000000000007529e-03	1.121186626533653301e-13
4.355000000000000426e+00	7.500000000000007529e-03	1.126706328284768318e-13
4.360000000000000320e+00	7.500000000000007529e-03	1.136279325326432480e-13
4.365000000000000213e+00	7.500000000000007529e-03	1.150001369191831153e-13
4.370000000000000107e+00	7.500000000000007529e-03	1.167133147980630988e-13
4.375000000000000000e+00	7.500000000000008396e-03	1.185440117433652232e-13
4.379999999999999893e+00	7.500000000000008396e-03	1.198697638188006597e-13
4.384999999999999787e+00	7.500000000000008396e-03	1.208460683540388417e-13
4.389999999999999680e+00	7.500000000000008396e-03	1.223680967603991845e-13
4.394999999999999574e+00	7.500000000000008396e-03	1.235320496435805278e-13
4.400000000000000355e+00	7.500000000000008396e-03	1.239191025992016928e-13
4.405000000000000249e+00	7.500000000000008396e-03	1.237113603700510584e-13
4.410000000000000142e+00	7.500000000000008396e-03	1.230552017067678814e-13
4.415000000000000036e+00	7.500000000000008396e-03	1.214920578528195485e-13
4.419999999999999929e+00	7.500000000000007529e-03	1.198290348860126119e-13
4.424999999999999822e+00	7.500000000000008396e-03	1.212227508840340423e-13
4.429999999999999716e+00	7.500000000000008396e-03	1.228830674531188382e-13
4.435000000000000497e+00	7.500000000000008396e-03	1.237143579866765259e-13
4.440000000000000391e+00	7.500000000000008396e-03	1.244063857184935889e-13
4.445000000000000284e+00	7.500000000000008396e-03	1.248672857031135978e-13
4.450000000000000178e+00	7.500000000000008396e-03	1.249574054297297553e-13
4.455000000000000071e+00	7.500000000000008396e-03	1.246292761554002459e-13
4.459999999999999964e+00	7.500000000000008396e-03	1.239880575091865407e-13
4.464999999999999858e+00	7.500000000000008396e-03	1.228618703303267295e-13
4.469999999999999751e+00	7.500000000000008396e-03	1.213650579351050309e-13
4.474999999999999645e+00	7.500000000000008396e-03	1.201734370894032980e-13
4.480000000000000426e+00	7.500000000000008396e-03	1.187499257568008973e-13
4.485000000000000320e+00	7.500000000000008396e-03	1.176564477492769154e-13
4.490000000000000213e+00	7.500000000000007529e-03	1.163199506525386974e-13
4.495000000000000107e+00	7.500000000000007529e-03	1.144513193019516229e-13
4.500000000000000000e+00	7.500000000000007529e-03	1.129943988308235061e-13
4.504999999999999893e+00	7.500000000000007529e-03	1.121985515139826067e-13
4.509999999999999787e+00	7.500000000000007529e-03	1.120488060250848681e-13
4.514999999999999680e+00	7.500000000000007529e-03	1.124683059205689027e-13
4.519999999999999574e+00	7.500000000000007529e-03	1.134402658677708164e-13
4.525000000000000355e+00	7.500000000000007529e-03	1.149663196994894284e-13
4.530000000000000249e+00	7.500000000000007529e-03	1.167775525067683044e-13
4.535000000000000142e+00	7.500000000000008396e-03	1.188296970033162272e-13
4.540000000000000036e+00	7.500000000000008396e-03	1.207738365613355633e-13
4.544999999999999929e+00	7.500000000000008396e-03	1.221449095558051567e-13
4.549999999999999822e+00	7.500000000000008396e-03	1.229218884633416392e-13
4.554999999999999716e+00	7.500000000000008396e-03	1.242413850147745247e-13
4.559999999999999609e+00	7.500000000000008396e-03	1.255487664586608078e-13
4.564999999999999503e+00	7.500000000000008396e-03	1.263587557504483340e-13
4.570000000000000284e+00	7.500000000000008396e-03	1.268616926454531113e-13
4.575000000000000178e+00	7.500000000000008396e-03	1.272176461812744243e-13
4.580000000000000071e+00	7.500000000000008396e-03	1.272955646043179291e-13
4.584999999999999964e+00	7.500000000000008396e-03	1.271398712812601448e-13
4.589999999999999858e+00	7.500000000000008396e-03	1.273262207866217496e-13
4.594999999999999751e+00	7.500000000000008396e-03	1.275669826200763585e-13
4.599999999999999645e+00	7.500000000000008396e-03	1.271377999124605913e-13
4.605000000000000426e+00	7.500000000000008396e-03	1.262676384656337294e-13
4.610000000000000320e+00	7.500000000000008396e-03	1.249344258432836073e-13
4.615000000000000213e+00	7.500000000000008396e-03	1.233775103022897135e-13
4.620000000000000107e+00	7.500000000000008396e-03	1.215808837348087838e-13
4.625000000000000000e+00	7.500000000000007529e-03	1.188617298454351274e-13
4.629999999999999893e+00	7.500000000000007529e-03	1.158812968312490910e-13
4.634999999999999787e+00	7.500000000000008396e-03	1.156597771533307982e-13
4.639999999999999680e+00	7.500000000000007529e-03	1.156770380823005920e-13
4.644999999999999574e+00	7.500000000000008396e-03	1.155018606809958323e-13
4.650000000000000355e+00	7.500000000000008396e-03	1.148811963863100047e-13
4.655000000000000249e+00	7.500000000000007529e-03	1.137694528726387933e-13
4.660000000000000142e+00	7.500000000000007529e-03	1.129338919465613990e-13
4.665000000000000036e+00	7.500000000000007529e-03	1.122534432753044221e-13
4.669999999999999929e+00	7.500000000000007529e-03	1.117722921213748242e-13
4.674999999999999822e+00	7.500000000000007529e-03	1.115002634139379492e-13
4.679999999999999716e+00	7.500000000000007529e-03	1.113869059075027591e-13
4.685000000000000497e+00	7.500000000000007529e-03	1.113214522407762167e-13
4.690000000000000391e+00	7.500000000000007529e-03	1.108488672602326898e-13
4.695000000000000284e+00	7.500000000000007529e-03	1.096023949763452666e-13
4.700000000000000178e+00	7.500000000000007529e-03	1.072260553644543170e-13
4.705000000000000071e+00	7.500000000000006661e-03	1.054616063451702675e-13
4.709999999999999964e+00	7.500000000000007529e-03	1.066147094884711455e-13
4.714999999999999858e+00	7.500000000000007529e-03	1.085290988417959118e-13
4.719999999999999751e+00	7.500000000000007529e-03	1.102441211058970431e-13
4.724999999999999645e+00	7.500000000000007529e-03	1.118151045394218830e-13
4.730000000000000426e+00	7.500000000000007529e-03	1.131125031743208492e-13
4.735000000000000320e+00	7.500000000000007529e-03	1.136083813755253846e-13
4.740000000000000213e+00	7.500000000000007529e-03	1.143324771214551259e-13
4.745000000000000107e+00	7.500000000000008396e-03	1.149994401465410884e-13
4.750000000000000000e+00	7.500000000000007529e-03	1.151602675836644459e-13
4.754999999999999893e+00	7.500000000000008396e-03	1.152738353183602750e-13
4.759999999999999787e+00	7.500000000000007529e-03	1.148762588519250874e-13
4.764999999999999680e+00	7.500000000000007529e-03	1.147699262772323544e-13
4.769999999999999574e+00	7.500000000000007529e-03	1.149820589803056595e-13
4.775000000000000355e+00	7.500000000000007529e-03	1.144205738546690176e-13
4.780000000000000249e+00	7.500000000000007529e-03	1.144751550827828645e-13
4.785000000000000142e+00	7.500000000000008396e-03	1.172144782915824800e-13
4.790000000000000036e+00	7.500000000000007529e-03	1.196886777795162206e-13
4.794999999999999929e+00	7.500000000000008396e-03	1.209681777344992328e-13
4.799999999999999822e+00	7.500000000000008396e-03	1.218019866636881468e-13
4.804999999999999716e+00	7.500000000000008396e-03	1.232561541966681684e-13
4.809999999999999609e+00	7.500000000000008396e-03	1.246149830914121202e-13
4.814999999999999503e+00	7.500000000000008396e-03	1.253245254193159997e-13
4.820000000000000284e+00	7.500000000000008396e-03	1.255026887338277886e-13
4.825000000000000178e+00	7.500000000000008396e-03	1.252144819653085146e-13
4.830000000000000071e+00	7.500000000000007529e-03	1.241910737287283243e-13
4.834999999999999964e+00	7.500000000000008396e-03	1.222617362797013413e-13
4.839999999999999858e+00	7.500000000000008396e-03	1.197771431822131984e-13
4.844999999999999751e+00	7.500000000000007529e-03	1.170227148266905532e-13
4.849999999999999645e+00	7.500000000000007529e-03	1.148547395226436713e-13
4.855000000000000426e+00	7.500000000000007529e-03	1.132373781057939443e-13
4.860000000000000320e+00	7.500000000000007529e-03	1.117598266579388498e-13
4.865000000000000213e+00	7.500000000000007529e-03	1.106100796523678873e-13
4.870000000000000107e+00	7.500000000000007529e-03	1.097349918520928215e-13
4.875000000000000000e+00	7.500000000000007529e-03	1.084964885955197113e-13
4.879999999999999893e+00	7.500000000000006661e-03	1.071824487243511594e-13
4.884999999999999787e+00	7.500000000000007529e-03	1.078873344213262000e-13
4.889999999999999680e+00	7.500000000000007529e-03	1.086503221546583656e-13
4.894999999999999574e+00	7.500000000000007529e-03	1.088008327952299435e-13
4.900000000000000355e+00	7.500000000000007529e-03	1.089845744271102619e-13
4.905000000000000249e+00	7.500000000000007529e-03	1.094040732779010792e-13
4.910000000000000142e+00	7.500000000000007529e-03	1.097958966566115207e-13
4.915000000000000036e+00	7.500000000000007529e-03	1.100901028218149778e-13
4.919999999999999929e+00	7.500000000000007529e-03	1.104693347905037570e-13
4.924999999999999822e+00	7.500000000000007529e-03	1.109419856280481207e-13
4.929999999999999716e+00	7.500000000000007529e-03	1.114874353807035798e-13
4.935000000000000497e+00	7.500000000000007529e-03	1.120235942228366161e-13
4.940000000000000391e+00	7.500000000000007529e-03	1.120969507429608790e-13
4.945000000000000284e+00	7.500000000000007529e-03	1.117336716456061718e-13
4.950000000000000178e+00	7.500000000000007529e-03	1.115207737883325141e-13
4.955000000000000071e+00	7.500000000000007529e-03	1.114032695034791594e-13
4.959999999999999964e+00	7.500000000000007529e-03	1.110229415824252049e-13
4.964999999999999858e+00	7.500000000000007529e-03	1.107287166130190916e-13
4.969999999999999751e+00	7.500000000000007529e-03	1.106291054840881624e-13
4.974999999999999645e+00	7.500000000000007529e-03	1.105132260274077925e-13
4.980000000000000426e+00	7.500000000000007529e-03	1.103705061020326433e-13
4.985000000000000320e+00	7.500000000000007529e-03	1.102226598513558707e-13
4.990000000000000213e+00	7.500000000000007529e-03	1.098497001452759906e-13
4.995000000000000107e+00	7.500000000000007529e-03	1.092510201410219575e-13
5.000000000000000000e+00	7.500000000000007529e-03	1.090107421689051790e-13
