# coordinate_x	h	p	@time=371.28999999999996
0.000000000000000000e+00	2.700511572440525421e-01	5.716166112658117582e-01
5.000000000000000104e-03	2.700475892280875256e-01	5.716166109705874687e-01
1.000000000000000021e-02	2.700368851813682025e-01	5.716166100847950293e-01
1.499999999999999944e-02	2.700190451051608931e-01	5.716166086083058762e-01
2.000000000000000042e-02	2.699940690025417478e-01	5.716166065408075925e-01
2.500000000000000139e-02	2.699619568770378897e-01	5.716166038819419093e-01
2.999999999999999889e-02	2.699227087339450271e-01	5.716166006311707015e-01
3.500000000000000333e-02	2.698763245790043452e-01	5.716165967879105470e-01
4.000000000000000083e-02	2.698228044197291675e-01	5.716165923513977232e-01
4.499999999999999833e-02	2.697621482640812918e-01	5.716165873208229886e-01
5.000000000000000278e-02	2.696943561218014818e-01	5.716165816951954692e-01
5.500000000000000028e-02	2.696194280030834722e-01	5.716165754734782167e-01
5.999999999999999778e-02	2.695373639199086790e-01	5.716165686544517621e-01
6.500000000000000222e-02	2.694481638847172622e-01	5.716165612368495630e-01
7.000000000000000666e-02	2.693518279117478875e-01	5.716165532192213350e-01
7.500000000000001110e-02	2.692483560157052369e-01	5.716165446000682770e-01
8.000000000000000167e-02	2.691377482131049881e-01	5.716165353777066249e-01
8.499999999999999223e-02	2.690200045209372726e-01	5.716165255504027654e-01
8.999999999999999667e-02	2.688951249580181502e-01	5.716165151162361235e-01
9.500000000000000111e-02	2.687631095436475714e-01	5.716165040732349434e-01
1.000000000000000056e-01	2.686239582989684571e-01	5.716164924192383978e-01
1.050000000000000100e-01	2.684776712456186099e-01	5.716164801520323691e-01
1.100000000000000006e-01	2.683242484070975653e-01	5.716164672692123361e-01
1.149999999999999911e-01	2.681636898074121755e-01	5.716164537683174895e-01
1.199999999999999956e-01	2.679959954724523974e-01	5.716164396466943964e-01
1.250000000000000000e-01	2.678211654286290488e-01	5.716164249016315591e-01
1.300000000000000044e-01	2.676391997042593118e-01	5.716164095302215253e-01
1.350000000000000089e-01	2.674500983281964395e-01	5.716163935294962251e-01
1.400000000000000133e-01	2.672538613312259170e-01	5.716163768962891911e-01
1.450000000000000178e-01	2.670504887446856768e-01	5.716163596273701186e-01
1.499999999999999944e-01	2.668399806018742493e-01	5.716163417193069751e-01
1.549999999999999989e-01	2.666223369366602647e-01	5.716163231686007817e-01
1.600000000000000033e-01	2.663975577849037601e-01	5.716163039715476124e-01
1.650000000000000078e-01	2.661656431830546343e-01	5.716162841243732640e-01
1.700000000000000122e-01	2.659265931695871110e-01	5.716162636230941452e-01
1.749999999999999889e-01	2.656804077835867028e-01	5.716162424636530570e-01
1.799999999999999933e-01	2.654270870661987747e-01	5.716162206417793046e-01
1.849999999999999978e-01	2.651666310592030729e-01	5.716161981531245884e-01
1.900000000000000022e-01	2.648990398064778318e-01	5.716161749931228941e-01
1.950000000000000067e-01	2.646243133525602031e-01	5.716161511571256071e-01
2.000000000000000111e-01	2.643424517441272381e-01	5.716161266402617347e-01
2.050000000000000155e-01	2.640534550285414950e-01	5.716161014375736871e-01
2.099999999999999922e-01	2.637573232553498404e-01	5.716160755438756125e-01
2.149999999999999967e-01	2.634540564748130143e-01	5.716160489538902878e-01
2.200000000000000011e-01	2.631436547394235270e-01	5.716160216621065659e-01
2.250000000000000056e-01	2.628261181024185711e-01	5.716159936629165994e-01
2.300000000000000100e-01	2.625014466193174023e-01	5.716159649504723994e-01
2.349999999999999867e-01	2.621696403464169323e-01	5.716159355188238367e-01
2.399999999999999911e-01	2.618306993423500928e-01	5.716159053617743124e-01
2.449999999999999956e-01	2.614846236665624435e-01	5.716158744730182040e-01
2.500000000000000000e-01	2.611314133808931848e-01	5.716158428459969798e-01
2.550000000000000044e-01	2.607710685480316704e-01	5.716158104740365342e-01
2.600000000000000089e-01	2.604035892331219015e-01	5.716157773502023032e-01
2.650000000000000133e-01	2.600289755021981120e-01	5.716157434674369320e-01
2.700000000000000178e-01	2.596472274238144640e-01	5.716157088184149471e-01
2.750000000000000222e-01	2.592583450674577072e-01	5.716156733956803127e-01
2.800000000000000266e-01	2.588623285052041312e-01	5.716156371915003254e-01
2.850000000000000311e-01	2.584591778101078541e-01	5.716156001980036150e-01
2.899999999999999800e-01	2.580488930578860862e-01	5.716155624070334840e-01
2.949999999999999845e-01	2.576314743252824391e-01	5.716155238102852421e-01
2.999999999999999889e-01	2.572069216917818868e-01	5.716154843991596568e-01
3.049999999999999933e-01	2.567752352379471525e-01	5.716154441648998441e-01
3.099999999999999978e-01	2.563364150471654224e-01	5.716154030984443857e-01
3.150000000000000022e-01	2.558904612039568649e-01	5.716153611905641085e-01
3.200000000000000067e-01	2.554373737957539303e-01	5.716153184317140923e-01
3.250000000000000111e-01	2.549771529111806156e-01	5.716152748121710037e-01
3.300000000000000155e-01	2.545097986418669023e-01	5.716152303218845487e-01
3.350000000000000200e-01	2.540353110806965464e-01	5.716151849506138083e-01
3.400000000000000244e-01	2.535536903236587092e-01	5.716151386877788010e-01
3.449999999999999734e-01	2.530649364680623847e-01	5.716150915225963747e-01
3.499999999999999778e-01	2.525690496144277208e-01	5.716150434439312145e-01
3.549999999999999822e-01	2.520660298646651976e-01	5.716149944404315120e-01
3.599999999999999867e-01	2.515558773240081925e-01	5.716149445003791962e-01
3.649999999999999911e-01	2.510385920991558550e-01	5.716148936118251589e-01
3.699999999999999956e-01	2.505141743002488042e-01	5.716148417624394851e-01
3.750000000000000000e-01	2.499826240389738108e-01	5.716147889396451243e-01
3.800000000000000044e-01	2.494439414305850145e-01	5.716147351304687874e-01
3.850000000000000089e-01	2.488981265919679164e-01	5.716146803216735073e-01
3.900000000000000133e-01	2.483451796437094738e-01	5.716146244996087589e-01
3.950000000000000178e-01	2.477851007081189882e-01	5.716145676503425754e-01
4.000000000000000222e-01	2.472178899113492145e-01	5.716145097595115576e-01
4.050000000000000266e-01	2.466435473813723966e-01	5.716144508124512136e-01
4.099999999999999756e-01	2.460620732501551389e-01	5.716143907940465230e-01
4.149999999999999800e-01	2.454734676515869241e-01	5.716143296888609449e-01
4.199999999999999845e-01	2.448777307237120782e-01	5.716142674809865376e-01
4.249999999999999889e-01	2.442748626066082174e-01	5.716142041541714125e-01
4.299999999999999933e-01	2.436648634446782202e-01	5.716141396916705197e-01
4.349999999999999978e-01	2.430477333844761056e-01	5.716140740763708816e-01
4.400000000000000022e-01	2.424234725770625098e-01	5.716140072906428227e-01
4.450000000000000067e-01	2.417920811757748312e-01	5.716139393164625382e-01
4.500000000000000111e-01	2.411535593386500975e-01	5.716138701352647677e-01
4.550000000000000155e-01	2.405079072261363804e-01	5.716137997280622551e-01
4.600000000000000200e-01	2.398551250035866889e-01	5.716137280752991989e-01
4.649999999999999689e-01	2.391952128389086274e-01	5.716136551569677149e-01
4.699999999999999734e-01	2.385281709051333965e-01	5.716135809524626188e-01
4.749999999999999778e-01	2.378539993780001693e-01	5.716135054406943361e-01
4.799999999999999822e-01	2.371726984386047787e-01	5.716134285999447950e-01
4.849999999999999867e-01	2.364842682709150656e-01	5.716133504079766725e-01
4.899999999999999911e-01	2.357887090645039985e-01	5.716132708418912856e-01
4.949999999999999956e-01	2.350860210119922189e-01	5.716131898782319531e-01
5.000000000000000000e-01	2.343762043118702842e-01	5.716131074928462175e-01
5.050000000000000044e-01	2.336592591658647744e-01	5.716130236609819892e-01
5.100000000000000089e-01	2.329351857818548199e-01	5.716129383571529887e-01
5.150000000000000133e-01	2.322039843711573015e-01	5.716128515552296729e-01
5.200000000000000178e-01	2.314656551515435756e-01	5.716127632283068971e-01
5.250000000000000222e-01	2.307201983444389926e-01	5.716126733487880696e-01
5.300000000000000266e-01	2.299676141780462035e-01	5.716125818882570320e-01
5.350000000000000311e-01	2.292079028844538624e-01	5.716124888175541097e-01
5.400000000000000355e-01	2.284410647028730368e-01	5.716123941066526548e-01
5.450000000000000400e-01	2.276670998766500698e-01	5.716122977247254378e-01
5.500000000000000444e-01	2.268860086566231449e-01	5.716121996400277405e-01
5.550000000000000488e-01	2.260977912980335069e-01	5.716120998199526460e-01
5.600000000000000533e-01	2.253024480640098415e-01	5.716119982309200154e-01
5.649999999999999467e-01	2.244999792223720814e-01	5.716118948384217857e-01
5.699999999999999512e-01	2.236903850492515666e-01	5.716117896069162763e-01
5.749999999999999556e-01	2.228736658257810255e-01	5.716116824998613843e-01
5.799999999999999600e-01	2.220498218418594794e-01	5.716115734796171077e-01
5.849999999999999645e-01	2.212188533927214318e-01	5.716114625074639743e-01
5.899999999999999689e-01	2.203807607828560666e-01	5.716113495435150016e-01
5.949999999999999734e-01	2.195355443224480951e-01	5.716112345467173617e-01
5.999999999999999778e-01	2.186832043314619611e-01	5.716111174747753321e-01
6.049999999999999822e-01	2.178237411359461861e-01	5.716109982841330872e-01
6.099999999999999867e-01	2.169571550722934061e-01	5.716108769299105274e-01
6.149999999999999911e-01	2.160834464834002766e-01	5.716107533658645323e-01
6.199999999999999956e-01	2.152026157231152481e-01	5.716106275443385565e-01
6.250000000000000000e-01	2.143146631522445389e-01	5.716104994162015673e-01
6.300000000000000044e-01	2.134195891432010550e-01	5.716103689308116298e-01
6.350000000000000089e-01	2.125173940758464386e-01	5.716102360359299750e-01
6.400000000000000133e-01	2.116080783423555656e-01	5.716101006777019045e-01
6.450000000000000178e-01	2.106916423428838170e-01	5.716099628005411049e-01
6.500000000000000222e-01	2.097680864906626141e-01	5.716098223471309803e-01
6.550000000000000266e-01	2.088374112074805056e-01	5.716096792582755493e-01
6.600000000000000311e-01	2.078996169290265872e-01	5.716095334729236477e-01
6.650000000000000355e-01	2.069547041001729148e-01	5.716093849279828554e-01
6.700000000000000400e-01	2.060026731805844058e-01	5.716092335583689010e-01
6.750000000000000444e-01	2.050435246397889211e-01	5.716090792967780665e-01
6.800000000000000488e-01	2.040772589630737155e-01	5.716089220737654575e-01
6.850000000000000533e-01	2.031038766463287293e-01	5.716087618174704454e-01
6.899999999999999467e-01	2.021233782022515690e-01	5.716085984537283560e-01
6.949999999999999512e-01	2.011357641549480213e-01	5.716084319057418428e-01
6.999999999999999556e-01	2.001410350464699339e-01	5.716082620942298798e-01
7.049999999999999600e-01	1.991391914311556044e-01	5.716080889370406259e-01
7.099999999999999645e-01	1.981302338825269571e-01	5.716079123493416070e-01
7.149999999999999689e-01	1.971141629873511825e-01	5.716077322431650787e-01
7.199999999999999734e-01	1.960909793529261591e-01	5.716075485276461698e-01
7.249999999999999778e-01	1.950606836008431377e-01	5.716073611084924178e-01
7.299999999999999822e-01	1.940232763746925215e-01	5.716071698882758678e-01
7.349999999999999867e-01	1.929787583335048906e-01	5.716069747658163447e-01
7.399999999999999911e-01	1.919271301599129453e-01	5.716067756365348362e-01
7.449999999999999956e-01	1.908683925532464465e-01	5.716065723917405084e-01
7.500000000000000000e-01	1.898025462381891515e-01	5.716063649190523677e-01
7.550000000000000044e-01	1.887295919575012748e-01	5.716061531015770303e-01
7.600000000000000089e-01	1.876495304812147435e-01	5.716059368184089884e-01
7.650000000000000133e-01	1.865623625989538958e-01	5.716057159436838120e-01
7.700000000000000178e-01	1.854680891297168788e-01	5.716054903471678994e-01
7.750000000000000222e-01	1.843667109137628879e-01	5.716052598931702367e-01
7.800000000000000266e-01	1.832582288230329703e-01	5.716050244412341774e-01
7.850000000000000311e-01	1.821426437525683062e-01	5.716047838448884422e-01
7.900000000000000355e-01	1.810199566316302300e-01	5.716045379524542502e-01
7.950000000000000400e-01	1.798901684146108348e-01	5.716042866056141314e-01
8.000000000000000444e-01	1.787532800929179932e-01	5.716040296403509524e-01
8.050000000000000488e-01	1.776092926853360954e-01	5.716037668853078957e-01
8.100000000000000533e-01	1.764582072507497323e-01	5.716034981628785872e-01
8.149999999999999467e-01	1.753000248779080505e-01	5.716032232873288210e-01
8.199999999999999512e-01	1.741347466990696424e-01	5.716029420660591054e-01
8.249999999999999556e-01	1.729623738791183918e-01	5.716026542974542712e-01
8.299999999999999600e-01	1.717829076302230251e-01	5.716023597723423055e-01
8.349999999999999645e-01	1.705963492002467441e-01	5.716020582715333198e-01
8.399999999999999689e-01	1.694026998885260205e-01	5.716017495675033144e-01
8.449999999999999734e-01	1.682019610335105386e-01	5.716014334215753223e-01
8.499999999999999778e-01	1.669941340297789456e-01	5.716011095858628543e-01
8.549999999999999822e-01	1.657792203148386601e-01	5.716007778000390394e-01
8.599999999999999867e-01	1.645572213875118595e-01	5.716004377935778313e-01
8.649999999999999911e-01	1.633281387938165519e-01	5.716000892820495283e-01
8.699999999999999956e-01	1.620919741468737352e-01	5.715997319697044832e-01
8.750000000000000000e-01	1.608487291117824125e-01	5.715993655452211719e-01
8.800000000000000044e-01	1.595984054272197028e-01	5.715989896846860319e-01
8.850000000000000089e-01	1.583410048892116839e-01	5.715986040467073703e-01
8.900000000000000133e-01	1.570765293746226865e-01	5.715982082758528371e-01
8.950000000000000178e-01	1.558049808237122469e-01	5.715978019970285873e-01
9.000000000000000222e-01	1.545263612657372665e-01	5.715973848194456641e-01
9.050000000000000266e-01	1.532406728001728669e-01	5.715969563301452894e-01
9.100000000000000311e-01	1.519479176246839591e-01	5.715965160985805316e-01
9.150000000000000355e-01	1.506480980148716953e-01	5.715960636691437280e-01
9.200000000000000400e-01	1.493412163549101557e-01	5.715955985664650241e-01
9.250000000000000444e-01	1.480272751156633260e-01	5.715951202867736169e-01
9.300000000000000488e-01	1.467062768883275747e-01	5.715946283040320708e-01
9.350000000000000533e-01	1.453782243607436853e-01	5.715941220599296546e-01
9.399999999999999467e-01	1.440431203544405014e-01	5.715936009709955412e-01
9.449999999999999512e-01	1.427009677989438952e-01	5.715930644169813224e-01
9.499999999999999556e-01	1.413517697726799915e-01	5.715925117491232887e-01
9.549999999999999600e-01	1.399955294750570289e-01	5.715919422766240210e-01
9.599999999999999645e-01	1.386322502717636795e-01	5.715913552762662553e-01
9.649999999999999689e-01	1.372619356643687560e-01	5.715907499766432753e-01
9.699999999999999734e-01	1.358845893406419036e-01	5.715901255693679461e-01
9.749999999999999778e-01	1.345002151413808023e-01	5.715894811906270245e-01
9.799999999999999822e-01	1.331088171164921674e-01	5.715888159342795705e-01
9.849999999999999867e-01	1.317103994887154905e-01	5.715881288302178120e-01
9.899999999999999911e-01	1.303049667163354297e-01	5.715874188597116490e-01
9.949999999999999956e-01	1.288925234534237518e-01	5.715866849299419128e-01
1.000000000000000000e+00	1.274730746202172860e-01	5.715859258920247266e-01
1.004999999999999893e+00	1.260466253594442754e-01	5.715851405109402261e-01
1.010000000000000009e+00	1.246131811156004493e-01	5.715843274867650203e-01
1.015000000000000124e+00	1.231727475868617250e-01	5.715834854190353642e-01
1.020000000000000018e+00	1.217253308147361462e-01	5.715826128318378663e-01
1.024999999999999911e+00	1.202709371309886449e-01	5.715817081314131798e-01
1.030000000000000027e+00	1.188095732594484921e-01	5.715807696359057610e-01
1.035000000000000142e+00	1.173412462572856613e-01	5.715797955247181594e-01
1.040000000000000036e+00	1.158659636311283880e-01	5.715787838739116999e-01
1.044999999999999929e+00	1.143837332719265937e-01	5.715777325954396471e-01
1.050000000000000044e+00	1.128945635880063969e-01	5.715766394794352667e-01
1.055000000000000160e+00	1.113984634326359718e-01	5.715755021209550923e-01
1.060000000000000053e+00	1.098954422572369083e-01	5.715743179707067911e-01
1.064999999999999947e+00	1.083855100306261587e-01	5.715730842462876105e-01
1.070000000000000062e+00	1.068686774163586373e-01	5.715717979933072623e-01
1.075000000000000178e+00	1.053449556824561234e-01	5.715704559772567528e-01
1.080000000000000071e+00	1.038143569078184836e-01	5.715690547575101865e-01
1.084999999999999964e+00	1.022768938810583034e-01	5.715675905548280866e-01
1.090000000000000080e+00	1.007325803421646043e-01	5.715660593414151336e-01
1.095000000000000195e+00	9.918143086884124993e-02	5.715644566775515134e-01
1.100000000000000089e+00	9.762346116122536110e-02	5.715627778217952093e-01
1.104999999999999982e+00	9.605868791387453531e-02	5.715610175281932159e-01
1.110000000000000098e+00	9.448712915346904606e-02	5.715591701819364712e-01
1.115000000000000213e+00	9.290880409430972431e-02	5.715572295458142271e-01
1.120000000000000107e+00	9.132373354175206404e-02	5.715551889282686204e-01
1.125000000000000000e+00	8.973193972876331026e-02	5.715530408639086790e-01
1.129999999999999893e+00	8.813344680161670774e-02	5.715507773231364164e-01
1.134999999999999787e+00	8.652828063472978171e-02	5.715483893061684695e-01
1.139999999999999902e+00	8.491646942026635780e-02	5.715458671064593821e-01
1.145000000000000018e+00	8.329804345816169131e-02	5.715431997900902727e-01
1.149999999999999911e+00	8.167303587830437861e-02	5.715403755294535815e-01
1.154999999999999805e+00	8.004148240240210876e-02	5.715373809289997498e-01
1.159999999999999920e+00	7.840342223717255976e-02	5.715342014515955027e-01
1.165000000000000036e+00	7.675889780462108458e-02	5.715308205358301530e-01
1.169999999999999929e+00	7.510795585841256727e-02	5.715272201459202783e-01
1.174999999999999822e+00	7.345064717940284760e-02	5.715233796024729029e-01
1.179999999999999938e+00	7.178702798701785959e-02	5.715192762990047859e-01
1.185000000000000053e+00	7.011715959784854679e-02	5.715148841330859319e-01
1.189999999999999947e+00	6.844111023242865910e-02	5.715101744503842118e-01
1.194999999999999840e+00	6.675895463698787446e-02	5.715051139096513078e-01
1.199999999999999956e+00	6.507077642827370501e-02	5.714996657417295012e-01
1.205000000000000071e+00	6.337666768330649236e-02	5.714937867984670739e-01
1.209999999999999964e+00	6.167673202859678960e-02	5.714874292542575507e-01
1.214999999999999858e+00	5.997108421205710194e-02	5.714805364560712198e-01
1.219999999999999973e+00	5.825985424104665467e-02	5.714730452569806163e-01
1.225000000000000089e+00	5.654318696840684999e-02	5.714648800675098395e-01
1.229999999999999982e+00	5.482124773823443542e-02	5.714559561080294614e-01
1.234999999999999876e+00	5.309422205179672311e-02	5.714461706978858357e-01
1.239999999999999991e+00	5.136232342933132883e-02	5.714354078705228268e-01
1.245000000000000107e+00	4.962579328587208433e-02	5.714235253090813593e-01
1.250000000000000000e+00	4.788491213109189598e-02	5.714103610275921286e-01
1.254999999999999893e+00	4.613999990857399480e-02	5.713957132428444385e-01
1.260000000000000009e+00	4.439143236258851627e-02	5.713793502665158730e-01
1.265000000000000124e+00	4.263964233547687388e-02	5.713609785366042804e-01
1.270000000000000018e+00	4.088514437717613581e-02	5.713402576419089884e-01
1.274999999999999911e+00	3.912853797581108267e-02	5.713167477664045091e-01
1.280000000000000027e+00	3.737054576150272700e-02	5.712899331874912168e-01
1.285000000000000142e+00	3.561202062470297802e-02	5.712591324226858891e-01
1.290000000000000036e+00	3.385400716776017227e-02	5.712235362658487636e-01
1.294999999999999929e+00	3.209775670860450653e-02	5.711820471797454113e-01
1.300000000000000044e+00	3.034483004453988539e-02	5.711333434825192068e-01
1.305000000000000160e+00	2.859712867388785815e-02	5.710755775294401593e-01
1.310000000000000053e+00	2.685707381141803907e-02	5.710064899373205050e-01
1.314999999999999947e+00	2.512767132764199760e-02	5.709228102877931255e-01
1.320000000000000062e+00	2.341283583467999169e-02	5.708204757752785019e-01
1.325000000000000178e+00	2.171752495362637078e-02	5.706933715779021199e-01
1.330000000000000071e+00	2.004834007828629888e-02	5.705337971650211726e-01
1.334999999999999964e+00	1.841379084150877865e-02	5.703296872220100511e-01
1.340000000000000080e+00	1.682537708918480784e-02	5.700657816044616411e-01
1.345000000000000195e+00	1.529800383235722060e-02	5.697174303605984091e-01
1.350000000000000089e+00	1.385153823902837526e-02	5.692542016095093471e-01
1.354999999999999982e+00	1.251078961287017260e-02	5.686275642597903301e-01
1.360000000000000098e+00	1.130556019171808854e-02	5.677835857981419210e-01
1.365000000000000213e+00	1.026702603788177265e-02	5.666483549175650447e-01
1.370000000000000107e+00	9.419940030184488500e-03	5.651640203620444947e-01
1.375000000000000000e+00	8.773894159222160594e-03	5.632909307171596325e-01
1.379999999999999893e+00	8.314555299598128807e-03	5.610410776881895600e-01
1.384999999999999787e+00	8.009419683547574706e-03	5.584772233598590541e-01
1.389999999999999902e+00	7.817455990998811721e-03	5.556752852016817457e-01
1.395000000000000018e+00	7.701271798641643254e-03	5.527211381567440629e-01
1.399999999999999911e+00	7.632957000957375782e-03	5.496706713914440989e-01
1.404999999999999805e+00	7.593220853414209444e-03	5.465697405489283733e-01
1.409999999999999920e+00	7.570430690544539473e-03	5.434420706405361789e-01
1.415000000000000036e+00	7.557299578630638157e-03	5.403050531435654724e-01
1.419999999999999929e+00	7.549771612340796384e-03	5.371669560780574226e-01
1.424999999999999822e+00	7.545386209516396700e-03	5.340336173575135348e-01
1.429999999999999938e+00	7.542810864819748419e-03	5.309077286505438087e-01
1.435000000000000053e+00	7.541245457854650266e-03	5.277911651803556259e-01
1.439999999999999947e+00	7.540260616921313531e-03	5.246847780070060807e-01
1.444999999999999840e+00	7.539599383808374966e-03	5.215891549804158034e-01
1.449999999999999956e+00	7.539124288791862298e-03	5.185045568751669443e-01
1.455000000000000071e+00	7.538753157391421544e-03	5.154311608401600520e-01
1.459999999999999964e+00	7.538442076255006882e-03	5.123690403303808871e-01
1.464999999999999858e+00	7.538164806946458414e-03	5.093182424593443169e-01
1.469999999999999973e+00	7.537907334381249193e-03	5.062787816363318871e-01
1.475000000000000089e+00	7.537661285902576107e-03	5.032506640866829528e-01
1.479999999999999982e+00	7.537422190110527366e-03	5.002338858172605818e-01
1.484999999999999876e+00	7.537187375711812236e-03	4.972284403856876978e-01
1.489999999999999991e+00	7.536955415893871989e-03	4.942343182364923315e-01
1.495000000000000107e+00	7.536725457893921759e-03	4.912515091666925793e-01
1.500000000000000000e+00	7.536497045780876994e-03	4.882800020962067555e-01
1.504999999999999893e+00	7.536269906628719970e-03	4.853197858558945255e-01
1.510000000000000009e+00	7.536043894012367690e-03	4.823708490953727557e-01
1.515000000000000124e+00	7.535818919836254591e-03	4.794331805412078151e-01
1.520000000000000018e+00	7.535594936322875630e-03	4.765067689479691171e-01
1.524999999999999911e+00	7.535371914287490244e-03	4.735916031896347245e-01
1.530000000000000027e+00	7.535149837396663830e-03	4.706876722239882183e-01
1.535000000000000142e+00	7.534928695248473141e-03	4.677949651320544300e-01
1.540000000000000036e+00	7.534708481540932333e-03	4.649134710863192521e-01
1.544999999999999929e+00	7.534489191870150961e-03	4.620431793745068405e-01
1.550000000000000044e+00	7.534270823144242901e-03	4.591840793685709188e-01
1.555000000000000160e+00	7.534053372884447902e-03	4.563361605443074231e-01
1.560000000000000053e+00	7.533836839035650337e-03	4.534994124501179336e-01
1.564999999999999947e+00	7.533621219746149122e-03	4.506738247261071195e-01
1.570000000000000062e+00	7.533406513304432249e-03	4.478593870722725190e-01
1.575000000000000178e+00	7.533192718071360372e-03	4.450560892682625114e-01
1.580000000000000071e+00	7.532979832457102794e-03	4.422639211408517235e-01
1.584999999999999964e+00	7.532767854901868156e-03	4.394828725847491069e-01
1.590000000000000080e+00	7.532556783865602783e-03	4.367129335292901926e-01
1.595000000000000195e+00	7.532346617824206385e-03	4.339540939604357161e-01
1.600000000000000089e+00	7.532137355263273173e-03	4.312063438866349796e-01
1.604999999999999982e+00	7.531928994679270607e-03	4.284696733620728115e-01
1.610000000000000098e+00	7.531721534574552929e-03	4.257440724516706188e-01
1.615000000000000213e+00	7.531514973460154937e-03	4.230295312556133225e-01
1.620000000000000107e+00	7.531309309851191500e-03	4.203260398734567915e-01
1.625000000000000000e+00	7.531104542270211644e-03	4.176335884299562373e-01
1.629999999999999893e+00	7.530900669242692608e-03	4.149521670382543270e-01
1.634999999999999787e+00	7.530697689300621181e-03	4.122817658270274133e-01
1.639999999999999902e+00	7.530495600977993829e-03	4.096223749027305683e-01
1.645000000000000018e+00	7.530294402814510790e-03	4.069739843780744715e-01
1.649999999999999911e+00	7.530094093351063188e-03	4.043365843333072140e-01
1.654999999999999805e+00	7.529894671133498252e-03	4.017101648460326691e-01
1.659999999999999920e+00	7.529696134708081280e-03	3.990947159515091935e-01
1.665000000000000036e+00	7.529498482625333715e-03	3.964902276738208609e-01
1.669999999999999929e+00	7.529301713435450870e-03	3.938966899851759629e-01
1.674999999999999822e+00	7.529105825692218069e-03	3.913140928384356010e-01
1.679999999999999938e+00	7.528910817948385008e-03	3.887424261254008306e-01
1.685000000000000053e+00	7.528716688759653011e-03	3.861816797107032184e-01
1.689999999999999947e+00	7.528523436680003428e-03	3.836318433890685831e-01
1.694999999999999840e+00	7.528331060265760349e-03	3.810929069205700181e-01
1.699999999999999956e+00	7.528139558070874766e-03	3.785648599868616793e-01
1.705000000000000071e+00	7.527948928651055811e-03	3.760476922277956047e-01
1.709999999999999964e+00	7.527759170559011545e-03	3.735413931966161116e-01
1.714999999999999858e+00	7.527570282348650457e-03	3.710459523979397489e-01
1.719999999999999973e+00	7.527382262570281486e-03	3.685613592419056950e-01
1.725000000000000089e+00	7.527195109774879704e-03	3.660876030835158446e-01
1.729999999999999982e+00	7.527008822509246438e-03	3.636246731757387107e-01
1.734999999999999876e+00	7.526823399320338275e-03	3.611725587102040391e-01
1.739999999999999991e+00	7.526638838750390748e-03	3.587312487692582708e-01
1.745000000000000107e+00	7.526455139341310663e-03	3.563007323680091321e-01
1.750000000000000000e+00	7.526272299629754685e-03	3.538809984053323809e-01
1.754999999999999893e+00	7.526090318151595383e-03	3.514720357072585455e-01
1.760000000000000009e+00	7.525909193436946913e-03	3.490738329769326187e-01
1.765000000000000124e+00	7.525728924014705654e-03	3.466863788393345636e-01
1.770000000000000018e+00	7.525549508407527316e-03	3.443096617901955092e-01
1.774999999999999911e+00	7.525370945136438706e-03	3.419436702420401430e-01
1.780000000000000027e+00	7.525193232715761925e-03	3.395883924720658475e-01
1.785000000000000142e+00	7.525016369657802455e-03	3.372438166694957107e-01
1.790000000000000036e+00	7.524840354467723924e-03	3.349099308824262100e-01
1.794999999999999929e+00	7.524665185648297776e-03	3.325867230664767416e-01
1.800000000000000044e+00	7.524490861694743335e-03	3.302741810306149550e-01
1.805000000000000160e+00	7.524317381099535594e-03	3.279722924870890899e-01
1.810000000000000053e+00	7.524144742347201043e-03	3.256810449962393994e-01
1.814999999999999947e+00	7.523972943919192240e-03	3.234004260176977508e-01
1.820000000000000062e+00	7.523801984288636807e-03	3.211304228541947969e-01
1.825000000000000178e+00	7.523631861925282258e-03	3.188710227040123524e-01
1.830000000000000071e+00	7.523462575290192078e-03	3.166222126037970819e-01
1.834999999999999964e+00	7.523294122840758213e-03	3.143839794822467226e-01
1.840000000000000080e+00	7.523126503025354649e-03	3.121563101019440567e-01
1.845000000000000195e+00	7.522959714288408872e-03	3.099391911142597156e-01
1.850000000000000089e+00	7.522793755065015561e-03	3.077326090002187597e-01
1.854999999999999982e+00	7.522628623786064422e-03	3.055365501265999151e-01
1.860000000000000098e+00	7.522464318872813978e-03	3.033510006858507468e-01
1.865000000000000213e+00	7.522300838742085327e-03	3.011759467533633439e-01
1.870000000000000107e+00	7.522138181800782156e-03	2.990113742264535190e-01
1.875000000000000000e+00	7.521976346451149549e-03	2.968572688827902373e-01
1.879999999999999893e+00	7.521815331085259307e-03	2.947136163184566060e-01
1.884999999999999787e+00	7.521655134090312993e-03	2.925804020075130074e-01
1.889999999999999902e+00	7.521495753843094288e-03	2.904576112391540343e-01
1.895000000000000018e+00	7.521337188715331891e-03	2.883452291783843990e-01
1.899999999999999911e+00	7.521179437068106766e-03	2.862432408022902441e-01
1.904999999999999805e+00	7.521022497257267951e-03	2.841516309618032921e-01
1.909999999999999920e+00	7.520866367627808587e-03	2.820703843171064040e-01
1.915000000000000036e+00	7.520711046519332893e-03	2.799994854004625999e-01
1.919999999999999929e+00	7.520556532260389698e-03	2.779389185507736837e-01
1.924999999999999822e+00	7.520402823173997532e-03	2.758886679774485984e-01
1.929999999999999938e+00	7.520249917571939988e-03	2.738487176941366008e-01
1.935000000000000053e+00	7.520097813760340255e-03	2.718190515836108045e-01
1.939999999999999947e+00	7.519946510033920922e-03	2.697996533306951661e-01
1.944999999999999840e+00	7.519796004681632284e-03	2.677905064881378472e-01
1.949999999999999956e+00	7.519646295980869644e-03	2.657915944087532734e-01
1.955000000000000071e+00	7.519497382203156263e-03	2.638029003122601690e-01
1.959999999999999964e+00	7.519349261608328575e-03	2.618244072166608927e-01
1.964999999999999858e+00	7.519201932450258162e-03	2.598560980060159453e-01
1.969999999999999973e+00	7.519055392971009215e-03	2.578979553610831199e-01
1.975000000000000089e+00	7.518909641406607350e-03	2.559499618280038358e-01
1.979999999999999982e+00	7.518764675981161501e-03	2.540120997482229748e-01
1.984999999999999876e+00	7.518620494912677844e-03	2.520843513280598969e-01
1.989999999999999991e+00	7.518477096407157403e-03	2.501666985679326105e-01
1.995000000000000107e+00	7.518334478664442065e-03	2.482591233327860192e-01
2.000000000000000000e+00	7.518192639872290500e-03	2.463616072806442403e-01
2.004999999999999893e+00	7.518051578212259743e-03	2.444741319338670504e-01
2.009999999999999787e+00	7.517911291853759427e-03	2.425966786070546111e-01
2.014999999999999680e+00	7.517771778959968926e-03	2.407292284791052173e-01
2.020000000000000018e+00	7.517633037681862966e-03	2.388717625204956896e-01
2.024999999999999911e+00	7.517495066164170403e-03	2.370242615661122820e-01
2.029999999999999805e+00	7.517357862539372076e-03	2.351867062419306931e-01
2.035000000000000142e+00	7.517221424933695148e-03	2.333590770385909896e-01
2.040000000000000036e+00	7.517085751461091876e-03	2.315413542375041323e-01
2.044999999999999929e+00	7.516950840229259974e-03	2.297335179851411613e-01
2.049999999999999822e+00	7.516816689333604903e-03	2.279355482185898008e-01
2.054999999999999716e+00	7.516683296863289725e-03	2.261474247405305116e-01
2.060000000000000053e+00	7.516550660895182645e-03	2.243691271442676827e-01
2.064999999999999947e+00	7.516418779499926817e-03	2.226006348893644071e-01
2.069999999999999840e+00	7.516287650735874876e-03	2.208419272261724353e-01
2.075000000000000178e+00	7.516157272655189098e-03	2.190929832720954484e-01
2.080000000000000071e+00	7.516027643297752518e-03	2.173537819356461676e-01
2.084999999999999964e+00	7.515898760697302047e-03	2.156243019933076766e-01
2.089999999999999858e+00	7.515770622875319641e-03	2.139045220131411129e-01
2.094999999999999751e+00	7.515643227847188836e-03	2.121944204322183392e-01
2.100000000000000089e+00	7.515516573616074641e-03	2.104939754798052509e-01
2.104999999999999982e+00	7.515390658179102630e-03	2.088031652553359596e-01
2.109999999999999876e+00	7.515265479521224083e-03	2.071219676511971974e-01
2.115000000000000213e+00	7.515141035621416762e-03	2.054503604312145904e-01
2.120000000000000107e+00	7.515017324446540518e-03	2.037883211530650551e-01
2.125000000000000000e+00	7.514894343957554540e-03	2.021358272472451867e-01
2.129999999999999893e+00	7.514772092103363423e-03	2.004928559391362108e-01
2.134999999999999787e+00	7.514650566827054366e-03	1.988593843284269247e-01
2.140000000000000124e+00	7.514529766059733704e-03	1.972353893108558520e-01
2.145000000000000018e+00	7.514409687726777108e-03	1.956208476580598710e-01
2.149999999999999911e+00	7.514290329741662652e-03	1.940157359390194403e-01
2.155000000000000249e+00	7.514171690012234894e-03	1.924200306003020777e-01
2.160000000000000142e+00	7.514053766434530129e-03	1.908337078872388848e-01
2.165000000000000036e+00	7.513936556899052620e-03	1.892567439245332328e-01
2.169999999999999929e+00	7.513820059284600714e-03	1.876891146371915953e-01
2.174999999999999822e+00	7.513704271464547411e-03	1.861307958314711575e-01
2.180000000000000160e+00	7.513589191300665618e-03	1.845817631155897143e-01
2.185000000000000053e+00	7.513474816649421718e-03	1.830419919809831431e-01
2.189999999999999947e+00	7.513361145355796494e-03	1.815114577228197634e-01
2.195000000000000284e+00	7.513248175259583037e-03	1.799901355215386134e-01
2.200000000000000178e+00	7.513135904189211997e-03	1.784780003631942502e-01
2.205000000000000071e+00	7.513024329968053840e-03	1.769750271212472692e-01
2.209999999999999964e+00	7.512913450408248428e-03	1.754811904767636654e-01
2.214999999999999858e+00	7.512803263317005542e-03	1.739964650004301727e-01
2.220000000000000195e+00	7.512693766490441405e-03	1.725208250726326109e-01
2.225000000000000089e+00	7.512584957719880066e-03	1.710542449656688169e-01
2.229999999999999982e+00	7.512476834785694266e-03	1.695966987637297640e-01
2.235000000000000320e+00	7.512369395463612022e-03	1.681481604452813583e-01
2.240000000000000213e+00	7.512262637518556628e-03	1.667086038029751138e-01
2.245000000000000107e+00	7.512156558710953239e-03	1.652780025261703367e-01
2.250000000000000000e+00	7.512051156790581878e-03	1.638563301207969225e-01
2.254999999999999893e+00	7.511946429502875354e-03	1.624435599919928364e-01
2.259999999999999787e+00	7.511842374582785274e-03	1.610396653639424025e-01
2.264999999999999680e+00	7.511738989761067818e-03	1.596446193626012422e-01
2.270000000000000018e+00	7.511636272758170571e-03	1.582583949355343966e-01
2.274999999999999911e+00	7.511534221290508753e-03	1.568809649347024382e-01
2.279999999999999805e+00	7.511432833064356392e-03	1.555123020363219644e-01
2.285000000000000142e+00	7.511332105782126019e-03	1.541523788236865422e-01
2.290000000000000036e+00	7.511232037136265048e-03	1.528011677070739149e-01
2.294999999999999929e+00	7.511132624815525932e-03	1.514586410065747180e-01
2.299999999999999822e+00	7.511033866498887691e-03	1.501247708720686580e-01
2.304999999999999716e+00	7.510935759861800919e-03	1.487995293660366314e-01
2.310000000000000053e+00	7.510838302570130992e-03	1.474828883836279136e-01
2.314999999999999947e+00	7.510741492286394407e-03	1.461748197354301448e-01
2.319999999999999840e+00	7.510645326663714996e-03	1.448752950676495399e-01
2.325000000000000178e+00	7.510549803352043786e-03	1.435842859448136222e-01
2.330000000000000071e+00	7.510454919992142105e-03	1.423017637700878246e-01
2.334999999999999964e+00	7.510360674221778013e-03	1.410276998678846039e-01
2.339999999999999858e+00	7.510267063669731104e-03	1.397620654043376931e-01
2.344999999999999751e+00	7.510174085961975055e-03	1.385048314697954475e-01
2.350000000000000089e+00	7.510081738715699770e-03	1.372559689994724830e-01
2.354999999999999982e+00	7.509990019545478325e-03	1.360154488558033559e-01
2.359999999999999876e+00	7.509898926057306454e-03	1.347832417492929036e-01
2.365000000000000213e+00	7.509808455854755614e-03	1.335593183207058332e-01
2.370000000000000107e+00	7.509718606533037633e-03	1.323436490621378303e-01
2.375000000000000000e+00	7.509629375685124807e-03	1.311362043990168536e-01
2.379999999999999893e+00	7.509540760895850979e-03	1.299369546114148011e-01
2.384999999999999787e+00	7.509452759748005621e-03	1.287458699158390563e-01
2.390000000000000124e+00	7.509365369816456588e-03	1.275629203868036687e-01
2.395000000000000018e+00	7.509278588674225124e-03	1.263880760383889745e-01
2.399999999999999911e+00	7.509192413886638974e-03	1.252213067460917206e-01
2.405000000000000249e+00	7.509106843017370955e-03	1.240625823281301249e-01
2.410000000000000142e+00	7.509021873622625902e-03	1.229118724675938301e-01
2.415000000000000036e+00	7.508937503257158419e-03	1.217691467934716443e-01
2.419999999999999929e+00	7.508853729468483243e-03	1.206343748031190738e-01
2.424999999999999822e+00	7.508770549802860905e-03	1.195075259429896342e-01
2.430000000000000160e+00	7.508687961799547991e-03	1.183885695314373654e-01
2.435000000000000053e+00	7.508605962996747242e-03	1.172774748391305771e-01
2.439999999999999947e+00	7.508524550925892507e-03	1.161742110122079286e-01
2.445000000000000284e+00	7.508443723117563286e-03	1.150787471523539024e-01
2.450000000000000178e+00	7.508363477095809577e-03	1.139910522403266707e-01
2.455000000000000071e+00	7.508283810384031726e-03	1.129110952156749115e-01
2.459999999999999964e+00	7.508204720499333899e-03	1.118388449006539470e-01
2.464999999999999858e+00	7.508126204958378777e-03	1.107742700795657925e-01
2.470000000000000195e+00	7.508048261271771384e-03	1.097173394230801374e-01
2.475000000000000089e+00	7.507970886949878221e-03	1.086680215671780719e-01
2.479999999999999982e+00	7.507894079497255332e-03	1.076262850378942593e-01
2.485000000000000320e+00	7.507817836418421466e-03	1.065920983298456470e-01
2.490000000000000213e+00	7.507742155212326039e-03	1.055654298314121775e-01
2.495000000000000107e+00	7.507667033378090209e-03	1.045462479028311104e-01
2.500000000000000000e+00	7.507592468409508661e-03	1.035345208018313562e-01
2.504999999999999893e+00	7.507518457800754254e-03	1.025302167612773402e-01
2.509999999999999787e+00	7.507444999040917104e-03	1.015333039152710309e-01
2.514999999999999680e+00	7.507372089619671930e-03	1.005437503763284557e-01
2.520000000000000018e+00	7.507299727021859645e-03	9.956152416196401012e-02
2.524999999999999911e+00	7.507227908733107857e-03	9.858659327138316608e-02
2.529999999999999805e+00	7.507156632234456700e-03	9.761892561256330092e-02
2.535000000000000142e+00	7.507085895007942038e-03	9.665848907844543092e-02
2.540000000000000036e+00	7.507015694531257721e-03	9.570525147452700609e-02
2.544999999999999929e+00	7.506946028283297163e-03	9.475918059453623810e-02
2.549999999999999822e+00	7.506876893738863299e-03	9.382024414854944760e-02
2.554999999999999716e+00	7.506808288374159852e-03	9.288840983813374808e-02
2.560000000000000053e+00	7.506740209661549000e-03	9.196364528500178270e-02
2.564999999999999947e+00	7.506672655075001879e-03	9.104591810560766496e-02
2.569999999999999840e+00	7.506605622084889205e-03	9.013519584035169230e-02
2.575000000000000178e+00	7.506539108163397082e-03	8.923144602761487465e-02
2.580000000000000071e+00	7.506473110779362731e-03	8.833463613352660060e-02
2.584999999999999964e+00	7.506407627403637386e-03	8.744473362542337647e-02
2.589999999999999858e+00	7.506342655503974066e-03	8.656170590219078309e-02
2.594999999999999751e+00	7.506278192550340164e-03	8.568552036713379672e-02
2.600000000000000089e+00	7.506214236009850320e-03	8.481614435890380554e-02
2.604999999999999982e+00	7.506150783352036511e-03	8.395354522376746731e-02
2.609999999999999876e+00	7.506087832043828630e-03	8.309769024712998498e-02
2.615000000000000213e+00	7.506025379554769061e-03	8.224854672518960852e-02
2.620000000000000107e+00	7.505963423352043570e-03	8.140608189706835529e-02
2.625000000000000000e+00	7.505901960905652509e-03	8.057026301583947170e-02
2.629999999999999893e+00	7.505840989683484205e-03	7.974105728127552084e-02
2.634999999999999787e+00	7.505780507156437596e-03	7.891843191023760473e-02
2.640000000000000124e+00	7.505720510793546796e-03	7.810235407005022834e-02
2.645000000000000018e+00	7.505660998067049949e-03	7.729279094824174912e-02
2.649999999999999911e+00	7.505601966447565838e-03	7.648970968655437186e-02
2.655000000000000249e+00	7.505543413409109833e-03	7.569307745002508414e-02
2.660000000000000142e+00	7.505485336424323403e-03	7.490286136164092667e-02
2.665000000000000036e+00	7.505427732969433691e-03	7.411902857074857687e-02
2.669999999999999929e+00	7.505370600519537666e-03	7.334154618836362383e-02
2.674999999999999822e+00	7.505313936553511395e-03	7.257038135490037623e-02
2.680000000000000160e+00	7.505257738549334957e-03	7.180550117614177552e-02
2.685000000000000053e+00	7.505202003988961819e-03	7.104687279028015778e-02
2.689999999999999947e+00	7.505146730353687116e-03	7.029446330455577097e-02
2.695000000000000284e+00	7.505091915128963252e-03	6.954823986159934524e-02
2.700000000000000178e+00	7.505037555799826295e-03	6.880816957674705525e-02
2.705000000000000071e+00	7.504983649855652590e-03	6.807421960367578129e-02
2.709999999999999964e+00	7.504930194785636340e-03	6.734635707240120561e-02
2.714999999999999858e+00	7.504877188083497637e-03	6.662454915419824264e-02
2.720000000000000195e+00	7.504824627243008618e-03	6.590876300028832013e-02
2.725000000000000089e+00	7.504772509762645122e-03	6.519896580603792846e-02
2.729999999999999982e+00	7.504720833141170083e-03	6.449512475034051284e-02
2.735000000000000320e+00	7.504669594882227950e-03	6.379720705908570322e-02
2.740000000000000213e+00	7.504618792489980116e-03	6.310517994524272867e-02
2.745000000000000107e+00	7.504568423473643828e-03	6.241901067159240368e-02
2.750000000000000000e+00	7.504518485343186600e-03	6.173866649151727587e-02
2.754999999999999893e+00	7.504468975613801801e-03	6.106411471099132404e-02
2.759999999999999787e+00	7.504419891801657715e-03	6.039532263008043356e-02
2.764999999999999680e+00	7.504371231428325420e-03	5.973225760418431063e-02
2.770000000000000018e+00	7.504322992016571221e-03	5.907488698625219803e-02
2.774999999999999911e+00	7.504275171094732487e-03	5.842317818727078144e-02
2.779999999999999805e+00	7.504227766192566457e-03	5.777709861919976680e-02
2.785000000000000142e+00	7.504180774845563631e-03	5.713661575470058152e-02
2.790000000000000036e+00	7.504134194590854692e-03	5.650169707079574777e-02
2.794999999999999929e+00	7.504088022971471851e-03	5.587231010783366703e-02
2.799999999999999822e+00	7.504042257532300003e-03	5.524842241387473152e-02
2.804999999999999716e+00	7.503996895824286903e-03	5.463000160288838947e-02
2.810000000000000053e+00	7.503951935400447228e-03	5.401701529986898537e-02
2.814999999999999947e+00	7.503907373820018108e-03	5.340943119826142144e-02
2.819999999999999840e+00	7.503863208644515233e-03	5.280721700580931488e-02
2.825000000000000178e+00	7.503819437441828534e-03	5.221034050120494652e-02
2.830000000000000071e+00	7.503776057782340740e-03	5.161876948067315590e-02
2.834999999999999964e+00	7.503733067242959742e-03	5.103247181384263503e-02
2.839999999999999858e+00	7.503690463403290059e-03	5.045141539106623441e-02
2.844999999999999751e+00	7.503648243849611425e-03	4.987556817851219321e-02
2.850000000000000089e+00	7.503606406171107503e-03	4.930489816622232041e-02
2.854999999999999982e+00	7.503564947963780284e-03	4.873937342241995568e-02
2.859999999999999876e+00	7.503523866826737783e-03	4.817896204230813495e-02
2.865000000000000213e+00	7.503483160366048593e-03	4.762363220159226973e-02
2.870000000000000107e+00	7.503442826191085088e-03	4.707335210601925474e-02
2.875000000000000000e+00	7.503402861918322467e-03	4.652809004411307542e-02
2.879999999999999893e+00	7.503363265167734865e-03	4.598781433745557923e-02
2.884999999999999787e+00	7.503324033566533685e-03	4.545249339263410238e-02
2.890000000000000124e+00	7.503285164745622689e-03	4.492209565226371049e-02
2.895000000000000018e+00	7.503246656343277345e-03	4.439658964614649761e-02
2.899999999999999911e+00	7.503208506001652831e-03	4.387594394303533096e-02
2.905000000000000249e+00	7.503170711370409605e-03	4.336012720100339279e-02
2.910000000000000142e+00	7.503133270103273453e-03	4.284910811995023411e-02
2.915000000000000036e+00	7.503096179861600337e-03	4.234285549118148306e-02
2.919999999999999929e+00	7.503059438310994561e-03	4.184133815065543827e-02
2.924999999999999822e+00	7.503023043124817243e-03	4.134452502777400534e-02
2.930000000000000160e+00	7.502986991980856515e-03	4.085238509936912205e-02
2.935000000000000053e+00	7.502951282564776156e-03	4.036488743770488136e-02
2.939999999999999947e+00	7.502915912566847367e-03	3.988200116520271982e-02
2.945000000000000284e+00	7.502880879685333224e-03	3.940369550165558066e-02
2.950000000000000178e+00	7.502846181623271625e-03	3.892993971969079675e-02
2.955000000000000071e+00	7.502811816091814641e-03	3.846070319119704317e-02
2.959999999999999964e+00	7.502777780807057435e-03	3.799595534352300658e-02
2.964999999999999858e+00	7.502744073493316894e-03	3.753566570511911171e-02
2.970000000000000195e+00	7.502710691880020398e-03	3.707980386246965271e-02
2.975000000000000089e+00	7.502677633704927206e-03	3.662833950495109764e-02
2.979999999999999982e+00	7.502644896711065797e-03	3.618124238249563474e-02
2.985000000000000320e+00	7.502612478649904951e-03	3.573848234966743587e-02
2.990000000000000213e+00	7.502580377278342261e-03	3.530002932405581356e-02
2.995000000000000107e+00	7.502548590361813631e-03	3.486585332957195527e-02
3.000000000000000000e+00	7.502517115671339040e-03	3.443592445556788867e-02
3.004999999999999893e+00	7.502485950986577390e-03	3.401021289935714231e-02
3.009999999999999787e+00	7.502455094092924312e-03	3.358868892605666734e-02
3.014999999999999680e+00	7.502424542784508037e-03	3.317132291033337427e-02
3.020000000000000018e+00	7.502394294861339241e-03	3.275808529696640908e-02
3.024999999999999911e+00	7.502364348132256611e-03	3.234894664182316054e-02
3.029999999999999805e+00	7.502334700412124392e-03	3.194387757313765092e-02
3.035000000000000142e+00	7.502305349524723312e-03	3.154284883171944859e-02
3.040000000000000036e+00	7.502276293299999302e-03	3.114583123294514116e-02
3.044999999999999929e+00	7.502247529576901511e-03	3.075279570620313013e-02
3.049999999999999822e+00	7.502219056200682204e-03	3.036371325759434567e-02
3.054999999999999716e+00	7.502190871025676659e-03	2.997855500861760364e-02
3.060000000000000053e+00	7.502162971912655978e-03	2.959729215957474652e-02
3.064999999999999947e+00	7.502135356731554940e-03	2.921989602750055953e-02
3.069999999999999840e+00	7.502108023358875118e-03	2.884633801026845190e-02
3.075000000000000178e+00	7.502080969680355489e-03	2.847658962376918915e-02
3.080000000000000071e+00	7.502054193588424992e-03	2.811062246671267723e-02
3.084999999999999964e+00	7.502027692984823692e-03	2.774840825705994496e-02
3.089999999999999858e+00	7.502001465778109120e-03	2.738991879751632302e-02
3.094999999999999751e+00	7.501975509886212382e-03	2.703512601122167597e-02
3.100000000000000089e+00	7.501949823234001745e-03	2.668400190792991067e-02
3.104999999999999982e+00	7.501924403755784974e-03	2.633651861896275925e-02
3.109999999999999876e+00	7.501899249392923220e-03	2.599264836407017693e-02
3.115000000000000213e+00	7.501874358096277846e-03	2.565236348565286609e-02
3.120000000000000107e+00	7.501849727823875491e-03	2.531563641629900469e-02
3.125000000000000000e+00	7.501825356543301987e-03	2.498243971228033752e-02
3.129999999999999893e+00	7.501801242229412525e-03	2.465274602175970831e-02
3.134999999999999787e+00	7.501777382866682206e-03	2.432652811756688682e-02
3.140000000000000124e+00	7.501753776446956970e-03	2.400375886607104478e-02
3.145000000000000018e+00	7.501730420971755575e-03	2.368441125924211285e-02
3.149999999999999911e+00	7.501707314450065632e-03	2.336845838418249305e-02
3.155000000000000249e+00	7.501684454900598743e-03	2.305587345447984368e-02
3.160000000000000142e+00	7.501661840349631641e-03	2.274662978039241126e-02
3.165000000000000036e+00	7.501639468833208417e-03	2.244070079949923857e-02
3.169999999999999929e+00	7.501617338395036305e-03	2.213806004753303761e-02
3.174999999999999822e+00	7.501595447088626328e-03	2.183868118833433639e-02
3.180000000000000160e+00	7.501573792975245458e-03	2.154253798532542938e-02
3.185000000000000053e+00	7.501552374126005222e-03	2.124960433077551294e-02
3.189999999999999947e+00	7.501531188619852894e-03	2.095985421790890618e-02
3.195000000000000284e+00	7.501510234545621936e-03	2.067326176948758656e-02
3.200000000000000178e+00	7.501489510000062221e-03	2.038980121054823763e-02
3.205000000000000071e+00	7.501469013089839301e-03	2.010944689630821125e-02
3.209999999999999964e+00	7.501448741929620141e-03	1.983217328552470959e-02
3.214999999999999858e+00	7.501428694644011672e-03	1.955795496773181374e-02
3.220000000000000195e+00	7.501408869365696827e-03	1.928676663721484719e-02
3.225000000000000089e+00	7.501389264237330601e-03	1.901858311958529169e-02
3.229999999999999982e+00	7.501369877409710778e-03	1.875337934636363973e-02
3.235000000000000320e+00	7.501350707043630620e-03	1.849113038089963620e-02
3.240000000000000213e+00	7.501331751308094702e-03	1.823181139355672942e-02
3.245000000000000107e+00	7.501313008382125627e-03	1.797539768698468501e-02
3.250000000000000000e+00	7.501294476453019763e-03	1.772186467189879044e-02
3.254999999999999893e+00	7.501276153718107985e-03	1.747118789171242179e-02
3.259999999999999787e+00	7.501258038383058248e-03	1.722334299890390663e-02
3.264999999999999680e+00	7.501240128663586026e-03	1.697830577901644419e-02
3.270000000000000018e+00	7.501222422783799387e-03	1.673605212760549341e-02
3.274999999999999911e+00	7.501204918977870395e-03	1.649655807361383869e-02
3.279999999999999805e+00	7.501187615488412279e-03	1.625979975689223131e-02
3.285000000000000142e+00	7.501170510568112675e-03	1.602575345095700807e-02
3.290000000000000036e+00	7.501153602478151557e-03	1.579439554107726906e-02
3.294999999999999929e+00	7.501136889489791112e-03	1.556570254642281395e-02
3.299999999999999822e+00	7.501120369882828369e-03	1.533965109870977402e-02
3.304999999999999716e+00	7.501104041947147770e-03	1.511621796374754481e-02
3.310000000000000053e+00	7.501087903981211967e-03	1.489538002063533345e-02
3.314999999999999947e+00	7.501071954293569294e-03	1.467711428271554520e-02
3.319999999999999840e+00	7.501056191201391395e-03	1.446139787731429149e-02
3.325000000000000178e+00	7.501040613031931259e-03	1.424820806610912691e-02
3.330000000000000071e+00	7.501025218121098147e-03	1.403752222540603778e-02
3.334999999999999964e+00	7.501010004814880928e-03	1.382931786592966894e-02
3.339999999999999858e+00	7.500994971467957705e-03	1.362357261362906989e-02
3.344999999999999751e+00	7.500980116445076645e-03	1.342026422889860265e-02
3.350000000000000089e+00	7.500965438119710713e-03	1.321937058790479888e-02
3.354999999999999982e+00	7.500950934875386458e-03	1.302086970124638650e-02
3.359999999999999876e+00	7.500936605104382982e-03	1.282473969579463365e-02
3.365000000000000213e+00	7.500922447209024298e-03	1.263095883280034720e-02
3.370000000000000107e+00	7.500908459600406919e-03	1.243950549024031536e-02
3.375000000000000000e+00	7.500894640699657528e-03	1.225035818037968627e-02
3.379999999999999893e+00	7.500880988936695255e-03	1.206349553261655203e-02
3.384999999999999787e+00	7.500867502751454655e-03	1.187889631050832208e-02
3.390000000000000124e+00	7.500854180592678340e-03	1.169653939510649672e-02
3.395000000000000018e+00	7.500841020919100932e-03	1.151640380145538961e-02
3.399999999999999911e+00	7.500828022198284192e-03	1.133846866240960545e-02
3.405000000000000249e+00	7.500815182907755868e-03	1.116271324461332037e-02
3.410000000000000142e+00	7.500802501533884725e-03	1.098911693279260374e-02
3.415000000000000036e+00	7.500789976572978628e-03	1.081765924522398031e-02
3.419999999999999929e+00	7.500777606530192529e-03	1.064831981849365984e-02
3.424999999999999822e+00	7.500765389920599664e-03	1.048107842246362616e-02
3.430000000000000160e+00	7.500753325268122093e-03	1.031591494549035336e-02
3.435000000000000053e+00	7.500741411106568064e-03	1.015280940889682140e-02
3.439999999999999947e+00	7.500729645978599855e-03	9.991741952642758245e-03
3.445000000000000284e+00	7.500718028436733839e-03	9.832692849311017863e-03
3.450000000000000178e+00	7.500706557042338685e-03	9.675642490221850883e-03
3.455000000000000071e+00	7.500695230366607666e-03	9.520571398942015082e-03
3.459999999999999964e+00	7.500684046989577677e-03	9.367460217834931713e-03
3.464999999999999858e+00	7.500673005501072924e-03	9.216289721101562915e-03
3.470000000000000195e+00	7.500662104499762964e-03	9.067040801758539936e-03
3.475000000000000089e+00	7.500651342594061299e-03	8.919694484218856564e-03
3.479999999999999982e+00	7.500640718401216378e-03	8.774231911690676469e-03
3.485000000000000320e+00	7.500630230548185028e-03	8.630634358306263007e-03
3.490000000000000213e+00	7.500619877670744277e-03	8.488883216933574422e-03
3.495000000000000107e+00	7.500609658414337036e-03	8.348960010861855574e-03
3.500000000000000000e+00	7.500599571433216005e-03	8.210846382018400363e-03
3.504999999999999893e+00	7.500589615391252928e-03	8.074524102219302057e-03
3.509999999999999787e+00	7.500579788961112861e-03	7.939975061783594024e-03
3.514999999999999680e+00	7.500570090825033065e-03	7.807181280357533906e-03
3.520000000000000018e+00	7.500560519674028502e-03	7.676124895918457793e-03
3.524999999999999911e+00	7.500551074208632561e-03	7.546788175181087972e-03
3.529999999999999805e+00	7.500541753138141587e-03	7.419153502983472093e-03
3.535000000000000142e+00	7.500532555181318312e-03	7.293203392283546631e-03
3.540000000000000036e+00	7.500523479065659797e-03	7.168920473919653154e-03
3.544999999999999929e+00	7.500514523528082657e-03	7.046287506205662493e-03
3.549999999999999822e+00	7.500505687314212681e-03	6.925287365058448337e-03
3.554999999999999716e+00	7.500496969179041434e-03	6.805903053199916126e-03
3.560000000000000053e+00	7.500488367886235831e-03	6.688117690643972935e-03
3.564999999999999947e+00	7.500479882208777385e-03	6.571914523513620356e-03
3.569999999999999840e+00	7.500471510928296941e-03	6.457276914879866818e-03
3.575000000000000178e+00	7.500463252835674888e-03	6.344188353202159965e-03
3.580000000000000071e+00	7.500455106730414059e-03	6.232632443512001533e-03
3.584999999999999964e+00	7.500447071421206986e-03	6.122592915484634767e-03
3.589999999999999858e+00	7.500439145725330478e-03	6.014053614960004901e-03
3.594999999999999751e+00	7.500431328469196399e-03	5.906998511653938078e-03
3.600000000000000089e+00	7.500423618487760992e-03	5.801411691008986383e-03
3.604999999999999982e+00	7.500416014625056575e-03	5.697277361553191623e-03
3.609999999999999876e+00	7.500408515733616478e-03	5.594579847073581982e-03
3.615000000000000213e+00	7.500401120674991123e-03	5.493303593630404977e-03
3.620000000000000107e+00	7.500393828319191179e-03	5.393433162046181589e-03
3.625000000000000000e+00	7.500386637545176753e-03	5.294953234583327402e-03
3.629999999999999893e+00	7.500379547240330902e-03	5.197848607741530416e-03
3.634999999999999787e+00	7.500372556300914130e-03	5.102104198606707136e-03
3.640000000000000124e+00	7.500365663631569126e-03	5.007705037949599508e-03
3.645000000000000018e+00	7.500358868145749237e-03	4.914636276253872213e-03
3.649999999999999911e+00	7.500352168765243160e-03	4.822883177108835441e-03
3.655000000000000249e+00	7.500345564420580861e-03	4.732431122924419392e-03
3.660000000000000142e+00	7.500339054050580816e-03	4.643265608611299965e-03
3.665000000000000036e+00	7.500332636602734249e-03	4.555372246990128243e-03
3.669999999999999929e+00	7.500326311032767986e-03	4.468736762752121075e-03
3.674999999999999822e+00	7.500320076305011345e-03	4.383344997570477568e-03
3.680000000000000160e+00	7.500313931391983276e-03	4.299182904334493925e-03
3.685000000000000053e+00	7.500307875274729759e-03	4.216236551970495294e-03
3.689999999999999947e+00	7.500301906942429160e-03	4.134492119942842145e-03
3.695000000000000284e+00	7.500296025392720958e-03	4.053935902791861064e-03
3.700000000000000178e+00	7.500290229631319770e-03	3.974554304895005878e-03
3.705000000000000071e+00	7.500284518672325866e-03	3.896333844729192065e-03
3.709999999999999964e+00	7.500278891537861745e-03	3.819261149885604806e-03
3.714999999999999858e+00	7.500273347258360097e-03	3.743322961063592306e-03
3.720000000000000195e+00	7.500267884872216864e-03	3.668506127332541843e-03
3.725000000000000089e+00	7.500262503426061850e-03	3.594797609864646467e-03
3.729999999999999982e+00	7.500257201974431728e-03	3.522184477437378947e-03
3.735000000000000320e+00	7.500251979580019844e-03	3.450653909912283247e-03
3.740000000000000213e+00	7.500246835313366563e-03	3.380193193971728523e-03
3.745000000000000107e+00	7.500241768253089122e-03	3.310789726350551500e-03
3.750000000000000000e+00	7.500236777485591935e-03	3.242431009800894083e-03
3.754999999999999893e+00	7.500231862105280825e-03	3.175104656083767383e-03
3.759999999999999787e+00	7.500227021214280268e-03	3.108798382155667211e-03
3.764999999999999680e+00	7.500222253922641559e-03	3.043500012926982599e-03
3.770000000000000018e+00	7.500217559348072195e-03	2.979197477664180613e-03
3.774999999999999911e+00	7.500212936616120624e-03	2.915878812521813940e-03
3.779999999999999805e+00	7.500208384859931646e-03	2.853532157154419456e-03
3.785000000000000142e+00	7.500203903220410348e-03	2.792145757028552475e-03
3.790000000000000036e+00	7.500199490845989650e-03	2.731707960238603360e-03
3.794999999999999929e+00	7.500195146892782959e-03	2.672207219605526266e-03
3.799999999999999822e+00	7.500190870524368197e-03	2.613632089690439819e-03
3.804999999999999716e+00	7.500186660911916173e-03	2.555971228686729473e-03
3.810000000000000053e+00	7.500182517233996288e-03	2.499213395625718946e-03
3.814999999999999947e+00	7.500178438676691900e-03	2.443347452068397267e-03
3.819999999999999840e+00	7.500174424433410370e-03	2.388362359497521806e-03
3.825000000000000178e+00	7.500170473704995816e-03	2.334247180815221100e-03
3.830000000000000071e+00	7.500166585699545238e-03	2.280991077916011325e-03
3.834999999999999964e+00	7.500162759632507392e-03	2.228583312996466979e-03
3.839999999999999858e+00	7.500158994726514525e-03	2.177013246303579740e-03
3.844999999999999751e+00	7.500155290211466506e-03	2.126270337262677838e-03
3.850000000000000089e+00	7.500151645324376441e-03	2.076344142395649458e-03
3.854999999999999982e+00	7.500148059309441791e-03	2.027224316273128126e-03
3.859999999999999876e+00	7.500144531417899524e-03	1.978900609597315351e-03
3.865000000000000213e+00	7.500141060908087701e-03	1.931362869984250058e-03
3.870000000000000107e+00	7.500137647045310163e-03	1.884601040206039524e-03
3.875000000000000000e+00	7.500134289101887709e-03	1.838605158809023974e-03
3.879999999999999893e+00	7.500130986357035796e-03	1.793365358510204052e-03
3.884999999999999787e+00	7.500127738096899234e-03	1.748871866657014966e-03
3.890000000000000124e+00	7.500124543614444632e-03	1.705115003772957960e-03
3.895000000000000018e+00	7.500121402209482951e-03	1.662085183864702538e-03
3.899999999999999911e+00	7.500118313188573228e-03	1.619772913111802324e-03
3.905000000000000249e+00	7.500115275865030379e-03	1.578168790026499317e-03
3.910000000000000142e+00	7.500112289558845402e-03	1.537263504282937541e-03
3.915000000000000036e+00	7.500109353596682779e-03	1.497047836734967602e-03
3.919999999999999929e+00	7.500106467311801542e-03	1.457512658379916124e-03
3.924999999999999822e+00	7.500103630044051804e-03	1.418648930239948874e-03
3.930000000000000160e+00	7.500100841139801036e-03	1.380447702455610531e-03
3.935000000000000053e+00	7.500098099951924523e-03	1.342900114035796601e-03
3.939999999999999947e+00	7.500095405839737710e-03	1.305997392076696994e-03
3.945000000000000284e+00	7.500092758168977122e-03	1.269730851385457524e-03
3.950000000000000178e+00	7.500090156311744853e-03	1.234091893819866956e-03
3.955000000000000071e+00	7.500087599646476470e-03	1.199072007790783672e-03
3.959999999999999964e+00	7.500085087557897649e-03	1.164662767718216158e-03
3.964999999999999858e+00	7.500082619436981672e-03	1.130855833417325007e-03
3.970000000000000195e+00	7.500080194680915600e-03	1.097642949666579552e-03
3.975000000000000089e+00	7.500077812693047366e-03	1.065015945482199362e-03
3.979999999999999982e+00	7.500075472882860618e-03	1.032966733794187268e-03
3.985000000000000320e+00	7.500073174665915741e-03	1.001487310613780046e-03
3.990000000000000213e+00	7.500070917463834246e-03	9.705697548132328698e-04
3.995000000000000107e+00	7.500068700704225037e-03	9.402062271909464655e-04
4.000000000000000000e+00	7.500066523820680085e-03	9.103889703509270362e-04
4.004999999999999893e+00	7.500064386252696357e-03	8.811103076701388764e-04
4.009999999999999787e+00	7.500062287445675817e-03	8.523626432737188606e-04
4.014999999999999680e+00	7.500060226850840429e-03	8.241384609087923363e-04
4.019999999999999574e+00	7.500058203925236491e-03	7.964303240115103199e-04
4.025000000000000355e+00	7.500056218131649632e-03	7.692308744918047950e-04
4.030000000000000249e+00	7.500054268938610019e-03	7.425328328885909528e-04
4.035000000000000142e+00	7.500052355820303017e-03	7.163289970694531683e-04
4.040000000000000036e+00	7.500050478256583067e-03	6.906122424702475010e-04
4.044999999999999929e+00	7.500048635732869604e-03	6.653755207139478225e-04
4.049999999999999822e+00	7.500046827740179146e-03	6.406118599310686506e-04
4.054999999999999716e+00	7.500045053775007339e-03	6.163143633016663877e-04
4.059999999999999609e+00	7.500043313339369716e-03	5.924762094530861521e-04
4.064999999999999503e+00	7.500041605940676800e-03	5.690906509288989586e-04
4.070000000000000284e+00	7.500039931091780077e-03	5.461510146605446248e-04
4.075000000000000178e+00	7.500038288310848823e-03	5.236507003671702536e-04
4.080000000000000071e+00	7.500036677121405676e-03	5.015831810978265120e-04
4.084999999999999964e+00	7.500035097052216472e-03	4.799420015656892763e-04
4.089999999999999858e+00	7.500033547637324077e-03	4.587207787577193070e-04
4.094999999999999751e+00	7.500032028415925221e-03	4.379132002069486282e-04
4.099999999999999645e+00	7.500030538932421671e-03	4.175130246663055636e-04
4.105000000000000426e+00	7.500029078736285791e-03	3.975140803225396514e-04
4.110000000000000320e+00	7.500027647382117788e-03	3.779102655311452133e-04
4.115000000000000213e+00	7.500026244429508666e-03	3.586955469752353622e-04
4.120000000000000107e+00	7.500024869443097479e-03	3.398639604586657604e-04
4.125000000000000000e+00	7.500023521992437749e-03	3.214096090131812874e-04
4.129999999999999893e+00	7.500022201652050378e-03	3.033266637468077088e-04
4.134999999999999787e+00	7.500020908001290947e-03	2.856093619025683338e-04
4.139999999999999680e+00	7.500019640624412155e-03	2.682520077592768560e-04
4.144999999999999574e+00	7.500018399110412043e-03	2.512489706448435577e-04
4.150000000000000355e+00	7.500017183053116383e-03	2.345946858868576694e-04
4.155000000000000249e+00	7.500015992051019091e-03	2.182836527835500307e-04
4.160000000000000142e+00	7.500014825707359417e-03	2.023104356013562342e-04
4.165000000000000036e+00	7.500013683629970160e-03	1.866696615065935186e-04
4.169999999999999929e+00	7.500012565431353993e-03	1.713560216075429073e-04
4.174999999999999822e+00	7.500011470728531679e-03	1.563642688495108597e-04
4.179999999999999716e+00	7.500010399143113189e-03	1.416892190989624614e-04
4.185000000000000497e+00	7.500009350301153725e-03	1.273257490047291344e-04
4.190000000000000391e+00	7.500008323833225708e-03	1.132687971218301724e-04
4.195000000000000284e+00	7.500007319374262654e-03	9.951336174158322879e-05
4.200000000000000178e+00	7.500006336563648512e-03	8.605450205267251983e-05
4.205000000000000071e+00	7.500005375045049397e-03	7.288733594274578479e-05
4.209999999999999964e+00	7.500004434466506394e-03	6.000704119448714227e-05
4.214999999999999858e+00	7.500003514480272498e-03	4.740885326117536967e-05
4.219999999999999751e+00	7.500002614742899351e-03	3.508806649561503112e-05
4.224999999999999645e+00	7.500001734915076775e-03	2.304003190216505237e-05
4.230000000000000426e+00	7.500000874661721245e-03	1.126015839640621292e-05
4.235000000000000320e+00	7.500000033651812829e-03	-2.560894642582242674e-07
4.240000000000000213e+00	7.499999211558486256e-03	-1.151319019211493913e-05
4.245000000000000107e+00	7.499998408058866119e-03	-2.251556765752844600e-05
4.250000000000000000e+00	7.499997622834165753e-03	-3.326758977370234684e-05
4.254999999999999893e+00	7.499996855569510297e-03	-4.377357080200845870e-05
4.259999999999999787e+00	7.499996105954041641e-03	-5.403777001178911043e-05
4.264999999999999680e+00	7.499995373680748423e-03	-6.406439400049320323e-05
4.269999999999999574e+00	7.499994658446561442e-03	-7.385759533033305307e-05
4.275000000000000355e+00	7.499993959952186255e-03	-8.342147486128972098e-05
4.280000000000000249e+00	7.499993277902205525e-03	-9.276008036643114732e-05
4.285000000000000142e+00	7.499992612004904684e-03	-1.018774088757818790e-04
4.290000000000000036e+00	7.499991961972376012e-03	-1.107774052718068228e-04
4.294999999999999929e+00	7.499991327520346904e-03	-1.194639646424975043e-04
4.299999999999999822e+00	7.499990708368282216e-03	-1.279409308586194048e-04
4.304999999999999716e+00	7.499990104239215132e-03	-1.362120989340935052e-04
4.309999999999999609e+00	7.499989514859849507e-03	-1.442812135867081172e-04
4.314999999999999503e+00	7.499988939960387270e-03	-1.521519716041619267e-04
4.320000000000000284e+00	7.499988379274634236e-03	-1.598280203894685307e-04
4.325000000000000178e+00	7.499987832539830104e-03	-1.673129603310270753e-04
4.330000000000000071e+00	7.499987299496750810e-03	-1.746103433343439029e-04
4.334999999999999964e+00	7.499986779889540253e-03	-1.817236751945223441e-04
4.339999999999999858e+00	7.499986273465815249e-03	-1.886564141155298358e-04
4.344999999999999751e+00	7.499985779976492926e-03	-1.954119730837517767e-04
4.349999999999999645e+00	7.499985299175897409e-03	-2.019937183759546178e-04
4.355000000000000426e+00	7.499984830821593285e-03	-2.084049719325916522e-04
4.360000000000000320e+00	7.499984374674487086e-03	-2.146490098556611253e-04
4.365000000000000213e+00	7.499983930498659024e-03	-2.207290647803742279e-04
4.370000000000000107e+00	7.499983498061472270e-03	-2.266483243640848020e-04
4.375000000000000000e+00	7.499983077133401226e-03	-2.324099336550929529e-04
4.379999999999999893e+00	7.499982667488137335e-03	-2.380169935737469781e-04
4.384999999999999787e+00	7.499982268902421687e-03	-2.434725632770554809e-04
4.389999999999999680e+00	7.499981881156156903e-03	-2.487796586329509376e-04
4.394999999999999574e+00	7.499981504032230198e-03	-2.539412545798370156e-04
4.400000000000000355e+00	7.499981137316628736e-03	-2.589602835949387388e-04
4.405000000000000249e+00	7.499980780798265294e-03	-2.638396380475424054e-04
4.410000000000000142e+00	7.499980434269095352e-03	-2.685821686622983859e-04
4.415000000000000036e+00	7.499980097523939286e-03	-2.731906868653211085e-04
4.419999999999999929e+00	7.499979770360598597e-03	-2.776679632432857490e-04
4.424999999999999822e+00	7.499979452579686769e-03	-2.820167298814264616e-04
4.429999999999999716e+00	7.499979143984735093e-03	-2.862396788191989123e-04
4.435000000000000497e+00	7.499978844382033071e-03	-2.903394643792832634e-04
4.440000000000000391e+00	7.499978553580731629e-03	-2.943187016205234090e-04
4.445000000000000284e+00	7.499978271392680057e-03	-2.981799686572229337e-04
4.450000000000000178e+00	7.499977997632534428e-03	-3.019258051100146608e-04
4.455000000000000071e+00	7.499977732117594532e-03	-3.055587144147320616e-04
4.459999999999999964e+00	7.499977474667911433e-03	-3.090811622717760444e-04
4.464999999999999858e+00	7.499977225106124398e-03	-3.124955789438243407e-04
4.469999999999999751e+00	7.499976983257570194e-03	-3.158043577042553632e-04
4.474999999999999645e+00	7.499976748950120883e-03	-3.190098571231755843e-04
4.480000000000000426e+00	7.499976522014290513e-03	-3.221143995154309098e-04
4.485000000000000320e+00	7.499976302283075519e-03	-3.251202732143382290e-04
4.490000000000000213e+00	7.499976089592064882e-03	-3.280297310197634666e-04
4.495000000000000107e+00	7.499975883779276195e-03	-3.308449924590432844e-04
4.500000000000000000e+00	7.499975684685266687e-03	-3.335682422354299724e-04
4.504999999999999893e+00	7.499975492152973627e-03	-3.362016324758932209e-04
4.509999999999999787e+00	7.499975306027821011e-03	-3.387472811803267717e-04
4.514999999999999680e+00	7.499975126157564301e-03	-3.412072744556370377e-04
4.519999999999999574e+00	7.499974952392396248e-03	-3.435836649660752658e-04
4.525000000000000355e+00	7.499974784584790763e-03	-3.458784741535018731e-04
4.530000000000000249e+00	7.499974622589610472e-03	-3.480936906889680986e-04
4.535000000000000142e+00	7.499974466263950590e-03	-3.502312726787430849e-04
4.540000000000000036e+00	7.499974315467247341e-03	-3.522931461174387828e-04
4.544999999999999929e+00	7.499974170061123567e-03	-3.542812070796191501e-04
4.549999999999999822e+00	7.499974029909495417e-03	-3.561973201745819340e-04
4.554999999999999716e+00	7.499973894878418819e-03	-3.580433207234245984e-04
4.559999999999999609e+00	7.499973764836197904e-03	-3.598210132155673898e-04
4.564999999999999503e+00	7.499973639653228011e-03	-3.615321734711065323e-04
4.570000000000000284e+00	7.499973519202112783e-03	-3.631785470991290461e-04
4.575000000000000178e+00	7.499973403357499367e-03	-3.647618516453889352e-04
4.580000000000000071e+00	7.499973291996198110e-03	-3.662837750524588066e-04
4.584999999999999964e+00	7.499973184997024700e-03	-3.677459777924838588e-04
4.589999999999999858e+00	7.499973082240906849e-03	-3.691500913293092965e-04
4.594999999999999751e+00	7.499972983610741183e-03	-3.704977202364372903e-04
4.599999999999999645e+00	7.499972888991493850e-03	-3.717904406608356642e-04
4.605000000000000426e+00	7.499972798270054808e-03	-3.730298024262444648e-04
4.610000000000000320e+00	7.499972711335344509e-03	-3.742173274986379484e-04
4.615000000000000213e+00	7.499972628078164713e-03	-3.753545120748978908e-04
4.620000000000000107e+00	7.499972548391311243e-03	-3.764428250498222969e-04
4.625000000000000000e+00	7.499972472169419598e-03	-3.774837100903813696e-04
4.629999999999999893e+00	7.499972399309076838e-03	-3.784785841039924590e-04
4.634999999999999787e+00	7.499972329708675875e-03	-3.794288392985713026e-04
4.639999999999999680e+00	7.499972263268519547e-03	-3.803358416519513497e-04
4.644999999999999574e+00	7.499972199890680112e-03	-3.812009329579003295e-04
4.650000000000000355e+00	7.499972139479101595e-03	-3.820254292963009028e-04
4.655000000000000249e+00	7.499972081939458406e-03	-3.828106230655323032e-04
4.660000000000000142e+00	7.499972027179266365e-03	-3.835577814532282722e-04
4.665000000000000036e+00	7.499971975107730914e-03	-3.842681484551762131e-04
4.669999999999999929e+00	7.499971925635863339e-03	-3.849429433463096386e-04
4.674999999999999822e+00	7.499971878676332457e-03	-3.855833626866473143e-04
4.679999999999999716e+00	7.499971834143575634e-03	-3.861905787919784434e-04
4.685000000000000497e+00	7.499971791953653939e-03	-3.867657417272585664e-04
4.690000000000000391e+00	7.499971752024364897e-03	-3.873099777767542175e-04
4.695000000000000284e+00	7.499971714275096776e-03	-3.878243914251466276e-04
4.700000000000000178e+00	7.499971678626938740e-03	-3.883100638267332331e-04
4.705000000000000071e+00	7.499971645002540335e-03	-3.887680547747982517e-04
4.709999999999999964e+00	7.499971613326222517e-03	-3.891994011692668717e-04
4.714999999999999858e+00	7.499971583523831059e-03	-3.896051189749593410e-04
4.719999999999999751e+00	7.499971555522856256e-03	-3.899862016872140112e-04
4.724999999999999645e+00	7.499971529252281131e-03	-3.903436222795244855e-04
4.730000000000000426e+00	7.499971504642701133e-03	-3.906783316665186738e-04
4.735000000000000320e+00	7.499971481626180152e-03	-3.909912606415563360e-04
4.740000000000000213e+00	7.499971460136362414e-03	-3.912833183366675469e-04
4.745000000000000107e+00	7.499971440108333699e-03	-3.915553941506485082e-04
4.750000000000000000e+00	7.499971421478728896e-03	-3.918083562052170695e-04
4.754999999999999893e+00	7.499971404185598427e-03	-3.920430532643881397e-04
4.759999999999999787e+00	7.499971388168519271e-03	-3.922603131862645895e-04
4.764999999999999680e+00	7.499971373368451849e-03	-3.924609448342888441e-04
4.769999999999999574e+00	7.499971359727857986e-03	-3.926457365239324521e-04
4.775000000000000355e+00	7.499971347190560397e-03	-3.928154579266173872e-04
4.780000000000000249e+00	7.499971335701854577e-03	-3.929708585106830897e-04
4.785000000000000142e+00	7.499971325208375228e-03	-3.931126694386783598e-04
4.790000000000000036e+00	7.499971315658202943e-03	-3.932416020018244867e-04
4.794999999999999929e+00	7.499971307000733237e-03	-3.933583495114456748e-04
4.799999999999999822e+00	7.499971299186788433e-03	-3.934635857262210349e-04
4.804999999999999716e+00	7.499971292168479756e-03	-3.935579667386099540e-04
4.809999999999999609e+00	7.499971285899322687e-03	-3.936421293940983376e-04
4.814999999999999503e+00	7.499971280334101660e-03	-3.937166931733410017e-04
4.820000000000000284e+00	7.499971275428982814e-03	-3.937822586026355266e-04
4.825000000000000178e+00	7.499971271141378688e-03	-3.938394091327621148e-04
4.830000000000000071e+00	7.499971267430064446e-03	-3.938887095397913493e-04
4.834999999999999964e+00	7.499971264255044304e-03	-3.939307078014720733e-04
4.839999999999999858e+00	7.499971261577660815e-03	-3.939659334875266709e-04
4.844999999999999751e+00	7.499971259360467372e-03	-3.939948996345682256e-04
4.849999999999999645e+00	7.499971257567340961e-03	-3.940181011249140465e-04
4.855000000000000426e+00	7.499971256163345985e-03	-3.940360165609300969e-04
4.860000000000000320e+00	7.499971255114855698e-03	-3.940491066316489260e-04
4.865000000000000213e+00	7.499971254389413422e-03	-3.940578159874357270e-04
4.870000000000000107e+00	7.499971253955851382e-03	-3.940625715933559624e-04
4.875000000000000000e+00	7.499971253784158860e-03	-3.940637846052914340e-04
4.879999999999999893e+00	7.499971253845598429e-03	-3.940618487090723882e-04
4.884999999999999787e+00	7.499971254112570637e-03	-3.940571419990025206e-04
4.889999999999999680e+00	7.499971254558735444e-03	-3.940500253019266338e-04
4.894999999999999574e+00	7.499971255158878643e-03	-3.940408440591075621e-04
4.900000000000000355e+00	7.499971255889029825e-03	-3.940299266341359095e-04
4.905000000000000249e+00	7.499971256726327071e-03	-3.940175861993797601e-04
4.910000000000000142e+00	7.499971257649142714e-03	-3.940041190266818931e-04
4.915000000000000036e+00	7.499971258636948038e-03	-3.939898063794388338e-04
4.919999999999999929e+00	7.499971259670428630e-03	-3.939749127850328400e-04
4.924999999999999822e+00	7.499971260731359488e-03	-3.939596879337025574e-04
4.929999999999999716e+00	7.499971261802722104e-03	-3.939443649316712206e-04
4.935000000000000497e+00	7.499971262868570902e-03	-3.939291622078470913e-04
4.940000000000000391e+00	7.499971263914160732e-03	-3.939142817465747840e-04
4.945000000000000284e+00	7.499971264925807228e-03	-3.938999110034276064e-04
4.950000000000000178e+00	7.499971265891014309e-03	-3.938862211164023989e-04
4.955000000000000071e+00	7.499971266798339739e-03	-3.938733688319147048e-04
4.959999999999999964e+00	7.499971267637520894e-03	-3.938614946934559740e-04
4.964999999999999858e+00	7.499971268399338586e-03	-3.938507249789344211e-04
4.969999999999999751e+00	7.499971269075747168e-03	-3.938411698655731310e-04
4.974999999999999645e+00	7.499971269659735755e-03	-3.938329253799006838e-04
4.980000000000000426e+00	7.499971270145460063e-03	-3.938260715377596096e-04
4.985000000000000320e+00	7.499971270528102765e-03	-3.938206743081830419e-04
4.990000000000000213e+00	7.499971270804007065e-03	-3.938167837272152989e-04
4.995000000000000107e+00	7.499971270970538784e-03	-3.938144358769014473e-04
5.000000000000000000e+00	7.499971271026215601e-03	-3.938136509718949516e-04
