# coordinate_x	h	p	@time=291.28999999999996
0.000000000000000000e+00	2.700961642252429074e-01	5.717723785225272692e-01
5.000000000000000104e-03	2.700925952334362057e-01	5.717723775727834301e-01
1.000000000000000021e-02	2.700818882592175840e-01	5.717723747232209552e-01
1.499999999999999944e-02	2.700640433038810628e-01	5.717723699734836851e-01
2.000000000000000042e-02	2.700390603705700165e-01	5.717723633227064228e-01
2.500000000000000139e-02	2.700069394628887287e-01	5.717723547698965181e-01
2.999999999999999889e-02	2.699676805862488704e-01	5.717723443135641626e-01
3.500000000000000333e-02	2.699212837465168602e-01	5.717723319520935377e-01
4.000000000000000083e-02	2.698677489513704453e-01	5.717723176833704457e-01
4.499999999999999833e-02	2.698070762089452290e-01	5.717723015051534574e-01
5.000000000000000278e-02	2.697392655291946384e-01	5.717722834147008770e-01
5.500000000000000028e-02	2.696643169225348413e-01	5.717722634091417788e-01
5.999999999999999778e-02	2.695822304012084891e-01	5.717722414851024171e-01
6.500000000000000222e-02	2.694930059779268583e-01	5.717722176390775957e-01
7.000000000000000666e-02	2.693966436672386999e-01	5.717721918670563008e-01
7.500000000000001110e-02	2.692931434841686067e-01	5.717721641648926267e-01
8.000000000000000167e-02	2.691825054455913024e-01	5.717721345279319634e-01
8.499999999999999223e-02	2.690647295688659013e-01	5.717721029513809228e-01
8.999999999999999667e-02	2.689398158732168032e-01	5.717720694299329720e-01
9.500000000000000111e-02	2.688077643783622350e-01	5.717720339581393585e-01
1.000000000000000056e-01	2.686685751059029181e-01	5.717719965300330776e-01
1.050000000000000100e-01	2.685222480779445031e-01	5.717719571395004641e-01
1.100000000000000006e-01	2.683687833184942306e-01	5.717719157799041607e-01
1.149999999999999911e-01	2.682081808520767607e-01	5.717718724444547096e-01
1.199999999999999956e-01	2.680404407051397708e-01	5.717718271258335205e-01
1.250000000000000000e-01	2.678655629046621245e-01	5.717717798165641296e-01
1.300000000000000044e-01	2.676835474795692948e-01	5.717717305086337243e-01
1.350000000000000089e-01	2.674943944593333733e-01	5.717716791938657339e-01
1.400000000000000133e-01	2.672981038753990402e-01	5.717716258635402449e-01
1.450000000000000178e-01	2.670946757597740806e-01	5.717715705087660361e-01
1.499999999999999944e-01	2.668841101464674570e-01	5.717715131201008827e-01
1.549999999999999989e-01	2.666664070700695000e-01	5.717714536879234810e-01
1.600000000000000033e-01	2.664415665672024147e-01	5.717713922020531969e-01
1.650000000000000078e-01	2.662095886750898144e-01	5.717713286521216576e-01
1.700000000000000122e-01	2.659704734330205489e-01	5.717712630271918339e-01
1.749999999999999889e-01	2.657242208809063033e-01	5.717711953161301874e-01
1.799999999999999933e-01	2.654708310607601929e-01	5.717711255072244203e-01
1.849999999999999978e-01	2.652103040152413160e-01	5.717710535885556222e-01
1.900000000000000022e-01	2.649426397891490592e-01	5.717709795476153545e-01
1.950000000000000067e-01	2.646678384279537721e-01	5.717709033716779077e-01
2.000000000000000111e-01	2.643858999793078923e-01	5.717708250474168308e-01
2.050000000000000155e-01	2.640968244915616325e-01	5.717707445612764117e-01
2.099999999999999922e-01	2.638006120152920353e-01	5.717706618990879841e-01
2.149999999999999967e-01	2.634972626018027841e-01	5.717705770464414083e-01
2.200000000000000011e-01	2.631867763046721875e-01	5.717704899882997127e-01
2.250000000000000056e-01	2.628691531782361146e-01	5.717704007093715735e-01
2.300000000000000100e-01	2.625443932791560742e-01	5.717703091937247351e-01
2.349999999999999867e-01	2.622124966648843869e-01	5.717702154251577129e-01
2.399999999999999911e-01	2.618734633952533586e-01	5.717701193868135467e-01
2.449999999999999956e-01	2.615272935309216340e-01	5.717700210615503931e-01
2.500000000000000000e-01	2.611739871349858522e-01	5.717699204315545014e-01
2.550000000000000044e-01	2.608135442714065722e-01	5.717698174787112508e-01
2.600000000000000089e-01	2.604459650066445753e-01	5.717697121842165719e-01
2.650000000000000133e-01	2.600712494080644754e-01	5.717696045289478723e-01
2.700000000000000178e-01	2.596893975455972225e-01	5.717694944930747925e-01
2.750000000000000222e-01	2.593004094901203982e-01	5.717693820564295759e-01
2.800000000000000266e-01	2.589042853151477530e-01	5.717692671981172703e-01
2.850000000000000311e-01	2.585010250951857436e-01	5.717691498968850983e-01
2.899999999999999800e-01	2.580906289074512694e-01	5.717690301307324363e-01
2.949999999999999845e-01	2.576730968302026192e-01	5.717689078772790756e-01
2.999999999999999889e-01	2.572484289444875172e-01	5.717687831133748677e-01
3.049999999999999933e-01	2.568166253324470905e-01	5.717686558154669862e-01
3.099999999999999978e-01	2.563776860790958345e-01	5.717685259592093505e-01
3.150000000000000022e-01	2.559316112705968815e-01	5.717683935198281109e-01
3.200000000000000067e-01	2.554784009960756608e-01	5.717682584717310723e-01
3.250000000000000111e-01	2.550180553458654131e-01	5.717681207888725137e-01
3.300000000000000155e-01	2.545505744133558235e-01	5.717679804443610569e-01
3.350000000000000200e-01	2.540759582932075600e-01	5.717678374108237094e-01
3.400000000000000244e-01	2.535942070832375994e-01	5.717676916600138437e-01
3.449999999999999734e-01	2.531053208826007928e-01	5.717675431631724647e-01
3.499999999999999778e-01	2.526092997937148810e-01	5.717673918906376329e-01
3.549999999999999822e-01	2.521061439204064225e-01	5.717672378122021781e-01
3.599999999999999867e-01	2.515958533698778310e-01	5.717670808967237894e-01
3.649999999999999911e-01	2.510784282508161658e-01	5.717669211124808415e-01
3.699999999999999956e-01	2.505538686754040234e-01	5.717667584267827063e-01
3.750000000000000000e-01	2.500221747573894704e-01	5.717665928063218050e-01
3.800000000000000044e-01	2.494833466141431200e-01	5.717664242167858069e-01
3.850000000000000089e-01	2.489373843646872086e-01	5.717662526232060172e-01
3.900000000000000133e-01	2.483842881318013840e-01	5.717660779895700207e-01
3.950000000000000178e-01	2.478240580400086213e-01	5.717659002791669609e-01
4.000000000000000222e-01	2.472566942177326088e-01	5.717657194542017374e-01
4.050000000000000266e-01	2.466821967952380901e-01	5.717655354761345121e-01
4.099999999999999756e-01	2.461005659068427054e-01	5.717653483052981267e-01
4.149999999999999800e-01	2.455118016888093169e-01	5.717651579012322793e-01
4.199999999999999845e-01	2.449159042816153320e-01	5.717649642223027184e-01
4.249999999999999889e-01	2.443128738277947631e-01	5.717647672260294245e-01
4.299999999999999933e-01	2.437027104742678363e-01	5.717645668687099114e-01
4.349999999999999978e-01	2.430854143701299264e-01	5.717643631057395259e-01
4.400000000000000022e-01	2.424609856690455312e-01	5.717641558912383015e-01
4.450000000000000067e-01	2.418294245269808351e-01	5.717639451783642635e-01
4.500000000000000111e-01	2.411907311046654900e-01	5.717637309189443906e-01
4.550000000000000155e-01	2.405449055652661150e-01	5.717635130637783725e-01
4.600000000000000200e-01	2.398919480769195756e-01	5.717632915622754552e-01
4.649999999999999689e-01	2.392318588103443666e-01	5.717630663627484289e-01
4.699999999999999734e-01	2.385646379414493035e-01	5.717628374120554691e-01
4.749999999999999778e-01	2.378902856488793738e-01	5.717626046558839104e-01
4.799999999999999822e-01	2.372088021167045313e-01	5.717623680383984164e-01
4.849999999999999867e-01	2.365201875318961866e-01	5.717621275025123184e-01
4.899999999999999911e-01	2.358244420871006830e-01	5.717618829895437793e-01
4.949999999999999956e-01	2.351215659780427625e-01	5.717616344394728101e-01
5.000000000000000000e-01	2.344115594063889418e-01	5.717613817906070928e-01
5.050000000000000044e-01	2.336944225770732630e-01	5.717611249798224549e-01
5.100000000000000089e-01	2.329701557012563706e-01	5.717608639422393502e-01
5.150000000000000133e-01	2.322387589935694663e-01	5.717605986114463468e-01
5.200000000000000178e-01	2.315002326751741391e-01	5.717603289191872662e-01
5.250000000000000222e-01	2.307545769709202499e-01	5.717600547955655754e-01
5.300000000000000266e-01	2.300017921125129261e-01	5.717597761687447377e-01
5.350000000000000311e-01	2.292418783355789635e-01	5.717594929651310665e-01
5.400000000000000355e-01	2.284748358829478132e-01	5.717592051090883976e-01
5.450000000000000400e-01	2.277006650016214218e-01	5.717589125230968516e-01
5.500000000000000444e-01	2.269193659461760104e-01	5.717586151274846040e-01
5.550000000000000488e-01	2.261309389756297195e-01	5.717583128405592241e-01
5.600000000000000533e-01	2.253353843569730341e-01	5.717580055783584303e-01
5.649999999999999467e-01	2.245327023619282381e-01	5.717576932547514534e-01
5.699999999999999512e-01	2.237228932706164519e-01	5.717573757812109969e-01
5.749999999999999556e-01	2.229059573682024564e-01	5.717570530668808493e-01
5.799999999999999600e-01	2.220818949487075589e-01	5.717567250183719363e-01
5.849999999999999645e-01	2.212507063115326245e-01	5.717563915397925189e-01
5.899999999999999689e-01	2.204123917654262077e-01	5.717560525325708909e-01
5.949999999999999734e-01	2.195669516248786313e-01	5.717557078954444982e-01
5.999999999999999778e-01	2.187143862142558182e-01	5.717553575243123909e-01
6.049999999999999822e-01	2.178546958640560083e-01	5.717550013121776020e-01
6.099999999999999867e-01	2.169878809152207821e-01	5.717546391490340163e-01
6.149999999999999911e-01	2.161139417152460607e-01	5.717542709217571240e-01
6.199999999999999956e-01	2.152328786226821444e-01	5.717538965140278595e-01
6.250000000000000000e-01	2.143446920030896985e-01	5.717535158061672895e-01
6.300000000000000044e-01	2.134493822337421853e-01	5.717531286751015296e-01
6.350000000000000089e-01	2.125469496994169816e-01	5.717527349941328163e-01
6.400000000000000133e-01	2.116373947973143876e-01	5.717523346329527190e-01
6.450000000000000178e-01	2.107207179326730517e-01	5.717519274573404919e-01
6.500000000000000222e-01	2.097969195239212381e-01	5.717515133292301321e-01
6.550000000000000266e-01	2.088659999981049287e-01	5.717510921063296836e-01
6.600000000000000311e-01	2.079279597962884474e-01	5.717506636422464705e-01
6.650000000000000355e-01	2.069827993687826384e-01	5.717502277860188054e-01
6.700000000000000400e-01	2.060305191808132208e-01	5.717497843823077242e-01
6.750000000000000444e-01	2.050711197075356651e-01	5.717493332708289966e-01
6.800000000000000488e-01	2.041046014399914843e-01	5.717488742866201346e-01
6.850000000000000533e-01	2.031309648798948486e-01	5.717484072593619349e-01
6.899999999999999467e-01	2.021502105458993503e-01	5.717479320137285326e-01
6.949999999999999512e-01	2.011623389681402585e-01	5.717474483685855979e-01
6.999999999999999556e-01	2.001673506948357106e-01	5.717469561374340925e-01
7.049999999999999600e-01	1.991652462865676765e-01	5.717464551274706874e-01
7.099999999999999645e-01	1.981560263232439723e-01	5.717459451401362136e-01
7.149999999999999689e-01	1.971396913980991428e-01	5.717454259700212038e-01
7.199999999999999734e-01	1.961162421250466359e-01	5.717448974055326927e-01
7.249999999999999778e-01	1.950856791323787587e-01	5.717443592276263420e-01
7.299999999999999822e-01	1.940480030705414860e-01	5.717438112106054682e-01
7.349999999999999867e-01	1.930032146055112030e-01	5.717432531206592117e-01
7.399999999999999911e-01	1.919513144270273697e-01	5.717426847168096682e-01
7.449999999999999956e-01	1.908923032416216803e-01	5.717421057492325653e-01
7.500000000000000000e-01	1.898261817813478580e-01	5.717415159603713715e-01
7.550000000000000044e-01	1.887529507964364472e-01	5.717409150830126130e-01
7.600000000000000089e-01	1.876726110645653423e-01	5.717403028415887212e-01
7.650000000000000133e-01	1.865851633831107359e-01	5.717396789499771259e-01
7.700000000000000178e-01	1.854906085790063164e-01	5.717390431130150441e-01
7.750000000000000222e-01	1.843889475005587031e-01	5.717383950239879331e-01
7.800000000000000266e-01	1.832801810279486576e-01	5.717377343663838651e-01
7.850000000000000311e-01	1.821643100645755076e-01	5.717370608110307062e-01
7.900000000000000355e-01	1.810413355482600739e-01	5.717363740181204967e-01
7.950000000000000400e-01	1.799112584420792804e-01	5.717356736339512802e-01
8.000000000000000444e-01	1.787740797463370501e-01	5.717349592932562397e-01
8.050000000000000488e-01	1.776298004888467175e-01	5.717342306154968856e-01
8.100000000000000533e-01	1.764784217377435849e-01	5.717334872075386931e-01
8.149999999999999467e-01	1.753199445911682863e-01	5.717327286594354741e-01
8.199999999999999512e-01	1.741543701910041875e-01	5.717319545474970344e-01
8.249999999999999556e-01	1.729816997119093536e-01	5.717311644294974515e-01
8.299999999999999600e-01	1.718019343760720241e-01	5.717303578481865989e-01
8.349999999999999645e-01	1.706150754415340365e-01	5.717295343258429474e-01
8.399999999999999689e-01	1.694211242180687083e-01	5.717286933682906858e-01
8.449999999999999734e-01	1.682200820547318787e-01	5.717278344587061190e-01
8.499999999999999778e-01	1.670119503569809094e-01	5.717269570622096619e-01
8.549999999999999822e-01	1.657967305733821506e-01	5.717260606188199201e-01
8.599999999999999867e-01	1.645744242141046754e-01	5.717251445487022687e-01
8.649999999999999911e-01	1.633450328367054005e-01	5.717242082441490458e-01
8.699999999999999956e-01	1.621085580661490444e-01	5.717232510755765329e-01
8.750000000000000000e-01	1.608650015795833332e-01	5.717222723823900399e-01
8.800000000000000044e-01	1.596143651280568232e-01	5.717212714798377560e-01
8.850000000000000089e-01	1.583566505201863261e-01	5.717202476485941931e-01
8.900000000000000133e-01	1.570918596457692995e-01	5.717192001425986936e-01
8.950000000000000178e-01	1.558199944582331076e-01	5.717181281771628321e-01
9.000000000000000222e-01	1.545410570003663275e-01	5.717170309379387971e-01
9.050000000000000266e-01	1.532550493854274165e-01	5.717159075673261537e-01
9.100000000000000311e-01	1.519619738252518115e-01	5.717147571747409618e-01
9.150000000000000355e-01	1.506618326098815297e-01	5.717135788210546687e-01
9.200000000000000400e-01	1.493546281383442142e-01	5.717123715303654707e-01
9.250000000000000444e-01	1.480403628966483198e-01	5.717111342721545864e-01
9.300000000000000488e-01	1.467190394915754148e-01	5.717098659747961165e-01
9.350000000000000533e-01	1.453906606268650648e-01	5.717085655050586634e-01
9.399999999999999467e-01	1.440552291404163521e-01	5.717072316836319112e-01
9.449999999999999512e-01	1.427127479784640607e-01	5.717058632615312774e-01
9.499999999999999556e-01	1.413632202366488788e-01	5.717044589379711717e-01
9.549999999999999600e-01	1.400066491319598150e-01	5.717030173331455467e-01
9.599999999999999645e-01	1.386430380482098490e-01	5.717015370088394111e-01
9.649999999999999689e-01	1.372723905054890614e-01	5.717000164369532289e-01
9.699999999999999734e-01	1.358947102106737859e-01	5.716984540233192025e-01
9.749999999999999778e-01	1.345100010240998789e-01	5.716968480712124601e-01
9.799999999999999822e-01	1.331182670158442549e-01	5.716951968089287739e-01
9.849999999999999867e-01	1.317195124292866726e-01	5.716934983473674903e-01
9.899999999999999911e-01	1.303137417440363155e-01	5.716917507120405917e-01
9.949999999999999956e-01	1.289009596360029264e-01	5.716899517936178121e-01
1.000000000000000000e+00	1.274811710480041327e-01	5.716880993851738424e-01
1.004999999999999893e+00	1.260543811459114427e-01	5.716861911243458216e-01
1.010000000000000009e+00	1.246205953981726622e-01	5.716842245367954600e-01
1.015000000000000124e+00	1.231798195275339847e-01	5.716821969683252291e-01
1.020000000000000018e+00	1.217320596009572042e-01	5.716801056357442290e-01
1.024999999999999911e+00	1.202773219763424994e-01	5.716779475469092597e-01
1.030000000000000027e+00	1.188156134046230855e-01	5.716757195604476038e-01
1.035000000000000142e+00	1.173469409708268879e-01	5.716734182912045492e-01
1.040000000000000036e+00	1.158713122105061027e-01	5.716710401806098796e-01
1.044999999999999929e+00	1.143887350443721779e-01	5.716685813843992436e-01
1.050000000000000044e+00	1.128992179116908162e-01	5.716660378558283684e-01
1.055000000000000160e+00	1.114027696976040427e-01	5.716634052117465226e-01
1.060000000000000053e+00	1.098993998867150573e-01	5.716606788313977061e-01
1.064999999999999947e+00	1.083891184820694881e-01	5.716578536959011636e-01
1.070000000000000062e+00	1.068719361829097020e-01	5.716549245060627005e-01
1.075000000000000178e+00	1.053478642941244603e-01	5.716518854889852674e-01
1.080000000000000071e+00	1.038169149331167329e-01	5.716487305391979579e-01
1.084999999999999964e+00	1.022791009283381125e-01	5.716454529843661980e-01
1.090000000000000080e+00	1.007344360614626788e-01	5.716420457551938394e-01
1.095000000000000195e+00	9.918293495340176069e-02	5.716385010998829008e-01
1.100000000000000089e+00	9.762461334959622594e-02	5.716348107897644137e-01
1.104999999999999982e+00	9.605948799165409113e-02	5.716309657690539225e-01
1.110000000000000098e+00	9.448757695570353388e-02	5.716269564051512653e-01
1.115000000000000213e+00	9.290889950751229920e-02	5.716227720560398406e-01
1.120000000000000107e+00	9.132347650666640393e-02	5.716184013768438321e-01
1.125000000000000000e+00	8.973133024271649771e-02	5.716138317814860592e-01
1.129999999999999893e+00	8.813248492173278437e-02	5.716090498206506387e-01
1.134999999999999787e+00	8.652696648069667373e-02	5.716040405063980145e-01
1.139999999999999902e+00	8.491480317810876088e-02	5.715987877815222884e-01
1.145000000000000018e+00	8.329602538352749719e-02	5.715932736647487689e-01
1.149999999999999911e+00	8.167066630094189927e-02	5.715874788381294369e-01
1.154999999999999805e+00	8.003876173010701645e-02	5.715813815547607923e-01
1.159999999999999920e+00	7.840035096116379498e-02	5.715749583801175149e-01
1.165000000000000036e+00	7.675547650433978131e-02	5.715681827816790905e-01
1.169999999999999929e+00	7.510418520806208531e-02	5.715610260731402992e-01
1.174999999999999822e+00	7.344652795386311106e-02	5.715534555724303134e-01
1.179999999999999938e+00	7.178256106991784402e-02	5.715454358163544191e-01
1.185000000000000053e+00	7.011234598896561032e-02	5.715369261246582289e-01
1.189999999999999947e+00	6.843595105781360988e-02	5.715278821796343500e-01
1.194999999999999840e+00	6.675345115837728882e-02	5.715182527600934925e-01
1.199999999999999956e+00	6.506493005601667046e-02	5.715079818201986850e-01
1.205000000000000071e+00	6.337047998855920017e-02	5.714970040434700360e-01
1.209999999999999964e+00	6.167020476015287744e-02	5.714852476146398130e-01
1.214999999999999858e+00	5.996421931247002818e-02	5.714726280646736933e-01
1.219999999999999973e+00	5.825265386902104409e-02	5.714590520203645108e-01
1.225000000000000089e+00	5.653565352059523180e-02	5.714444085223951975e-01
1.229999999999999982e+00	5.481338387974461768e-02	5.714285741791959028e-01
1.234999999999999876e+00	5.308603074639355740e-02	5.714114006616384245e-01
1.239999999999999991e+00	5.135380798210505832e-02	5.713927219140216840e-01
1.245000000000000107e+00	4.961695738623410346e-02	5.713723357136135661e-01
1.250000000000000000e+00	4.787575991419493193e-02	5.713500139623396423e-01
1.254999999999999893e+00	4.613053601837013157e-02	5.713254747646959730e-01
1.260000000000000009e+00	4.438166204308170021e-02	5.712983974487790828e-01
1.265000000000000124e+00	4.262957152627673552e-02	5.712683790008502571e-01
1.270000000000000018e+00	4.087477985385202378e-02	5.712349565539014407e-01
1.274999999999999911e+00	3.911788749996654435e-02	5.711975370599241542e-01
1.280000000000000027e+00	3.735961830497597225e-02	5.711554319587862638e-01
1.285000000000000142e+00	3.560082661464982617e-02	5.711077391599663766e-01
1.290000000000000036e+00	3.384255885976315131e-02	5.710533983553931492e-01
1.294999999999999929e+00	3.208606860407039324e-02	5.709909840445321905e-01
1.300000000000000044e+00	3.033291953917815684e-02	5.709187975165883611e-01
1.305000000000000160e+00	2.858501680037079870e-02	5.708344853630951121e-01
1.310000000000000053e+00	2.684478641682568750e-02	5.707352006553390034e-01
1.314999999999999947e+00	2.511524045154659920e-02	5.706168602141085122e-01
1.320000000000000062e+00	2.340030192941056422e-02	5.704744476849887835e-01
1.325000000000000178e+00	2.170493952041345834e-02	5.703004831656574014e-01
1.330000000000000071e+00	2.003576991446652869e-02	5.700856545086884219e-01
1.334999999999999964e+00	1.840132303223253329e-02	5.698155076443877087e-01
1.340000000000000080e+00	1.681312662331379756e-02	5.694719771591830737e-01
1.345000000000000195e+00	1.528612169464860920e-02	5.690261538185383827e-01
1.350000000000000089e+00	1.384022054195311810e-02	5.684427925439377027e-01
1.354999999999999982e+00	1.250028143246027269e-02	5.676662132878944611e-01
1.360000000000000098e+00	1.129614291097814222e-02	5.666354175239630697e-01
1.365000000000000213e+00	1.025897800945170003e-02	5.652677310677706179e-01
1.370000000000000107e+00	9.413453340559785679e-03	5.634999522383773440e-01
1.375000000000000000e+00	8.768992931282082459e-03	5.612906731598442667e-01
1.379999999999999893e+00	8.311066285433084053e-03	5.586563860210366217e-01
1.384999999999999787e+00	8.007035154253393933e-03	5.556703487023481047e-01
1.389999999999999902e+00	7.815846668714468773e-03	5.524187132925165722e-01
1.395000000000000018e+00	7.700159108115775704e-03	5.489983546839548589e-01
1.399999999999999911e+00	7.632140752306495676e-03	5.454716740188420010e-01
1.404999999999999805e+00	7.592569735914726260e-03	5.418899531385088508e-01
1.409999999999999920e+00	7.569862540204350121e-03	5.382795427855698867e-01
1.415000000000000036e+00	7.556765316827336945e-03	5.346598406377405244e-01
1.419999999999999929e+00	7.549241879732791760e-03	5.310400241606648697e-01
1.424999999999999822e+00	7.544844032120409834e-03	5.274266121029648202e-01
1.429999999999999938e+00	7.542246264889906730e-03	5.238226073496822233e-01
1.435000000000000053e+00	7.540652769958468629e-03	5.202301212968908350e-01
1.439999999999999947e+00	7.539636576875311143e-03	5.166501225285508037e-01
1.444999999999999840e+00	7.538942201752591062e-03	5.130832925412118772e-01
1.449999999999999956e+00	7.538432994294339863e-03	5.095299481746993209e-01
1.455000000000000071e+00	7.538027283593391921e-03	5.059903149768991693e-01
1.459999999999999964e+00	7.537681436925097733e-03	5.024645028263213797e-01
1.464999999999999858e+00	7.537369388912816374e-03	4.989525926362061714e-01
1.469999999999999973e+00	7.537077221536009689e-03	4.954546286556133494e-01
1.475000000000000089e+00	7.536796622464904394e-03	4.919706458796815896e-01
1.479999999999999982e+00	7.536523154638502357e-03	4.885006676203083598e-01
1.484999999999999876e+00	7.536254168509491994e-03	4.850447141449833466e-01
1.489999999999999991e+00	7.535988250089859820e-03	4.816028019147196582e-01
1.495000000000000107e+00	7.535724555103115105e-03	4.781749462910533377e-01
1.500000000000000000e+00	7.535462633024345332e-03	4.747611613000038977e-01
1.504999999999999893e+00	7.535202214824601209e-03	4.713614604684892018e-01
1.510000000000000009e+00	7.534943156899251079e-03	4.679758567524078816e-01
1.515000000000000124e+00	7.534685373435299344e-03	4.646043627858383318e-01
1.520000000000000018e+00	7.534428818549192969e-03	4.612469908584377332e-01
1.524999999999999911e+00	7.534173464745951704e-03	4.579037529826721076e-01
1.530000000000000027e+00	7.533919297229573452e-03	4.545746608841157999e-01
1.535000000000000142e+00	7.533666307046052273e-03	4.512597260145915223e-01
1.540000000000000036e+00	7.533414489270051119e-03	4.479589595438144278e-01
1.544999999999999929e+00	7.533163840824217382e-03	4.446723723587604482e-01
1.550000000000000044e+00	7.532914359899643870e-03	4.413999750529967736e-01
1.555000000000000160e+00	7.532666045263989099e-03	4.381417779249707212e-01
1.560000000000000053e+00	7.532418896074380421e-03	4.348977909638723216e-01
1.564999999999999947e+00	7.532172911659490259e-03	4.316680238508220357e-01
1.570000000000000062e+00	7.531928091457112950e-03	4.284524859409122310e-01
1.575000000000000178e+00	7.531684434947195743e-03	4.252511862685263710e-01
1.580000000000000071e+00	7.531441941628904020e-03	4.220641335254574078e-01
1.584999999999999964e+00	7.531200611001842050e-03	4.188913360707238187e-01
1.590000000000000080e+00	7.530960442555521481e-03	4.157328019047491496e-01
1.595000000000000195e+00	7.530721435766087914e-03	4.125885386837637725e-01
1.600000000000000089e+00	7.530483590089570231e-03	4.094585536900596234e-01
1.604999999999999982e+00	7.530246904963731544e-03	4.063428538509741839e-01
1.610000000000000098e+00	7.530011379802367157e-03	4.032414457052491685e-01
1.615000000000000213e+00	7.529777013998965700e-03	4.001543354265649222e-01
1.620000000000000107e+00	7.529543806921185772e-03	3.970815287860344767e-01
1.625000000000000000e+00	7.529311757915286424e-03	3.940230311802433438e-01
1.629999999999999893e+00	7.529080866300508386e-03	3.909788475899183546e-01
1.634999999999999787e+00	7.528851131373924359e-03	3.879489826124222773e-01
1.639999999999999902e+00	7.528622552404644168e-03	3.849334404166379064e-01
1.645000000000000018e+00	7.528395128638985107e-03	3.819322247798626613e-01
1.649999999999999911e+00	7.528168859294470661e-03	3.789453390389542209e-01
1.654999999999999805e+00	7.527943743565276673e-03	3.759727861315660946e-01
1.659999999999999920e+00	7.527719780616022767e-03	3.730145685436013214e-01
1.665000000000000036e+00	7.527496969587484793e-03	3.700706883547318360e-01
1.669999999999999929e+00	7.527275309590168544e-03	3.671411471822088601e-01
1.674999999999999822e+00	7.527054799710286744e-03	3.642259462306010054e-01
1.679999999999999938e+00	7.526835439003123733e-03	3.613250862320175338e-01
1.685000000000000053e+00	7.526617226499258788e-03	3.584385674999984173e-01
1.689999999999999947e+00	7.526400161197730442e-03	3.555663898662069777e-01
1.694999999999999840e+00	7.526184242072505269e-03	3.527085527384006269e-01
1.699999999999999956e+00	7.525969468065440114e-03	3.498650550336541709e-01
1.705000000000000071e+00	7.525755838092991999e-03	3.470358952403416741e-01
1.709999999999999964e+00	7.525543351038986063e-03	3.442210713479482709e-01
1.714999999999999858e+00	7.525332005761556191e-03	3.414205809129909341e-01
1.719999999999999973e+00	7.525121801085725599e-03	3.386344209854830756e-01
1.725000000000000089e+00	7.524912735810573849e-03	3.358625881787182799e-01
1.729999999999999982e+00	7.524704808701633552e-03	3.331050785924539182e-01
1.734999999999999876e+00	7.524498018498275952e-03	3.303618878864794661e-01
1.739999999999999991e+00	7.524292363905928961e-03	3.276330112005862438e-01
1.745000000000000107e+00	7.524087843603682185e-03	3.249184432318431570e-01
1.750000000000000000e+00	7.523884456236322807e-03	3.222181781514209531e-01
1.754999999999999893e+00	7.523682200422154853e-03	3.195322096854937843e-01
1.760000000000000009e+00	7.523481074744863342e-03	3.168605310289890897e-01
1.765000000000000124e+00	7.523281077761540848e-03	3.142031349300342669e-01
1.770000000000000018e+00	7.523082207994378177e-03	3.115600136007033449e-01
1.774999999999999911e+00	7.522884463938898231e-03	3.089311588049238888e-01
1.780000000000000027e+00	7.522687844055477545e-03	3.063165617662963469e-01
1.785000000000000142e+00	7.522492346777781384e-03	3.037162132593760888e-01
1.790000000000000036e+00	7.522297970504123084e-03	3.011301035146402016e-01
1.794999999999999929e+00	7.522104713606084757e-03	2.985582223130568980e-01
1.800000000000000044e+00	7.521912574419732656e-03	2.960005588882773653e-01
1.805000000000000160e+00	7.521721551254411352e-03	2.934571020244065576e-01
1.810000000000000053e+00	7.521531642383817717e-03	2.909278399554957040e-01
1.814999999999999947e+00	7.521342846054969444e-03	2.884127604664267208e-01
1.820000000000000062e+00	7.521155160479131574e-03	2.859118507897832617e-01
1.825000000000000178e+00	7.520968583840967163e-03	2.834250977097608759e-01
1.830000000000000071e+00	7.520783114289316361e-03	2.809524874564952590e-01
1.834999999999999964e+00	7.520598749946511875e-03	2.784940058129070084e-01
1.840000000000000080e+00	7.520415488899034016e-03	2.760496380065685096e-01
1.845000000000000195e+00	7.520233329206975348e-03	2.736193688193930829e-01
1.850000000000000089e+00	7.520052268894573434e-03	2.712031824771199418e-01
1.854999999999999982e+00	7.519872305959829015e-03	2.688010627617566928e-01
1.860000000000000098e+00	7.519693438364912115e-03	2.664129928987636897e-01
1.865000000000000213e+00	7.519515664045931143e-03	2.640389556721594033e-01
1.870000000000000107e+00	7.519338980903219304e-03	2.616789333094850512e-01
1.875000000000000000e+00	7.519163386811247678e-03	2.593329075994788568e-01
1.879999999999999893e+00	7.518988879608797145e-03	2.570008597749056656e-01
1.884999999999999787e+00	7.518815457109004168e-03	2.546827706327083329e-01
1.889999999999999902e+00	7.518643117089431234e-03	2.523786204147813184e-01
1.895000000000000018e+00	7.518471857302241011e-03	2.500883889305094976e-01
1.899999999999999911e+00	7.518301675464158368e-03	2.478120554355678351e-01
1.904999999999999805e+00	7.518132569266774631e-03	2.455495987567531957e-01
1.909999999999999920e+00	7.517964536366412466e-03	2.433009971688941675e-01
1.915000000000000036e+00	7.517797574394542888e-03	2.410662285218843071e-01
1.919999999999999929e+00	7.517631680947561672e-03	2.388452701157833813e-01
1.924999999999999822e+00	7.517466853597319990e-03	2.366380988299581767e-01
1.929999999999999938e+00	7.517303089880809745e-03	2.344446909964595926e-01
1.935000000000000053e+00	7.517140387310800032e-03	2.322650225311793937e-01
1.939999999999999947e+00	7.516978743365447004e-03	2.300990688055833122e-01
1.944999999999999840e+00	7.516818155499024011e-03	2.279468047797924002e-01
1.949999999999999956e+00	7.516658621131457746e-03	2.258082048727544922e-01
1.955000000000000071e+00	7.516500137659147714e-03	2.236832430971584518e-01
1.959999999999999964e+00	7.516342702444441665e-03	2.215718929281260408e-01
1.964999999999999858e+00	7.516186312826532261e-03	2.194741274398666064e-01
1.969999999999999973e+00	7.516030966110870924e-03	2.173899191729707914e-01
1.975000000000000089e+00	7.515876659580150373e-03	2.153192402727160393e-01
1.979999999999999982e+00	7.515723390483647348e-03	2.132620623550426642e-01
1.984999999999999876e+00	7.515571156048291013e-03	2.112183566464187201e-01
1.989999999999999991e+00	7.515419953467951039e-03	2.091880938485792818e-01
1.995000000000000107e+00	7.515269779914565858e-03	2.071712442798617215e-01
2.000000000000000000e+00	7.515120632527387372e-03	2.051677777387879709e-01
2.004999999999999893e+00	7.514972508424176863e-03	2.031776636467792219e-01
2.009999999999999787e+00	7.514825404690396796e-03	2.012008709106619109e-01
2.014999999999999680e+00	7.514679318390469175e-03	1.992373680666736646e-01
2.020000000000000018e+00	7.514534246556930919e-03	1.972871231419710270e-01
2.024999999999999911e+00	7.514390186201736453e-03	1.953501037998391643e-01
2.029999999999999805e+00	7.514247134305383595e-03	1.934262772002788566e-01
2.035000000000000142e+00	7.514105087828263849e-03	1.915156101463317551e-01
2.040000000000000036e+00	7.513964043699756200e-03	1.896180689438267675e-01
2.044999999999999929e+00	7.513823998829620779e-03	1.877336195487331605e-01
2.049999999999999822e+00	7.513684950097064032e-03	1.858622274261417240e-01
2.054999999999999716e+00	7.513546894362168813e-03	1.840038576985616459e-01
2.060000000000000053e+00	7.513409828454946544e-03	1.821584750042117562e-01
2.064999999999999947e+00	7.513273749186789863e-03	1.803260436461771032e-01
2.069999999999999840e+00	7.513138653339510031e-03	1.785065274500846622e-01
2.075000000000000178e+00	7.513004537676819077e-03	1.766998899140346246e-01
2.080000000000000071e+00	7.512871398933349855e-03	1.749060940657375385e-01
2.084999999999999964e+00	7.512739233826165076e-03	1.731251026131361559e-01
2.089999999999999858e+00	7.512608039043768698e-03	1.713568778010756133e-01
2.094999999999999751e+00	7.512477811257625357e-03	1.696013815625364296e-01
2.100000000000000089e+00	7.512348547111176097e-03	1.678585753749091969e-01
2.104999999999999982e+00	7.512220243231367348e-03	1.661284204117577379e-01
2.109999999999999876e+00	7.512092896217664045e-03	1.644108773987696948e-01
2.115000000000000213e+00	7.511966502653584683e-03	1.627059067659695490e-01
2.120000000000000107e+00	7.511841059095724846e-03	1.610134685034167179e-01
2.125000000000000000e+00	7.511716562085293120e-03	1.593335223137894163e-01
2.129999999999999893e+00	7.511593008137138969e-03	1.576660274678984563e-01
2.134999999999999787e+00	7.511470393751288645e-03	1.560109429575659568e-01
2.140000000000000124e+00	7.511348715401991276e-03	1.543682273510219027e-01
2.145000000000000018e+00	7.511227969549235696e-03	1.527378389460023744e-01
2.149999999999999911e+00	7.511108152627824289e-03	1.511197356250958412e-01
2.155000000000000249e+00	7.510989261058875939e-03	1.495138750089839985e-01
2.160000000000000142e+00	7.510871291238917224e-03	1.479202143118064361e-01
2.165000000000000036e+00	7.510754239551370622e-03	1.463387104944700590e-01
2.169999999999999929e+00	7.510638102355673452e-03	1.447693201200938029e-01
2.174999999999999822e+00	7.510522875998739203e-03	1.432119995073171947e-01
2.180000000000000160e+00	7.510408556804113768e-03	1.416667045858882312e-01
2.185000000000000053e+00	7.510295141083404673e-03	1.401333910498991364e-01
2.189999999999999947e+00	7.510182625125472883e-03	1.386120142135798539e-01
2.195000000000000284e+00	7.510071005207830802e-03	1.371025291643910016e-01
2.200000000000000178e+00	7.509960277585873110e-03	1.356048906190845948e-01
2.205000000000000071e+00	7.509850438504240937e-03	1.341190530765860311e-01
2.209999999999999964e+00	7.509741484186090860e-03	1.326449706743804136e-01
2.214999999999999858e+00	7.509633410844418315e-03	1.311825973411176460e-01
2.220000000000000195e+00	7.509526214671379506e-03	1.297318866533825055e-01
2.225000000000000089e+00	7.509419891849565369e-03	1.282927919879578715e-01
2.229999999999999982e+00	7.509314438541371192e-03	1.268652663790346691e-01
2.235000000000000320e+00	7.509209850900227211e-03	1.254492626700684788e-01
2.240000000000000213e+00	7.509106125060019399e-03	1.240447333714873590e-01
2.245000000000000107e+00	7.509003257146267159e-03	1.226516308120781801e-01
2.250000000000000000e+00	7.508901243265601357e-03	1.212699069972449639e-01
2.254999999999999893e+00	7.508800079516883899e-03	1.198995137598660859e-01
2.259999999999999787e+00	7.508699761980749086e-03	1.185404026191555771e-01
2.264999999999999680e+00	7.508600286730662474e-03	1.171925249309309219e-01
2.270000000000000018e+00	7.508501649822522939e-03	1.158558317471289206e-01
2.274999999999999911e+00	7.508403847305660829e-03	1.145302739654267821e-01
2.279999999999999805e+00	7.508306875212503347e-03	1.132158021894621308e-01
2.285000000000000142e+00	7.508210729569510244e-03	1.119123668777501912e-01
2.290000000000000036e+00	7.508115406386903397e-03	1.106199182046582186e-01
2.294999999999999929e+00	7.508020901669533974e-03	1.093384062085630132e-01
2.299999999999999822e+00	7.507927211406687472e-03	1.080677806536259750e-01
2.304999999999999716e+00	7.507834331582871959e-03	1.068079911771391416e-01
2.310000000000000053e+00	7.507742258167700300e-03	1.055589871521463718e-01
2.314999999999999947e+00	7.507650987126602941e-03	1.043207178339255609e-01
2.319999999999999840e+00	7.507560514410785597e-03	1.030931322235003472e-01
2.325000000000000178e+00	7.507470835967863972e-03	1.018761792132079069e-01
2.330000000000000071e+00	7.507381947731899506e-03	1.006698074511458707e-01
2.334999999999999964e+00	7.507293845633956041e-03	9.947396548577533415e-02
2.339999999999999858e+00	7.507206525592210154e-03	9.828860163134398031e-02
2.344999999999999751e+00	7.507119983522426293e-03	9.711366411147909217e-02
2.350000000000000089e+00	7.507034215328158185e-03	9.594910092562591863e-02
2.354999999999999982e+00	7.506949216911126821e-03	9.479485999158496212e-02
2.359999999999999876e+00	7.506864984161512946e-03	9.365088901300466784e-02
2.365000000000000213e+00	7.506781512968243968e-03	9.251713562081807785e-02
2.370000000000000107e+00	7.506698799209374044e-03	9.139354724182854883e-02
2.375000000000000000e+00	7.506616838762280794e-03	9.028007123900226583e-02
2.379999999999999893e+00	7.506535627494135589e-03	8.917665478118270983e-02
2.384999999999999787e+00	7.506455161272004850e-03	8.808324498219875787e-02
2.390000000000000124e+00	7.506375435953412285e-03	8.699978877174220637e-02
2.395000000000000018e+00	7.506296447396341304e-03	8.592623303325178097e-02
2.399999999999999911e+00	7.506218191449897867e-03	8.486252447598680027e-02
2.405000000000000249e+00	7.506140663964209689e-03	8.380860977164870940e-02
2.410000000000000142e+00	7.506063860781181894e-03	8.276443542768421868e-02
2.415000000000000036e+00	7.505987777744301676e-03	8.172994792260651620e-02
2.419999999999999929e+00	7.505912410689487627e-03	8.070509358055778792e-02
2.424999999999999822e+00	7.505837755454791184e-03	7.968981870529701084e-02
2.430000000000000160e+00	7.505763807871348309e-03	7.868406945604979053e-02
2.435000000000000053e+00	7.505690563772974243e-03	7.768779198012887299e-02
2.439999999999999947e+00	7.505618018987214070e-03	7.670093229009979086e-02
2.445000000000000284e+00	7.505546169344830786e-03	7.572343639500153656e-02
2.450000000000000178e+00	7.505475010670966014e-03	7.475525017885523149e-02
2.455000000000000071e+00	7.505404538794507516e-03	7.379631953045369397e-02
2.459999999999999964e+00	7.505334749539361791e-03	7.284659022323780597e-02
2.464999999999999858e+00	7.505265638733709700e-03	7.190600804362695664e-02
2.470000000000000195e+00	7.505197202201383151e-03	7.097451867228661559e-02
2.475000000000000089e+00	7.505129435771007960e-03	7.005206781097153557e-02
2.479999999999999982e+00	7.505062335267490697e-03	6.913860106520720861e-02
2.485000000000000320e+00	7.504995896521047920e-03	6.823406406961950166e-02
2.490000000000000213e+00	7.504930115358791898e-03	6.733840237205201973e-02
2.495000000000000107e+00	7.504864987613655766e-03	6.645156155735655601e-02
2.500000000000000000e+00	7.504800509116086801e-03	6.557348713296594356e-02
2.504999999999999893e+00	7.504736675702849275e-03	6.470412465112299061e-02
2.509999999999999787e+00	7.504673483208833089e-03	6.384341959592700066e-02
2.514999999999999680e+00	7.504610927475733467e-03	6.299131750397923835e-02
2.520000000000000018e+00	7.504549004343980152e-03	6.214776385292031247e-02
2.524999999999999911e+00	7.504487709661287857e-03	6.131270418047202186e-02
2.529999999999999805e+00	7.504427039274702560e-03	6.048608397448160950e-02
2.535000000000000142e+00	7.504366989039035728e-03	5.966784879034012223e-02
2.540000000000000036e+00	7.504307554809014694e-03	5.885794414254982843e-02
2.544999999999999929e+00	7.504248732447601523e-03	5.805631562050062033e-02
2.549999999999999822e+00	7.504190517818258750e-03	5.726290878157354325e-02
2.554999999999999716e+00	7.504132906793138137e-03	5.647766926525986386e-02
2.560000000000000053e+00	7.504075895245472180e-03	5.570054268781304135e-02
2.564999999999999947e+00	7.504019479057632766e-03	5.493147475469498109e-02
2.569999999999999840e+00	7.503963654113635431e-03	5.417041115678798702e-02
2.575000000000000178e+00	7.503908416307081795e-03	5.341729768115401067e-02
2.580000000000000071e+00	7.503853761533775708e-03	5.267208010881746505e-02
2.584999999999999964e+00	7.503799685699539916e-03	5.193470432382476382e-02
2.589999999999999858e+00	7.503746184712948436e-03	5.120511621260637886e-02
2.594999999999999751e+00	7.503693254493022657e-03	5.048326177132613640e-02
2.600000000000000089e+00	7.503640890962076475e-03	4.976908700683042863e-02
2.604999999999999982e+00	7.503589090053287489e-03	4.906253804227675430e-02
2.609999999999999876e+00	7.503537847703657497e-03	4.836356101967728693e-02
2.615000000000000213e+00	7.503487159861461399e-03	4.767210220379768104e-02
2.620000000000000107e+00	7.503437022479321310e-03	4.698810788630117252e-02
2.625000000000000000e+00	7.503387431521532300e-03	4.631152448790981646e-02
2.629999999999999893e+00	7.503338382957250134e-03	4.564229846415353981e-02
2.634999999999999787e+00	7.503289872767693845e-03	4.498037640578768370e-02
2.640000000000000124e+00	7.503241896939451434e-03	4.432570494615070689e-02
2.645000000000000018e+00	7.503194451471550605e-03	4.367823085983307818e-02
2.649999999999999911e+00	7.503147532368885896e-03	4.303790097164570533e-02
2.655000000000000249e+00	7.503101135649160175e-03	4.240466225353616003e-02
2.660000000000000142e+00	7.503055257336435808e-03	4.177846173517040657e-02
2.665000000000000036e+00	7.503009893467938243e-03	4.115924659909208499e-02
2.669999999999999929e+00	7.502965040087733808e-03	4.054696409291866366e-02
2.674999999999999822e+00	7.502920693253402329e-03	3.994156162274281607e-02
2.680000000000000160e+00	7.502876849029830285e-03	3.934298666694167196e-02
2.685000000000000053e+00	7.502833503495763730e-03	3.875118686781969107e-02
2.689999999999999947e+00	7.502790652737711605e-03	3.816610994703002052e-02
2.695000000000000284e+00	7.502748292856371154e-03	3.758770379545892104e-02
2.700000000000000178e+00	7.502706419960652670e-03	3.701591639025768321e-02
2.705000000000000071e+00	7.502665030173980010e-03	3.645069588296921681e-02
2.709999999999999964e+00	7.502624119628423759e-03	3.589199051816770875e-02
2.714999999999999858e+00	7.502583684470882051e-03	3.533974871982986654e-02
2.720000000000000195e+00	7.502543720857329096e-03	3.479391901157827260e-02
2.725000000000000089e+00	7.502504224958865021e-03	3.425445010130088314e-02
2.729999999999999982e+00	7.502465192956086701e-03	3.372129080299291620e-02
2.735000000000000320e+00	7.502426621045011831e-03	3.319439011962882491e-02
2.740000000000000213e+00	7.502388505431557310e-03	3.267369716659811879e-02
2.745000000000000107e+00	7.502350842337343617e-03	3.215916125283371091e-02
2.750000000000000000e+00	7.502313627994292022e-03	3.165073180583571205e-02
2.754999999999999893e+00	7.502276858650297128e-03	3.114835845106312881e-02
2.759999999999999787e+00	7.502240530563938567e-03	3.065199093853755372e-02
2.764999999999999680e+00	7.502204640010034717e-03	3.016157922050524340e-02
2.770000000000000018e+00	7.502169183274467155e-03	2.967707337961343617e-02
2.774999999999999911e+00	7.502134156659605140e-03	2.919842370484998506e-02
2.779999999999999805e+00	7.502099556479247151e-03	2.872558062128409764e-02
2.785000000000000142e+00	7.502065379063923949e-03	2.825849476429201715e-02
2.790000000000000036e+00	7.502031620755949398e-03	2.779711691085320208e-02
2.794999999999999929e+00	7.501998277914600360e-03	2.734139805207118704e-02
2.799999999999999822e+00	7.501965346911286352e-03	2.689128932601517891e-02
2.804999999999999716e+00	7.501932824134597590e-03	2.644674208854654388e-02
2.810000000000000053e+00	7.501900705985592617e-03	2.600770784769520713e-02
2.814999999999999947e+00	7.501868988882726651e-03	2.557413833280269833e-02
2.819999999999999840e+00	7.501837669257239820e-03	2.514598543042231502e-02
2.825000000000000178e+00	7.501806743557977095e-03	2.472320125178963102e-02
2.830000000000000071e+00	7.501776208246881475e-03	2.430573807023551219e-02
2.834999999999999964e+00	7.501746059803689887e-03	2.389354838699650832e-02
2.839999999999999858e+00	7.501716294721540862e-03	2.348658487012737425e-02
2.844999999999999751e+00	7.501686909511552474e-03	2.308480041866504615e-02
2.850000000000000089e+00	7.501657900698533235e-03	2.268814810302804616e-02
2.854999999999999982e+00	7.501629264825444669e-03	2.229658122754694591e-02
2.859999999999999876e+00	7.501600998449221500e-03	2.191005327233759223e-02
2.865000000000000213e+00	7.501573098145114527e-03	2.152851795421227912e-02
2.870000000000000107e+00	7.501545560502616630e-03	2.115192917001304518e-02
2.875000000000000000e+00	7.501518382129692027e-03	2.078024105591816384e-02
2.879999999999999893e+00	7.501491559648805485e-03	2.041340793222096509e-02
2.884999999999999787e+00	7.501465089701041429e-03	2.005138436104735369e-02
2.890000000000000124e+00	7.501438968942230300e-03	1.969412509256509083e-02
2.895000000000000018e+00	7.501413194046955765e-03	1.934158512112846978e-02
2.899999999999999911e+00	7.501387761704791241e-03	1.899371963290277104e-02
2.905000000000000249e+00	7.501362668624186533e-03	1.865048406045194396e-02
2.910000000000000142e+00	7.501337911528807578e-03	1.831183403176318142e-02
2.915000000000000036e+00	7.501313487161317267e-03	1.797772542329457643e-02
2.919999999999999929e+00	7.501289392279807990e-03	1.764811431038307288e-02
2.924999999999999822e+00	7.501265623661477512e-03	1.732295701877004448e-02
2.930000000000000160e+00	7.501242178099162133e-03	1.700221007637609666e-02
2.935000000000000053e+00	7.501219052404900674e-03	1.668583026332221345e-02
2.939999999999999947e+00	7.501196243406566509e-03	1.637377456505466344e-02
2.945000000000000284e+00	7.501173747951325743e-03	1.606600022087984608e-02
2.950000000000000178e+00	7.501151562902364650e-03	1.576246467842237764e-02
2.955000000000000071e+00	7.501129685142243764e-03	1.546312564069225563e-02
2.959999999999999964e+00	7.501108111569719863e-03	1.516794102185842381e-02
2.964999999999999858e+00	7.501086839102994244e-03	1.487686899286760206e-02
2.970000000000000195e+00	7.501065864676630980e-03	1.458986793851531349e-02
2.975000000000000089e+00	7.501045185244704580e-03	1.430689650163582440e-02
2.979999999999999982e+00	7.501024797777802386e-03	1.402791354145276233e-02
2.985000000000000320e+00	7.501004699266080288e-03	1.375287817635958802e-02
2.990000000000000213e+00	7.500984886716356194e-03	1.348174974353169749e-02
2.995000000000000107e+00	7.500965357155058195e-03	1.321448784031764058e-02
3.000000000000000000e+00	7.500946107625410843e-03	1.295105228509361474e-02
3.004999999999999893e+00	7.500927135190289634e-03	1.269140315728628857e-02
3.009999999999999787e+00	7.500908436929494029e-03	1.243550075945093827e-02
3.014999999999999680e+00	7.500890009942501324e-03	1.218330565594595398e-02
3.020000000000000018e+00	7.500871851345830739e-03	1.193477863621596191e-02
3.024999999999999911e+00	7.500853958275700145e-03	1.168988075213918398e-02
3.029999999999999805e+00	7.500836327885476891e-03	1.144857328249594859e-02
3.035000000000000142e+00	7.500818957348239988e-03	1.121081776901003760e-02
3.040000000000000036e+00	7.500801843854315067e-03	1.097657598198360437e-02
3.044999999999999929e+00	7.500784984613747229e-03	1.074580995505351397e-02
3.049999999999999822e+00	7.500768376853914066e-03	1.051848195197304867e-02
3.054999999999999716e+00	7.500752017821911768e-03	1.029455450010510580e-02
3.060000000000000053e+00	7.500735904782247082e-03	1.007399035833091670e-02
3.064999999999999947e+00	7.500720035019136679e-03	9.856752549301774080e-03
3.069999999999999840e+00	7.500704405834278908e-03	9.642804328455045759e-03
3.075000000000000178e+00	7.500689014549064698e-03	9.432109215046219700e-03
3.080000000000000071e+00	7.500673858502424768e-03	9.224630962252469701e-03
3.084999999999999964e+00	7.500658935052958998e-03	9.020333587006899856e-03
3.089999999999999858e+00	7.500644241576862568e-03	8.819181341169747557e-03
3.094999999999999751e+00	7.500629775469966863e-03	8.621138740186912175e-03
3.100000000000000089e+00	7.500615534145742801e-03	8.426170535308814824e-03
3.104999999999999982e+00	7.500601515037254134e-03	8.234241741095571845e-03
3.109999999999999876e+00	7.500587715595244051e-03	8.045317608663209857e-03
3.115000000000000213e+00	7.500574133290004337e-03	7.859363652057683308e-03
3.120000000000000107e+00	7.500560765609528766e-03	7.676345622508771310e-03
3.125000000000000000e+00	7.500547610061312001e-03	7.496229533694867032e-03
3.129999999999999893e+00	7.500534664170564574e-03	7.318981636984498579e-03
3.134999999999999787e+00	7.500521925481942395e-03	7.144568445614607292e-03
3.140000000000000124e+00	7.500509391557828517e-03	6.972956710899307076e-03
3.145000000000000018e+00	7.500497059979981986e-03	6.804113445343894229e-03
3.149999999999999911e+00	7.500484928347895923e-03	6.638005899801025997e-03
3.155000000000000249e+00	7.500472994280367456e-03	6.474601585542800845e-03
3.160000000000000142e+00	7.500461255413920850e-03	6.313868252344268135e-03
3.165000000000000036e+00	7.500449709404306310e-03	6.155773909535864827e-03
3.169999999999999929e+00	7.500438353924992509e-03	6.000286804994339057e-03
3.174999999999999822e+00	7.500427186668585586e-03	5.847375445197899521e-03
3.180000000000000160e+00	7.500416205345392801e-03	5.697008575104489138e-03
3.185000000000000053e+00	7.500405407684771278e-03	5.549155197232267037e-03
3.189999999999999947e+00	7.500394791433746301e-03	5.403784552404920435e-03
3.195000000000000284e+00	7.500384354358301947e-03	5.260866137879671549e-03
3.200000000000000178e+00	7.500374094242057491e-03	5.120369688940494546e-03
3.205000000000000071e+00	7.500364008887487784e-03	4.982265196095252494e-03
3.209999999999999964e+00	7.500354096114661244e-03	4.846522887496903902e-03
3.214999999999999858e+00	7.500344353762396048e-03	4.713113245232384424e-03
3.220000000000000195e+00	7.500334779687057099e-03	4.582006988552149440e-03
3.225000000000000089e+00	7.500325371763648039e-03	4.453175089272507978e-03
3.229999999999999982e+00	7.500316127884662856e-03	4.326588755793984824e-03
3.235000000000000320e+00	7.500307045961118919e-03	4.202219447639149799e-03
3.240000000000000213e+00	7.500298123921463229e-03	4.080038860240456366e-03
3.245000000000000107e+00	7.500289359712543867e-03	3.960018938635155757e-03
3.250000000000000000e+00	7.500280751298572628e-03	3.842131863003426465e-03
3.254999999999999893e+00	7.500272296662034884e-03	3.726350061542081562e-03
3.259999999999999787e+00	7.500263993802707731e-03	3.612646196733799130e-03
3.264999999999999680e+00	7.500255840738511738e-03	3.500993177421149374e-03
3.270000000000000018e+00	7.500247835504577666e-03	3.391364145787908232e-03
3.274999999999999911e+00	7.500239976154045307e-03	3.283732488654678063e-03
3.279999999999999805e+00	7.500232260757180511e-03	3.178071825153619672e-03
3.285000000000000142e+00	7.500224687402121115e-03	3.074356017266694895e-03
3.290000000000000036e+00	7.500217254194035607e-03	2.972559158175320116e-03
3.294999999999999929e+00	7.500209959255823081e-03	2.872655582062246058e-03
3.299999999999999822e+00	7.500202800727319603e-03	2.774619853117464563e-03
3.304999999999999716e+00	7.500195776765941798e-03	2.678426774624620768e-03
3.310000000000000053e+00	7.500188885545941778e-03	2.584051378604906943e-03
3.314999999999999947e+00	7.500182125259002158e-03	2.491468934208558757e-03
3.319999999999999840e+00	7.500175494113536963e-03	2.400654937978775275e-03
3.325000000000000178e+00	7.500168990335231989e-03	2.311585121568615533e-03
3.330000000000000071e+00	7.500162612166395154e-03	2.224235442607182863e-03
3.334999999999999964e+00	7.500156357866448291e-03	2.138582091761920094e-03
3.339999999999999858e+00	7.500150225711317391e-03	2.054601484189345819e-03
3.344999999999999751e+00	7.500144213993883632e-03	1.972270265962873612e-03
3.350000000000000089e+00	7.500138321023410923e-03	1.891565306090563919e-03
3.354999999999999982e+00	7.500132545125952691e-03	1.812463702328283690e-03
3.359999999999999876e+00	7.500126884643818458e-03	1.734942773747213170e-03
3.365000000000000213e+00	7.500121337935945071e-03	1.658980065951554768e-03
3.370000000000000107e+00	7.500115903377391896e-03	1.584553344179072442e-03
3.375000000000000000e+00	7.500110579359675622e-03	1.511640597942572268e-03
3.379999999999999893e+00	7.500105364290304485e-03	1.440220034646592321e-03
3.384999999999999787e+00	7.500100256593067102e-03	1.370270083671723451e-03
3.390000000000000124e+00	7.500095254707609196e-03	1.301769390490773544e-03
3.395000000000000018e+00	7.500090357089680797e-03	1.234696820214817694e-03
3.399999999999999911e+00	7.500085562210748527e-03	1.169031452192541938e-03
3.405000000000000249e+00	7.500080868558203773e-03	1.104752583036155240e-03
3.410000000000000142e+00	7.500076274635008797e-03	1.041839721688128011e-03
3.415000000000000036e+00	7.500071778959874549e-03	9.802725919453132101e-04
3.419999999999999929e+00	7.500067380066931071e-03	9.200311279770263025e-04
3.424999999999999822e+00	7.500063076505875809e-03	8.610954763652660078e-04
3.430000000000000160e+00	7.500058866841676115e-03	8.034459920586417949e-04
3.435000000000000053e+00	7.500054749654677666e-03	7.470632399463137535e-04
3.439999999999999947e+00	7.500050723540345986e-03	6.919279912325646204e-04
3.445000000000000284e+00	7.500046787109335839e-03	6.380212245616511844e-04
3.450000000000000178e+00	7.500042938987265713e-03	5.853241227981172915e-04
3.455000000000000071e+00	7.500039177814757721e-03	5.338180737196885879e-04
3.459999999999999964e+00	7.500035502247232901e-03	4.834846671882416739e-04
3.464999999999999858e+00	7.500031910954927696e-03	4.343056954276563889e-04
3.470000000000000195e+00	7.500028402622718748e-03	3.862631505710373259e-04
3.475000000000000089e+00	7.500024975950102951e-03	3.393392245398916965e-04
3.479999999999999982e+00	7.500021629651054331e-03	2.935163069534633116e-04
3.485000000000000320e+00	7.500018362453972874e-03	2.487769846252882899e-04
3.490000000000000213e+00	7.500015173101569170e-03	2.051040398206321229e-04
3.495000000000000107e+00	7.500012060350787213e-03	1.624804493864044207e-04
3.500000000000000000e+00	7.500009022972710729e-03	1.208893833429732645e-04
3.504999999999999893e+00	7.500006059752465162e-03	8.031420366298177389e-05
3.509999999999999787e+00	7.500003169489137880e-03	4.073846318406822338e-05
3.514999999999999680e+00	7.500000350995668884e-03	2.145904051903572445e-06
3.520000000000000018e+00	7.499997603098784889e-03	-3.547954305929698431e-05
3.524999999999999911e+00	7.499994924638866620e-03	-7.215376082472860209e-05
3.529999999999999805e+00	7.499992314469908911e-03	-1.078924457534567320e-04
3.535000000000000142e+00	7.499989771459361979e-03	-1.427111103726632756e-04
3.540000000000000036e+00	7.499987294488114076e-03	-1.766250834298530839e-04
3.544999999999999929e+00	7.499984882450311946e-03	-2.096495123689256460e-04
3.549999999999999822e+00	7.499982534253360825e-03	-2.417993632625086223e-04
3.554999999999999716e+00	7.499980248817728415e-03	-2.730894235659232349e-04
3.560000000000000053e+00	7.499978025076958765e-03	-3.035343017915710065e-04
3.564999999999999947e+00	7.499975861977460634e-03	-3.331484305270780884e-04
3.569999999999999840e+00	7.499973758478543050e-03	-3.619460658636421569e-04
3.575000000000000178e+00	7.499971713552172452e-03	-3.899412906648687329e-04
3.580000000000000071e+00	7.499969726183041210e-03	-4.171480137605638127e-04
3.584999999999999964e+00	7.499967795368299613e-03	-4.435799734533165881e-04
3.589999999999999858e+00	7.499965920117636527e-03	-4.692507364888878828e-04
3.594999999999999751e+00	7.499964099453004449e-03	-4.941737017875830022e-04
3.600000000000000089e+00	7.499962332408708840e-03	-5.183620992024810499e-04
3.604999999999999982e+00	7.499960618031122767e-03	-5.418289934631301784e-04
3.609999999999999876e+00	7.499958955378785777e-03	-5.645872827321105850e-04
3.615000000000000213e+00	7.499957343522107266e-03	-5.866497027489965413e-04
3.620000000000000107e+00	7.499955781543478361e-03	-6.080288251956946942e-04
3.625000000000000000e+00	7.499954268536960546e-03	-6.287370620287162370e-04
3.629999999999999893e+00	7.499952803608416624e-03	-6.487866636635593754e-04
3.634999999999999787e+00	7.499951385875177658e-03	-6.681897234838044637e-04
3.640000000000000124e+00	7.499950014466191285e-03	-6.869581758543777091e-04
3.645000000000000018e+00	7.499948688521677377e-03	-7.051038007960969698e-04
3.649999999999999911e+00	7.499947407193285898e-03	-7.226382218375869849e-04
3.655000000000000249e+00	7.499946169643742153e-03	-7.395729108443161760e-04
3.660000000000000142e+00	7.499944975047018528e-03	-7.559191857184443912e-04
3.665000000000000036e+00	7.499943822587964992e-03	-7.716882153717927488e-04
3.669999999999999929e+00	7.499942711462489510e-03	-7.868910172827631774e-04
3.674999999999999822e+00	7.499941640877187676e-03	-8.015384626028473816e-04
3.680000000000000160e+00	7.499940610049524864e-03	-8.156412735795124302e-04
3.685000000000000053e+00	7.499939618207461522e-03	-8.292100287861242387e-04
3.689999999999999947e+00	7.499938664589641396e-03	-8.422551604193927004e-04
3.695000000000000284e+00	7.499937748445007282e-03	-8.547869596430206045e-04
3.700000000000000178e+00	7.499936869033003994e-03	-8.668155737680994935e-04
3.705000000000000071e+00	7.499936025623181977e-03	-8.783510117009513856e-04
3.709999999999999964e+00	7.499935217495409812e-03	-8.894031410145571094e-04
3.714999999999999858e+00	7.499934443939470022e-03	-8.999816934913975556e-04
3.720000000000000195e+00	7.499933704255275051e-03	-9.100962620937969646e-04
3.725000000000000089e+00	7.499932997752465670e-03	-9.197563065929141232e-04
3.729999999999999982e+00	7.499932323750629556e-03	-9.289711504455785279e-04
3.735000000000000320e+00	7.499931681578889293e-03	-9.377499865007668002e-04
3.740000000000000213e+00	7.499931070576137428e-03	-9.461018737903664245e-04
3.745000000000000107e+00	7.499930490090609726e-03	-9.540357433047473926e-04
3.750000000000000000e+00	7.499929939480128038e-03	-9.615603947046019858e-04
3.754999999999999893e+00	7.499929418111677022e-03	-9.686845021576345229e-04
3.759999999999999787e+00	7.499928925361640936e-03	-9.754166109783252245e-04
3.764999999999999680e+00	7.499928460615383832e-03	-9.817651435178702257e-04
3.770000000000000018e+00	7.499928023267489821e-03	-9.877383957385581833e-04
3.774999999999999911e+00	7.499927612721338059e-03	-9.933445431494439953e-04
3.779999999999999805e+00	7.499927228389349082e-03	-9.985916373219092847e-04
3.785000000000000142e+00	7.499926869692556328e-03	-1.003487611863721971e-03
3.790000000000000036e+00	7.499926536060856803e-03	-1.008040278881886529e-03
3.794999999999999929e+00	7.499926226932578273e-03	-1.012257334988179254e-03
3.799999999999999822e+00	7.499925941754738597e-03	-1.016146357715329036e-03
3.804999999999999716e+00	7.499925679982603378e-03	-1.019714811547272650e-03
3.810000000000000053e+00	7.499925441079955714e-03	-1.022970044294439209e-03
3.814999999999999947e+00	7.499925224518647765e-03	-1.025919293142239569e-03
3.819999999999999840e+00	7.499925029778874846e-03	-1.028569680990916880e-03
3.825000000000000178e+00	7.499924856348726132e-03	-1.030928222516056978e-03
3.830000000000000071e+00	7.499924703724461343e-03	-1.033001820478500650e-03
3.834999999999999964e+00	7.499924571410060588e-03	-1.034797271790764001e-03
3.839999999999999858e+00	7.499924458917499315e-03	-1.036321263802186246e-03
3.844999999999999751e+00	7.499924365766307693e-03	-1.037580380365533744e-03
3.850000000000000089e+00	7.499924291483836027e-03	-1.038581098102241617e-03
3.854999999999999982e+00	7.499924235604820202e-03	-1.039329792463729914e-03
3.859999999999999876e+00	7.499924197671649709e-03	-1.039832733981592167e-03
3.865000000000000213e+00	7.499924177233929616e-03	-1.040096094318204191e-03
3.870000000000000107e+00	7.499924173848751194e-03	-1.040125942506338200e-03
3.875000000000000000e+00	7.499924187080255628e-03	-1.039928250984157145e-03
3.879999999999999893e+00	7.499924216499904636e-03	-1.039508891828631963e-03
3.884999999999999787e+00	7.499924261686047658e-03	-1.038873642770000256e-03
3.890000000000000124e+00	7.499924322224188998e-03	-1.038028183423190566e-03
3.895000000000000018e+00	7.499924397706556750e-03	-1.036978101277063156e-03
3.899999999999999911e+00	7.499924487732374280e-03	-1.035728887927918340e-03
3.905000000000000249e+00	7.499924591907426545e-03	-1.034285945039115561e-03
3.910000000000000142e+00	7.499924709844336783e-03	-1.032654580580352711e-03
3.915000000000000036e+00	7.499924841162130228e-03	-1.030840014753574112e-03
3.919999999999999929e+00	7.499924985486507330e-03	-1.028847376241762189e-03
3.924999999999999822e+00	7.499925142449419616e-03	-1.026681708096977312e-03
3.930000000000000160e+00	7.499925311689335967e-03	-1.024347964002117169e-03
3.935000000000000053e+00	7.499925492850822821e-03	-1.021851014117387433e-03
3.939999999999999947e+00	7.499925685584806975e-03	-1.019195641358310294e-03
3.945000000000000284e+00	7.499925889548160994e-03	-1.016386547197011643e-03
3.950000000000000178e+00	7.499926104403968619e-03	-1.013428347959642031e-03
3.955000000000000071e+00	7.499926329821105832e-03	-1.010325580578998140e-03
3.959999999999999964e+00	7.499926565474508873e-03	-1.007082698914399735e-03
3.964999999999999858e+00	7.499926811044760507e-03	-1.003704079452441599e-03
3.970000000000000195e+00	7.499927066218352832e-03	-1.000194017652145410e-03
3.975000000000000089e+00	7.499927330687280493e-03	-9.965567335908642743e-04
3.979999999999999982e+00	7.499927604149299147e-03	-9.927963683372766947e-04
3.985000000000000320e+00	7.499927886307523883e-03	-9.889169895394402457e-04
3.990000000000000213e+00	7.499928176870687691e-03	-9.849225878283971239e-04
3.995000000000000107e+00	7.499928475552739872e-03	-9.808170823457636016e-04
4.000000000000000000e+00	7.499928782073104518e-03	-9.766043171801212005e-04
4.004999999999999893e+00	7.499929096156282386e-03	-9.722880668316159509e-04
4.009999999999999787e+00	7.499929417532110246e-03	-9.678720326834895334e-04
4.014999999999999680e+00	7.499929745935365356e-03	-9.633598484013223976e-04
4.019999999999999574e+00	7.499930081106017873e-03	-9.587550764418189576e-04
4.025000000000000355e+00	7.499930422788846605e-03	-9.540612133843838103e-04
4.030000000000000249e+00	7.499930770733687947e-03	-9.492816864791896354e-04
4.035000000000000142e+00	7.499931124695052506e-03	-9.444198589091691012e-04
4.040000000000000036e+00	7.499931484432374035e-03	-9.394790263791174319e-04
4.044999999999999929e+00	7.499931849709630394e-03	-9.344624223061190555e-04
4.049999999999999822e+00	7.499932220295588148e-03	-9.293732144515867450e-04
4.054999999999999716e+00	7.499932595963434805e-03	-9.242145100383439412e-04
4.059999999999999609e+00	7.499932976491013870e-03	-9.189893524270616480e-04
4.064999999999999503e+00	7.499933361660461421e-03	-9.137007261584022180e-04
4.070000000000000284e+00	7.499933751258443769e-03	-9.083515536754910389e-04
4.075000000000000178e+00	7.499934145075796629e-03	-9.029447002896702533e-04
4.080000000000000071e+00	7.499934542907756713e-03	-8.974829709502495740e-04
4.084999999999999964e+00	7.499934944553612176e-03	-8.919691151325139259e-04
4.089999999999999858e+00	7.499935349816928137e-03	-8.864058236562153293e-04
4.094999999999999751e+00	7.499935758505200598e-03	-8.807957334944638153e-04
4.099999999999999645e+00	7.499936170430080221e-03	-8.751414246420417603e-04
4.105000000000000426e+00	7.499936585407031460e-03	-8.694454248442725491e-04
4.110000000000000320e+00	7.499937003255555470e-03	-8.637102065162312629e-04
4.115000000000000213e+00	7.499937423798851838e-03	-8.579381913905280302e-04
4.120000000000000107e+00	7.499937846864037153e-03	-8.521317474883572394e-04
4.125000000000000000e+00	7.499938272281817149e-03	-8.462931936853269150e-04
4.129999999999999893e+00	7.499938699886696605e-03	-8.404247967353197435e-04
4.134999999999999787e+00	7.499939129516659288e-03	-8.345287757536133276e-04
4.139999999999999680e+00	7.499939561013378719e-03	-8.286072992943298559e-04
4.144999999999999574e+00	7.499939994221892919e-03	-8.226624897501794761e-04
4.150000000000000355e+00	7.499940428990820376e-03	-8.166964204841895697e-04
4.155000000000000249e+00	7.499940865172041726e-03	-8.107111201455252398e-04
4.160000000000000142e+00	7.499941302620903583e-03	-8.047085698561136933e-04
4.165000000000000036e+00	7.499941741195914092e-03	-7.986907074421450243e-04
4.169999999999999929e+00	7.499942180758941562e-03	-7.926594246761203616e-04
4.174999999999999822e+00	7.499942621174911749e-03	-7.866165714236304915e-04
4.179999999999999716e+00	7.499943062312003882e-03	-7.805639529413201062e-04
4.185000000000000497e+00	7.499943504041357498e-03	-7.745033339387407626e-04
4.190000000000000391e+00	7.499943946237265860e-03	-7.684364359325550819e-04
4.195000000000000284e+00	7.499944388776878454e-03	-7.623649412232034019e-04
4.200000000000000178e+00	7.499944831540400481e-03	-7.562904903058128344e-04
4.205000000000000071e+00	7.499945274410801423e-03	-7.502146857616379290e-04
4.209999999999999964e+00	7.499945717274003262e-03	-7.441390897257631675e-04
4.214999999999999858e+00	7.499946160018600323e-03	-7.380652276933382392e-04
4.219999999999999751e+00	7.499946602536041416e-03	-7.319945860442941734e-04
4.224999999999999645e+00	7.499947044720360091e-03	-7.259286157644217986e-04
4.230000000000000426e+00	7.499947486468346372e-03	-7.198687300272911408e-04
4.235000000000000320e+00	7.499947927679287418e-03	-7.138163078302750889e-04
4.240000000000000213e+00	7.499948368255133190e-03	-7.077726916335916113e-04
4.245000000000000107e+00	7.499948808100244911e-03	-7.017391909115971299e-04
4.250000000000000000e+00	7.499949247121555536e-03	-6.957170798490634441e-04
4.254999999999999893e+00	7.499949685228321679e-03	-6.897076008079133097e-04
4.259999999999999787e+00	7.499950122332287548e-03	-6.837119620806199642e-04
4.264999999999999680e+00	7.499950558347435146e-03	-6.777313412727946308e-04
4.269999999999999574e+00	7.499950993190144730e-03	-6.717668831136515070e-04
4.275000000000000355e+00	7.499951426778959755e-03	-6.658197027547460003e-04
4.280000000000000249e+00	7.499951859034732597e-03	-6.598908836373319244e-04
4.285000000000000142e+00	7.499952289880397298e-03	-6.539814807078347426e-04
4.290000000000000036e+00	7.499952719241121356e-03	-6.480925183418303559e-04
4.294999999999999929e+00	7.499953147044071539e-03	-6.422249934767950211e-04
4.299999999999999822e+00	7.499953573218564803e-03	-6.363798735924567967e-04
4.304999999999999716e+00	7.499953997695847120e-03	-6.305580997612872602e-04
4.309999999999999609e+00	7.499954420409234851e-03	-6.247605846850057352e-04
4.314999999999999503e+00	7.499954841293897910e-03	-6.189882156635238266e-04
4.320000000000000284e+00	7.499955260286998542e-03	-6.132418526871376329e-04
4.325000000000000178e+00	7.499955677327484020e-03	-6.075223313245835342e-04
4.330000000000000071e+00	7.499956092356215021e-03	-6.018304608706500497e-04
4.334999999999999964e+00	7.499956505315769593e-03	-5.961670271540017978e-04
4.339999999999999858e+00	7.499956916150567199e-03	-5.905327907397585601e-04
4.344999999999999751e+00	7.499957324806672682e-03	-5.849284896578906988e-04
4.349999999999999645e+00	7.499957731231923774e-03	-5.793548376603064850e-04
4.355000000000000426e+00	7.499958135375735940e-03	-5.738125268705449554e-04
4.360000000000000320e+00	7.499958537189225539e-03	-5.683022260949706752e-04
4.365000000000000213e+00	7.499958936625026815e-03	-5.628245833946547054e-04
4.370000000000000107e+00	7.499959333637404649e-03	-5.573802244500464459e-04
4.375000000000000000e+00	7.499959728182076756e-03	-5.519697550558661653e-04
4.379999999999999893e+00	7.499960120216327304e-03	-5.465937595387778498e-04
4.384999999999999787e+00	7.499960509698831712e-03	-5.412528031762491292e-04
4.389999999999999680e+00	7.499960896589766800e-03	-5.359474306666271943e-04
4.394999999999999574e+00	7.499961280850642523e-03	-5.306781684728513688e-04
4.400000000000000355e+00	7.499961662444405187e-03	-5.254455233442799486e-04
4.405000000000000249e+00	7.499962041335276122e-03	-5.202499845862989646e-04
4.410000000000000142e+00	7.499962417488855761e-03	-5.150920226333478673e-04
4.415000000000000036e+00	7.499962790871957975e-03	-5.099720912451956734e-04
4.419999999999999929e+00	7.499963161452719365e-03	-5.048906261305731967e-04
4.424999999999999822e+00	7.499963529200436192e-03	-4.998480470713688320e-04
4.429999999999999716e+00	7.499963894085662393e-03	-4.948447565960893083e-04
4.435000000000000497e+00	7.499964256080068198e-03	-4.898811420327155121e-04
4.440000000000000391e+00	7.499964615156519930e-03	-4.849575742314828379e-04
4.445000000000000284e+00	7.499964971288946430e-03	-4.800744095476220373e-04
4.450000000000000178e+00	7.499965324452424059e-03	-4.752319886125716932e-04
4.455000000000000071e+00	7.499965674623036184e-03	-4.704306382477168105e-04
4.459999999999999964e+00	7.499966021777960783e-03	-4.656706702833679316e-04
4.464999999999999858e+00	7.499966365895337737e-03	-4.609523834044365500e-04
4.469999999999999751e+00	7.499966706954347764e-03	-4.562760620164952176e-04
4.474999999999999645e+00	7.499967044935085779e-03	-4.516419780245562745e-04
4.480000000000000426e+00	7.499967379818636357e-03	-4.470503897454418635e-04
4.485000000000000320e+00	7.499967711586954904e-03	-4.425015436207716457e-04
4.490000000000000213e+00	7.499968040222936179e-03	-4.379956731747807809e-04
4.495000000000000107e+00	7.499968365710301538e-03	-4.335330006626492410e-04
4.500000000000000000e+00	7.499968688033666585e-03	-4.291137360732027247e-04
4.504999999999999893e+00	7.499969007178424948e-03	-4.247380787136016342e-04
4.509999999999999787e+00	7.499969323130823741e-03	-4.204062162560222716e-04
4.514999999999999680e+00	7.499969635877847332e-03	-4.161183262599317122e-04
4.519999999999999574e+00	7.499969945407283269e-03	-4.118745752618975325e-04
4.525000000000000355e+00	7.499970251707619925e-03	-4.076751202366296015e-04
4.530000000000000249e+00	7.499970554768105487e-03	-4.035201077292585505e-04
4.535000000000000142e+00	7.499970854578650800e-03	-3.994096752561868873e-04
4.540000000000000036e+00	7.499971151129882288e-03	-3.953439504788943608e-04
4.544999999999999929e+00	7.499971444413050005e-03	-3.913230525458550983e-04
4.549999999999999822e+00	7.499971734420084885e-03	-3.873470913071072911e-04
4.554999999999999716e+00	7.499972021143502462e-03	-3.834161685983847410e-04
4.559999999999999609e+00	7.499972304576455785e-03	-3.795303774955927751e-04
4.564999999999999503e+00	7.499972584712652143e-03	-3.756898035422622027e-04
4.570000000000000284e+00	7.499972861546397307e-03	-3.718945240431417807e-04
4.575000000000000178e+00	7.499973135072514861e-03	-3.681446092361668771e-04
4.580000000000000071e+00	7.499973405286393911e-03	-3.644401216243351696e-04
4.584999999999999964e+00	7.499973672183907550e-03	-3.607811170934118578e-04
4.589999999999999858e+00	7.499973935761456226e-03	-3.571676442811018079e-04
4.594999999999999751e+00	7.499974196015893151e-03	-3.535997456416502174e-04
4.599999999999999645e+00	7.499974452944568534e-03	-3.500774568516614436e-04
4.605000000000000426e+00	7.499974706545253257e-03	-3.466008078226927671e-04
4.610000000000000320e+00	7.499974956816177901e-03	-3.431698221427911767e-04
4.615000000000000213e+00	7.499975203755967698e-03	-3.397845180382206491e-04
4.620000000000000107e+00	7.499975447363677224e-03	-3.364449078498782603e-04
4.625000000000000000e+00	7.499975687638723611e-03	-3.331509989454507119e-04
4.629999999999999893e+00	7.499975924580924713e-03	-3.299027932298273904e-04
4.634999999999999787e+00	7.499976158190435789e-03	-3.267002880088173424e-04
4.639999999999999680e+00	7.499976388467776388e-03	-3.235434755326360300e-04
4.644999999999999574e+00	7.499976615413783514e-03	-3.204323438123317922e-04
4.650000000000000355e+00	7.499976839029628105e-03	-3.173668761955420348e-04
4.655000000000000249e+00	7.499977059316770799e-03	-3.143470521367797881e-04
4.660000000000000142e+00	7.499977276276982747e-03	-3.113728468046364755e-04
4.665000000000000036e+00	7.499977489912298782e-03	-3.084442318071464522e-04
4.669999999999999929e+00	7.499977700225036494e-03	-3.055611748294681062e-04
4.674999999999999822e+00	7.499977907217753731e-03	-3.027236403153234635e-04
4.679999999999999716e+00	7.499978110893266818e-03	-2.999315891344638409e-04
4.685000000000000497e+00	7.499978311254611521e-03	-2.971849792214930957e-04
4.690000000000000391e+00	7.499978508305056926e-03	-2.944837652720513552e-04
4.695000000000000284e+00	7.499978702048066409e-03	-2.918278993401013420e-04
4.700000000000000178e+00	7.499978892487316716e-03	-2.892173305621009455e-04
4.705000000000000071e+00	7.499979079626657198e-03	-2.866520057138589438e-04
4.709999999999999964e+00	7.499979263470129762e-03	-2.841318689617409088e-04
4.714999999999999858e+00	7.499979444021928968e-03	-2.816568623803611068e-04
4.719999999999999751e+00	7.499979621286417646e-03	-2.792269257298906791e-04
4.724999999999999645e+00	7.499979795268093934e-03	-2.768419969356371258e-04
4.730000000000000426e+00	7.499979965971606023e-03	-2.745020118907864600e-04
4.735000000000000320e+00	7.499980133401716598e-03	-2.722069048988631865e-04
4.740000000000000213e+00	7.499980297563318445e-03	-2.699566085008685778e-04
4.745000000000000107e+00	7.499980458461404965e-03	-2.677510538820111492e-04
4.750000000000000000e+00	7.499980616101078849e-03	-2.655901707223352589e-04
4.754999999999999893e+00	7.499980770487526920e-03	-2.634738875686541693e-04
4.759999999999999787e+00	7.499980921626027072e-03	-2.614021317078559273e-04
4.764999999999999680e+00	7.499981069521925725e-03	-2.593748295052724002e-04
4.769999999999999574e+00	7.499981214180644756e-03	-2.573919062997242222e-04
4.775000000000000355e+00	7.499981355607660688e-03	-2.554532867093243544e-04
4.780000000000000249e+00	7.499981493808507288e-03	-2.535588945474976817e-04
4.785000000000000142e+00	7.499981628788759958e-03	-2.517086530973602194e-04
4.790000000000000036e+00	7.499981760554033997e-03	-2.499024850476961614e-04
4.794999999999999929e+00	7.499981889109975930e-03	-2.481403127370379190e-04
4.799999999999999822e+00	7.499982014462256569e-03	-2.464220581087419324e-04
4.804999999999999716e+00	7.499982136616565806e-03	-2.447476429258542852e-04
4.809999999999999609e+00	7.499982255578603943e-03	-2.431169887444454842e-04
4.814999999999999503e+00	7.499982371354078220e-03	-2.415300171003329497e-04
4.820000000000000284e+00	7.499982483948694142e-03	-2.399866494996720924e-04
4.825000000000000178e+00	7.499982593368152012e-03	-2.384868075786623833e-04
4.830000000000000071e+00	7.499982699618139119e-03	-2.370304131106449209e-04
4.834999999999999964e+00	7.499982802704328010e-03	-2.356173881398268967e-04
4.839999999999999858e+00	7.499982902632366076e-03	-2.342476550038132411e-04
4.844999999999999751e+00	7.499982999407873822e-03	-2.329211364425316723e-04
4.849999999999999645e+00	7.499983093036439660e-03	-2.316377556353709031e-04
4.855000000000000426e+00	7.499983183523616440e-03	-2.303974362862229658e-04
4.860000000000000320e+00	7.499983270874911907e-03	-2.292001026744159404e-04
4.865000000000000213e+00	7.499983355095791310e-03	-2.280456797170839038e-04
4.870000000000000107e+00	7.499983436191666117e-03	-2.269340930327311560e-04
4.875000000000000000e+00	7.499983514167896624e-03	-2.258652689819750194e-04
4.879999999999999893e+00	7.499983589029783279e-03	-2.248391347430890618e-04
4.884999999999999787e+00	7.499983660782564947e-03	-2.238556183320919532e-04
4.889999999999999680e+00	7.499983729431415440e-03	-2.229146486891903090e-04
4.894999999999999574e+00	7.499983794981440050e-03	-2.220161556794277198e-04
4.900000000000000355e+00	7.499983857437671209e-03	-2.211600701890526529e-04
4.905000000000000249e+00	7.499983916805066757e-03	-2.203463241078056783e-04
4.910000000000000142e+00	7.499983973088505604e-03	-2.195748504343536306e-04
4.915000000000000036e+00	7.499984026292789464e-03	-2.188455832410972465e-04
4.919999999999999929e+00	7.499984076422633317e-03	-2.181584577877232370e-04
4.924999999999999822e+00	7.499984123482668005e-03	-2.175134104698383381e-04
4.929999999999999716e+00	7.499984167477436771e-03	-2.169103789396211455e-04
4.935000000000000497e+00	7.499984208411391781e-03	-2.163493020391431113e-04
4.940000000000000391e+00	7.499984246288894998e-03	-2.158301199272368953e-04
4.945000000000000284e+00	7.499984281114216444e-03	-2.153527739987586476e-04
4.950000000000000178e+00	7.499984312891523792e-03	-2.149172070166167556e-04
4.955000000000000071e+00	7.499984341624896245e-03	-2.145233630178847606e-04
4.959999999999999964e+00	7.499984367318309787e-03	-2.141711874500592519e-04
4.964999999999999858e+00	7.499984389975644129e-03	-2.138606270652255797e-04
4.969999999999999751e+00	7.499984409600674896e-03	-2.135916300595895525e-04
4.974999999999999645e+00	7.499984426197083172e-03	-2.133641459566470902e-04
4.980000000000000426e+00	7.499984439768440751e-03	-2.131781257489395926e-04
4.985000000000000320e+00	7.499984450318223153e-03	-2.130335217714444962e-04
4.990000000000000213e+00	7.499984457849796608e-03	-2.129302878444334381e-04
4.995000000000000107e+00	7.499984462366433673e-03	-2.128683791381957553e-04
5.000000000000000000e+00	7.499984463871292410e-03	-2.128477523160611496e-04
