# coordinate_x	h	p	@time=531.29
0.000000000000000000e+00	2.700200640148207598e-01	5.715665233846892734e-01
5.000000000000000104e-03	2.700164963134908391e-01	5.715665232524052009e-01
1.000000000000000021e-02	2.700057932106708636e-01	5.715665228554900335e-01
1.499999999999999944e-02	2.699879547076204367e-01	5.715665221938758256e-01
2.000000000000000042e-02	2.699629808073997772e-01	5.715665212673970430e-01
2.500000000000000139e-02	2.699308715135178005e-01	5.715665200758643927e-01
2.999999999999999889e-02	2.698916268312429589e-01	5.715665186189931024e-01
3.500000000000000333e-02	2.698452467662865728e-01	5.715665168964747522e-01
4.000000000000000083e-02	2.697917313261232741e-01	5.715665149079051099e-01
4.499999999999999833e-02	2.697310805186736715e-01	5.715665126528558515e-01
5.000000000000000278e-02	2.696632943536281801e-01	5.715665101308029517e-01
5.500000000000000028e-02	2.695883728411279656e-01	5.715665073411972941e-01
5.999999999999999778e-02	2.695063159930926600e-01	5.715665042833936171e-01
6.500000000000000222e-02	2.694171238218982523e-01	5.715665009567211241e-01
7.000000000000000666e-02	2.693207963417101891e-01	5.715664973604118737e-01
7.500000000000001110e-02	2.692173335671573797e-01	5.715664934936720565e-01
8.000000000000000167e-02	2.691067355146706253e-01	5.715664893556098303e-01
8.499999999999999223e-02	2.689890022011527382e-01	5.715664849453062635e-01
8.999999999999999667e-02	2.688641336453232999e-01	5.715664802617433926e-01
9.500000000000000111e-02	2.687321298663832847e-01	5.715664753038759427e-01
1.000000000000000056e-01	2.685929908853673109e-01	5.715664700705580525e-01
1.050000000000000100e-01	2.684467167238024365e-01	5.715664645606148841e-01
1.100000000000000006e-01	2.682933074050682931e-01	5.715664587727705692e-01
1.149999999999999911e-01	2.681327629530492751e-01	5.715664527057187083e-01
1.199999999999999956e-01	2.679650833935033893e-01	5.715664463580504284e-01
1.250000000000000000e-01	2.677902687527070058e-01	5.715664397283251041e-01
1.300000000000000044e-01	2.676083190588335325e-01	5.715664328149977491e-01
1.350000000000000089e-01	2.674192343405898953e-01	5.715664256164904033e-01
1.400000000000000133e-01	2.672230146286056485e-01	5.715664181311187475e-01
1.450000000000000178e-01	2.670196599540603510e-01	5.715664103571642674e-01
1.499999999999999944e-01	2.668091703500843348e-01	5.715664022927999799e-01
1.549999999999999989e-01	2.665915458503758662e-01	5.715663939361622647e-01
1.600000000000000033e-01	2.663667864906145155e-01	5.715663852852775895e-01
1.650000000000000078e-01	2.661348923070672723e-01	5.715663763381341189e-01
1.700000000000000122e-01	2.658958633380157921e-01	5.715663670926069972e-01
1.749999999999999889e-01	2.656496996223500773e-01	5.715663575465312896e-01
1.799999999999999933e-01	2.653964012010103790e-01	5.715663476976267088e-01
1.849999999999999978e-01	2.651359681155685544e-01	5.715663375435704463e-01
1.900000000000000022e-01	2.648684004096849565e-01	5.715663270819216768e-01
1.950000000000000067e-01	2.645936981276760802e-01	5.715663163101943889e-01
2.000000000000000111e-01	2.643118613159883279e-01	5.715663052257817789e-01
2.050000000000000155e-01	2.640228900217507224e-01	5.715662938260291925e-01
2.099999999999999922e-01	2.637267842942665474e-01	5.715662821081578526e-01
2.149999999999999967e-01	2.634235441835500180e-01	5.715662700693384668e-01
2.200000000000000011e-01	2.631131697418369053e-01	5.715662577066141781e-01
2.250000000000000056e-01	2.627956610221046096e-01	5.715662450169743947e-01
2.300000000000000100e-01	2.624710180796023251e-01	5.715662319972774075e-01
2.349999999999999867e-01	2.621392409703537929e-01	5.715662186443241088e-01
2.399999999999999911e-01	2.618003297527084494e-01	5.715662049547807211e-01
2.449999999999999956e-01	2.614542844858250836e-01	5.715661909252526263e-01
2.500000000000000000e-01	2.611011052312456338e-01	5.715661765522058735e-01
2.550000000000000044e-01	2.607407920513588051e-01	5.715661618320418969e-01
2.600000000000000089e-01	2.603733450109976255e-01	5.715661467610184676e-01
2.650000000000000133e-01	2.599987641758815804e-01	5.715661313353245232e-01
2.700000000000000178e-01	2.596170496142396478e-01	5.715661155510005642e-01
2.750000000000000222e-01	2.592282013952297293e-01	5.715660994040135945e-01
2.800000000000000266e-01	2.588322195905883305e-01	5.715660828901774071e-01
2.850000000000000311e-01	2.584291042730263444e-01	5.715660660052268582e-01
2.899999999999999800e-01	2.580188555179066534e-01	5.715660487447389304e-01
2.949999999999999845e-01	2.576014734016148222e-01	5.715660311042058961e-01
2.999999999999999889e-01	2.571769580032665647e-01	5.715660130789563809e-01
3.049999999999999933e-01	2.567453094030516803e-01	5.715659946642288602e-01
3.099999999999999978e-01	2.563065276839729401e-01	5.715659758550918346e-01
3.150000000000000022e-01	2.558606129301620458e-01	5.715659566465178809e-01
3.200000000000000067e-01	2.554075652286517673e-01	5.715659370333023848e-01
3.250000000000000111e-01	2.549473846676620914e-01	5.715659170101390352e-01
3.300000000000000155e-01	2.544800713384074986e-01	5.715658965715370021e-01
3.350000000000000200e-01	2.540056253333519143e-01	5.715658757118964317e-01
3.400000000000000244e-01	2.535240467480526783e-01	5.715658544254257345e-01
3.449999999999999734e-01	2.530353356793830222e-01	5.715658327062167476e-01
3.499999999999999778e-01	2.525394922274147302e-01	5.715658105481616902e-01
3.549999999999999822e-01	2.520365164936059776e-01	5.715657879450279921e-01
3.599999999999999867e-01	2.515264085827250695e-01	5.715657648903746946e-01
3.649999999999999911e-01	2.510091686010018641e-01	5.715657413776272788e-01
3.699999999999999956e-01	2.504847966580949215e-01	5.715657173999942886e-01
3.750000000000000000e-01	2.499532928652043184e-01	5.715656929505409378e-01
3.800000000000000044e-01	2.494146573370845665e-01	5.715656680221053998e-01
3.850000000000000089e-01	2.488688901901169592e-01	5.715656426073728591e-01
3.900000000000000133e-01	2.483159915443708399e-01	5.715656166987909126e-01
3.950000000000000178e-01	2.477559615216331779e-01	5.715655902886431772e-01
4.000000000000000222e-01	2.471888002475209067e-01	5.715655633689646908e-01
4.050000000000000266e-01	2.466145078494653420e-01	5.715655359316147432e-01
4.099999999999999756e-01	2.460330844588784482e-01	5.715655079681918327e-01
4.149999999999999800e-01	2.454445302090899339e-01	5.715654794701061636e-01
4.199999999999999845e-01	2.448488452375702784e-01	5.715654504284944926e-01
4.249999999999999889e-01	2.442460296838177281e-01	5.715654208342917375e-01
4.299999999999999933e-01	2.436360836916417749e-01	5.715653906781453797e-01
4.349999999999999978e-01	2.430190074069971118e-01	5.715653599504865179e-01
4.400000000000000022e-01	2.423948009803306713e-01	5.715653286414440482e-01
4.450000000000000067e-01	2.417634645643602642e-01	5.715652967409144969e-01
4.500000000000000111e-01	2.411249983164883981e-01	5.715652642384766446e-01
4.550000000000000155e-01	2.404794023965225735e-01	5.715652311234595828e-01
4.600000000000000200e-01	2.398266769691600464e-01	5.715651973848578926e-01
4.649999999999999689e-01	2.391668222016463119e-01	5.715651630113977033e-01
4.699999999999999734e-01	2.384998382663348626e-01	5.715651279914524263e-01
4.749999999999999778e-01	2.378257253382807523e-01	5.715650923131072592e-01
4.799999999999999822e-01	2.371444835978796239e-01	5.715650559640750306e-01
4.849999999999999867e-01	2.364561132283924672e-01	5.715650189317585950e-01
4.899999999999999911e-01	2.357606144186688846e-01	5.715649812031674548e-01
4.949999999999999956e-01	2.350579873605993797e-01	5.715649427649774905e-01
5.000000000000000000e-01	2.343482322519274963e-01	5.715649036034484709e-01
5.050000000000000044e-01	2.336313492936254455e-01	5.715648637044815628e-01
5.100000000000000089e-01	2.329073386928009470e-01	5.715648230535373964e-01
5.150000000000000133e-01	2.321762006599918104e-01	5.715647816356898003e-01
5.200000000000000178e-01	2.314379354121727517e-01	5.715647394355460875e-01
5.250000000000000222e-01	2.306925431699646534e-01	5.715646964372969041e-01
5.300000000000000266e-01	2.299400241607475470e-01	5.715646526246379588e-01
5.350000000000000311e-01	2.291803786157793621e-01	5.715646079808156532e-01
5.400000000000000355e-01	2.284136067734218456e-01	5.715645624885505871e-01
5.450000000000000400e-01	2.276397088761635545e-01	5.715645161300786370e-01
5.500000000000000444e-01	2.268586851739657906e-01	5.715644688870774592e-01
5.550000000000000488e-01	2.260705359211841181e-01	5.715644207407004629e-01
5.600000000000000533e-01	2.252752613800419468e-01	5.715643716715073097e-01
5.649999999999999467e-01	2.244728618174447465e-01	5.715643216594915588e-01
5.699999999999999512e-01	2.236633375085892717e-01	5.715642706840140530e-01
5.749999999999999556e-01	2.228466887336640057e-01	5.715642187238235694e-01
5.799999999999999600e-01	2.220229157816031584e-01	5.715641657569943135e-01
5.849999999999999645e-01	2.211920189466663189e-01	5.715641117609381316e-01
5.899999999999999689e-01	2.203539985323465511e-01	5.715640567123466687e-01
5.949999999999999734e-01	2.195088548478220103e-01	5.715640005871945872e-01
5.999999999999999778e-01	2.186565882120286297e-01	5.715639433606867215e-01
6.049999999999999822e-01	2.177971989499757066e-01	5.715638850072510824e-01
6.099999999999999867e-01	2.169306873969939486e-01	5.715638255004916735e-01
6.149999999999999911e-01	2.160570538949068142e-01	5.715637648131701720e-01
6.199999999999999956e-01	2.151762987964663809e-01	5.715637029171659611e-01
6.250000000000000000e-01	2.142884224613706146e-01	5.715636397834436000e-01
6.300000000000000044e-01	2.133934252609002158e-01	5.715635753820218490e-01
6.350000000000000089e-01	2.124913075737724089e-01	5.715635096819250416e-01
6.400000000000000133e-01	2.115820697909928383e-01	5.715634426511625454e-01
6.450000000000000178e-01	2.106657123115348862e-01	5.715633742566624820e-01
6.500000000000000222e-01	2.097422355474224120e-01	5.715633044642612903e-01
6.550000000000000266e-01	2.088116399192230521e-01	5.715632332386189063e-01
6.600000000000000311e-01	2.078739258613787055e-01	5.715631605432204276e-01
6.650000000000000355e-01	2.069290938175002426e-01	5.715630863402689776e-01
6.700000000000000400e-01	2.059771442459641666e-01	5.715630105907015812e-01
6.750000000000000444e-01	2.050180776149953532e-01	5.715629332540569374e-01
6.800000000000000488e-01	2.040518944085500108e-01	5.715628542885078378e-01
6.850000000000000533e-01	2.030785951211717399e-01	5.715627736507002954e-01
6.899999999999999467e-01	2.020981802641828584e-01	5.715626912958048367e-01
6.949999999999999512e-01	2.011106503602979323e-01	5.715626071773229899e-01
6.999999999999999556e-01	2.001160059501474742e-01	5.715625212471597827e-01
7.049999999999999600e-01	1.991142475866319872e-01	5.715624334553939256e-01
7.099999999999999645e-01	1.981053758418044042e-01	5.715623437503754012e-01
7.149999999999999689e-01	1.970893913009456044e-01	5.715622520784526817e-01
7.199999999999999734e-01	1.960662945698350701e-01	5.715621583840985176e-01
7.249999999999999778e-01	1.950360862685274199e-01	5.715620626095913037e-01
7.299999999999999822e-01	1.939987670390431462e-01	5.715619646951708432e-01
7.349999999999999867e-01	1.929543375388240445e-01	5.715618645786673113e-01
7.399999999999999911e-01	1.919027984488795024e-01	5.715617621956925465e-01
7.449999999999999956e-01	1.908441504668961231e-01	5.715616574792089510e-01
7.500000000000000000e-01	1.897783943158788122e-01	5.715615503597615277e-01
7.550000000000000044e-01	1.887055307368882551e-01	5.715614407649777240e-01
7.600000000000000089e-01	1.876255604982197400e-01	5.715613286198467646e-01
7.650000000000000133e-01	1.865384843877394005e-01	5.715612138461407810e-01
7.700000000000000178e-01	1.854443032226487376e-01	5.715610963627478780e-01
7.750000000000000222e-01	1.843430178413876519e-01	5.715609760850034471e-01
7.800000000000000266e-01	1.832346291140381778e-01	5.715608529250854053e-01
7.850000000000000311e-01	1.821191379337587790e-01	5.715607267912421463e-01
7.900000000000000355e-01	1.809965452278867182e-01	5.715605975882590561e-01
7.950000000000000400e-01	1.798668519488653694e-01	5.715604652165691135e-01
8.000000000000000444e-01	1.787300590861109761e-01	5.715603295728003408e-01
8.050000000000000488e-01	1.775861676563905700e-01	5.715601905487517342e-01
8.100000000000000533e-01	1.764351787165268082e-01	5.715600480320341958e-01
8.149999999999999467e-01	1.752770933531799802e-01	5.715599019048922536e-01
8.199999999999999512e-01	1.741119126964736918e-01	5.715597520449513524e-01
8.249999999999999556e-01	1.729396379091286406e-01	5.715595983238634936e-01
8.299999999999999600e-01	1.717602702011024607e-01	5.715594406081768719e-01
8.349999999999999645e-01	1.705738108180179513e-01	5.715592787577774558e-01
8.399999999999999689e-01	1.693802610569213329e-01	5.715591126269009559e-01
8.449999999999999734e-01	1.681796222539415631e-01	5.715589420623388150e-01
8.499999999999999778e-01	1.669718958012847976e-01	5.715587669046143793e-01
8.549999999999999822e-01	1.657570831340542394e-01	5.715585869859169943e-01
8.599999999999999867e-01	1.645351857486141989e-01	5.715584021314665808e-01
8.649999999999999911e-01	1.633062051884915378e-01	5.715582121571345375e-01
8.699999999999999956e-01	1.620701430642608187e-01	5.715580168710269193e-01
8.750000000000000000e-01	1.608270010384398596e-01	5.715578160707400768e-01
8.800000000000000044e-01	1.595767808470672511e-01	5.715576095451976313e-01
8.850000000000000089e-01	1.583194842834945160e-01	5.715573970714831198e-01
8.900000000000000133e-01	1.570551132218520884e-01	5.715571784169714009e-01
8.950000000000000178e-01	1.557836695996282494e-01	5.715569533356666954e-01
9.000000000000000222e-01	1.545051554432473051e-01	5.715567215706777171e-01
9.050000000000000266e-01	1.532195728493130626e-01	5.715564828499790639e-01
9.100000000000000311e-01	1.519269240125558917e-01	5.715562368892866951e-01
9.150000000000000355e-01	1.506272112056024348e-01	5.715559833871423079e-01
9.200000000000000400e-01	1.493204368095871204e-01	5.715557220282589945e-01
9.250000000000000444e-01	1.480066032922930652e-01	5.715554524778099221e-01
9.300000000000000488e-01	1.466857132417689891e-01	5.715551743853247713e-01
9.350000000000000533e-01	1.453577693426658102e-01	5.715548873780414985e-01
9.399999999999999467e-01	1.440227744132539789e-01	5.715545910654500350e-01
9.449999999999999512e-01	1.426807313797580079e-01	5.715542850315366019e-01
9.499999999999999556e-01	1.413316433172327191e-01	5.715539688400907981e-01
9.549999999999999600e-01	1.399755134216715824e-01	5.715536420256365213e-01
9.599999999999999645e-01	1.386123450552776137e-01	5.715533040996423342e-01
9.649999999999999689e-01	1.372421417160900881e-01	5.715529545398887468e-01
9.699999999999999734e-01	1.358649070882778920e-01	5.715525927977508358e-01
9.749999999999999778e-01	1.344806450089942595e-01	5.715522182856980216e-01
9.799999999999999822e-01	1.330893595244302674e-01	5.715518303858522220e-01
9.849999999999999867e-01	1.316910548535670245e-01	5.715514284352489760e-01
9.899999999999999911e-01	1.302857354508606402e-01	5.715510117359202669e-01
9.949999999999999956e-01	1.288734059665131992e-01	5.715505795374598019e-01
1.000000000000000000e+00	1.274540713168237915e-01	5.715501310489331521e-01
1.004999999999999893e+00	1.260277366405445909e-01	5.715496654181848601e-01
1.010000000000000009e+00	1.245944073781306560e-01	5.715491817459478208e-01
1.015000000000000124e+00	1.231540892236832052e-01	5.715486790611928880e-01
1.020000000000000018e+00	1.217067882145763669e-01	5.715481563378961294e-01
1.024999999999999911e+00	1.202525106784131381e-01	5.715476124655604062e-01
1.030000000000000027e+00	1.187912633348096186e-01	5.715470462692072706e-01
1.035000000000000142e+00	1.173230532367030149e-01	5.715464564739776154e-01
1.040000000000000036e+00	1.158478878864487444e-01	5.715458417290554261e-01
1.044999999999999929e+00	1.143657751707158610e-01	5.715452005649691580e-01
1.050000000000000044e+00	1.128767234935249969e-01	5.715445314223308593e-01
1.055000000000000160e+00	1.113807417038464725e-01	5.715438326000867875e-01
1.060000000000000053e+00	1.098778392488003880e-01	5.715431022901878988e-01
1.064999999999999947e+00	1.083680260929308914e-01	5.715423385145494972e-01
1.070000000000000062e+00	1.068513128955446839e-01	5.715415391670634060e-01
1.075000000000000178e+00	1.053277109204722312e-01	5.715407019363853980e-01
1.080000000000000071e+00	1.037972322424845217e-01	5.715398243570878334e-01
1.084999999999999964e+00	1.022598896461596185e-01	5.715389037145326423e-01
1.090000000000000080e+00	1.007156968675650272e-01	5.715379371074764681e-01
1.095000000000000195e+00	9.916466848062746586e-02	5.715369213301337847e-01
1.100000000000000089e+00	9.760682018188744646e-02	5.715358529492244877e-01
1.104999999999999982e+00	9.604216866251667761e-02	5.715347281567674242e-01
1.110000000000000098e+00	9.447073194608039681e-02	5.715335428654655381e-01
1.115000000000000213e+00	9.289252924406386780e-02	5.715322925236289153e-01
1.120000000000000107e+00	9.130758135939867626e-02	5.715309722340189413e-01
1.125000000000000000e+00	8.971591052304651870e-02	5.715295765193265654e-01
1.129999999999999893e+00	8.811754087982912043e-02	5.715280994712691465e-01
1.134999999999999787e+00	8.651249830329094115e-02	5.715265344508896339e-01
1.139999999999999902e+00	8.490081098549598360e-02	5.715248742769982737e-01
1.145000000000000018e+00	8.328250922707497450e-02	5.715231108396556792e-01
1.149999999999999911e+00	8.165762615968324978e-02	5.715212353402566725e-01
1.154999999999999805e+00	8.002619750788617092e-02	5.715192377880690122e-01
1.159999999999999920e+00	7.838826248273840502e-02	5.715171073087755849e-01
1.165000000000000036e+00	7.674386351207995727e-02	5.715148314815546859e-01
1.169999999999999929e+00	7.509304735745325754e-02	5.715123967393435089e-01
1.174999999999999822e+00	7.343586480965411112e-02	5.715097874855986637e-01
1.179999999999999938e+00	7.177237210087765440e-02	5.715069866188732250e-01
1.185000000000000053e+00	7.010263056333920773e-02	5.715039743407444028e-01
1.189999999999999947e+00	6.842670843713609397e-02	5.715007288509977856e-01
1.194999999999999840e+00	6.674468049204342057e-02	5.714972247157755758e-01
1.199999999999999956e+00	6.505663037388008385e-02	5.714934338001042002e-01
1.205000000000000071e+00	6.336265019434350609e-02	5.714893229988688983e-01
1.209999999999999964e+00	6.166284362244957296e-02	5.714848555044671485e-01
1.214999999999999858e+00	5.995732545659829965e-02	5.714799875968683551e-01
1.219999999999999973e+00	5.824622576586056116e-02	5.714746703922172211e-01
1.225000000000000089e+00	5.652968947631113739e-02	5.714688452138972918e-01
1.229999999999999982e+00	5.480788202160605249e-02	5.714624460438176845e-01
1.234999999999999876e+00	5.308098900946946891e-02	5.714553927029455416e-01
1.239999999999999991e+00	5.134922409074628435e-02	5.714475943497373533e-01
1.245000000000000107e+00	4.961282883631985136e-02	5.714389391900520643e-01
1.250000000000000000e+00	4.787208394814380236e-02	5.714292995707557221e-01
1.254999999999999893e+00	4.612730960059672342e-02	5.714185160287601484e-01
1.260000000000000009e+00	4.437888182495257350e-02	5.714064048753556557e-01
1.265000000000000124e+00	4.262723381076111845e-02	5.713927327060908112e-01
1.270000000000000018e+00	4.087288054414866395e-02	5.713772279846200952e-01
1.274999999999999911e+00	3.911642204615554952e-02	5.713595388786489870e-01
1.280000000000000027e+00	3.735858162483459560e-02	5.713392514771034048e-01
1.285000000000000142e+00	3.560021300882663248e-02	5.713158172568085780e-01
1.290000000000000036e+00	3.384236188277354312e-02	5.712885827313040066e-01
1.294999999999999929e+00	3.208628092152696759e-02	5.712566589988965493e-01
1.300000000000000044e+00	3.033353270475865060e-02	5.712189720490444822e-01
1.305000000000000160e+00	2.858602100070462004e-02	5.711740160984871695e-01
1.310000000000000053e+00	2.684617006172791351e-02	5.711199436263753038e-01
1.314999999999999947e+00	2.511698969034074566e-02	5.710540725880879354e-01
1.320000000000000062e+00	2.340239985435188519e-02	5.709730598844345861e-01
1.325000000000000178e+00	2.170736520252861818e-02	5.708718593439374711e-01
1.330000000000000071e+00	2.003849679566073461e-02	5.707440948226395472e-01
1.334999999999999964e+00	1.840431696840081829e-02	5.705797478017518021e-01
1.340000000000000080e+00	1.681634271477681561e-02	5.703661046685116753e-01
1.345000000000000195e+00	1.528950065305507457e-02	5.700825740846366951e-01
1.350000000000000089e+00	1.384368381562324848e-02	5.697036521497436112e-01
1.354999999999999982e+00	1.250372752536097788e-02	5.691885722086040822e-01
1.360000000000000098e+00	1.129944820089862599e-02	5.684918883479125329e-01
1.365000000000000213e+00	1.026200757518552949e-02	5.675512062616746567e-01
1.370000000000000107e+00	9.416090543358363735e-03	5.663175052898595796e-01
1.375000000000000000e+00	8.771174722165587384e-03	5.647570159889011565e-01
1.379999999999999893e+00	8.312806673992506612e-03	5.628795378651509917e-01
1.384999999999999787e+00	8.008412486123118665e-03	5.607376649400618307e-01
1.389999999999999902e+00	7.816965543561668270e-03	5.583952408978379855e-01
1.395000000000000018e+00	7.701119456609409331e-03	5.559244622334256203e-01
1.399999999999999911e+00	7.633020758668964366e-03	5.533723822230098843e-01
1.404999999999999805e+00	7.593424878440219530e-03	5.507775639039022009e-01
1.409999999999999920e+00	7.570729885335672829e-03	5.481599816982624107e-01
1.415000000000000036e+00	7.557668595551602850e-03	5.455342555033988461e-01
1.419999999999999929e+00	7.550196122639217695e-03	5.429073373127190072e-01
1.424999999999999822e+00	7.545858466760952711e-03	5.402841239797419037e-01
1.429999999999999938e+00	7.543326555515508965e-03	5.376668665950213866e-01
1.435000000000000053e+00	7.541802256949762043e-03	5.350571254134236510e-01
1.439999999999999947e+00	7.540857199447124383e-03	5.324555989620101126e-01
1.444999999999999840e+00	7.540234991524711120e-03	5.298627629850747311e-01
1.449999999999999956e+00	7.539798439211888546e-03	5.272788179171887801e-01
1.455000000000000071e+00	7.539465520253544641e-03	5.247038934760639428e-01
1.459999999999999964e+00	7.539192391943438758e-03	5.221380321291766435e-01
1.464999999999999858e+00	7.538952853097692988e-03	5.195812541845012955e-01
1.469999999999999973e+00	7.538732904297797480e-03	5.170335525180733693e-01
1.475000000000000089e+00	7.538524180185108593e-03	5.144949132567518957e-01
1.479999999999999982e+00	7.538322211435909657e-03	5.119653140632219879e-01
1.484999999999999876e+00	7.538124327007471662e-03	5.094447307249170276e-01
1.489999999999999991e+00	7.537929099282541894e-03	5.069331365669831335e-01
1.495000000000000107e+00	7.537735674420344492e-03	5.044305045730352877e-01
1.500000000000000000e+00	7.537543595298518660e-03	5.019368071568055534e-01
1.504999999999999893e+00	7.537352587827971830e-03	4.994520168666981008e-01
1.510000000000000009e+00	7.537162504468416721e-03	4.969761062722112821e-01
1.515000000000000124e+00	7.536973256064480146e-03	4.945090482193210124e-01
1.520000000000000018e+00	7.536784793828818149e-03	4.920508157542796690e-01
1.524999999999999911e+00	7.536597087606705658e-03	4.896013822361253154e-01
1.530000000000000027e+00	7.536410120128191580e-03	4.871607212732671499e-01
1.535000000000000142e+00	7.536223880081350558e-03	4.847288067901313058e-01
1.540000000000000036e+00	7.536038360276547422e-03	4.823056129686827398e-01
1.544999999999999929e+00	7.535853555441647880e-03	4.798911142999490176e-01
1.550000000000000044e+00	7.535669461633419039e-03	4.774852855279446140e-01
1.555000000000000160e+00	7.535486075537961397e-03	4.750881016958353742e-01
1.560000000000000053e+00	7.535303394279616040e-03	4.726995380914167377e-01
1.564999999999999947e+00	7.535121415201045947e-03	4.703195702910402676e-01
1.570000000000000062e+00	7.534940135798869065e-03	4.679481741063356570e-01
1.575000000000000178e+00	7.534759553656508041e-03	4.655853256269222307e-01
1.580000000000000071e+00	7.534579666420251898e-03	4.632310011682321815e-01
1.584999999999999964e+00	7.534400471780715314e-03	4.608851773133637586e-01
1.590000000000000080e+00	7.534221967461850016e-03	4.585478308619223564e-01
1.595000000000000195e+00	7.534044151217828347e-03	4.562189388711588856e-01
1.600000000000000089e+00	7.533867020826242288e-03	4.538984786057648213e-01
1.604999999999999982e+00	7.533690574089852918e-03	4.515864275783696979e-01
1.610000000000000098e+00	7.533514808831186758e-03	4.492827635002354381e-01
1.615000000000000213e+00	7.533339722895788376e-03	4.469874643211655396e-01
1.620000000000000107e+00	7.533165314147315453e-03	4.447005081810456173e-01
1.625000000000000000e+00	7.532991580471232879e-03	4.424218734492074145e-01
1.629999999999999893e+00	7.532818519770130734e-03	4.401515386767673732e-01
1.634999999999999787e+00	7.532646129967506855e-03	4.378894826354853831e-01
1.639999999999999902e+00	7.532474409003209713e-03	4.356356842708547505e-01
1.645000000000000018e+00	7.532303354837224449e-03	4.333901227404914902e-01
1.649999999999999911e+00	7.532132965445195553e-03	4.311527773679326159e-01
1.654999999999999805e+00	7.531963238822180808e-03	4.289236276805907799e-01
1.659999999999999920e+00	7.531794172978252891e-03	4.267026533642171993e-01
1.665000000000000036e+00	7.531625765942204752e-03	4.244898343004577246e-01
1.669999999999999929e+00	7.531458015757222339e-03	4.222851505219386570e-01
1.674999999999999822e+00	7.531290920484549206e-03	4.200885822494545563e-01
1.679999999999999938e+00	7.531124478199221692e-03	4.179001098476405884e-01
1.685000000000000053e+00	7.530958686993689290e-03	4.157197138618221044e-01
1.689999999999999947e+00	7.530793544973611413e-03	4.135473749742364924e-01
1.694999999999999840e+00	7.530629050261444801e-03	4.113830740405715614e-01
1.699999999999999956e+00	7.530465200992289727e-03	4.092267920467044240e-01
1.705000000000000071e+00	7.530301995317440107e-03	4.070785101449560517e-01
1.709999999999999964e+00	7.530139431400293022e-03	4.049382096113119389e-01
1.714999999999999858e+00	7.529977507419854596e-03	4.028058718814201966e-01
1.719999999999999973e+00	7.529816221566706762e-03	4.006814785082621899e-01
1.725000000000000089e+00	7.529655572046474975e-03	3.985650111979179844e-01
1.729999999999999982e+00	7.529495557075851359e-03	3.964564517676585909e-01
1.734999999999999876e+00	7.529336174886025121e-03	3.943557821815006914e-01
1.739999999999999991e+00	7.529177423718755140e-03	3.922629845086913480e-01
1.745000000000000107e+00	7.529019301829774358e-03	3.901780409590759890e-01
1.750000000000000000e+00	7.528861807484898798e-03	3.881009338419475485e-01
1.754999999999999893e+00	7.528704938963409407e-03	3.860316456012480857e-01
1.760000000000000009e+00	7.528548694554209643e-03	3.839701587747573197e-01
1.765000000000000124e+00	7.528393072559170889e-03	3.819164560291473665e-01
1.770000000000000018e+00	7.528238071289331673e-03	3.798705201194864101e-01
1.774999999999999911e+00	7.528083689068226607e-03	3.778323339241645429e-01
1.780000000000000027e+00	7.527929924228116826e-03	3.758018804046900918e-01
1.785000000000000142e+00	7.527776775113299845e-03	3.737791426405046025e-01
1.790000000000000036e+00	7.527624240076374700e-03	3.717641037890493938e-01
1.794999999999999929e+00	7.527472317481527508e-03	3.697567471204850631e-01
1.800000000000000044e+00	7.527321005700839986e-03	3.677570559780090065e-01
1.805000000000000160e+00	7.527170303117545515e-03	3.657650138124956540e-01
1.810000000000000053e+00	7.527020208122376689e-03	3.637806041430434179e-01
1.814999999999999947e+00	7.526870719116798836e-03	3.618038105915515334e-01
1.820000000000000062e+00	7.526721834509388781e-03	3.598346168434774506e-01
1.825000000000000178e+00	7.526573552719057966e-03	3.578730066823643252e-01
1.830000000000000071e+00	7.526425872171452897e-03	3.559189639507919223e-01
1.834999999999999964e+00	7.526278791302160043e-03	3.539724725848656939e-01
1.840000000000000080e+00	7.526132308553144454e-03	3.520335165753460394e-01
1.845000000000000195e+00	7.525986422375932974e-03	3.501020800021122925e-01
1.850000000000000089e+00	7.525841131228078011e-03	3.481781469954527419e-01
1.854999999999999982e+00	7.525696433576330342e-03	3.462617017705147959e-01
1.860000000000000098e+00	7.525552327893127169e-03	3.443527285887422185e-01
1.865000000000000213e+00	7.525408812659751916e-03	3.424512117923222965e-01
1.870000000000000107e+00	7.525265886362843097e-03	3.405571357657556364e-01
1.875000000000000000e+00	7.525123547497547180e-03	3.386704849703091047e-01
1.879999999999999893e+00	7.524981794564050003e-03	3.367912439057070828e-01
1.884999999999999787e+00	7.524840626070710553e-03	3.349193971445993956e-01
1.889999999999999902e+00	7.524700040530621012e-03	3.330549292943600359e-01
1.895000000000000018e+00	7.524560036464731858e-03	3.311978250315801842e-01
1.899999999999999911e+00	7.524420612398426654e-03	3.293480690639625230e-01
1.904999999999999805e+00	7.524281766864638482e-03	3.275056461648462314e-01
1.909999999999999920e+00	7.524143498400448146e-03	3.256705411351870638e-01
1.915000000000000036e+00	7.524005805550189330e-03	3.238427388381222016e-01
1.919999999999999929e+00	7.523868686862061547e-03	3.220222241610257718e-01
1.924999999999999822e+00	7.523732140891233565e-03	3.202089820501183293e-01
1.929999999999999938e+00	7.523596166196471965e-03	3.184029974725901546e-01
1.935000000000000053e+00	7.523460761343231558e-03	3.166042554512625840e-01
1.939999999999999947e+00	7.523325924900306494e-03	3.148127410267682613e-01
1.944999999999999840e+00	7.523191655442914606e-03	3.130284392922703107e-01
1.949999999999999956e+00	7.523057951549360668e-03	3.112513353556920492e-01
1.955000000000000071e+00	7.522924811804111191e-03	3.094814143744987200e-01
1.959999999999999964e+00	7.522792234794482835e-03	3.077186615179696161e-01
1.964999999999999858e+00	7.522660219113702466e-03	3.059630620020467040e-01
1.969999999999999973e+00	7.522528763357612044e-03	3.042146010516409982e-01
1.975000000000000089e+00	7.522397866127725208e-03	3.024732639355537933e-01
1.979999999999999982e+00	7.522267526027943442e-03	3.007390359288111825e-01
1.984999999999999876e+00	7.522137741667609193e-03	2.990119023476596194e-01
1.989999999999999991e+00	7.522008511658235912e-03	2.972918485119238063e-01
1.995000000000000107e+00	7.521879834616552497e-03	2.955788597800801942e-01
2.000000000000000000e+00	7.521751709161248085e-03	2.938729215116323568e-01
2.004999999999999893e+00	7.521624133916015621e-03	2.921740191022650368e-01
2.009999999999999787e+00	7.521497107506304458e-03	2.904821379462320663e-01
2.014999999999999680e+00	7.521370628562356990e-03	2.887972634715937348e-01
2.020000000000000018e+00	7.521244695715981199e-03	2.871193811026130360e-01
2.024999999999999911e+00	7.521119307603577747e-03	2.854484762950779686e-01
2.029999999999999805e+00	7.520994462862921198e-03	2.837845344987017793e-01
2.035000000000000142e+00	7.520870160136190578e-03	2.821275411925314724e-01
2.040000000000000036e+00	7.520746398066758404e-03	2.804774818473502185e-01
2.044999999999999929e+00	7.520623175302214303e-03	2.788343419611724050e-01
2.049999999999999822e+00	7.520500490491165320e-03	2.771981070216438248e-01
2.054999999999999716e+00	7.520378342286261272e-03	2.755687625416256559e-01
2.060000000000000053e+00	7.520256729341004594e-03	2.739462940215895426e-01
2.064999999999999947e+00	7.520135650312763549e-03	2.723306869852910039e-01
2.069999999999999840e+00	7.520015103859599426e-03	2.707219269421564656e-01
2.075000000000000178e+00	7.519895088643278012e-03	2.691199994230455972e-01
2.080000000000000071e+00	7.519775603326100261e-03	2.675248899426311833e-01
2.084999999999999964e+00	7.519656646573917233e-03	2.659365840352483357e-01
2.089999999999999858e+00	7.519538217052964234e-03	2.643550672172641502e-01
2.094999999999999751e+00	7.519420313432874890e-03	2.627803250230160703e-01
2.100000000000000089e+00	7.519302934383527426e-03	2.612123429671693309e-01
2.104999999999999982e+00	7.519186078578052670e-03	2.596511065807429741e-01
2.109999999999999876e+00	7.519069744689686405e-03	2.580966013734546372e-01
2.115000000000000213e+00	7.518953931394779973e-03	2.565488128698327763e-01
2.120000000000000107e+00	7.518838637369660433e-03	2.550077265715490205e-01
2.125000000000000000e+00	7.518723861293635097e-03	2.534733279936151606e-01
2.129999999999999893e+00	7.518609601845863827e-03	2.519456026267019588e-01
2.134999999999999787e+00	7.518495857708356635e-03	2.504245359734203480e-01
2.140000000000000124e+00	7.518382627562858987e-03	2.489101135106259743e-01
2.145000000000000018e+00	7.518269910093843336e-03	2.474023207257835810e-01
2.149999999999999911e+00	7.518157703985400495e-03	2.459011430792572006e-01
2.155000000000000249e+00	7.518046007924238973e-03	2.444065660407542806e-01
2.160000000000000142e+00	7.517934820596571151e-03	2.429185750516047182e-01
2.165000000000000036e+00	7.517824140691113481e-03	2.414371555612818965e-01
2.169999999999999929e+00	7.517713966895988274e-03	2.399622929896691181e-01
2.174999999999999822e+00	7.517604297901714361e-03	2.384939727636569973e-01
2.180000000000000160e+00	7.517495132398114947e-03	2.370321802793985133e-01
2.185000000000000053e+00	7.517386469077309147e-03	2.355769009389795388e-01
2.189999999999999947e+00	7.517278306630629375e-03	2.341281201126637346e-01
2.195000000000000284e+00	7.517170643751603341e-03	2.326858231756330220e-01
2.200000000000000178e+00	7.517063479132886188e-03	2.312499954702245952e-01
2.205000000000000071e+00	7.516956811469234674e-03	2.298206223427384787e-01
2.209999999999999964e+00	7.516850639454448861e-03	2.283976891056671010e-01
2.214999999999999858e+00	7.516744961784344557e-03	2.269811810745676894e-01
2.220000000000000195e+00	7.516639777153698472e-03	2.255710835302861539e-01
2.225000000000000089e+00	7.516535084259223266e-03	2.241673817558914594e-01
2.229999999999999982e+00	7.516430881796514439e-03	2.227700609988950420e-01
2.235000000000000320e+00	7.516327168463025378e-03	2.213791065082429954e-01
2.240000000000000213e+00	7.516223942955022053e-03	2.199945034965353208e-01
2.245000000000000107e+00	7.516121203970553728e-03	2.186162371770714874e-01
2.250000000000000000e+00	7.516018950206416332e-03	2.172442927260705425e-01
2.254999999999999893e+00	7.515917180361118832e-03	2.158786553197678815e-01
2.259999999999999787e+00	7.515815893131851805e-03	2.145193100966386324e-01
2.264999999999999680e+00	7.515715087217452080e-03	2.131662421945411112e-01
2.270000000000000018e+00	7.515614761315384321e-03	2.118194367129460076e-01
2.274999999999999911e+00	7.515514914124695259e-03	2.104788787501236935e-01
2.279999999999999805e+00	7.515415544343000478e-03	2.091445533653810973e-01
2.285000000000000142e+00	7.515316650669445590e-03	2.078164456162883977e-01
2.290000000000000036e+00	7.515218231801689547e-03	2.064945405209278884e-01
2.294999999999999929e+00	7.515120286438865815e-03	2.051788230951549497e-01
2.299999999999999822e+00	7.515022813278579572e-03	2.038692783148613186e-01
2.304999999999999716e+00	7.514925811019854129e-03	2.025658911532676187e-01
2.310000000000000053e+00	7.514829278360142875e-03	2.012686465432034499e-01
2.314999999999999947e+00	7.514733213998268761e-03	1.999775294144269244e-01
2.319999999999999840e+00	7.514637616631444916e-03	1.986925246559247682e-01
2.325000000000000178e+00	7.514542484958211532e-03	1.974136171532543949e-01
2.330000000000000071e+00	7.514447817675459947e-03	1.961407917508686261e-01
2.334999999999999964e+00	7.514353613481370396e-03	1.948740332894744187e-01
2.339999999999999858e+00	7.514259871072438701e-03	1.936133265683849247e-01
2.344999999999999751e+00	7.514166589146408816e-03	1.923586563828926788e-01
2.350000000000000089e+00	7.514073766399316859e-03	1.911100074866510512e-01
2.354999999999999982e+00	7.513981401528410653e-03	1.898673646290574002e-01
2.359999999999999876e+00	7.513889493229200696e-03	1.886307125176673871e-01
2.365000000000000213e+00	7.513798040198379699e-03	1.874000358555832357e-01
2.370000000000000107e+00	7.513707041130877895e-03	1.861753193039058785e-01
2.375000000000000000e+00	7.513616494722779107e-03	1.849565475191221886e-01
2.379999999999999893e+00	7.513526399668387333e-03	1.837437051155986489e-01
2.384999999999999787e+00	7.513436754663132405e-03	1.825367767029640320e-01
2.390000000000000124e+00	7.513347558400644381e-03	1.813357468486473112e-01
2.395000000000000018e+00	7.513258809575658337e-03	1.801406001152514036e-01
2.399999999999999911e+00	7.513170506881096562e-03	1.789513210231389595e-01
2.405000000000000249e+00	7.513082649010962080e-03	1.777678940877920610e-01
2.410000000000000142e+00	7.512995234657436454e-03	1.765903037824510247e-01
2.415000000000000036e+00	7.512908262513762030e-03	1.754185345754538938e-01
2.419999999999999929e+00	7.512821731271353623e-03	1.742525708929317241e-01
2.424999999999999822e+00	7.512735639622669485e-03	1.730923971561249275e-01
2.430000000000000160e+00	7.512649986258331664e-03	1.719379977441375940e-01
2.435000000000000053e+00	7.512564769869997834e-03	1.707893570312259690e-01
2.439999999999999947e+00	7.512479989147482530e-03	1.696464593496160300e-01
2.445000000000000284e+00	7.512395642781624638e-03	1.685092890267586851e-01
2.450000000000000178e+00	7.512311729461422505e-03	1.673778303482155172e-01
2.455000000000000071e+00	7.512228247876889288e-03	1.662520675948752080e-01
2.459999999999999964e+00	7.512145196716194136e-03	1.651319850059108363e-01
2.464999999999999858e+00	7.512062574668521876e-03	1.640175668159538358e-01
2.470000000000000195e+00	7.511980380421215062e-03	1.629087972181263166e-01
2.475000000000000089e+00	7.511898612662624118e-03	1.618056604011677835e-01
2.479999999999999982e+00	7.511817270079268472e-03	1.607081405125462270e-01
2.485000000000000320e+00	7.511736351358671952e-03	1.596162216955322732e-01
2.490000000000000213e+00	7.511655855186533462e-03	1.585298880523946241e-01
2.495000000000000107e+00	7.511575780249559776e-03	1.574491236814155870e-01
2.500000000000000000e+00	7.511496125232644018e-03	1.563739126401742230e-01
2.504999999999999893e+00	7.511416888821686316e-03	1.553042389825001479e-01
2.509999999999999787e+00	7.511338069700786158e-03	1.542400867218474136e-01
2.514999999999999680e+00	7.511259666555055239e-03	1.531814398681817790e-01
2.520000000000000018e+00	7.511181678067821964e-03	1.521282823914492932e-01
2.524999999999999911e+00	7.511104102923428678e-03	1.510805982583925122e-01
2.529999999999999805e+00	7.511026939804453517e-03	1.500383713961176702e-01
2.535000000000000142e+00	7.510950187394495499e-03	1.490015857288341516e-01
2.540000000000000036e+00	7.510873844375408510e-03	1.479702251415260517e-01
2.544999999999999929e+00	7.510797909430076864e-03	1.469442735166092140e-01
2.549999999999999822e+00	7.510722381239662293e-03	1.459237146977100663e-01
2.554999999999999716e+00	7.510647258486363893e-03	1.449085325262371160e-01
2.560000000000000053e+00	7.510572539850684202e-03	1.438987108052706965e-01
2.564999999999999947e+00	7.510498224014177868e-03	1.428942333360435912e-01
2.569999999999999840e+00	7.510424309656719456e-03	1.418950838819458549e-01
2.575000000000000178e+00	7.510350795459255595e-03	1.409012462049097913e-01
2.580000000000000071e+00	7.510277680101081453e-03	1.399127040295343183e-01
2.584999999999999964e+00	7.510204962262575536e-03	1.389294410793693868e-01
2.589999999999999858e+00	7.510132640622490911e-03	1.379514410411631919e-01
2.594999999999999751e+00	7.510060713860687402e-03	1.369786876010421484e-01
2.600000000000000089e+00	7.509989180655424548e-03	1.360111644088846106e-01
2.604999999999999982e+00	7.509918039686085990e-03	1.350488551143918248e-01
2.609999999999999876e+00	7.509847289630490648e-03	1.340917433315919338e-01
2.615000000000000213e+00	7.509776929167598890e-03	1.331398126747968813e-01
2.620000000000000107e+00	7.509706956974838456e-03	1.321930467232415862e-01
2.625000000000000000e+00	7.509637371730799350e-03	1.312514290569218034e-01
2.629999999999999893e+00	7.509568172112571910e-03	1.303149432213717984e-01
2.634999999999999787e+00	7.509499356798436491e-03	1.293835727633790844e-01
2.640000000000000124e+00	7.509430924465205007e-03	1.284573011959043165e-01
2.645000000000000018e+00	7.509362873790899340e-03	1.275361120336691856e-01
2.649999999999999911e+00	7.509295203452117165e-03	1.266199887582210859e-01
2.655000000000000249e+00	7.509227912126686943e-03	1.257089148533897804e-01
2.660000000000000142e+00	7.509160998491050225e-03	1.248028737705020319e-01
2.665000000000000036e+00	7.509094461222905366e-03	1.239018489637011139e-01
2.669999999999999929e+00	7.509028298998604578e-03	1.230058238553151939e-01
2.674999999999999822e+00	7.508962510495782033e-03	1.221147818710369981e-01
2.680000000000000160e+00	7.508897094390767392e-03	1.212287064054479169e-01
2.685000000000000053e+00	7.508832049361200897e-03	1.203475808570538680e-01
2.689999999999999947e+00	7.508767374083456445e-03	1.194713885939691217e-01
2.695000000000000284e+00	7.508703067235248871e-03	1.186001129888036992e-01
2.700000000000000178e+00	7.508639127493070900e-03	1.177337373845111501e-01
2.705000000000000071e+00	7.508575553534783953e-03	1.168722451291229342e-01
2.709999999999999964e+00	7.508512344037072440e-03	1.160156195417633707e-01
2.714999999999999858e+00	7.508449497678019828e-03	1.151638439472272846e-01
2.720000000000000195e+00	7.508387013134574205e-03	1.143169016421653889e-01
2.725000000000000089e+00	7.508324889085117408e-03	1.134747759295016978e-01
2.729999999999999982e+00	7.508263124206941870e-03	1.126374500847918403e-01
2.735000000000000320e+00	7.508201717178803261e-03	1.118049073904765073e-01
2.740000000000000213e+00	7.508140666678416418e-03	1.109771311024170815e-01
2.745000000000000107e+00	7.508079971384990642e-03	1.101541044839799560e-01
2.750000000000000000e+00	7.508019629976742972e-03	1.093358107727528256e-01
2.754999999999999893e+00	7.507959641133419605e-03	1.085222332144570867e-01
2.759999999999999787e+00	7.507900003533819581e-03	1.077133550298469966e-01
2.764999999999999680e+00	7.507840715858306660e-03	1.069091594484468111e-01
2.770000000000000018e+00	7.507781776786349483e-03	1.061096296756362106e-01
2.774999999999999911e+00	7.507723184999010903e-03	1.053147489262079434e-01
2.779999999999999805e+00	7.507664939176511565e-03	1.045245003916428356e-01
2.785000000000000142e+00	7.507607038000702754e-03	1.037388672734842199e-01
2.790000000000000036e+00	7.507549480152640384e-03	1.029578327508059582e-01
2.794999999999999929e+00	7.507492264315050040e-03	1.021813800134000888e-01
2.799999999999999822e+00	7.507435389169913112e-03	1.014094922294401652e-01
2.804999999999999716e+00	7.507378853400913619e-03	1.006421525784791798e-01
2.810000000000000053e+00	7.507322655691048632e-03	9.987934421931098095e-02
2.814999999999999947e+00	7.507266794725049076e-03	9.912105032277543359e-02
2.819999999999999840e+00	7.507211269187013571e-03	9.836725403982063409e-02
2.825000000000000178e+00	7.507156077762814489e-03	9.761793853411084021e-02
2.830000000000000071e+00	7.507101219137743073e-03	9.687308695029378525e-02
2.834999999999999964e+00	7.507046691998899013e-03	9.613268244640829630e-02
2.839999999999999858e+00	7.506992495032857246e-03	9.539670816235758244e-02
2.844999999999999751e+00	7.506938626928040190e-03	9.466514725211477854e-02
2.850000000000000089e+00	7.506885086372396682e-03	9.393798285240494150e-02
2.854999999999999982e+00	7.506831872055762939e-03	9.321519811470468930e-02
2.859999999999999876e+00	7.506778982667557110e-03	9.249677617413591679e-02
2.865000000000000213e+00	7.506726416899120284e-03	9.178270018125622709e-02
2.870000000000000107e+00	7.506674173441431862e-03	9.107295327116737838e-02
2.875000000000000000e+00	7.506622250987434082e-03	9.036751859509320473e-02
2.879999999999999893e+00	7.506570648229763873e-03	8.966637928970495885e-02
2.884999999999999787e+00	7.506519363863054829e-03	8.896951850848448806e-02
2.890000000000000124e+00	7.506468396581695082e-03	8.827691939126823539e-02
2.895000000000000018e+00	7.506417745082108461e-03	8.758856509539347801e-02
2.899999999999999911e+00	7.506367408060526242e-03	8.690443876546322111e-02
2.905000000000000249e+00	7.506317384215258764e-03	8.622452356427173781e-02
2.910000000000000142e+00	7.506267672244480195e-03	8.554880264279386692e-02
2.915000000000000036e+00	7.506218270848478459e-03	8.487725917088718985e-02
2.919999999999999929e+00	7.506169178727464288e-03	8.420987630750655095e-02
2.924999999999999822e+00	7.506120394583802938e-03	8.354663723118158081e-02
2.930000000000000160e+00	7.506071917119838850e-03	8.288752511045861804e-02
2.935000000000000053e+00	7.506023745040109156e-03	8.223252313415038706e-02
2.939999999999999947e+00	7.505975877049189150e-03	8.158161448200741683e-02
2.945000000000000284e+00	7.505928311853885850e-03	8.093478235473756943e-02
2.950000000000000178e+00	7.505881048161099078e-03	8.029200994490948151e-02
2.955000000000000071e+00	7.505834084680002884e-03	7.965328046673904316e-02
2.959999999999999964e+00	7.505787420119921366e-03	7.901857712722647198e-02
2.964999999999999858e+00	7.505741053192491880e-03	7.838788315570817400e-02
2.970000000000000195e+00	7.505694982609556476e-03	7.776118177522886588e-02
2.975000000000000089e+00	7.505649207085313829e-03	7.713845623185687506e-02
2.979999999999999982e+00	7.505603725334224555e-03	7.651968976629314190e-02
2.985000000000000320e+00	7.505558536073141454e-03	7.590486564294711413e-02
2.990000000000000213e+00	7.505513638019244323e-03	7.529396712178505757e-02
2.995000000000000107e+00	7.505469029892137232e-03	7.468697748716478235e-02
3.000000000000000000e+00	7.505424710411808496e-03	7.408388001992373406e-02
3.004999999999999893e+00	7.505380678300717541e-03	7.348465802597162200e-02
3.009999999999999787e+00	7.505336932281758341e-03	7.288929480861987276e-02
3.014999999999999680e+00	7.505293471080337619e-03	7.229777369692928779e-02
3.020000000000000018e+00	7.505250293422356493e-03	7.171007801828312156e-02
3.024999999999999911e+00	7.505207398036261787e-03	7.112619112648831121e-02
3.029999999999999805e+00	7.505164783651058040e-03	7.054609637459273441e-02
3.035000000000000142e+00	7.505122448998333660e-03	6.996977714273847071e-02
3.040000000000000036e+00	7.505080392810288548e-03	6.939721681122540398e-02
3.044999999999999929e+00	7.505038613821747237e-03	6.882839878811387868e-02
3.049999999999999822e+00	7.504997110768203000e-03	6.826330648253586819e-02
3.054999999999999716e+00	7.504955882387811909e-03	6.770192333204673452e-02
3.060000000000000053e+00	7.504914927419456885e-03	6.714423277618412900e-02
3.064999999999999947e+00	7.504874244604719212e-03	6.659021828356725958e-02
3.069999999999999840e+00	7.504833832685966870e-03	6.603986332570511986e-02
3.075000000000000178e+00	7.504793690408304366e-03	6.549315140384158462e-02
3.080000000000000071e+00	7.504753816517675813e-03	6.495006602301450771e-02
3.084999999999999964e+00	7.504714209762800882e-03	6.441059071864491115e-02
3.089999999999999858e+00	7.504674868893297830e-03	6.387470903084764562e-02
3.094999999999999751e+00	7.504635792661596902e-03	6.334240453076388222e-02
3.100000000000000089e+00	7.504596979821083307e-03	6.281366079512423761e-02
3.104999999999999982e+00	7.504558429127986333e-03	6.228846143232374261e-02
3.109999999999999876e+00	7.504520139339552684e-03	6.176679005723743898e-02
3.115000000000000213e+00	7.504482109215909573e-03	6.124863031703675631e-02
3.120000000000000107e+00	7.504444337518252801e-03	6.073396586625953025e-02
3.125000000000000000e+00	7.504406823010699445e-03	6.022278039236569902e-02
3.129999999999999893e+00	7.504369564458487213e-03	5.971505759106238154e-02
3.134999999999999787e+00	7.504332560629813249e-03	5.921078119159883801e-02
3.140000000000000124e+00	7.504295810294049109e-03	5.870993493234670513e-02
3.145000000000000018e+00	7.504259312223563079e-03	5.821250258583323539e-02
3.149999999999999911e+00	7.504223065191950766e-03	5.771846793457741098e-02
3.155000000000000249e+00	7.504187067975841806e-03	5.722781479586063619e-02
3.160000000000000142e+00	7.504151319353146062e-03	5.674052699781953479e-02
3.165000000000000036e+00	7.504115818104841254e-03	5.625658840395297150e-02
3.169999999999999929e+00	7.504080563013242576e-03	5.577598288947211574e-02
3.174999999999999822e+00	7.504045552863764304e-03	5.529869436554341044e-02
3.180000000000000160e+00	7.504010786443213697e-03	5.482470675589559694e-02
3.185000000000000053e+00	7.503976262541529191e-03	5.435400402079901272e-02
3.189999999999999947e+00	7.503941979950098581e-03	5.388657013392926520e-02
3.195000000000000284e+00	7.503907937463471199e-03	5.342238910608190783e-02
3.200000000000000178e+00	7.503874133877699512e-03	5.296144496229452520e-02
3.205000000000000071e+00	7.503840567992033084e-03	5.250372176529515683e-02
3.209999999999999964e+00	7.503807238607273188e-03	5.204920359288261328e-02
3.214999999999999858e+00	7.503774144527452020e-03	5.159787456110941778e-02
3.220000000000000195e+00	7.503741284558205528e-03	5.114971880192026310e-02
3.225000000000000089e+00	7.503708657508434410e-03	5.070472048606866622e-02
3.229999999999999982e+00	7.503676262188691687e-03	5.026286380101358670e-02
3.235000000000000320e+00	7.503644097412827223e-03	4.982413297356998866e-02
3.240000000000000213e+00	7.503612161996396114e-03	4.938851224806378726e-02
3.245000000000000107e+00	7.503580454758280657e-03	4.895598590871570038e-02
3.250000000000000000e+00	7.503548974519116954e-03	4.852653825805455096e-02
3.254999999999999893e+00	7.503517720102899531e-03	4.810015363903457492e-02
3.259999999999999787e+00	7.503486690335429629e-03	4.767681641370666995e-02
3.264999999999999680e+00	7.503455884045892935e-03	4.725651098506916670e-02
3.270000000000000018e+00	7.503425300065333023e-03	4.683922177599710024e-02
3.274999999999999911e+00	7.503394937228209140e-03	4.642493325082645145e-02
3.279999999999999805e+00	7.503364794370882655e-03	4.601362989454108043e-02
3.285000000000000142e+00	7.503334870333161835e-03	4.560529623409003558e-02
3.290000000000000036e+00	7.503305163956808244e-03	4.519991681783287751e-02
3.294999999999999929e+00	7.503275674087055494e-03	4.479747623659004196e-02
3.299999999999999822e+00	7.503246399571137336e-03	4.439795910334506934e-02
3.304999999999999716e+00	7.503217339259789925e-03	4.400135007402957571e-02
3.310000000000000053e+00	7.503188492005795525e-03	4.360763382748173572e-02
3.314999999999999947e+00	7.503159856665465692e-03	4.321679508596538988e-02
3.319999999999999840e+00	7.503131432097205795e-03	4.282881859538515551e-02
3.325000000000000178e+00	7.503103217162975652e-03	4.244368914553958011e-02
3.330000000000000071e+00	7.503075210726875728e-03	4.206139155059259588e-02
3.334999999999999964e+00	7.503047411656587826e-03	4.168191066906119097e-02
3.339999999999999858e+00	7.503019818821976029e-03	4.130523138454241655e-02
3.344999999999999751e+00	7.502992431096516118e-03	4.093133862543609641e-02
3.350000000000000089e+00	7.502965247355908654e-03	4.056021734592669264e-02
3.354999999999999982e+00	7.502938266479489311e-03	4.019185254544191399e-02
3.359999999999999876e+00	7.502911487348863651e-03	3.982622924988871854e-02
3.365000000000000213e+00	7.502884908849297499e-03	3.946333253084786941e-02
3.370000000000000107e+00	7.502858529868369937e-03	3.910314748706408133e-02
3.375000000000000000e+00	7.502832349297342864e-03	3.874565926337682209e-02
3.379999999999999893e+00	7.502806366029833064e-03	3.839085303246363157e-02
3.384999999999999787e+00	7.502780578963165296e-03	3.803871401350834153e-02
3.390000000000000124e+00	7.502754986997062572e-03	3.768922745419644310e-02
3.395000000000000018e+00	7.502729589034974958e-03	3.734237864912156452e-02
3.399999999999999911e+00	7.502704383982793275e-03	3.699815292203208206e-02
3.405000000000000249e+00	7.502679370750157950e-03	3.665653564397639008e-02
3.410000000000000142e+00	7.502654548249189197e-03	3.631751221580017952e-02
3.415000000000000036e+00	7.502629915395779385e-03	3.598106808603138140e-02
3.419999999999999929e+00	7.502605471108342305e-03	3.564718873362685697e-02
3.424999999999999822e+00	7.502581214309082119e-03	3.531585968559792371e-02
3.430000000000000160e+00	7.502557143922763440e-03	3.498706650000588114e-02
3.435000000000000053e+00	7.502533258877961200e-03	3.466079478332888264e-02
3.439999999999999947e+00	7.502509558105851552e-03	3.433703017370509647e-02
3.445000000000000284e+00	7.502486040541437445e-03	3.401575835804167280e-02
3.450000000000000178e+00	7.502462705122362949e-03	3.369696505550522775e-02
3.455000000000000071e+00	7.502439550790119746e-03	3.338063603437378679e-02
3.459999999999999964e+00	7.502416576488870996e-03	3.306675709577266975e-02
3.464999999999999858e+00	7.502393781166649157e-03	3.275531409027124946e-02
3.470000000000000195e+00	7.502371163774198062e-03	3.244629290186318987e-02
3.475000000000000089e+00	7.502348723266144721e-03	3.213967946430851264e-02
3.479999999999999982e+00	7.502326458599862212e-03	3.183545974535750833e-02
3.485000000000000320e+00	7.502304368736625872e-03	3.153361976283910323e-02
3.490000000000000213e+00	7.502282452640490068e-03	3.123414556912727791e-02
3.495000000000000107e+00	7.502260709279429639e-03	3.093702326697698318e-02
3.500000000000000000e+00	7.502239137624233146e-03	3.064223899423173039e-02
3.504999999999999893e+00	7.502217736649623506e-03	3.034977893940826038e-02
3.509999999999999787e+00	7.502196505333168577e-03	3.005962932664410156e-02
3.514999999999999680e+00	7.502175442656389658e-03	2.977177643103234850e-02
3.520000000000000018e+00	7.502154547603685081e-03	2.948620656380778957e-02
3.524999999999999911e+00	7.502133819163417025e-03	2.920290608743304761e-02
3.529999999999999805e+00	7.502113256326862004e-03	2.892186140102202818e-02
3.535000000000000142e+00	7.502092858089273383e-03	2.864305895517871986e-02
3.540000000000000036e+00	7.502072623448844020e-03	2.836648523765677998e-02
3.544999999999999929e+00	7.502052551407762705e-03	2.809212678795213261e-02
3.549999999999999822e+00	7.502032640971188077e-03	2.781997018319735601e-02
3.554999999999999716e+00	7.502012891148283381e-03	2.755000205250952502e-02
3.560000000000000053e+00	7.501993300951213806e-03	2.728220906311789110e-02
3.564999999999999947e+00	7.501973869396159553e-03	2.701657793446874539e-02
3.569999999999999840e+00	7.501954595502335725e-03	2.675309542458461504e-02
3.575000000000000178e+00	7.501935478292979381e-03	2.649174834392744801e-02
3.580000000000000071e+00	7.501916516794391102e-03	2.623252354198859007e-02
3.584999999999999964e+00	7.501897710036906433e-03	2.597540792091106512e-02
3.589999999999999858e+00	7.501879057053947863e-03	2.572038842230885830e-02
3.594999999999999751e+00	7.501860556882987592e-03	2.546745204065042206e-02
3.600000000000000089e+00	7.501842208564607310e-03	2.521658581030531560e-02
3.604999999999999982e+00	7.501824011143450564e-03	2.496777681869050136e-02
3.609999999999999876e+00	7.501805963667295546e-03	2.472101219354287671e-02
3.615000000000000213e+00	7.501788065187988373e-03	2.447627911582980764e-02
3.620000000000000107e+00	7.501770314760539300e-03	2.423356480724626894e-02
3.625000000000000000e+00	7.501752711444032579e-03	2.399285654289107228e-02
3.629999999999999893e+00	7.501735254300740882e-03	2.375414163898695655e-02
3.634999999999999787e+00	7.501717942397017821e-03	2.351740746532433868e-02
3.640000000000000124e+00	7.501700774802427980e-03	2.328264143320253263e-02
3.645000000000000018e+00	7.501683750590629890e-03	2.304983100764282367e-02
3.649999999999999911e+00	7.501666868838509535e-03	2.281896369554917842e-02
3.655000000000000249e+00	7.501650128627053785e-03	2.259002705769206157e-02
3.660000000000000142e+00	7.501633529040502985e-03	2.236300869708755801e-02
3.665000000000000036e+00	7.501617069167200100e-03	2.213789627075333361e-02
3.669999999999999929e+00	7.501600748098764988e-03	2.191467747830411206e-02
3.674999999999999822e+00	7.501584564930922731e-03	2.169334007348206611e-02
3.680000000000000160e+00	7.501568518762701324e-03	2.147387185296710174e-02
3.685000000000000053e+00	7.501552608697233983e-03	2.125626066768288719e-02
3.689999999999999947e+00	7.501536833840975922e-03	2.104049441182026872e-02
3.695000000000000284e+00	7.501521193304497119e-03	2.082656103392106078e-02
3.700000000000000178e+00	7.501505686201701689e-03	2.061444852611283782e-02
3.705000000000000071e+00	7.501490311650617186e-03	2.040414493497213697e-02
3.709999999999999964e+00	7.501475068772623517e-03	2.019563835096897450e-02
3.714999999999999858e+00	7.501459956693221423e-03	1.998891691911114377e-02
3.720000000000000195e+00	7.501444974541286552e-03	1.978396882859667638e-02
3.725000000000000089e+00	7.501430121449818855e-03	1.958078232324138301e-02
3.729999999999999982e+00	7.501415396555205332e-03	1.937934569133738585e-02
3.735000000000000320e+00	7.501400798997961625e-03	1.917964727586545307e-02
3.740000000000000213e+00	7.501386327922009503e-03	1.898167546455820434e-02
3.745000000000000107e+00	7.501371982475395044e-03	1.878541869989878987e-02
3.750000000000000000e+00	7.501357761809587799e-03	1.859086546938710713e-02
3.754999999999999893e+00	7.501343665080185963e-03	1.839800431532703784e-02
3.759999999999999787e+00	7.501329691446219881e-03	1.820682382529335494e-02
3.764999999999999680e+00	7.501315840070852878e-03	1.801731264170954028e-02
3.770000000000000018e+00	7.501302110120694304e-03	1.782945945251376493e-02
3.774999999999999911e+00	7.501288500766482154e-03	1.764325300052901196e-02
3.779999999999999805e+00	7.501275011182420398e-03	1.745868207432655153e-02
3.785000000000000142e+00	7.501261640546835578e-03	1.727573551739000970e-02
3.790000000000000036e+00	7.501248388041533224e-03	1.709440221917464531e-02
3.794999999999999929e+00	7.501235252852441436e-03	1.691467112406727646e-02
3.799999999999999822e+00	7.501222234168980312e-03	1.673653122263943013e-02
3.804999999999999716e+00	7.501209331184689050e-03	1.655997156040522889e-02
3.810000000000000053e+00	7.501196543096607522e-03	1.638498122926646330e-02
3.814999999999999947e+00	7.501183869105897302e-03	1.621154937607047208e-02
3.819999999999999840e+00	7.501171308417227575e-03	1.603966519424534012e-02
3.825000000000000178e+00	7.501158860239386626e-03	1.586931793215939565e-02
3.830000000000000071e+00	7.501146523784685098e-03	1.570049688494506990e-02
3.834999999999999964e+00	7.501134298269540590e-03	1.553319140266181016e-02
3.839999999999999858e+00	7.501122182913907803e-03	1.536739088230655234e-02
3.844999999999999751e+00	7.501110176941845793e-03	1.520308477578240572e-02
3.850000000000000089e+00	7.501098279580955923e-03	1.504026258209377638e-02
3.854999999999999982e+00	7.501086490062939573e-03	1.487891385512255839e-02
3.859999999999999876e+00	7.501074807623049102e-03	1.471902819600619423e-02
3.865000000000000213e+00	7.501063231500635156e-03	1.456059526072339509e-02
3.870000000000000107e+00	7.501051760938601959e-03	1.440360475265327171e-02
3.875000000000000000e+00	7.501040395183947683e-03	1.424804642997253186e-02
3.879999999999999893e+00	7.501029133487231888e-03	1.409391009839374397e-02
3.884999999999999787e+00	7.501017975103101143e-03	1.394118561837597373e-02
3.890000000000000124e+00	7.501006919289772944e-03	1.378986289804054813e-02
3.895000000000000018e+00	7.500995965309539652e-03	1.363993190019706370e-02
3.899999999999999911e+00	7.500985112428274967e-03	1.349138263543465249e-02
3.905000000000000249e+00	7.500974359915917045e-03	1.334420516896515745e-02
3.910000000000000142e+00	7.500963707045993183e-03	1.319838961388847785e-02
3.915000000000000036e+00	7.500953153096087331e-03	1.305392613785485642e-02
3.919999999999999929e+00	7.500942697347373449e-03	1.291080495650199014e-02
3.924999999999999822e+00	7.500932339085079545e-03	1.276901633993875532e-02
3.930000000000000160e+00	7.500922077598024505e-03	1.262855060635229010e-02
3.935000000000000053e+00	7.500911912179072591e-03	1.248939812831486272e-02
3.939999999999999947e+00	7.500901842124685012e-03	1.235154932655938009e-02
3.945000000000000284e+00	7.500891866735356212e-03	1.221499467611129180e-02
3.950000000000000178e+00	7.500881985315182784e-03	1.207972470023053503e-02
3.955000000000000071e+00	7.500872197172284150e-03	1.194572997637048835e-02
3.959999999999999964e+00	7.500862501618383617e-03	1.181300113028466853e-02
3.964999999999999858e+00	7.500852897969221243e-03	1.168152884181453133e-02
3.970000000000000195e+00	7.500843385544138375e-03	1.155130383915906403e-02
3.975000000000000089e+00	7.500833963666484437e-03	1.142231690449364324e-02
3.979999999999999982e+00	7.500824631663212741e-03	1.129455886840060805e-02
3.985000000000000320e+00	7.500815388865271667e-03	1.116802061532079851e-02
3.990000000000000213e+00	7.500806234607217821e-03	1.104269307814364359e-02
3.995000000000000107e+00	7.500797168227589864e-03	1.091856724349335624e-02
4.000000000000000000e+00	7.500788189068532952e-03	1.079563414647646998e-02
4.004999999999999893e+00	7.500779296476166487e-03	1.067388487580486593e-02
4.009999999999999787e+00	7.500770489800215497e-03	1.055331056869891412e-02
4.014999999999999680e+00	7.500761768394365384e-03	1.043390241584907577e-02
4.019999999999999574e+00	7.500753131615908037e-03	1.031565165647303946e-02
4.025000000000000355e+00	7.500744578826084447e-03	1.019854958311782779e-02
4.030000000000000249e+00	7.500736109389739489e-03	1.008258753686917808e-02
4.035000000000000142e+00	7.500727722675655865e-03	9.967756911995865471e-03
4.040000000000000036e+00	7.500719418056217558e-03	9.854049151309569182e-03
4.044999999999999929e+00	7.500711194907735101e-03	9.741455750653552764e-03
4.049999999999999822e+00	7.500703052610115974e-03	9.629968254411230832e-03
4.054999999999999716e+00	7.500694990547180328e-03	9.519578259841010581e-03
4.059999999999999609e+00	7.500687008106348731e-03	9.410277412731702859e-03
4.064999999999999503e+00	7.500679104678937073e-03	9.302057411585552826e-03
4.070000000000000284e+00	7.500671279659854723e-03	9.194910003418708608e-03
4.075000000000000178e+00	7.500663532447898567e-03	9.088826987794274698e-03
4.080000000000000071e+00	7.500655862445453764e-03	8.983800212766193671e-03
4.084999999999999964e+00	7.500648269058778246e-03	8.879821578764055326e-03
4.089999999999999858e+00	7.500640751697715616e-03	8.776883034678968978e-03
4.094999999999999751e+00	7.500633309775965769e-03	8.674976581601722553e-03
4.099999999999999645e+00	7.500625942710813406e-03	8.574094269048877781e-03
4.105000000000000426e+00	7.500618649923381301e-03	8.474228198556399069e-03
4.110000000000000320e+00	7.500611430838373568e-03	8.375370520044134529e-03
4.115000000000000213e+00	7.500604284884319385e-03	8.277513435266618119e-03
4.120000000000000107e+00	7.500597211493321460e-03	8.180649194314335362e-03
4.125000000000000000e+00	7.500590210101295424e-03	8.084770098923575732e-03
4.129999999999999893e+00	7.500583280147720897e-03	7.989868499112871489e-03
4.134999999999999787e+00	7.500576421075877409e-03	7.895936796353615963e-03
4.139999999999999680e+00	7.500569632332606748e-03	7.802967440340017984e-03
4.144999999999999574e+00	7.500562913368526326e-03	7.710952932022282352e-03
4.150000000000000355e+00	7.500556263637814074e-03	7.619885820508392853e-03
4.155000000000000249e+00	7.500549682598410539e-03	7.529758705961720616e-03
4.160000000000000142e+00	7.500543169711805513e-03	7.440564236633006798e-03
4.165000000000000036e+00	7.500536724443237525e-03	7.352295111624002587e-03
4.169999999999999929e+00	7.500530346261486542e-03	7.264944078048236019e-03
4.174999999999999822e+00	7.500524034639066522e-03	7.178503933662421822e-03
4.179999999999999716e+00	7.500517789052024188e-03	7.092967524154278509e-03
4.185000000000000497e+00	7.500511608980122910e-03	7.008327745643434976e-03
4.190000000000000391e+00	7.500505493906654483e-03	6.924577542094889279e-03
4.195000000000000284e+00	7.500499443318606532e-03	6.841709907691031350e-03
4.200000000000000178e+00	7.500493456706489905e-03	6.759717884369106748e-03
4.205000000000000071e+00	7.500487533564494796e-03	6.678594564066203838e-03
4.209999999999999964e+00	7.500481673390322485e-03	6.598333086379040702e-03
4.214999999999999858e+00	7.500475875685341451e-03	6.518926640683565636e-03
4.219999999999999751e+00	7.500470139954420849e-03	6.440368463915736690e-03
4.224999999999999645e+00	7.500464465706077957e-03	6.362651842567251630e-03
4.230000000000000426e+00	7.500458852452324653e-03	6.285770110585752780e-03
4.235000000000000320e+00	7.500453299708800987e-03	6.209716651248521797e-03
4.240000000000000213e+00	7.500447806994634675e-03	6.134484895180506922e-03
4.245000000000000107e+00	7.500442373832563389e-03	6.060068322107427588e-03
4.250000000000000000e+00	7.500436999748801188e-03	5.986460458990499126e-03
4.254999999999999893e+00	7.500431684273158213e-03	5.913654881660363599e-03
4.259999999999999787e+00	7.500426426938907980e-03	5.841645213066929028e-03
4.264999999999999680e+00	7.500421227282903607e-03	5.770425124795965262e-03
4.269999999999999574e+00	7.500416084845452046e-03	5.699988335432444424e-03
4.275000000000000355e+00	7.500410999170419903e-03	5.630328611961406444e-03
4.280000000000000249e+00	7.500405969805119810e-03	5.561439768243483205e-03
4.285000000000000142e+00	7.500400996300404105e-03	5.493315666301437986e-03
4.290000000000000036e+00	7.500396078210564213e-03	5.425950214906529769e-03
4.294999999999999929e+00	7.500391215093408712e-03	5.359337370752221934e-03
4.299999999999999822e+00	7.500386406510175727e-03	5.293471137150089142e-03
4.304999999999999716e+00	7.500381652025604057e-03	5.228345565092146381e-03
4.309999999999999609e+00	7.500376951207850772e-03	5.163954752054849932e-03
4.314999999999999503e+00	7.500372303628554532e-03	5.100292842951679138e-03
4.320000000000000284e+00	7.500367708862759261e-03	5.037354029043796845e-03
4.325000000000000178e+00	7.500363166488976593e-03	4.975132548784328909e-03
4.330000000000000071e+00	7.500358676089108681e-03	4.913622686834455931e-03
4.334999999999999964e+00	7.500354237248508041e-03	4.852818774800789561e-03
4.339999999999999858e+00	7.500349849555906431e-03	4.792715190355619631e-03
4.344999999999999751e+00	7.500345512603466894e-03	4.733306357868750751e-03
4.349999999999999645e+00	7.500341225986720435e-03	4.674586747630605534e-03
4.355000000000000426e+00	7.500336989304608529e-03	4.616550876379956099e-03
4.360000000000000320e+00	7.500332802159433675e-03	4.559193306628692502e-03
4.365000000000000213e+00	7.500328664156885421e-03	4.502508647086704216e-03
4.370000000000000107e+00	7.500324574906005667e-03	4.446491552087038744e-03
4.375000000000000000e+00	7.500320534019205149e-03	4.391136721909524691e-03
4.379999999999999893e+00	7.500316541112228737e-03	4.336438902304941452e-03
4.384999999999999787e+00	7.500312595804175392e-03	4.282392884718670169e-03
4.389999999999999680e+00	7.500308697717470406e-03	4.228993505912736518e-03
4.394999999999999574e+00	7.500304846477867139e-03	4.176235648090757639e-03
4.400000000000000355e+00	7.500301041714436609e-03	4.124114238616740855e-03
4.405000000000000249e+00	7.500297283059560553e-03	4.072624250042643224e-03
4.410000000000000142e+00	7.500293570148919287e-03	4.021760699922704956e-03
4.415000000000000036e+00	7.500289902621491700e-03	3.971518650744828953e-03
4.419999999999999929e+00	7.500286280119542251e-03	3.921893209839358643e-03
4.424999999999999822e+00	7.500282702288612290e-03	3.872879529215656619e-03
4.429999999999999716e+00	7.500279168777515722e-03	3.824472805564041022e-03
4.435000000000000497e+00	7.500275679238324264e-03	3.776668279998796236e-03
4.440000000000000391e+00	7.500272233326375250e-03	3.729461238152291178e-03
4.445000000000000284e+00	7.500268830700238670e-03	3.682847009825432078e-03
4.450000000000000178e+00	7.500265471021738857e-03	3.636820969172961746e-03
4.455000000000000071e+00	7.500262153955915452e-03	3.591378534262720541e-03
4.459999999999999964e+00	7.500258879171046826e-03	3.546515167350884970e-03
4.464999999999999858e+00	7.500255646338610180e-03	3.502226374351191749e-03
4.469999999999999751e+00	7.500252455133308432e-03	3.458507705199100491e-03
4.474999999999999645e+00	7.500249305233023384e-03	3.415354753232152651e-03
4.480000000000000426e+00	7.500246196318849541e-03	3.372763155641939851e-03
4.485000000000000320e+00	7.500243128075042079e-03	3.330728592766785123e-03
4.490000000000000213e+00	7.500240100189055868e-03	3.289246788630618718e-03
4.495000000000000107e+00	7.500237112351486497e-03	3.248313510148996032e-03
4.500000000000000000e+00	7.500234164256117976e-03	3.207924567753784543e-03
4.504999999999999893e+00	7.500231255599855082e-03	3.168075814513604364e-03
4.509999999999999787e+00	7.500228386082777136e-03	3.128763146843537447e-03
4.514999999999999680e+00	7.500225555408068616e-03	3.089982503541002963e-03
4.519999999999999574e+00	7.500222763282071194e-03	3.051729866579418020e-03
4.525000000000000355e+00	7.500220009414215218e-03	3.014001260060667538e-03
4.530000000000000249e+00	7.500217293517077825e-03	2.976792751091754136e-03
4.535000000000000142e+00	7.500214615306302277e-03	2.940100448654780173e-03
4.540000000000000036e+00	7.500211974500663008e-03	2.903920504565735052e-03
4.544999999999999929e+00	7.500209370821987569e-03	2.868249112263097055e-03
4.549999999999999822e+00	7.500206803995222542e-03	2.833082507847726333e-03
4.554999999999999716e+00	7.500204273748342469e-03	2.798416968791067952e-03
4.559999999999999609e+00	7.500201779812432253e-03	2.764248815055342194e-03
4.564999999999999503e+00	7.500199321921587406e-03	2.730574407722400482e-03
4.570000000000000284e+00	7.500196899812996455e-03	2.697390150193170431e-03
4.575000000000000178e+00	7.500194513226841192e-03	2.664692486738051962e-03
4.580000000000000071e+00	7.500192161906388613e-03	2.632477903774962675e-03
4.584999999999999964e+00	7.500189845597876430e-03	2.600742928342098578e-03
4.589999999999999858e+00	7.500187564050611079e-03	2.569484129453770103e-03
4.594999999999999751e+00	7.500185317016855834e-03	2.538698116496538801e-03
4.599999999999999645e+00	7.500183104251932284e-03	2.508381540661894660e-03
4.605000000000000426e+00	7.500180925514095438e-03	2.478531093266569344e-03
4.610000000000000320e+00	7.500178780564647346e-03	2.449143507261393026e-03
4.615000000000000213e+00	7.500176669167806995e-03	2.420215555476690986e-03
4.620000000000000107e+00	7.500174591090823933e-03	2.391744052206452604e-03
4.625000000000000000e+00	7.500172546103851638e-03	2.363725851379738525e-03
4.629999999999999893e+00	7.500170533980057667e-03	2.336157848219366437e-03
4.634999999999999787e+00	7.500168554495496159e-03	2.309036977340046554e-03
4.639999999999999680e+00	7.500166607429223191e-03	2.282360214480912836e-03
4.644999999999999574e+00	7.500164692563164939e-03	2.256124574531292309e-03
4.650000000000000355e+00	7.500162809682233908e-03	2.230327113336291571e-03
4.655000000000000249e+00	7.500160958574195354e-03	2.204964925650937206e-03
4.660000000000000142e+00	7.500159139029793920e-03	2.180035147018083777e-03
4.665000000000000036e+00	7.500157350842600983e-03	2.155534951651794442e-03
4.669999999999999929e+00	7.500155593809158631e-03	2.131461554386899094e-03
4.674999999999999822e+00	7.500153867728820076e-03	2.107812208492225794e-03
4.679999999999999716e+00	7.500152172403895361e-03	2.084584207691153341e-03
4.685000000000000497e+00	7.500150507639486569e-03	2.061774883905579097e-03
4.690000000000000391e+00	7.500148873243642211e-03	2.039381609346794209e-03
4.695000000000000284e+00	7.500147269027186356e-03	2.017401794190672257e-03
4.700000000000000178e+00	7.500145694803873886e-03	1.995832888738231781e-03
4.705000000000000071e+00	7.500144150390220497e-03	1.974672381023027164e-03
4.709999999999999964e+00	7.500142635605663161e-03	1.953917799040702421e-03
4.714999999999999858e+00	7.500141150272377107e-03	1.933566708289075672e-03
4.719999999999999751e+00	7.500139694215449300e-03	1.913616714066120614e-03
4.724999999999999645e+00	7.500138267262691089e-03	1.894065458943481857e-03
4.730000000000000426e+00	7.500136869244808206e-03	1.874910625132209917e-03
4.735000000000000320e+00	7.500135499995217760e-03	1.856149931890439244e-03
4.740000000000000213e+00	7.500134159350219099e-03	1.837781137956299082e-03
4.745000000000000107e+00	7.500132847148804731e-03	1.819802038890248365e-03
4.750000000000000000e+00	7.500131563232838999e-03	1.802210469574647232e-03
4.754999999999999893e+00	7.500130307446862925e-03	1.785004301491456341e-03
4.759999999999999787e+00	7.500129079638278087e-03	1.768181445287786424e-03
4.764999999999999680e+00	7.500127879657143663e-03	1.751739847989583270e-03
4.769999999999999574e+00	7.500126707356372449e-03	1.735677495632687809e-03
4.775000000000000355e+00	7.500125562591515756e-03	1.719992410413005712e-03
4.780000000000000249e+00	7.500124445220966371e-03	1.704682653382564748e-03
4.785000000000000142e+00	7.500123355105743454e-03	1.689746321536730400e-03
4.790000000000000036e+00	7.500122292109693764e-03	1.675181550574693238e-03
4.794999999999999929e+00	7.500121256099273083e-03	1.660986511924413163e-03
4.799999999999999822e+00	7.500120246943755252e-03	1.647159415566991662e-03
4.804999999999999716e+00	7.500119264515010126e-03	1.633698506999781402e-03
4.809999999999999609e+00	7.500118308687711739e-03	1.620602070124166740e-03
4.814999999999999503e+00	7.500117379339113662e-03	1.607868424147464474e-03
4.820000000000000284e+00	7.500116476349264968e-03	1.595495926533575066e-03
4.825000000000000178e+00	7.500115599600777790e-03	1.583482969844110175e-03
4.830000000000000071e+00	7.500114748979049353e-03	1.571827984751500212e-03
4.834999999999999964e+00	7.500113924372026931e-03	1.560529436819887289e-03
4.839999999999999858e+00	7.500113125670428149e-03	1.549585829580166739e-03
4.844999999999999751e+00	7.500112352767507665e-03	1.538995701251122741e-03
4.849999999999999645e+00	7.500111605559281816e-03	1.528757627876003739e-03
4.855000000000000426e+00	7.500110883944284892e-03	1.518870219984286285e-03
4.860000000000000320e+00	7.500110187823807659e-03	1.509332125789381246e-03
4.865000000000000213e+00	7.500109517101641483e-03	1.500142027791564504e-03
4.870000000000000107e+00	7.500108871684322068e-03	1.491298646036306325e-03
4.875000000000000000e+00	7.500108251480874441e-03	1.482800734658828177e-03
4.879999999999999893e+00	7.500107656403056690e-03	1.474647085202581472e-03
4.884999999999999787e+00	7.500107086365104085e-03	1.466836523105825374e-03
4.889999999999999680e+00	7.500106541283970210e-03	1.459367911079996428e-03
4.894999999999999574e+00	7.500106021079073690e-03	1.452240145538740172e-03
4.900000000000000355e+00	7.500105525672545390e-03	1.445452160035545861e-03
4.905000000000000249e+00	7.500105054988963869e-03	1.439002921635680089e-03
4.910000000000000142e+00	7.500104608955608654e-03	1.432891434412913566e-03
4.915000000000000036e+00	7.500104187502195686e-03	1.427116735764744244e-03
4.919999999999999929e+00	7.500103790561134069e-03	1.421677899967618104e-03
4.924999999999999822e+00	7.500103418067250241e-03	1.416574034435820603e-03
4.929999999999999716e+00	7.500103069958060330e-03	1.411804283334964875e-03
4.935000000000000497e+00	7.500102746173481320e-03	1.407367823784897365e-03
4.940000000000000391e+00	7.500102446656108611e-03	1.403263869531018448e-03
4.945000000000000284e+00	7.500102171350932385e-03	1.399491667091649601e-03
4.950000000000000178e+00	7.500101920205603026e-03	1.396050499486781822e-03
4.955000000000000071e+00	7.500101693170157895e-03	1.392939682330211803e-03
4.959999999999999964e+00	7.500101490197286745e-03	1.390158567615462290e-03
4.964999999999999858e+00	7.500101311242048964e-03	1.387706539753030084e-03
4.969999999999999751e+00	7.500101156262151125e-03	1.385583019412989572e-03
4.974999999999999645e+00	7.500101025217655558e-03	1.383787459507761306e-03
4.980000000000000426e+00	7.500100918071262238e-03	1.382319349091148258e-03
4.985000000000000320e+00	7.500100834788013884e-03	1.381178209286938741e-03
4.990000000000000213e+00	7.500100775335585661e-03	1.380363597243971846e-03
4.995000000000000107e+00	7.500100739683982463e-03	1.379875102010842940e-03
5.000000000000000000e+00	7.500100727805827754e-03	1.379712348546682354e-03
