# coordinate_x	h	p	@time=911.29
0.000000000000000000e+00	2.699806170755435497e-01	5.715643789633672034e-01
5.000000000000000104e-03	2.699770493896284651e-01	5.715643788839025463e-01
1.000000000000000021e-02	2.699663463330514435e-01	5.715643786454666087e-01
1.499999999999999944e-02	2.699485079070707005e-01	5.715643782480143154e-01
2.000000000000000042e-02	2.699235341147426803e-01	5.715643776914359764e-01
2.500000000000000139e-02	2.698914249595718573e-01	5.715643769756059145e-01
2.999999999999999889e-02	2.698521804468203000e-01	5.715643761003351697e-01
3.500000000000000333e-02	2.698058005821922789e-01	5.715643750654190169e-01
4.000000000000000083e-02	2.697522853731533221e-01	5.715643738705893373e-01
4.499999999999999833e-02	2.696916348276142128e-01	5.715643725155619137e-01
5.000000000000000278e-02	2.696238489552537088e-01	5.715643709999886912e-01
5.500000000000000028e-02	2.695489277662003746e-01	5.715643693235056277e-01
5.999999999999999778e-02	2.694668712723592430e-01	5.715643674856839551e-01
6.500000000000000222e-02	2.693776794860913149e-01	5.715643654860786960e-01
7.000000000000000666e-02	2.692813524215446619e-01	5.715643633241798138e-01
7.500000000000001110e-02	2.691778900933303187e-01	5.715643609994602858e-01
8.000000000000000167e-02	2.690672925178591579e-01	5.715643585113278080e-01
8.499999999999999223e-02	2.689495597120133974e-01	5.715643558591720907e-01
8.999999999999999667e-02	2.688246916944898035e-01	5.715643530423170082e-01
9.500000000000000111e-02	2.686926884844660912e-01	5.715643500600681159e-01
1.000000000000000056e-01	2.685535501029515104e-01	5.715643469116638009e-01
1.050000000000000100e-01	2.684072765714469178e-01	5.715643435963236874e-01
1.100000000000000006e-01	2.682538679133038562e-01	5.715643401131993429e-01
1.149999999999999911e-01	2.680933241523777988e-01	5.715643364614225730e-01
1.199999999999999956e-01	2.679256453143958328e-01	5.715643326400564606e-01
1.250000000000000000e-01	2.677508314256027977e-01	5.715643286481428831e-01
1.300000000000000044e-01	2.675688825141382954e-01	5.715643244846542181e-01
1.350000000000000089e-01	2.673797986086749456e-01	5.715643201485404168e-01
1.400000000000000133e-01	2.671835797398058321e-01	5.715643156386808199e-01
1.450000000000000178e-01	2.669802259386732657e-01	5.715643109539312317e-01
1.499999999999999944e-01	2.667697372383683319e-01	5.715643060930752917e-01
1.549999999999999989e-01	2.665521136725493290e-01	5.715643010548722147e-01
1.600000000000000033e-01	2.663273552768536945e-01	5.715642958380069416e-01
1.650000000000000078e-01	2.660954620875057297e-01	5.715642904411392111e-01
1.700000000000000122e-01	2.658564341427419597e-01	5.715642848628528228e-01
1.749999999999999889e-01	2.656102714814069232e-01	5.715642791017042645e-01
1.799999999999999933e-01	2.653569741443930208e-01	5.715642731561730860e-01
1.849999999999999978e-01	2.650965421732237037e-01	5.715642670247097490e-01
1.900000000000000022e-01	2.648289756115085880e-01	5.715642607056855562e-01
1.950000000000000067e-01	2.645542745035128762e-01	5.715642541974411683e-01
2.000000000000000111e-01	2.642724388956294024e-01	5.715642474982359778e-01
2.050000000000000155e-01	2.639834688349330660e-01	5.715642406062969583e-01
2.099999999999999922e-01	2.636873643706705295e-01	5.715642335197677060e-01
2.149999999999999967e-01	2.633841255527990532e-01	5.715642262367569559e-01
2.200000000000000011e-01	2.630737524334948452e-01	5.715642187552879561e-01
2.250000000000000056e-01	2.627562450656753534e-01	5.715642110733470949e-01
2.300000000000000100e-01	2.624316035045274886e-01	5.715642031888321650e-01
2.349999999999999867e-01	2.620998278060119868e-01	5.715641950996022125e-01
2.399999999999999911e-01	2.617609180284128367e-01	5.715641868034248008e-01
2.449999999999999956e-01	2.614148742308229911e-01	5.715641782980261931e-01
2.500000000000000000e-01	2.610616964747161095e-01	5.715641695810382839e-01
2.550000000000000044e-01	2.607013848224118968e-01	5.715641606500486693e-01
2.600000000000000089e-01	2.603339393386719935e-01	5.715641515025475794e-01
2.650000000000000133e-01	2.599593600891440537e-01	5.715641421359781704e-01
2.700000000000000178e-01	2.595776471419825593e-01	5.715641325476829016e-01
2.750000000000000222e-01	2.591888005662704719e-01	5.715641227349536058e-01
2.800000000000000266e-01	2.587928204336668592e-01	5.715641126949777551e-01
2.850000000000000311e-01	2.583897068168045652e-01	5.715641024248891977e-01
2.899999999999999800e-01	2.579794597909659259e-01	5.715640919217137572e-01
2.949999999999999845e-01	2.575620794324554041e-01	5.715640811824191925e-01
2.999999999999999889e-01	2.571375658203051140e-01	5.715640702038615739e-01
3.049999999999999933e-01	2.567059190346204223e-01	5.715640589828349105e-01
3.099999999999999978e-01	2.562671391583174474e-01	5.715640475160170819e-01
3.150000000000000022e-01	2.558212262754405164e-01	5.715640358000199095e-01
3.200000000000000067e-01	2.553681804729323601e-01	5.715640238313338672e-01
3.250000000000000111e-01	2.549080018389225377e-01	5.715640116063789300e-01
3.300000000000000155e-01	2.544406904645323264e-01	5.715639991214491733e-01
3.350000000000000200e-01	2.539662464421318933e-01	5.715639863727629555e-01
3.400000000000000244e-01	2.534846698671823217e-01	5.715639733564068514e-01
3.449999999999999734e-01	2.529959608364598656e-01	5.715639600683871668e-01
3.499999999999999778e-01	2.525001194499368329e-01	5.715639465045726508e-01
3.549999999999999822e-01	2.519971458089710348e-01	5.715639326607453441e-01
3.599999999999999867e-01	2.514870400182281918e-01	5.715639185325444016e-01
3.649999999999999911e-01	2.509698021838345228e-01	5.715639041155156086e-01
3.699999999999999956e-01	2.504454324153427280e-01	5.715638894050554253e-01
3.750000000000000000e-01	2.499139308238458868e-01	5.715638743964607249e-01
3.800000000000000044e-01	2.493752975239894309e-01	5.715638590848712841e-01
3.850000000000000089e-01	2.488295326320444367e-01	5.715638434653206312e-01
3.900000000000000133e-01	2.482766362679677263e-01	5.715638275326777595e-01
3.950000000000000178e-01	2.477166085534328599e-01	5.715638112816973093e-01
4.000000000000000222e-01	2.471494496139408359e-01	5.715637947069618363e-01
4.050000000000000266e-01	2.465751595768062576e-01	5.715637778029309946e-01
4.099999999999999756e-01	2.459937385733218795e-01	5.715637605638834717e-01
4.149999999999999800e-01	2.454051867366972839e-01	5.715637429839667272e-01
4.199999999999999845e-01	2.448095042042803260e-01	5.715637250571374839e-01
4.249999999999999889e-01	2.442066911154459619e-01	5.715637067772114666e-01
4.299999999999999933e-01	2.435967476138776178e-01	5.715636881378044487e-01
4.349999999999999978e-01	2.429796738454032823e-01	5.715636691323802143e-01
4.400000000000000022e-01	2.423554699603405749e-01	5.715636497541919381e-01
4.450000000000000067e-01	2.417241361112771603e-01	5.715636299963298139e-01
4.500000000000000111e-01	2.410856724554829300e-01	5.715636098516618802e-01
4.550000000000000155e-01	2.404400791526319081e-01	5.715635893128810929e-01
4.600000000000000200e-01	2.397873563672852648e-01	5.715635683724457072e-01
4.649999999999999689e-01	2.391275042665517714e-01	5.715635470226257953e-01
4.699999999999999734e-01	2.384605230226455597e-01	5.715635252554437384e-01
4.749999999999999778e-01	2.377864128104815733e-01	5.715635030627193025e-01
4.799999999999999822e-01	2.371051738103126805e-01	5.715634804360102406e-01
4.849999999999999867e-01	2.364168062052565966e-01	5.715634573666564799e-01
4.899999999999999911e-01	2.357213101840169300e-01	5.715634338457203922e-01
4.949999999999999956e-01	2.350186859383374405e-01	5.715634098640297589e-01
5.000000000000000000e-01	2.343089336658124300e-01	5.715633854121187074e-01
5.050000000000000044e-01	2.335920535672643128e-01	5.715633604802679013e-01
5.100000000000000089e-01	2.328680458496482641e-01	5.715633350584471417e-01
5.150000000000000133e-01	2.321369107233490769e-01	5.715633091363526708e-01
5.200000000000000178e-01	2.313986484051858972e-01	5.715632827033506613e-01
5.250000000000000222e-01	2.306532591156233991e-01	5.715632557485124110e-01
5.300000000000000266e-01	2.299007430818829911e-01	5.715632282605583869e-01
5.350000000000000311e-01	2.291411005350633412e-01	5.715632002278906443e-01
5.400000000000000355e-01	2.283743317133646034e-01	5.715631716385380923e-01
5.450000000000000400e-01	2.276004368591131310e-01	5.715631424801854710e-01
5.500000000000000444e-01	2.268194162221057464e-01	5.715631127401208378e-01
5.550000000000000488e-01	2.260312700565330346e-01	5.715630824052596592e-01
5.600000000000000533e-01	2.252359986244510948e-01	5.715630514620944069e-01
5.649999999999999467e-01	2.244336021925977531e-01	5.715630198967149855e-01
5.699999999999999512e-01	2.236240810359998721e-01	5.715629876947599941e-01
5.749999999999999556e-01	2.228074354346757380e-01	5.715629548414317140e-01
5.799999999999999600e-01	2.219836656773871986e-01	5.715629213214505899e-01
5.849999999999999645e-01	2.211527720582213419e-01	5.715628871190648885e-01
5.899999999999999689e-01	2.203147548804965661e-01	5.715628522180069560e-01
5.949999999999999734e-01	2.194696144532164162e-01	5.715628166014972145e-01
5.999999999999999778e-01	2.186173510951402166e-01	5.715627802522046386e-01
6.049999999999999822e-01	2.177579651311006004e-01	5.715627431522419810e-01
6.099999999999999867e-01	2.168914568962500289e-01	5.715627052831310229e-01
6.149999999999999911e-01	2.160178267322337420e-01	5.715626666257895838e-01
6.199999999999999956e-01	2.151370749916240166e-01	5.715626271605017683e-01
6.250000000000000000e-01	2.142492020339393233e-01	5.715625868668950949e-01
6.300000000000000044e-01	2.133542082302795073e-01	5.715625457239160712e-01
6.350000000000000089e-01	2.124520939591814095e-01	5.715625037097972205e-01
6.400000000000000133e-01	2.115428596114691251e-01	5.715624608020387631e-01
6.450000000000000178e-01	2.106265055859351532e-01	5.715624169773632079e-01
6.500000000000000222e-01	2.097030322944215819e-01	5.715623722117045835e-01
6.550000000000000266e-01	2.087724401573151922e-01	5.715623264801497072e-01
6.600000000000000311e-01	2.078347296088763896e-01	5.715622797569350766e-01
6.650000000000000355e-01	2.068899010925357995e-01	5.715622320153730396e-01
6.700000000000000400e-01	2.059379550664893477e-01	5.715621832278579006e-01
6.750000000000000444e-01	2.049788919987828861e-01	5.715621333657746606e-01
6.800000000000000488e-01	2.040127123731936554e-01	5.715620823995166688e-01
6.850000000000000533e-01	2.030394166840881476e-01	5.715620302983731582e-01
6.899999999999999467e-01	2.020590054426121829e-01	5.715619770305607750e-01
6.949999999999999512e-01	2.010714791713059391e-01	5.715619225630873546e-01
6.999999999999999556e-01	2.000768384106268172e-01	5.715618668617984399e-01
7.049999999999999600e-01	1.990750837133046514e-01	5.715618098912154110e-01
7.099999999999999645e-01	1.980662156512235095e-01	5.715617516145984345e-01
7.149999999999999689e-01	1.970502348094985146e-01	5.715616919937548390e-01
7.199999999999999734e-01	1.960271417937458072e-01	5.715616309891211611e-01
7.249999999999999778e-01	1.949969372238603005e-01	5.715615685595388795e-01
7.299999999999999822e-01	1.939596217417060009e-01	5.715615046623576667e-01
7.349999999999999867e-01	1.929151960045724923e-01	5.715614392531725985e-01
7.399999999999999911e-01	1.918636606933210309e-01	5.715613722859532730e-01
7.449999999999999956e-01	1.908050165054951397e-01	5.715613037127372786e-01
7.500000000000000000e-01	1.897392641639616684e-01	5.715612334837881781e-01
7.550000000000000044e-01	1.886664044096492410e-01	5.715611615472389051e-01
7.600000000000000089e-01	1.875864380107271912e-01	5.715610878492829450e-01
7.650000000000000133e-01	1.864993657549425810e-01	5.715610123337614423e-01
7.700000000000000178e-01	1.854051884593854171e-01	5.715609349423921293e-01
7.750000000000000222e-01	1.843039069623920168e-01	5.715608556142909302e-01
7.800000000000000266e-01	1.831955221339497397e-01	5.715607742862455209e-01
7.850000000000000311e-01	1.820800348671318125e-01	5.715606908921617713e-01
7.900000000000000355e-01	1.809574460892008074e-01	5.715606053633878192e-01
7.950000000000000400e-01	1.798277567525360943e-01	5.715605176280756927e-01
8.000000000000000444e-01	1.786909678465026519e-01	5.715604276115620053e-01
8.050000000000000488e-01	1.775470803878284876e-01	5.715603352356326550e-01
8.100000000000000533e-01	1.763960954333122222e-01	5.715602404189696895e-01
8.149999999999999467e-01	1.752380140696043198e-01	5.715601430763032065e-01
8.199999999999999512e-01	1.740728374268359080e-01	5.715600431189354902e-01
8.249999999999999556e-01	1.729005666677518316e-01	5.715599404537624606e-01
8.299999999999999600e-01	1.717212030023540226e-01	5.715598349838867387e-01
8.349999999999999645e-01	1.705347476763288128e-01	5.715597266074897709e-01
8.399999999999999689e-01	1.693412019868095197e-01	5.715596152185467016e-01
8.449999999999999734e-01	1.681405672700341525e-01	5.715595007055255250e-01
8.499999999999999778e-01	1.669328449183456187e-01	5.715593829522207514e-01
8.549999999999999822e-01	1.657180363670090195e-01	5.715592618362526078e-01
8.599999999999999867e-01	1.644961431125827600e-01	5.715591372300367068e-01
8.649999999999999911e-01	1.632671666988170234e-01	5.715590089990519873e-01
8.699999999999999956e-01	1.620311087365468861e-01	5.715588770029699228e-01
8.750000000000000000e-01	1.607879708885844028e-01	5.715587410936515678e-01
8.800000000000000044e-01	1.595377548913057830e-01	5.715586011164619507e-01
8.850000000000000089e-01	1.582804625384389985e-01	5.715584569079537047e-01
8.900000000000000133e-01	1.570160957045412531e-01	5.715583082973960671e-01
8.950000000000000178e-01	1.557446563275726448e-01	5.715581551040916919e-01
9.000000000000000222e-01	1.544661464344876667e-01	5.715579971391566705e-01
9.050000000000000266e-01	1.531805681224723548e-01	5.715578342024086878e-01
9.100000000000000311e-01	1.518879235869072808e-01	5.715576660844403634e-01
9.150000000000000355e-01	1.505882151011296577e-01	5.715574925630031444e-01
9.200000000000000400e-01	1.492814450470632825e-01	5.715573134054260374e-01
9.250000000000000444e-01	1.479676158933509456e-01	5.715571283644050871e-01
9.300000000000000488e-01	1.466467302289927443e-01	5.715569371808277843e-01
9.350000000000000533e-01	1.453187907396725209e-01	5.715567395788619942e-01
9.399999999999999467e-01	1.439838002448007859e-01	5.715565352692576484e-01
9.449999999999999512e-01	1.426417616718369252e-01	5.715563239436061149e-01
9.499999999999999556e-01	1.412926780971957563e-01	5.715561052782058837e-01
9.549999999999999600e-01	1.399365527183414892e-01	5.715558789273360585e-01
9.599999999999999645e-01	1.385733888990940132e-01	5.715556445277916175e-01
9.649999999999999689e-01	1.372031901392390951e-01	5.715554016909807356e-01
9.699999999999999734e-01	1.358259601248634207e-01	5.715551500082552971e-01
9.749999999999999778e-01	1.344417026951898464e-01	5.715548890416021210e-01
9.799999999999999822e-01	1.330504218986802989e-01	5.715546183299220484e-01
9.849999999999999867e-01	1.316521219567653167e-01	5.715543373780315184e-01
9.899999999999999911e-01	1.302468073265871107e-01	5.715540456640774147e-01
9.949999999999999956e-01	1.288344826612445315e-01	5.715537426265009380e-01
1.000000000000000000e+00	1.274151528802126843e-01	5.715534276728163610e-01
1.004999999999999893e+00	1.259888231256688640e-01	5.715531001641073194e-01
1.010000000000000009e+00	1.245554988418239167e-01	5.715527594254512511e-01
1.015000000000000124e+00	1.231151857268302507e-01	5.715524047274119779e-01
1.020000000000000018e+00	1.216678898225058425e-01	5.715520352984567731e-01
1.024999999999999911e+00	1.202136174612493114e-01	5.715516503027791018e-01
1.030000000000000027e+00	1.187523753679402133e-01	5.715512488551373060e-01
1.035000000000000142e+00	1.172841706011995833e-01	5.715508299941685078e-01
1.040000000000000036e+00	1.158090106696262195e-01	5.715503927001861495e-01
1.044999999999999929e+00	1.143269034666369866e-01	5.715499358629242410e-01
1.050000000000000044e+00	1.128378574036723175e-01	5.715494583029669950e-01
1.055000000000000160e+00	1.113418813377302224e-01	5.715489587325752741e-01
1.060000000000000053e+00	1.098389847247689538e-01	5.715484357815959759e-01
1.064999999999999947e+00	1.083291775389069594e-01	5.715478879496443954e-01
1.070000000000000062e+00	1.068124704500073852e-01	5.715473136375703866e-01
1.075000000000000178e+00	1.052888747333527997e-01	5.715467110887686442e-01
1.080000000000000071e+00	1.037584024763627960e-01	5.715460784275777639e-01
1.084999999999999964e+00	1.022210664773596511e-01	5.715454135868232033e-01
1.090000000000000080e+00	1.006768804876207180e-01	5.715447143549183817e-01
1.095000000000000195e+00	9.912585909763055314e-02	5.715439782858472428e-01
1.100000000000000089e+00	9.756801802229345122e-02	5.715432027572595608e-01
1.104999999999999982e+00	9.600337397281381857e-02	5.715423848578781163e-01
1.110000000000000098e+00	9.443194499502913231e-02	5.715415214595827020e-01
1.115000000000000213e+00	9.285375032477716228e-02	5.715406090755522639e-01
1.120000000000000107e+00	9.126881079213848558e-02	5.715396439502782311e-01
1.125000000000000000e+00	8.967714865783552036e-02	5.715386218794299422e-01
1.129999999999999893e+00	8.807878809996912139e-02	5.715375383230315576e-01
1.134999999999999787e+00	8.647375502866759545e-02	5.715363881747768104e-01
1.139999999999999902e+00	8.486207767704161131e-02	5.715351659053899969e-01
1.145000000000000018e+00	8.324378639098574395e-02	5.715338652644843531e-01
1.149999999999999911e+00	8.161891435313003984e-02	5.715324794636156280e-01
1.154999999999999805e+00	7.998749734444601800e-02	5.715310007871056142e-01
1.159999999999999920e+00	7.834957463977290648e-02	5.715294208278136612e-01
1.165000000000000036e+00	7.670518873780102220e-02	5.715277299735982419e-01
1.169999999999999929e+00	7.505438648055622053e-02	5.715259177138548585e-01
1.174999999999999822e+00	7.339721874861046547e-02	5.715239719538268703e-01
1.179999999999999938e+00	7.173374187665654267e-02	5.715218794172357564e-01
1.185000000000000053e+00	7.006401731177584746e-02	5.715196247188272238e-01
1.189999999999999947e+00	6.838811342594337817e-02	5.715171908991254490e-01
1.194999999999999840e+00	6.670610513749103410e-02	5.715145581520487683e-01
1.199999999999999956e+00	6.501807626385808225e-02	5.715117045438190546e-01
1.205000000000000071e+00	6.332411911118060455e-02	5.715086042398679345e-01
1.209999999999999964e+00	6.162433757465889117e-02	5.715052284842571106e-01
1.214999999999999858e+00	5.991884671059437284e-02	5.715015430857603995e-01
1.219999999999999973e+00	5.820777689039313002e-02	5.714975097718498764e-01
1.225000000000000089e+00	5.649127338733253567e-02	5.714930825553604654e-01
1.229999999999999982e+00	5.476950204562881092e-02	5.714882096367477349e-01
1.234999999999999876e+00	5.304264894828581572e-02	5.714828280392819648e-01
1.239999999999999991e+00	5.131092831365140911e-02	5.714768663298591678e-01
1.245000000000000107e+00	4.957458237551474328e-02	5.714702365054222799e-01
1.250000000000000000e+00	4.783389263609595654e-02	5.714628379630237731e-01
1.254999999999999893e+00	4.608918021411688437e-02	5.714545448936882988e-01
1.260000000000000009e+00	4.434082229510077910e-02	5.714452122066645545e-01
1.265000000000000124e+00	4.258925344638617161e-02	5.714346553372878779e-01
1.270000000000000018e+00	4.083499036196848453e-02	5.714226593149631661e-01
1.274999999999999911e+00	3.907863512818254143e-02	5.714089452833485128e-01
1.280000000000000027e+00	3.732091365421913443e-02	5.713931847919626605e-01
1.285000000000000142e+00	3.556268286072641893e-02	5.713749420630670484e-01
1.290000000000000036e+00	3.380499252522051884e-02	5.713536973026068777e-01
1.294999999999999929e+00	3.204910042832710693e-02	5.713287426119714185e-01
1.300000000000000044e+00	3.029657582791941972e-02	5.712992216305478044e-01
1.305000000000000160e+00	2.854933097409183967e-02	5.712639322322935476e-01
1.310000000000000053e+00	2.680980145090985228e-02	5.712213976517682701e-01
1.314999999999999947e+00	2.508101172168438961e-02	5.711694713270886181e-01
1.320000000000000062e+00	2.336690174255438499e-02	5.711054743486000396e-01
1.325000000000000178e+00	2.167246243794184249e-02	5.710253578476942593e-01
1.330000000000000071e+00	2.000434115393648002e-02	5.709239998314397102e-01
1.334999999999999964e+00	1.837110812454314374e-02	5.707933423310199705e-01
1.340000000000000080e+00	1.678434554211668400e-02	5.706231493912774511e-01
1.345000000000000195e+00	1.525906298762947332e-02	5.703968261067385859e-01
1.350000000000000089e+00	1.381525468806149397e-02	5.700938072964553127e-01
1.354999999999999982e+00	1.247786097074917409e-02	5.696812149967988015e-01
1.360000000000000098e+00	1.127676404482235405e-02	5.691224233243052932e-01
1.365000000000000213e+00	1.024308912270540176e-02	5.683672538993277401e-01
1.370000000000000107e+00	9.401284285003353586e-03	5.673764655878720253e-01
1.375000000000000000e+00	8.760409258624229922e-03	5.661233974165057470e-01
1.379999999999999893e+00	8.305553874405036466e-03	5.646164282544580137e-01
1.384999999999999787e+00	8.003861699656273157e-03	5.628982051942205134e-01
1.389999999999999902e+00	7.814298768733591444e-03	5.610200314182662851e-01
1.395000000000000018e+00	7.699671409060243089e-03	5.590396445041367901e-01
1.399999999999999911e+00	7.632327827510215247e-03	5.569945700614256090e-01
1.404999999999999805e+00	7.593192264604628483e-03	5.549155001896528550e-01
1.409999999999999920e+00	7.570778221623061278e-03	5.528183171478987523e-01
1.415000000000000036e+00	7.557894142328472689e-03	5.507146321936660094e-01
1.419999999999999929e+00	7.550538586246395914e-03	5.486099618711188786e-01
1.424999999999999822e+00	7.546284118469851442e-03	5.465081863509528848e-01
1.429999999999999938e+00	7.543816069789189248e-03	5.444110839020946946e-01
1.435000000000000053e+00	7.542344918321188495e-03	5.423198828568686070e-01
1.439999999999999947e+00	7.541446863264891255e-03	5.402351268720422262e-01
1.444999999999999840e+00	7.540868221218690118e-03	5.381571822549766626e-01
1.449999999999999956e+00	7.540473222156552496e-03	5.360861965174099630e-01
1.455000000000000071e+00	7.540180683335445146e-03	5.340222609124654074e-01
1.459999999999999964e+00	7.539947200723158549e-03	5.319653973642122224e-01
1.464999999999999858e+00	7.539746830729984750e-03	5.299156102290651926e-01
1.469999999999999973e+00	7.539565707750836045e-03	5.278728821058894516e-01
1.475000000000000089e+00	7.539395544652679679e-03	5.258371903147275317e-01
1.479999999999999982e+00	7.539231912451942533e-03	5.238085055137903234e-01
1.484999999999999876e+00	7.539072163532611025e-03	5.217867969724266919e-01
1.489999999999999991e+00	7.538914882212591033e-03	5.197720320789978032e-01
1.495000000000000107e+00	7.538759221489636439e-03	5.177641780579070874e-01
1.500000000000000000e+00	7.538604727629092360e-03	5.157632017614863784e-01
1.504999999999999893e+00	7.538451128411135724e-03	5.137690702583466162e-01
1.510000000000000009e+00	7.538298277140823879e-03	5.117817507167897739e-01
1.515000000000000124e+00	7.538146085062357241e-03	5.098012106342266758e-01
1.520000000000000018e+00	7.537994503488888720e-03	5.078274177510073706e-01
1.524999999999999911e+00	7.537843502238293289e-03	5.058603401649545139e-01
1.530000000000000027e+00	7.537693063928048443e-03	5.038999462561830622e-01
1.535000000000000142e+00	7.537543177098703605e-03	5.019462047641357616e-01
1.540000000000000036e+00	7.537393834390192227e-03	4.999990847171764674e-01
1.544999999999999929e+00	7.537245030351780693e-03	4.980585554966878714e-01
1.550000000000000044e+00	7.537096760856600887e-03	4.961245867694229483e-01
1.555000000000000160e+00	7.536949022406556897e-03	4.941971485464818348e-01
1.560000000000000053e+00	7.536801811941854987e-03	4.922762111177376720e-01
1.564999999999999947e+00	7.536655126622627057e-03	4.903617451082032952e-01
1.570000000000000062e+00	7.536508963764510828e-03	4.884537214142725681e-01
1.575000000000000178e+00	7.536363320772207323e-03	4.865521112583082730e-01
1.580000000000000071e+00	7.536218195115333522e-03	4.846568861265742600e-01
1.584999999999999964e+00	7.536073584310343937e-03	4.827680178223408558e-01
1.590000000000000080e+00	7.535929485909309555e-03	4.808854784054288900e-01
1.595000000000000195e+00	7.535785897497178712e-03	4.790092402439606878e-01
1.600000000000000089e+00	7.535642816684766203e-03	4.771392759554513030e-01
1.604999999999999982e+00	7.535500241110825413e-03	4.752755584572753156e-01
1.610000000000000098e+00	7.535358168436471181e-03	4.734180609092504821e-01
1.615000000000000213e+00	7.535216596348710827e-03	4.715667567628725187e-01
1.620000000000000107e+00	7.535075522555403048e-03	4.697216197053372122e-01
1.625000000000000000e+00	7.534934944789187065e-03	4.678826237075885963e-01
1.629999999999999893e+00	7.534794860802700861e-03	4.660497429697296745e-01
1.634999999999999787e+00	7.534655268372560631e-03	4.642229519679256233e-01
1.639999999999999902e+00	7.534516165294740352e-03	4.624022254011544431e-01
1.645000000000000018e+00	7.534377549388509600e-03	4.605875382370054893e-01
1.649999999999999911e+00	7.534239418491936284e-03	4.587788656597232007e-01
1.654999999999999805e+00	7.534101770465746403e-03	4.569761831149393161e-01
1.659999999999999920e+00	7.533964603188941268e-03	4.551794662589640494e-01
1.665000000000000036e+00	7.533827914562574862e-03	4.533886910024903516e-01
1.669999999999999929e+00	7.533691702505472543e-03	4.516038334610889549e-01
1.674999999999999822e+00	7.533555964957926870e-03	4.498248699979187082e-01
1.679999999999999938e+00	7.533420699877518660e-03	4.480517771753850798e-01
1.685000000000000053e+00	7.533285905242730410e-03	4.462845317968915371e-01
1.689999999999999947e+00	7.533151579048857557e-03	4.445231108596208736e-01
1.694999999999999840e+00	7.533017719311551653e-03	4.427674915953587753e-01
1.699999999999999956e+00	7.532884324062822691e-03	4.410176514243613344e-01
1.705000000000000071e+00	7.532751391354499879e-03	4.392735679952834982e-01
1.709999999999999964e+00	7.532618919254331115e-03	4.375352191400936896e-01
1.714999999999999858e+00	7.532486905849366567e-03	4.358025829131378925e-01
1.719999999999999973e+00	7.532355349242145746e-03	4.340756375470662953e-01
1.725000000000000089e+00	7.532224247554007365e-03	4.323543614910624333e-01
1.729999999999999982e+00	7.532093598921364014e-03	4.306387333677480500e-01
1.734999999999999876e+00	7.531963401498940891e-03	4.289287320106042745e-01
1.739999999999999991e+00	7.531833653456130283e-03	4.272243364218217820e-01
1.745000000000000107e+00	7.531704352980166974e-03	4.255255258089428727e-01
1.750000000000000000e+00	7.531575498272559052e-03	4.238322795436240131e-01
1.754999999999999893e+00	7.531447087552197404e-03	4.221445771975246841e-01
1.760000000000000009e+00	7.531319119051866316e-03	4.204623985019518284e-01
1.765000000000000124e+00	7.531191591021285311e-03	4.187857233830217241e-01
1.770000000000000018e+00	7.531064501723698686e-03	4.171145319221565284e-01
1.774999999999999911e+00	7.530937849438852291e-03	4.154488043905422145e-01
1.780000000000000027e+00	7.530811632459655930e-03	4.137885212104499555e-01
1.785000000000000142e+00	7.530685849095102025e-03	4.121336629890143266e-01
1.790000000000000036e+00	7.530560497666995666e-03	4.104842104803511638e-01
1.794999999999999929e+00	7.530435576512818641e-03	4.088401446186777921e-01
1.800000000000000044e+00	7.530311083982524530e-03	4.072014464812024892e-01
1.805000000000000160e+00	7.530187018441345491e-03	4.055680973206089446e-01
1.810000000000000053e+00	7.530063378266657614e-03	4.039400785286904605e-01
1.814999999999999947e+00	7.529940161850729591e-03	4.023173716682199585e-01
1.820000000000000062e+00	7.529817367597648782e-03	4.006999584373049372e-01
1.825000000000000178e+00	7.529694993926027390e-03	3.990878207006636758e-01
1.830000000000000071e+00	7.529573039265981434e-03	3.974809404546765790e-01
1.834999999999999964e+00	7.529451502061785748e-03	3.958792998580878408e-01
1.840000000000000080e+00	7.529330380768918876e-03	3.942828811977313608e-01
1.845000000000000195e+00	7.529209673856662559e-03	3.926916669186766851e-01
1.850000000000000089e+00	7.529089379805208211e-03	3.911056395906069572e-01
1.854999999999999982e+00	7.528969497108205233e-03	3.895247819374272336e-01
1.860000000000000098e+00	7.528850024269927339e-03	3.879490768042738735e-01
1.865000000000000213e+00	7.528730959807772294e-03	3.863785071866028820e-01
1.870000000000000107e+00	7.528612302249480283e-03	3.848130561978100328e-01
1.875000000000000000e+00	7.528494050135593751e-03	3.832527070978156702e-01
1.879999999999999893e+00	7.528376202016726082e-03	3.816974432612764145e-01
1.884999999999999787e+00	7.528258756455974594e-03	3.801472482056834079e-01
1.889999999999999902e+00	7.528141712026245602e-03	3.786021055601453966e-01
1.895000000000000018e+00	7.528025067312621443e-03	3.770619990930170196e-01
1.899999999999999911e+00	7.527908820909735843e-03	3.755269126812348368e-01
1.904999999999999805e+00	7.527792971424102780e-03	3.739968303374898717e-01
1.909999999999999920e+00	7.527677517471531750e-03	3.724717361801002102e-01
1.915000000000000036e+00	7.527562457679428873e-03	3.709516144597427845e-01
1.919999999999999929e+00	7.527447790684248588e-03	3.694364495298443907e-01
1.924999999999999822e+00	7.527333515133759201e-03	3.679262258728863699e-01
1.929999999999999938e+00	7.527219629684543147e-03	3.664209280712986683e-01
1.935000000000000053e+00	7.527106133004217436e-03	3.649205408333517919e-01
1.939999999999999947e+00	7.526993023768987698e-03	3.634250489645370341e-01
1.944999999999999840e+00	7.526880300665826119e-03	3.619344373930583059e-01
1.949999999999999956e+00	7.526767962390064522e-03	3.604486911416838746e-01
1.955000000000000071e+00	7.526656007647544548e-03	3.589677953528511711e-01
1.959999999999999964e+00	7.526544435152250634e-03	3.574917352609753296e-01
1.964999999999999858e+00	7.526433243628422032e-03	3.560204962171786280e-01
1.969999999999999973e+00	7.526322431808226548e-03	3.545540636620409525e-01
1.975000000000000089e+00	7.526211998433845682e-03	3.530924231499672494e-01
1.979999999999999982e+00	7.526101942255175245e-03	3.516355603223658144e-01
1.984999999999999876e+00	7.525992262031888820e-03	3.501834609316644698e-01
1.989999999999999991e+00	7.525882956531176546e-03	3.487361108149035216e-01
1.995000000000000107e+00	7.525774024529767806e-03	3.472934959174124314e-01
2.000000000000000000e+00	7.525665464811711648e-03	3.458556022668044516e-01
2.004999999999999893e+00	7.525557276170373455e-03	3.444224159963232279e-01
2.009999999999999787e+00	7.525449457406245719e-03	3.429939233192277892e-01
2.014999999999999680e+00	7.525342007328914354e-03	3.415701105518199610e-01
2.020000000000000018e+00	7.525234924754907635e-03	3.401509640882068308e-01
2.024999999999999911e+00	7.525128208509633022e-03	3.387364704230191870e-01
2.029999999999999805e+00	7.525021857425258191e-03	3.373266161265395802e-01
2.035000000000000142e+00	7.524915870342620099e-03	3.359213878671212794e-01
2.040000000000000036e+00	7.524810246109139844e-03	3.345207723866719385e-01
2.044999999999999929e+00	7.524704983580704845e-03	3.331247565227814511e-01
2.049999999999999822e+00	7.524600081619612323e-03	3.317333271845502862e-01
2.054999999999999716e+00	7.524495539096427189e-03	3.303464713744355685e-01
2.060000000000000053e+00	7.524391354887961965e-03	3.289641761644134799e-01
2.064999999999999947e+00	7.524287527879099102e-03	3.275864287175530021e-01
2.069999999999999840e+00	7.524184056960804730e-03	3.262132162645011157e-01
2.075000000000000178e+00	7.524080941031928427e-03	3.248445261247923654e-01
2.080000000000000071e+00	7.523978178997242985e-03	3.234803456836491953e-01
2.084999999999999964e+00	7.523875769769224238e-03	3.221206624130338869e-01
2.089999999999999858e+00	7.523773712266114237e-03	3.207654638487540399e-01
2.094999999999999751e+00	7.523672005413679399e-03	3.194147376112660419e-01
2.100000000000000089e+00	7.523570648143302307e-03	3.180684713830762012e-01
2.104999999999999982e+00	7.523469639393716435e-03	3.167266529293030763e-01
2.109999999999999876e+00	7.523368978109123105e-03	3.153892700753656575e-01
2.115000000000000213e+00	7.523268663240905395e-03	3.140563107273111609e-01
2.120000000000000107e+00	7.523168693745771983e-03	3.127277628497830420e-01
2.125000000000000000e+00	7.523069068587449372e-03	3.114036144861209721e-01
2.129999999999999893e+00	7.522969786734847418e-03	3.100838537365992464e-01
2.134999999999999787e+00	7.522870847163733339e-03	3.087684687783071036e-01
2.140000000000000124e+00	7.522772248854924133e-03	3.074574478436493674e-01
2.145000000000000018e+00	7.522673990795937168e-03	3.061507792400133821e-01
2.149999999999999911e+00	7.522576071979203416e-03	3.048484513285245057e-01
2.155000000000000249e+00	7.522478491403707633e-03	3.035504525435047118e-01
2.160000000000000142e+00	7.522381248073216342e-03	3.022567713714779392e-01
2.165000000000000036e+00	7.522284340997898930e-03	3.009673963704257438e-01
2.169999999999999929e+00	7.522187769192583383e-03	2.996823161490331233e-01
2.174999999999999822e+00	7.522091531678357437e-03	2.984015193857495474e-01
2.180000000000000160e+00	7.521995627480841662e-03	2.971249948082683723e-01
2.185000000000000053e+00	7.521900055631777597e-03	2.958527312123978015e-01
2.189999999999999947e+00	7.521804815167319920e-03	2.945847174417677850e-01
2.195000000000000284e+00	7.521709905129604634e-03	2.933209424065156279e-01
2.200000000000000178e+00	7.521615324565067255e-03	2.920613950632151568e-01
2.205000000000000071e+00	7.521521072525991052e-03	2.908060644333823608e-01
2.209999999999999964e+00	7.521427148068843445e-03	2.895549395836193307e-01
2.214999999999999858e+00	7.521333550255810373e-03	2.883080096439457618e-01
2.220000000000000195e+00	7.521240278153152638e-03	2.870652637881519476e-01
2.225000000000000089e+00	7.521147330832719455e-03	2.858266912519610847e-01
2.229999999999999982e+00	7.521054707370329086e-03	2.845922813135850493e-01
2.235000000000000320e+00	7.520962406847267641e-03	2.833620233117216114e-01
2.240000000000000213e+00	7.520870428348680123e-03	2.821359066263093851e-01
2.245000000000000107e+00	7.520778770965059687e-03	2.809139206963636726e-01
2.250000000000000000e+00	7.520687433790660369e-03	2.796960550009240931e-01
2.254999999999999893e+00	7.520596415924963793e-03	2.784822990767346629e-01
2.259999999999999787e+00	7.520505716471111851e-03	2.772726424993789962e-01
2.264999999999999680e+00	7.520415334537361267e-03	2.760670749008082847e-01
2.270000000000000018e+00	7.520325269235533620e-03	2.748655859506591304e-01
2.274999999999999911e+00	7.520235519682451700e-03	2.736681653736339759e-01
2.279999999999999805e+00	7.520146084998407740e-03	2.724748029309967956e-01
2.285000000000000142e+00	7.520056964308588499e-03	2.712854884378085862e-01
2.290000000000000036e+00	7.519968156741557372e-03	2.701002117445979178e-01
2.294999999999999929e+00	7.519879661430667328e-03	2.689189627544552041e-01
2.299999999999999822e+00	7.519791477512557769e-03	2.677417314048719521e-01
2.304999999999999716e+00	7.519703604128553584e-03	2.665685076846990853e-01
2.310000000000000053e+00	7.519616040423180228e-03	2.653992816161504509e-01
2.314999999999999947e+00	7.519528785545546296e-03	2.642340432716281384e-01
2.319999999999999840e+00	7.519441838647878545e-03	2.630727827558861365e-01
2.325000000000000178e+00	7.519355198886887998e-03	2.619154902227258663e-01
2.330000000000000071e+00	7.519268865422317968e-03	2.607621558573172127e-01
2.334999999999999964e+00	7.519182837418305829e-03	2.596127698927661598e-01
2.339999999999999858e+00	7.519097114041937112e-03	2.584673225925890883e-01
2.344999999999999751e+00	7.519011694464598598e-03	2.573258042671573986e-01
2.350000000000000089e+00	7.518926577860548903e-03	2.561882052563201340e-01
2.354999999999999982e+00	7.518841763408255080e-03	2.550545159457283106e-01
2.359999999999999876e+00	7.518757250288978823e-03	2.539247267496030358e-01
2.365000000000000213e+00	7.518673037688105264e-03	2.527988281269419324e-01
2.370000000000000107e+00	7.518589124793738712e-03	2.516768105644300313e-01
2.375000000000000000e+00	7.518505510798018446e-03	2.505586645925301226e-01
2.379999999999999893e+00	7.518422194895732664e-03	2.494443807685331749e-01
2.384999999999999787e+00	7.518339176285619534e-03	2.483339496925362488e-01
2.390000000000000124e+00	7.518256454168996752e-03	2.472273619906286690e-01
2.395000000000000018e+00	7.518174027751050453e-03	2.461246083307599142e-01
2.399999999999999911e+00	7.518091896239476914e-03	2.450256794060583498e-01
2.405000000000000249e+00	7.518010058845761914e-03	2.439305659505914547e-01
2.410000000000000142e+00	7.517928514783832859e-03	2.428392587228153932e-01
2.415000000000000036e+00	7.517847263271331196e-03	2.417517485212287986e-01
2.419999999999999929e+00	7.517766303528274074e-03	2.406680261679496891e-01
2.424999999999999822e+00	7.517685634778317229e-03	2.395880825242668322e-01
2.430000000000000160e+00	7.517605256247429646e-03	2.385119084743404227e-01
2.435000000000000053e+00	7.517525167165144302e-03	2.374394949406526956e-01
2.439999999999999947e+00	7.517445366763245845e-03	2.363708328678302828e-01
2.445000000000000284e+00	7.517365854277011789e-03	2.353059132379960727e-01
2.450000000000000178e+00	7.517286628943911468e-03	2.342447270547111660e-01
2.455000000000000071e+00	7.517207690004838565e-03	2.331872653582291732e-01
2.459999999999999964e+00	7.517129036702816132e-03	2.321335192095552169e-01
2.464999999999999858e+00	7.517050668284228250e-03	2.310834797056055545e-01
2.470000000000000195e+00	7.516972583997531127e-03	2.300371379633808500e-01
2.475000000000000089e+00	7.516894783094472607e-03	2.289944851350328714e-01
2.479999999999999982e+00	7.516817264828820622e-03	2.279555123921496174e-01
2.485000000000000320e+00	7.516740028457569688e-03	2.269202109407305601e-01
2.490000000000000213e+00	7.516663073239678895e-03	2.258885720055829049e-01
2.495000000000000107e+00	7.516586398437274073e-03	2.248605868452057399e-01
2.500000000000000000e+00	7.516510003314392716e-03	2.238362467362949304e-01
2.504999999999999893e+00	7.516433887138176603e-03	2.228155429885392558e-01
2.509999999999999787e+00	7.516358049177630611e-03	2.217984669292311084e-01
2.514999999999999680e+00	7.516282488704802318e-03	2.207850099179763104e-01
2.520000000000000018e+00	7.516207204993554693e-03	2.197751633314085351e-01
2.524999999999999911e+00	7.516132197320735293e-03	2.187689185778146084e-01
2.529999999999999805e+00	7.516057464964958496e-03	2.177662670819505986e-01
2.535000000000000142e+00	7.515983007207768622e-03	2.167672002995832958e-01
2.540000000000000036e+00	7.515908823332428240e-03	2.157717097024076935e-01
2.544999999999999929e+00	7.515834912625075220e-03	2.147797867925053117e-01
2.549999999999999822e+00	7.515761274373524044e-03	2.137914230873606269e-01
2.554999999999999716e+00	7.515687907868406382e-03	2.128066101342384331e-01
2.560000000000000053e+00	7.515614812401988885e-03	2.118253394952976099e-01
2.564999999999999947e+00	7.515541987269306820e-03	2.108476027618883808e-01
2.569999999999999840e+00	7.515469431766980124e-03	2.098733915397618388e-01
2.575000000000000178e+00	7.515397145194352251e-03	2.089026974632880174e-01
2.580000000000000071e+00	7.515325126852312292e-03	2.079355121807605622e-01
2.584999999999999964e+00	7.515253376044417344e-03	2.069718273685363374e-01
2.589999999999999858e+00	7.515181892075731979e-03	2.060116347164329398e-01
2.594999999999999751e+00	7.515110674253946271e-03	2.050549259417921433e-01
2.600000000000000089e+00	7.515039721888213536e-03	2.041016927749684795e-01
2.604999999999999982e+00	7.514969034290264888e-03	2.031519269733171595e-01
2.609999999999999876e+00	7.514898610773261718e-03	2.022056203067728597e-01
2.615000000000000213e+00	7.514828450652897250e-03	2.012627645717624536e-01
2.620000000000000107e+00	7.514758553246255086e-03	2.003233515768737261e-01
2.625000000000000000e+00	7.514688917872908158e-03	1.993873731566933039e-01
2.629999999999999893e+00	7.514619543853785083e-03	1.984548211575636045e-01
2.634999999999999787e+00	7.514550430512261306e-03	1.975256874513473815e-01
2.640000000000000124e+00	7.514481577173033264e-03	1.965999639212717975e-01
2.645000000000000018e+00	7.514412983163202588e-03	1.956776424756206667e-01
2.649999999999999911e+00	7.514344647811158941e-03	1.947587150336637096e-01
2.655000000000000249e+00	7.514276570447654680e-03	1.938431735392774358e-01
2.660000000000000142e+00	7.514208750404700703e-03	1.929310099469597750e-01
2.665000000000000036e+00	7.514141187016631571e-03	1.920222162353786566e-01
2.669999999999999929e+00	7.514073879619005691e-03	1.911167843934712951e-01
2.674999999999999822e+00	7.514006827549670441e-03	1.902147064339227700e-01
2.680000000000000160e+00	7.513940030147665816e-03	1.893159743793473015e-01
2.685000000000000053e+00	7.513873486754283487e-03	1.884205802756977743e-01
2.689999999999999947e+00	7.513807196711979122e-03	1.875285161785288091e-01
2.695000000000000284e+00	7.513741159365423632e-03	1.866397741663368415e-01
2.700000000000000178e+00	7.513675374060422435e-03	1.857543463269049899e-01
2.705000000000000071e+00	7.513609840144963234e-03	1.848722247705741062e-01
2.709999999999999964e+00	7.513544556968139616e-03	1.839934016166681341e-01
2.714999999999999858e+00	7.513479523881196227e-03	1.831178690066970205e-01
2.720000000000000195e+00	7.513414740236453240e-03	1.822456190908618434e-01
2.725000000000000089e+00	7.513350205388350661e-03	1.813766440411903047e-01
2.729999999999999982e+00	7.513285918692380605e-03	1.805109360381201289e-01
2.735000000000000320e+00	7.513221879506117723e-03	1.796484872835677482e-01
2.740000000000000213e+00	7.513158087188170561e-03	1.787892899875905828e-01
2.745000000000000107e+00	7.513094541099195507e-03	1.779333363813879187e-01
2.750000000000000000e+00	7.513031240600858557e-03	1.770806187040412372e-01
2.754999999999999893e+00	7.512968185056846659e-03	1.762311292154489784e-01
2.759999999999999787e+00	7.512905373831830352e-03	1.753848601831434206e-01
2.764999999999999680e+00	7.512842806292473370e-03	1.745418038951598860e-01
2.770000000000000018e+00	7.512780481806400484e-03	1.737019526469298358e-01
2.774999999999999911e+00	7.512718399743201041e-03	1.728652987540842678e-01
2.779999999999999805e+00	7.512656559473407207e-03	1.720318345394228898e-01
2.785000000000000142e+00	7.512594960369482766e-03	1.712015523456518751e-01
2.790000000000000036e+00	7.512533601804817843e-03	1.703744445224288362e-01
2.794999999999999929e+00	7.512472483154709023e-03	1.695505034390353272e-01
2.799999999999999822e+00	7.512411603795353214e-03	1.687297214714963411e-01
2.804999999999999716e+00	7.512350963104833836e-03	1.679120910151883639e-01
2.810000000000000053e+00	7.512290560462115546e-03	1.670976044720331177e-01
2.814999999999999947e+00	7.512230395248020026e-03	1.662862542630411666e-01
2.819999999999999840e+00	7.512170466844236318e-03	1.654780328155799340e-01
2.825000000000000178e+00	7.512110774634285330e-03	1.646729325758516660e-01
2.830000000000000071e+00	7.512051318002536254e-03	1.638709459962366666e-01
2.834999999999999964e+00	7.511992096335168463e-03	1.630720655477062575e-01
2.839999999999999858e+00	7.511933109019190528e-03	1.622762837072387054e-01
2.844999999999999751e+00	7.511874355443403858e-03	1.614835929701691486e-01
2.850000000000000089e+00	7.511815834997418243e-03	1.606939858376780494e-01
2.854999999999999982e+00	7.511757547072613755e-03	1.599074548290768949e-01
2.859999999999999876e+00	7.511699491061167577e-03	1.591239924693694519e-01
2.865000000000000213e+00	7.511641666357002887e-03	1.583435913014734908e-01
2.870000000000000107e+00	7.511584072354826093e-03	1.575662438738548166e-01
2.875000000000000000e+00	7.511526708451068783e-03	1.567919427526845433e-01
2.879999999999999893e+00	7.511469574042933632e-03	1.560206805095457061e-01
2.884999999999999787e+00	7.511412668529326812e-03	1.552524497335266984e-01
2.890000000000000124e+00	7.511355991309912571e-03	1.544872430189993262e-01
2.895000000000000018e+00	7.511299541786038703e-03	1.537250529776492958e-01
2.899999999999999911e+00	7.511243319359798935e-03	1.529658722263256554e-01
2.905000000000000249e+00	7.511187323434953197e-03	1.522096933990067513e-01
2.910000000000000142e+00	7.511131553415996073e-03	1.514565091347224446e-01
2.915000000000000036e+00	7.511076008709067532e-03	1.507063120894559238e-01
2.919999999999999929e+00	7.511020688721030056e-03	1.499590949241364213e-01
2.924999999999999822e+00	7.510965592860377633e-03	1.492148503164784090e-01
2.930000000000000160e+00	7.510910720536313756e-03	1.484735709490453137e-01
2.935000000000000053e+00	7.510856071159657810e-03	1.477352495210244587e-01
2.939999999999999947e+00	7.510801644141929141e-03	1.469998787363620274e-01
2.945000000000000284e+00	7.510747438896243910e-03	1.462674513154743616e-01
2.950000000000000178e+00	7.510693454836410432e-03	1.455379599834539517e-01
2.955000000000000071e+00	7.510639691377819088e-03	1.448113974817165639e-01
2.959999999999999964e+00	7.510586147936541140e-03	1.440877565562782570e-01
2.964999999999999858e+00	7.510532823930216907e-03	1.433670299693386996e-01
2.970000000000000195e+00	7.510479718777158045e-03	1.426492104876284084e-01
2.975000000000000089e+00	7.510426831897232258e-03	1.419342908939289216e-01
2.979999999999999982e+00	7.510374162710967312e-03	1.412222639754903974e-01
2.985000000000000320e+00	7.510321710640434877e-03	1.405131225354869784e-01
2.990000000000000213e+00	7.510269475108361480e-03	1.398068593815060268e-01
2.995000000000000107e+00	7.510217455539001073e-03	1.391034673369391239e-01
3.000000000000000000e+00	7.510165651357255528e-03	1.384029392295409722e-01
3.004999999999999893e+00	7.510114061989541998e-03	1.377052679027574167e-01
3.009999999999999787e+00	7.510062686862921215e-03	1.370104462043542359e-01
3.014999999999999680e+00	7.510011525405953584e-03	1.363184669976804653e-01
3.020000000000000018e+00	7.509960577047838752e-03	1.356293231503682695e-01
3.024999999999999911e+00	7.509909841219263027e-03	1.349430075455317624e-01
3.029999999999999805e+00	7.509859317351546756e-03	1.342595130705366568e-01
3.035000000000000142e+00	7.509809004877486538e-03	1.335788326281351912e-01
3.040000000000000036e+00	7.509758903230506939e-03	1.329009591253061950e-01
3.044999999999999929e+00	7.509709011845499237e-03	1.322258854843247344e-01
3.049999999999999822e+00	7.509659330157975737e-03	1.315536046316728713e-01
3.054999999999999716e+00	7.509609857604906784e-03	1.308841095090450546e-01
3.060000000000000053e+00	7.509560593623877678e-03	1.302173930623284626e-01
3.064999999999999947e+00	7.509511537653923083e-03	1.295534482525437514e-01
3.069999999999999840e+00	7.509462689134690887e-03	1.288922680448957581e-01
3.075000000000000178e+00	7.509414047507265329e-03	1.282338454196491895e-01
3.080000000000000071e+00	7.509365612213341271e-03	1.275781733612499913e-01
3.084999999999999964e+00	7.509317382696042119e-03	1.269252448691353674e-01
3.089999999999999858e+00	7.509269358399097566e-03	1.262750529469257865e-01
3.094999999999999751e+00	7.509221538767657175e-03	1.256275906131695819e-01
3.100000000000000089e+00	7.509173923247476796e-03	1.249828508906053598e-01
3.104999999999999982e+00	7.509126511285719140e-03	1.243408268168414849e-01
3.109999999999999876e+00	7.509079302330154936e-03	1.237015114336882798e-01
3.115000000000000213e+00	7.509032295829953969e-03	1.230648977977721187e-01
3.120000000000000107e+00	7.508985491234887975e-03	1.224309789699386530e-01
3.125000000000000000e+00	7.508938887996126008e-03	1.217997480258002224e-01
3.129999999999999893e+00	7.508892485565432998e-03	1.211711980452099963e-01
3.134999999999999787e+00	7.508846283395965125e-03	1.205453221227435340e-01
3.140000000000000124e+00	7.508800280941475315e-03	1.199221133572434261e-01
3.145000000000000018e+00	7.508754477657100801e-03	1.193015648622346297e-01
3.149999999999999911e+00	7.508708872998571225e-03	1.186836697555398029e-01
3.155000000000000249e+00	7.508663466422997070e-03	1.180684211696282765e-01
3.160000000000000142e+00	7.508618257388082959e-03	1.174558122413022487e-01
3.165000000000000036e+00	7.508573245352901347e-03	1.168458361219787550e-01
3.169999999999999929e+00	7.508528429777127505e-03	1.162384859674473608e-01
3.174999999999999822e+00	7.508483810121793257e-03	1.156337549480849630e-01
3.180000000000000160e+00	7.508439385848531510e-03	1.150316362386842456e-01
3.185000000000000053e+00	7.508395156420334324e-03	1.144321230286023949e-01
3.189999999999999947e+00	7.508351121300787905e-03	1.138352085116593332e-01
3.195000000000000284e+00	7.508307279954835878e-03	1.132408858962198478e-01
3.200000000000000178e+00	7.508263631848018614e-03	1.126491483951636424e-01
3.205000000000000071e+00	7.508220176447223497e-03	1.120599892358989519e-01
3.209999999999999964e+00	7.508176913219940726e-03	1.114734016504041469e-01
3.214999999999999858e+00	7.508133841635002310e-03	1.108893788851742362e-01
3.220000000000000195e+00	7.508090961161843074e-03	1.103079141913334976e-01
3.225000000000000089e+00	7.508048271271237917e-03	1.097290008345141038e-01
3.229999999999999982e+00	7.508005771434563685e-03	1.091526320850401272e-01
3.235000000000000320e+00	7.507963461124534700e-03	1.085788012277384418e-01
3.240000000000000213e+00	7.507921339814468097e-03	1.080075015521941434e-01
3.245000000000000107e+00	7.507879406979017615e-03	1.074387263624933114e-01
3.250000000000000000e+00	7.507837662093440681e-03	1.068724689675499273e-01
3.254999999999999893e+00	7.507796104634326985e-03	1.063087226907803162e-01
3.259999999999999787e+00	7.507754734078874240e-03	1.057474808605018274e-01
3.264999999999999680e+00	7.507713549905608956e-03	1.051887368195387196e-01
3.270000000000000018e+00	7.507672551593668267e-03	1.046324839156925340e-01
3.274999999999999911e+00	7.507631738623512900e-03	1.040787155112795070e-01
3.279999999999999805e+00	7.507591110476222879e-03	1.035274249736726077e-01
3.285000000000000142e+00	7.507550666634195749e-03	1.029786056847696862e-01
3.290000000000000036e+00	7.507510406580450088e-03	1.024322510316084955e-01
3.294999999999999929e+00	7.507470329799323730e-03	1.018883544157649368e-01
3.299999999999999822e+00	7.507430435775777275e-03	1.013469092440398844e-01
3.304999999999999716e+00	7.507390723996087978e-03	1.008079089377892229e-01
3.310000000000000053e+00	7.507351193947159329e-03	1.002713469236819060e-01
3.314999999999999947e+00	7.507311845117211474e-03	9.973721664296079925e-02
3.319999999999999840e+00	7.507272676995094263e-03	9.920551154227326418e-02
3.325000000000000178e+00	7.507233689070972465e-03	9.867622508286176541e-02
3.330000000000000071e+00	7.507194880835644894e-03	9.814935073146749400e-02
3.334999999999999964e+00	7.507156251781224414e-03	9.762488196945066921e-02
3.339999999999999858e+00	7.507117801400459665e-03	9.710281228376679841e-02
3.344999999999999751e+00	7.507079529187414210e-03	9.658313517601695153e-02
3.350000000000000089e+00	7.507041434636794325e-03	9.606584415349642136e-02
3.354999999999999982e+00	7.507003517244618604e-03	9.555093273817505395e-02
3.359999999999999876e+00	7.506965776507550092e-03	9.503839445781854522e-02
3.365000000000000213e+00	7.506928211923567622e-03	9.452822285489784204e-02
3.370000000000000107e+00	7.506890822991298812e-03	9.402041147778411601e-02
3.375000000000000000e+00	7.506853609210684466e-03	9.351495388958680488e-02
3.379999999999999893e+00	7.506816570082321984e-03	9.301184365942179177e-02
3.384999999999999787e+00	7.506779705108118476e-03	9.251107437117880861e-02
3.390000000000000124e+00	7.506743013790646325e-03	9.201263961486232101e-02
3.395000000000000018e+00	7.506706495633787626e-03	9.151653299528800245e-02
3.399999999999999911e+00	7.506670150142091477e-03	9.102274812349693545e-02
3.405000000000000249e+00	7.506633976821420161e-03	9.053127862538071224e-02
3.410000000000000142e+00	7.506597975178307298e-03	9.004211813316888302e-02
3.415000000000000036e+00	7.506562144720599697e-03	8.955526029398296062e-02
3.419999999999999929e+00	7.506526484956825042e-03	8.907069876139687981e-02
3.424999999999999822e+00	7.506490995396818133e-03	8.858842720391954528e-02
3.430000000000000160e+00	7.506455675551105058e-03	8.810843929662882934e-02
3.435000000000000053e+00	7.506420524931519886e-03	8.763072872958246884e-02
3.439999999999999947e+00	7.506385543050591441e-03	8.715528919952546250e-02
3.445000000000000284e+00	7.506350729422158266e-03	8.668211441822866459e-02
3.450000000000000178e+00	7.506316083560761465e-03	8.621119810427085861e-02
3.455000000000000071e+00	7.506281604982253594e-03	8.574253399130461750e-02
3.459999999999999964e+00	7.506247293203191506e-03	8.527611581991172141e-02
3.464999999999999858e+00	7.506213147741446108e-03	8.481193734579781096e-02
3.470000000000000195e+00	7.506179168115603879e-03	8.434999233172094102e-02
3.475000000000000089e+00	7.506145353845562751e-03	8.389027455561386126e-02
3.479999999999999982e+00	7.506111704451941431e-03	8.343277780258680221e-02
3.485000000000000320e+00	7.506078219456674416e-03	8.297749587297702234e-02
3.490000000000000213e+00	7.506044898382421317e-03	8.252442257442564599e-02
3.495000000000000107e+00	7.506011740753161868e-03	8.207355172985447700e-02
3.500000000000000000e+00	7.505978746093605256e-03	8.162487716961694395e-02
3.504999999999999893e+00	7.505945913929782526e-03	8.117839273940215261e-02
3.509999999999999787e+00	7.505913243788464584e-03	8.073409229245985530e-02
3.514999999999999680e+00	7.505880735197740725e-03	8.029196969743164491e-02
3.520000000000000018e+00	7.505848387686449644e-03	7.985201883065012884e-02
3.524999999999999911e+00	7.505816200784751896e-03	7.941423358389707032e-02
3.529999999999999805e+00	7.505784174023564376e-03	7.897860785677671136e-02
3.535000000000000142e+00	7.505752306935124102e-03	7.854513556440065325e-02
3.540000000000000036e+00	7.505720599052433974e-03	7.811381062983580037e-02
3.544999999999999929e+00	7.505689049909821352e-03	7.768462699171577168e-02
3.549999999999999822e+00	7.505657659042382947e-03	7.725757859676318784e-02
3.554999999999999716e+00	7.505626425986545135e-03	7.683265940732766919e-02
3.560000000000000053e+00	7.505595350279509713e-03	7.640986339398239680e-02
3.564999999999999947e+00	7.505564431459809012e-03	7.598918454298903002e-02
3.569999999999999840e+00	7.505533669066762059e-03	7.557061684896823617e-02
3.575000000000000178e+00	7.505503062641017548e-03	7.515415432229113901e-02
3.580000000000000071e+00	7.505472611724019541e-03	7.473979098182467751e-02
3.584999999999999964e+00	7.505442315858544371e-03	7.432752086224862775e-02
3.589999999999999858e+00	7.505412174588171545e-03	7.391733800687601275e-02
3.594999999999999751e+00	7.505382187457813707e-03	7.350923647489641943e-02
3.600000000000000089e+00	7.505352354013197086e-03	7.310321033427062687e-02
3.604999999999999982e+00	7.505322673801381912e-03	7.269925366890014895e-02
3.609999999999999876e+00	7.505293146370249809e-03	7.229736057159638629e-02
3.615000000000000213e+00	7.505263771269020737e-03	7.189752515117635301e-02
3.620000000000000107e+00	7.505234548047741254e-03	7.149974152550633844e-02
3.625000000000000000e+00	7.505205476257801461e-03	7.110400382852351264e-02
3.629999999999999893e+00	7.505176555451424994e-03	7.071030620335437555e-02
3.634999999999999787e+00	7.505147785182180765e-03	7.031864280926213018e-02
3.640000000000000124e+00	7.505119165004480765e-03	6.992900781483971095e-02
3.645000000000000018e+00	7.505090694474084861e-03	6.954139540488324389e-02
3.649999999999999911e+00	7.505062373147602071e-03	6.915579977365930719e-02
3.655000000000000249e+00	7.505034200582995363e-03	6.877221513170435341e-02
3.660000000000000142e+00	7.505006176339084657e-03	6.839063569916695173e-02
3.665000000000000036e+00	7.504978299976044695e-03	6.801105571253238113e-02
3.669999999999999929e+00	7.504950571054914976e-03	6.763346941803953516e-02
3.674999999999999822e+00	7.504922989138093289e-03	6.725787107833162970e-02
3.680000000000000160e+00	7.504895553788853459e-03	6.688425496594758990e-02
3.685000000000000053e+00	7.504868264571828464e-03	6.651261536989810930e-02
3.689999999999999947e+00	7.504841121052534259e-03	6.614294658923175474e-02
3.695000000000000284e+00	7.504814122797849422e-03	6.577524293953680712e-02
3.700000000000000178e+00	7.504787269375544183e-03	6.540949874658179286e-02
3.705000000000000071e+00	7.504760560354755729e-03	6.504570835274296747e-02
3.709999999999999964e+00	7.504733995305520704e-03	6.468386611071939851e-02
3.714999999999999858e+00	7.504707573799244448e-03	6.432396638988600868e-02
3.720000000000000195e+00	7.504681295408240430e-03	6.396600357008298821e-02
3.725000000000000089e+00	7.504655159706196017e-03	6.360997204789485548e-02
3.729999999999999982e+00	7.504629166267713647e-03	6.325586623051394908e-02
3.735000000000000320e+00	7.504603314668767920e-03	6.290368054194503400e-02
3.740000000000000213e+00	7.504577604486266720e-03	6.255340941694367829e-02
3.745000000000000107e+00	7.504552035298488362e-03	6.220504730714566943e-02
3.750000000000000000e+00	7.504526606684649645e-03	6.185858867508031711e-02
3.754999999999999893e+00	7.504501318225345607e-03	6.151402800022554018e-02
3.759999999999999787e+00	7.504476169502114109e-03	6.117135977309493683e-02
3.764999999999999680e+00	7.504451160097879922e-03	6.083057850121902088e-02
3.770000000000000018e+00	7.504426289596514976e-03	6.049167870330614954e-02
3.774999999999999911e+00	7.504401557583281583e-03	6.015465491514961766e-02
3.779999999999999805e+00	7.504376963644398754e-03	5.981950168386274830e-02
3.785000000000000142e+00	7.504352507367478484e-03	5.948621357371129681e-02
3.790000000000000036e+00	7.504328188341098139e-03	5.915478516042310675e-02
3.794999999999999929e+00	7.504304006155230675e-03	5.882521103694594161e-02
3.799999999999999822e+00	7.504279960400824824e-03	5.849748580783119961e-02
3.804999999999999716e+00	7.504256050670224908e-03	5.817160409491746453e-02
3.810000000000000053e+00	7.504232276556762303e-03	5.784756053178807811e-02
3.814999999999999947e+00	7.504208637655166575e-03	5.752534976938072919e-02
3.819999999999999840e+00	7.504185133561159550e-03	5.720496647051872413e-02
3.825000000000000178e+00	7.504161763871867313e-03	5.688640531544612161e-02
3.830000000000000071e+00	7.504138528185420355e-03	5.656966099643327694e-02
3.834999999999999964e+00	7.504115426101349087e-03	5.625472822323738381e-02
3.839999999999999858e+00	7.504092457220200470e-03	5.594160171778183449e-02
3.844999999999999751e+00	7.504069621143925721e-03	5.563027621954295954e-02
3.850000000000000089e+00	7.504046917475498679e-03	5.532074648030257252e-02
3.854999999999999982e+00	7.504024345819300043e-03	5.501300726946085212e-02
3.859999999999999876e+00	7.504001905780744407e-03	5.470705336886236975e-02
3.865000000000000213e+00	7.503979596966655827e-03	5.440287957803496832e-02
3.870000000000000107e+00	7.503957418984898327e-03	5.410048070908918261e-02
3.875000000000000000e+00	7.503935371444748863e-03	5.379985159188336447e-02
3.879999999999999893e+00	7.503913453956534765e-03	5.350098706899606565e-02
3.884999999999999787e+00	7.503891666131998033e-03	5.320388200081758306e-02
3.890000000000000124e+00	7.503870007583938843e-03	5.290853126059540806e-02
3.895000000000000018e+00	7.503848477926576381e-03	5.261492973945216395e-02
3.899999999999999911e+00	7.503827076775195816e-03	5.232307234150392061e-02
3.905000000000000249e+00	7.503805803746502190e-03	5.203295398880431605e-02
3.910000000000000142e+00	7.503784658458277808e-03	5.174456961653632614e-02
3.915000000000000036e+00	7.503763640529728315e-03	5.145791417788250777e-02
3.919999999999999929e+00	7.503742749581139224e-03	5.117298263928915514e-02
3.924999999999999822e+00	7.503721985234228925e-03	5.088976998526394818e-02
3.930000000000000160e+00	7.503701347111801749e-03	5.060827121371205134e-02
3.935000000000000053e+00	7.503680834838094907e-03	5.032848134066061213e-02
3.939999999999999947e+00	7.503660448038442822e-03	5.005039539566745466e-02
3.945000000000000284e+00	7.503640186339615402e-03	4.977400842647232426e-02
3.950000000000000178e+00	7.503620049369487573e-03	4.949931549447774554e-02
3.955000000000000071e+00	7.503600036757370612e-03	4.922631167932733226e-02
3.959999999999999964e+00	7.503580148133689488e-03	4.895499207445879603e-02
3.964999999999999858e+00	7.503560383130313330e-03	4.868535179160930759e-02
3.970000000000000195e+00	7.503540741380225823e-03	4.841738595644029530e-02
3.975000000000000089e+00	7.503521222517859149e-03	4.815108971297041990e-02
3.979999999999999982e+00	7.503501826178772191e-03	4.788645821927181578e-02
3.985000000000000320e+00	7.503482551999969725e-03	4.762348665183041563e-02
3.990000000000000213e+00	7.503463399619596241e-03	4.736217020131410632e-02
3.995000000000000107e+00	7.503444368677241252e-03	4.710250407686031315e-02
4.000000000000000000e+00	7.503425458813640925e-03	4.684448350191546678e-02
4.004999999999999893e+00	7.503406669670980786e-03	4.658810371845070047e-02
4.009999999999999787e+00	7.503388000892601689e-03	4.633335998287221175e-02
4.014999999999999680e+00	7.503369452123296451e-03	4.608024757016486450e-02
4.019999999999999574e+00	7.503351023009016685e-03	4.582876176987347311e-02
4.025000000000000355e+00	7.503332713197172904e-03	4.557889789017471188e-02
4.030000000000000249e+00	7.503314522336341358e-03	4.533065125392907180e-02
4.035000000000000142e+00	7.503296450076558065e-03	4.508401720268090385e-02
4.040000000000000036e+00	7.503278496069034319e-03	4.483899109278094430e-02
4.044999999999999929e+00	7.503260659966441183e-03	4.459556829931492217e-02
4.049999999999999822e+00	7.503242941422632803e-03	4.435374421229627134e-02
4.054999999999999716e+00	7.503225340092926562e-03	4.411351424052364911e-02
4.059999999999999609e+00	7.503207855633832468e-03	4.387487380784346053e-02
4.064999999999999503e+00	7.503190487703322031e-03	4.363781835693646832e-02
4.070000000000000284e+00	7.503173235960567192e-03	4.340234334564988666e-02
4.075000000000000178e+00	7.503156100066205730e-03	4.316844425071347108e-02
4.080000000000000071e+00	7.503139079682081061e-03	4.293611656414077216e-02
4.084999999999999964e+00	7.503122174471505042e-03	4.270535579687471939e-02
4.089999999999999858e+00	7.503105384099005570e-03	4.247615747525847196e-02
4.094999999999999751e+00	7.503088708230576387e-03	4.224851714461021202e-02
4.099999999999999645e+00	7.503072146533434211e-03	4.202243036576314150e-02
4.105000000000000426e+00	7.503055698676268544e-03	4.179789271857024119e-02
4.110000000000000320e+00	7.503039364328995334e-03	4.157489979851301115e-02
4.115000000000000213e+00	7.503023143163004179e-03	4.135344722013612612e-02
4.120000000000000107e+00	7.503007034850919799e-03	4.113353061372471836e-02
4.125000000000000000e+00	7.502991039066845766e-03	4.091514562866953308e-02
4.129999999999999893e+00	7.502975155486120776e-03	4.069828793021230268e-02
4.134999999999999787e+00	7.502959383785564977e-03	4.048295320274159642e-02
4.139999999999999680e+00	7.502943723643247520e-03	4.026913714660614041e-02
4.144999999999999574e+00	7.502928174738714671e-03	4.005683548134125055e-02
4.150000000000000355e+00	7.502912736752767771e-03	3.984604394254998017e-02
4.155000000000000249e+00	7.502897409367692214e-03	3.963675828506091348e-02
4.160000000000000142e+00	7.502882192267029335e-03	3.942897427987634290e-02
4.165000000000000036e+00	7.502867085135807995e-03	3.922268771726149239e-02
4.169999999999999929e+00	7.502852087660319934e-03	3.901789440375990486e-02
4.174999999999999822e+00	7.502837199528347017e-03	3.881459016521426886e-02
4.179999999999999716e+00	7.502822420428939196e-03	3.861277084384855812e-02
4.185000000000000497e+00	7.502807750052633944e-03	3.841243230122071833e-02
4.190000000000000391e+00	7.502793188091252431e-03	3.821357041537155191e-02
4.195000000000000284e+00	7.502778734238096416e-03	3.801618108370928562e-02
4.200000000000000178e+00	7.502764388187758288e-03	3.782026022022483974e-02
4.205000000000000071e+00	7.502750149636318831e-03	3.762580375830894275e-02
4.209999999999999964e+00	7.502736018281148597e-03	3.743280764803303545e-02
4.214999999999999858e+00	7.502721993821108264e-03	3.724126785889943225e-02
4.219999999999999751e+00	7.502708075956356949e-03	3.705118037718763135e-02
4.224999999999999645e+00	7.502694264388545635e-03	3.686254120863766137e-02
4.230000000000000426e+00	7.502680558820627212e-03	3.667534637586145757e-02
4.235000000000000320e+00	7.502666958957047300e-03	3.648959192095990040e-02
4.240000000000000213e+00	7.502653464503558634e-03	3.630527390299882057e-02
4.245000000000000107e+00	7.502640075167411882e-03	3.612238840055973649e-02
4.250000000000000000e+00	7.502626790657166561e-03	3.594093150928077268e-02
4.254999999999999893e+00	7.502613610682879255e-03	3.576089934434108220e-02
4.259999999999999787e+00	7.502600534955927540e-03	3.558228803806616491e-02
4.264999999999999680e+00	7.502587563189180853e-03	3.540509374234667578e-02
4.269999999999999574e+00	7.502574695096835694e-03	3.522931262630740051e-02
4.275000000000000355e+00	7.502561930394583897e-03	3.505494087866109498e-02
4.280000000000000249e+00	7.502549268799446093e-03	3.488197470544077833e-02
4.285000000000000142e+00	7.502536710029941713e-03	3.471041033228859651e-02
4.290000000000000036e+00	7.502524253805925927e-03	3.454024400225142594e-02
4.294999999999999929e+00	7.502511899848746633e-03	3.437147197800491383e-02
4.299999999999999822e+00	7.502499647881096141e-03	3.420409053971210783e-02
4.304999999999999716e+00	7.502487497627161224e-03	3.403809598718317286e-02
4.309999999999999609e+00	7.502475448812476536e-03	3.387348463779639440e-02
4.314999999999999503e+00	7.502463501164072929e-03	3.371025282859396038e-02
4.320000000000000284e+00	7.502451654410331738e-03	3.354839691426509535e-02
4.325000000000000178e+00	7.502439908281130498e-03	3.338791326917850411e-02
4.330000000000000071e+00	7.502428262507702429e-03	3.322879828542678327e-02
4.334999999999999964e+00	7.502416716822778685e-03	3.307104837479580423e-02
4.339999999999999858e+00	7.502405270960450442e-03	3.291465996687070045e-02
4.344999999999999751e+00	7.502393924656305946e-03	3.275962951094215508e-02
4.349999999999999645e+00	7.502382677647296064e-03	3.260595347417345052e-02
4.355000000000000426e+00	7.502371529671872201e-03	3.245362834344418107e-02
4.360000000000000320e+00	7.502360480469850122e-03	3.230265062357805250e-02
4.365000000000000213e+00	7.502349529782546128e-03	3.215301683912436675e-02
4.370000000000000107e+00	7.502338677352647818e-03	3.200472353264596087e-02
4.375000000000000000e+00	7.502327922924338990e-03	3.185776726643914369e-02
4.379999999999999893e+00	7.502317266243180814e-03	3.171214462088126768e-02
4.384999999999999787e+00	7.502306707056229790e-03	3.156785219608942289e-02
4.389999999999999680e+00	7.502296245111924992e-03	3.142488661032732944e-02
4.394999999999999574e+00	7.502285880160199961e-03	3.128324450160308717e-02
4.400000000000000355e+00	7.502275611952372546e-03	3.114292252613514236e-02
4.405000000000000249e+00	7.502265440241256793e-03	3.100391735988941577e-02
4.410000000000000142e+00	7.502255364781053662e-03	3.086622569710385788e-02
4.415000000000000036e+00	7.502245385327458577e-03	3.072984425176543063e-02
4.419999999999999929e+00	7.502235501637561678e-03	3.059476975619284181e-02
4.424999999999999822e+00	7.502225713469942367e-03	3.046099896245383840e-02
4.429999999999999716e+00	7.502216020584578232e-03	3.032852864100554421e-02
4.435000000000000497e+00	7.502206422742938724e-03	3.019735558205250900e-02
4.440000000000000391e+00	7.502196919707889745e-03	3.006747659424443414e-02
4.445000000000000284e+00	7.502187511243792531e-03	2.993888850597514750e-02
4.450000000000000178e+00	7.502178197116409104e-03	2.981158816413732177e-02
4.455000000000000071e+00	7.502168977092989015e-03	2.968557243536298906e-02
4.459999999999999964e+00	7.502159850942188672e-03	2.956083820483467253e-02
4.464999999999999858e+00	7.502150818434153746e-03	2.943738237746776690e-02
4.469999999999999751e+00	7.502141879340437636e-03	2.931520187677781955e-02
4.474999999999999645e+00	7.502133033434082998e-03	2.919429364600527321e-02
4.480000000000000426e+00	7.502124280489538485e-03	2.907465464703816796e-02
4.485000000000000320e+00	7.502115620282743744e-03	2.895628186147990168e-02
4.490000000000000213e+00	7.502107052591047882e-03	2.883917228962690205e-02
4.495000000000000107e+00	7.502098577193288403e-03	2.872332295147966147e-02
4.500000000000000000e+00	7.502090193869714874e-03	2.860873088577520554e-02
4.504999999999999893e+00	7.502081902402062651e-03	2.849539315094160724e-02
4.509999999999999787e+00	7.502073702573484361e-03	2.838330682418490486e-02
4.514999999999999680e+00	7.502065594168612350e-03	2.827246900238763669e-02
4.519999999999999574e+00	7.502057576973500570e-03	2.816287680124959086e-02
4.525000000000000355e+00	7.502049650775681824e-03	2.805452735613082199e-02
4.530000000000000249e+00	7.502041815364113124e-03	2.794741782124580964e-02
4.535000000000000142e+00	7.502034070529225995e-03	2.784154537045153283e-02
4.540000000000000036e+00	7.502026416062877040e-03	2.773690719649438141e-02
4.544999999999999929e+00	7.502018851758398242e-03	2.763350051174377417e-02
4.549999999999999822e+00	7.502011377410549263e-03	2.753132254749150049e-02
4.554999999999999716e+00	7.502003992815561677e-03	2.743037055463124971e-02
4.559999999999999609e+00	7.501996697771093001e-03	2.733064180300991131e-02
4.564999999999999503e+00	7.501989492076273532e-03	2.723213358205353943e-02
4.570000000000000284e+00	7.501982375531662112e-03	2.713484320017005291e-02
4.575000000000000178e+00	7.501975347939286026e-03	2.703876798532212425e-02
4.580000000000000071e+00	7.501968409102602840e-03	2.694390528448080760e-02
4.584999999999999964e+00	7.501961558826535960e-03	2.685025246414577543e-02
4.589999999999999858e+00	7.501954796917440806e-03	2.675780690984955884e-02
4.594999999999999751e+00	7.501948123183135170e-03	2.666656602662554817e-02
4.599999999999999645e+00	7.501941537432871461e-03	2.657652723856228014e-02
4.605000000000000426e+00	7.501935039477360123e-03	2.648768798921965345e-02
4.610000000000000320e+00	7.501928629128747084e-03	2.640004574123295047e-02
4.615000000000000213e+00	7.501922306200634570e-03	2.631359797667765302e-02
4.620000000000000107e+00	7.501916070508059427e-03	2.622834219672252540e-02
4.625000000000000000e+00	7.501909921867514798e-03	2.614427592194385960e-02
4.629999999999999893e+00	7.501903860096926710e-03	2.606139669202699877e-02
4.634999999999999787e+00	7.501897885015675754e-03	2.597970206603040025e-02
4.639999999999999680e+00	7.501891996444572802e-03	2.589918962213514850e-02
4.644999999999999574e+00	7.501886194205882423e-03	2.581985695785937035e-02
4.650000000000000355e+00	7.501880478123301201e-03	2.574170168985534524e-02
4.655000000000000249e+00	7.501874848021973345e-03	2.566472145407455371e-02
4.660000000000000142e+00	7.501869303728479418e-03	2.558891390561186807e-02
4.665000000000000036e+00	7.501863845070838935e-03	2.551427671882193493e-02
4.669999999999999929e+00	7.501858471878509495e-03	2.544080758720993971e-02
4.674999999999999822e+00	7.501853183982385917e-03	2.536850422349968062e-02
4.679999999999999716e+00	7.501847981214800239e-03	2.529736435957044560e-02
4.685000000000000497e+00	7.501842863409517378e-03	2.522738574647725995e-02
4.690000000000000391e+00	7.501837830401739474e-03	2.515856615443340036e-02
4.695000000000000284e+00	7.501832882028099808e-03	2.509090337278348237e-02
4.700000000000000178e+00	7.501828018126662813e-03	2.502439521003084130e-02
4.705000000000000071e+00	7.501823238536924933e-03	2.495903949376401115e-02
4.709999999999999964e+00	7.501818543099816362e-03	2.489483407072866361e-02
4.714999999999999858e+00	7.501813931657687166e-03	2.483177680670772824e-02
4.719999999999999751e+00	7.501809404054324629e-03	2.476986558663743856e-02
4.724999999999999645e+00	7.501804960134933302e-03	2.470909831444189145e-02
4.730000000000000426e+00	7.501800599746152355e-03	2.464947291319242659e-02
4.735000000000000320e+00	7.501796322736033890e-03	2.459098732489701719e-02
4.740000000000000213e+00	7.501792128954062888e-03	2.453363951070271914e-02
4.745000000000000107e+00	7.501788018251135531e-03	2.447742745064034747e-02
4.750000000000000000e+00	7.501783990479577412e-03	2.442234914386932562e-02
4.754999999999999893e+00	7.501780045493122717e-03	2.436840260837836586e-02
4.759999999999999787e+00	7.501776183146931579e-03	2.431558588127220866e-02
4.764999999999999680e+00	7.501772403297569253e-03	2.426389701842862970e-02
4.769999999999999574e+00	7.501768705803026939e-03	2.421333409482663568e-02
4.775000000000000355e+00	7.501765090522693157e-03	2.416389520416045364e-02
4.780000000000000249e+00	7.501761557317384102e-03	2.411557845920851359e-02
4.785000000000000142e+00	7.501758106049307220e-03	2.406838199140493711e-02
4.790000000000000036e+00	7.501754736582094164e-03	2.402230395124881068e-02
4.794999999999999929e+00	7.501751448780765233e-03	2.397734250783375987e-02
4.799999999999999822e+00	7.501748242511761464e-03	2.393349584929694435e-02
4.804999999999999716e+00	7.501745117642909938e-03	2.389076218230723817e-02
4.809999999999999609e+00	7.501742074043455874e-03	2.384913973255346417e-02
4.814999999999999503e+00	7.501739111584021860e-03	2.380862674419162786e-02
4.820000000000000284e+00	7.501736230136648621e-03	2.376922148037191942e-02
4.825000000000000178e+00	7.501733429574751651e-03	2.373092222264554241e-02
4.830000000000000071e+00	7.501730709773160241e-03	2.369372727152987620e-02
4.834999999999999964e+00	7.501728070608071515e-03	2.365763494587556220e-02
4.839999999999999858e+00	7.501725511957095527e-03	2.362264358346915366e-02
4.844999999999999751e+00	7.501723033699204089e-03	2.358875154036103872e-02
4.849999999999999645e+00	7.501720635714781947e-03	2.355595719150520295e-02
4.855000000000000426e+00	7.501718317885565195e-03	2.352425893004829460e-02
4.860000000000000320e+00	7.501716080094704593e-03	2.349365516800600365e-02
4.865000000000000213e+00	7.501713922226694448e-03	2.346414433551402556e-02
4.870000000000000107e+00	7.501711844167438525e-03	2.343572488154029715e-02
4.875000000000000000e+00	7.501709845804185005e-03	2.340839527309840351e-02
4.879999999999999893e+00	7.501707927025582853e-03	2.338215399599516409e-02
4.884999999999999787e+00	7.501706087721620245e-03	2.335699955400713165e-02
4.889999999999999680e+00	7.501704327783684408e-03	2.333293046966293874e-02
4.894999999999999574e+00	7.501702647104496573e-03	2.330994528338333968e-02
4.900000000000000355e+00	7.501701045578169219e-03	2.328804255429785947e-02
4.905000000000000249e+00	7.501699523100147093e-03	2.326722085934894088e-02
4.910000000000000142e+00	7.501698079567262721e-03	2.324747879414230597e-02
4.915000000000000036e+00	7.501696714877671354e-03	2.322881497201572179e-02
4.919999999999999929e+00	7.501695428930915156e-03	2.321122802492257137e-02
4.924999999999999822e+00	7.501694221627851211e-03	2.319471660246588685e-02
4.929999999999999716e+00	7.501693092870722647e-03	2.317927937281446041e-02
4.935000000000000497e+00	7.501692042563075369e-03	2.316491502170259925e-02
4.940000000000000391e+00	7.501691070609841326e-03	2.315162225337840871e-02
4.945000000000000284e+00	7.501690176917251776e-03	2.313939978956995255e-02
4.950000000000000178e+00	7.501689361392911877e-03	2.312824637046491036e-02
4.955000000000000071e+00	7.501688623945725228e-03	2.311816075364366008e-02
4.959999999999999964e+00	7.501687964485964991e-03	2.310914171508982387e-02
4.964999999999999858e+00	7.501687382925193229e-03	2.310118804809090792e-02
4.969999999999999751e+00	7.501686879176337232e-03	2.309429856427924060e-02
4.974999999999999645e+00	7.501686453153610587e-03	2.308847209250066909e-02
4.980000000000000426e+00	7.501686104772584303e-03	2.308370747988519253e-02
4.985000000000000320e+00	7.501685833950107012e-03	2.308000359068436771e-02
4.990000000000000213e+00	7.501685640604383032e-03	2.307735930737116539e-02
4.995000000000000107e+00	7.501685524654887367e-03	2.307577352944656726e-02
5.000000000000000000e+00	7.501685486022444636e-03	2.307524517456805216e-02
