# coordinate_x	h	p	@time=941.29
0.000000000000000000e+00	2.699781435221670356e-01	5.715656879429293902e-01
5.000000000000000104e-03	2.699745758281970609e-01	5.715656878652680684e-01
1.000000000000000021e-02	2.699638727474552580e-01	5.715656876322428026e-01
1.499999999999999944e-02	2.699460342811998426e-01	5.715656872438095171e-01
2.000000000000000042e-02	2.699210604324872032e-01	5.715656866998605201e-01
2.500000000000000139e-02	2.698889512048217587e-01	5.715656860002722439e-01
2.999999999999999889e-02	2.698497066034653558e-01	5.715656851448597253e-01
3.500000000000000333e-02	2.698033266341223202e-01	5.715656841334216809e-01
4.000000000000000083e-02	2.697498113042577916e-01	5.715656829656950988e-01
4.499999999999999833e-02	2.696891606217824977e-01	5.715656816414012020e-01
5.000000000000000278e-02	2.696213745963749187e-01	5.715656801601983750e-01
5.500000000000000028e-02	2.695464532381634526e-01	5.715656785217291258e-01
5.999999999999999778e-02	2.694643965590528545e-01	5.715656767255732351e-01
6.500000000000000222e-02	2.693752045714037924e-01	5.715656747712933861e-01
7.000000000000000666e-02	2.692788772893640603e-01	5.715656726583894232e-01
7.500000000000001110e-02	2.691754147275443043e-01	5.715656703863443155e-01
8.000000000000000167e-02	2.690648169023550640e-01	5.715656679545764174e-01
8.499999999999999223e-02	2.689470838306782241e-01	5.715656653624870964e-01
8.999999999999999667e-02	2.688222155312100514e-01	5.715656626094127724e-01
9.500000000000000111e-02	2.686902120231279278e-01	5.715656596946717682e-01
1.000000000000000056e-01	2.685510733274404926e-01	5.715656566175170150e-01
1.050000000000000100e-01	2.684047994656482694e-01	5.715656533771822367e-01
1.100000000000000006e-01	2.682513904611022459e-01	5.715656499728352102e-01
1.149999999999999911e-01	2.680908463376572848e-01	5.715656464036237283e-01
1.199999999999999956e-01	2.679231671210399734e-01	5.715656426686281932e-01
1.250000000000000000e-01	2.677483528374945965e-01	5.715656387669085792e-01
1.300000000000000044e-01	2.675664035151602005e-01	5.715656346974559154e-01
1.350000000000000089e-01	2.673773191827086282e-01	5.715656304592401371e-01
1.400000000000000133e-01	2.671810998707323526e-01	5.715656260511611242e-01
1.450000000000000178e-01	2.669777456103730739e-01	5.715656214720961081e-01
1.499999999999999944e-01	2.667672564347212116e-01	5.715656167208511551e-01
1.549999999999999989e-01	2.665496323774341758e-01	5.715656117962084615e-01
1.600000000000000033e-01	2.663248734741488488e-01	5.715656066968776150e-01
1.650000000000000078e-01	2.660929797610886438e-01	5.715656014215427794e-01
1.700000000000000122e-01	2.658539512764892532e-01	5.715655959688142884e-01
1.749999999999999889e-01	2.656077880591945495e-01	5.715655903372752755e-01
1.799999999999999933e-01	2.653544901500960451e-01	5.715655845254333789e-01
1.849999999999999978e-01	2.650940575907162478e-01	5.715655785317675930e-01
1.900000000000000022e-01	2.648264904246639961e-01	5.715655723546796407e-01
1.950000000000000067e-01	2.645517886962035492e-01	5.715655659925403809e-01
2.000000000000000111e-01	2.642699524517267418e-01	5.715655594436416242e-01
2.050000000000000155e-01	2.639809817383076962e-01	5.715655527062428742e-01
2.099999999999999922e-01	2.636848766051919646e-01	5.715655457785219218e-01
2.149999999999999967e-01	2.633816371023359193e-01	5.715655386586224740e-01
2.200000000000000011e-01	2.630712632819147134e-01	5.715655313446038610e-01
2.250000000000000056e-01	2.627537551968448515e-01	5.715655238344897748e-01
2.300000000000000100e-01	2.624291129023120228e-01	5.715655161262165329e-01
2.349999999999999867e-01	2.620973364542760198e-01	5.715655082176823720e-01
2.399999999999999911e-01	2.617584259110197764e-01	5.715655001066959340e-01
2.449999999999999956e-01	2.614123813316351352e-01	5.715654917910251154e-01
2.500000000000000000e-01	2.610592027775944790e-01	5.715654832683449982e-01
2.550000000000000044e-01	2.606988903112166245e-01	5.715654745362874767e-01
2.600000000000000089e-01	2.603314439972618799e-01	5.715654655923887439e-01
2.650000000000000133e-01	2.599568639013767335e-01	5.715654564341384747e-01
2.700000000000000178e-01	2.595751500917145016e-01	5.715654470589275338e-01
2.750000000000000222e-01	2.591863026373570356e-01	5.715654374640972701e-01
2.800000000000000266e-01	2.587903216099620707e-01	5.715654276468865591e-01
2.850000000000000311e-01	2.583872070821612299e-01	5.715654176044810963e-01
2.899999999999999800e-01	2.579769591292356834e-01	5.715654073339607733e-01
2.949999999999999845e-01	2.575595778274885062e-01	5.715653968323486378e-01
2.999999999999999889e-01	2.571350632559505911e-01	5.715653860965576039e-01
3.049999999999999933e-01	2.567034154947260283e-01	5.715653751234399671e-01
3.099999999999999978e-01	2.562646346267296593e-01	5.715653639097336702e-01
3.150000000000000022e-01	2.558187207360044790e-01	5.715653524521118189e-01
3.200000000000000067e-01	2.553656739094918304e-01	5.715653407471282810e-01
3.250000000000000111e-01	2.549054942353200515e-01	5.715653287912677571e-01
3.300000000000000155e-01	2.544381818046089205e-01	5.715653165808910474e-01
3.350000000000000200e-01	2.539637367097274390e-01	5.715653041122845668e-01
3.400000000000000244e-01	2.534821590461352470e-01	5.715652913816056113e-01
3.449999999999999734e-01	2.529934489106072104e-01	5.715652783849318741e-01
3.499999999999999778e-01	2.524976064031142498e-01	5.715652651182064892e-01
3.549999999999999822e-01	2.519946316250128993e-01	5.715652515772872144e-01
3.599999999999999867e-01	2.514845246809673807e-01	5.715652377578911425e-01
3.649999999999999911e-01	2.509672856771026916e-01	5.715652236556438837e-01
3.699999999999999956e-01	2.504429147229699226e-01	5.715652092660240546e-01
3.750000000000000000e-01	2.499114119296609871e-01	5.715651945844124615e-01
3.800000000000000044e-01	2.493727774118198459e-01	5.715651796060358114e-01
3.850000000000000089e-01	2.488270112857162153e-01	5.715651643260157844e-01
3.900000000000000133e-01	2.482741136713055297e-01	5.715651487393127450e-01
3.950000000000000178e-01	2.477140846902599614e-01	5.715651328407744813e-01
4.000000000000000222e-01	2.471469244680792043e-01	5.715651166250796944e-01
4.050000000000000266e-01	2.465726331320764741e-01	5.715651000867861820e-01
4.099999999999999756e-01	2.459912108135431652e-01	5.715650832202739950e-01
4.149999999999999800e-01	2.454026576456875830e-01	5.715650660197938437e-01
4.199999999999999845e-01	2.448069737658562228e-01	5.715650484794091435e-01
4.249999999999999889e-01	2.442041593134227362e-01	5.715650305930448649e-01
4.299999999999999933e-01	2.435942144320693004e-01	5.715650123544288030e-01
4.349999999999999978e-01	2.429771392676226272e-01	5.715649937571400940e-01
4.400000000000000022e-01	2.423529339703990593e-01	5.715649747945501513e-01
4.450000000000000067e-01	2.417215986929850957e-01	5.715649554598704052e-01
4.500000000000000111e-01	2.410831335926494068e-01	5.715649357460936830e-01
4.550000000000000155e-01	2.404375388290648230e-01	5.715649156460407276e-01
4.600000000000000200e-01	2.397848145667914599e-01	5.715648951523014665e-01
4.649999999999999689e-01	2.391249609729369230e-01	5.715648742572808638e-01
4.699999999999999734e-01	2.384579782197143172e-01	5.715648529531401900e-01
4.749999999999999778e-01	2.377838664820375036e-01	5.715648312318414304e-01
4.799999999999999822e-01	2.371026259401584624e-01	5.715648090850888874e-01
4.849999999999999867e-01	2.364142567771939096e-01	5.715647865043727016e-01
4.899999999999999911e-01	2.357187591818465655e-01	5.715647634809100097e-01
4.949999999999999956e-01	2.350161333458593849e-01	5.715647400056872440e-01
5.000000000000000000e-01	2.343063794668258926e-01	5.715647160694017348e-01
5.050000000000000044e-01	2.335894977455677535e-01	5.715646916625019003e-01
5.100000000000000089e-01	2.328654883890395599e-01	5.715646667751298482e-01
5.150000000000000133e-01	2.321343516076254943e-01	5.715646413971591233e-01
5.200000000000000178e-01	2.313960876181441750e-01	5.715646155181384191e-01
5.250000000000000222e-01	2.306506966410598880e-01	5.715645891273262169e-01
5.300000000000000266e-01	2.298981789035936252e-01	5.715645622136358295e-01
5.350000000000000311e-01	2.291385346368438325e-01	5.715645347656674868e-01
5.400000000000000355e-01	2.283717640790105252e-01	5.715645067716543792e-01
5.450000000000000400e-01	2.275978674724200013e-01	5.715644782194908569e-01
5.500000000000000444e-01	2.268168450668690550e-01	5.715644490966809155e-01
5.550000000000000488e-01	2.260286971165484937e-01	5.715644193903621773e-01
5.600000000000000533e-01	2.252334238835146940e-01	5.715643890872562638e-01
5.649999999999999467e-01	2.244310256345057875e-01	5.715643581736881140e-01
5.699999999999999512e-01	2.236215026445492471e-01	5.715643266355389107e-01
5.749999999999999556e-01	2.228048551936639976e-01	5.715642944582607354e-01
5.799999999999999600e-01	2.219810835706127472e-01	5.715642616268311604e-01
5.849999999999999645e-01	2.211501880694834721e-01	5.715642281257629076e-01
5.899999999999999689e-01	2.203121689935958194e-01	5.715641939390618820e-01
5.949999999999999734e-01	2.194670266519545554e-01	5.715641590502293923e-01
5.999999999999999778e-01	2.186147613633205589e-01	5.715641234422239592e-01
6.049999999999999822e-01	2.177553734525281004e-01	5.715640870974574295e-01
6.099999999999999867e-01	2.168888632547316397e-01	5.715640499977592270e-01
6.149999999999999911e-01	2.160152311115784152e-01	5.715640121243649174e-01
6.199999999999999956e-01	2.151344773756431183e-01	5.715639734578861209e-01
6.250000000000000000e-01	2.142466024064467733e-01	5.715639339782881967e-01
6.300000000000000044e-01	2.133516065750921120e-01	5.715638936648659296e-01
6.350000000000000089e-01	2.124494902601190005e-01	5.715638524962118883e-01
6.400000000000000133e-01	2.115402538523550036e-01	5.715638104501972183e-01
6.450000000000000178e-01	2.106238977505962284e-01	5.715637675039278998e-01
6.500000000000000222e-01	2.097004223666888711e-01	5.715637236337337557e-01
6.550000000000000266e-01	2.087698281210239593e-01	5.715636788151101655e-01
6.600000000000000311e-01	2.078321154478666166e-01	5.715636330227156225e-01
6.650000000000000355e-01	2.068872847906524925e-01	5.715635862302990144e-01
6.700000000000000400e-01	2.059353366075829805e-01	5.715635384107051742e-01
6.750000000000000444e-01	2.049762713667097891e-01	5.715634895357853962e-01
6.800000000000000488e-01	2.040100895518164037e-01	5.715634395764142006e-01
6.850000000000000533e-01	2.030367916572760889e-01	5.715633885023797545e-01
6.899999999999999467e-01	2.020563781942418258e-01	5.715633362824134034e-01
6.949999999999999512e-01	2.010688496852615914e-01	5.715632828840567781e-01
6.999999999999999556e-01	2.000742066708009470e-01	5.715632282737067582e-01
7.049999999999999600e-01	1.990724497035985807e-01	5.715631724164565997e-01
7.099999999999999645e-01	1.980635793555480251e-01	5.715631152761568856e-01
7.149999999999999689e-01	1.970475962117743396e-01	5.715630568152285651e-01
7.199999999999999734e-01	1.960245008779044062e-01	5.715629969947418898e-01
7.249999999999999778e-01	1.949942939738444903e-01	5.715629357741967009e-01
7.299999999999999822e-01	1.939569761414708104e-01	5.715628731116234595e-01
7.349999999999999867e-01	1.929125480380857738e-01	5.715628089633247866e-01
7.399999999999999911e-01	1.918610103445643200e-01	5.715627432840023614e-01
7.449999999999999956e-01	1.908023637584646270e-01	5.715626760264548301e-01
7.500000000000000000e-01	1.897366090026690322e-01	5.715626071417336806e-01
7.550000000000000044e-01	1.886637468181225075e-01	5.715625365787918577e-01
7.600000000000000089e-01	1.875837779730119836e-01	5.715624642846719450e-01
7.650000000000000133e-01	1.864967032551029802e-01	5.715623902040994908e-01
7.700000000000000178e-01	1.854025234815052658e-01	5.715623142797082723e-01
7.750000000000000222e-01	1.843012394905759188e-01	5.715622364515694498e-01
7.800000000000000266e-01	1.831928521523245867e-01	5.715621566574600187e-01
7.850000000000000311e-01	1.820773623598478663e-01	5.715620748323190226e-01
7.900000000000000355e-01	1.809547710404332821e-01	5.715619909085649653e-01
7.950000000000000400e-01	1.798250791464866272e-01	5.715619048154678694e-01
8.000000000000000444e-01	1.786882876674009135e-01	5.715618164795240874e-01
8.050000000000000488e-01	1.775443976199337637e-01	5.715617258237318810e-01
8.100000000000000533e-01	1.763934100609153011e-01	5.715616327680311803e-01
8.149999999999999467e-01	1.752353260770292687e-01	5.715615372284683637e-01
8.199999999999999512e-01	1.740701467984422934e-01	5.715614391177120668e-01
8.249999999999999556e-01	1.728978733879365237e-01	5.715613383440898421e-01
8.299999999999999600e-01	1.717185070555537763e-01	5.715612348121907882e-01
8.349999999999999645e-01	1.705320490470223493e-01	5.715611284217553267e-01
8.399999999999999689e-01	1.693385006595203579e-01	5.715610190683785286e-01
8.449999999999999734e-01	1.681378632293329123e-01	5.715609066422291384e-01
8.499999999999999778e-01	1.669301381488533242e-01	5.715607910288696969e-01
8.549999999999999822e-01	1.657153268533997637e-01	5.715606721077786112e-01
8.599999999999999867e-01	1.644934308395872291e-01	5.715605497533046142e-01
8.649999999999999911e-01	1.632644516512255228e-01	5.715604238329606845e-01
8.699999999999999956e-01	1.620283908992135036e-01	5.715602942085351579e-01
8.750000000000000000e-01	1.607852502464303945e-01	5.715601607341198598e-01
8.800000000000000044e-01	1.595350314293241256e-01	5.715600232574027384e-01
8.850000000000000089e-01	1.582777362416983580e-01	5.715598816173868002e-01
8.900000000000000133e-01	1.570133665581912030e-01	5.715597356458951284e-01
8.950000000000000178e-01	1.557419243168480238e-01	5.715595851649275527e-01
9.000000000000000222e-01	1.544634115447145739e-01	5.715594299884136920e-01
9.050000000000000266e-01	1.531778303390732843e-01	5.715592699191459625e-01
9.100000000000000311e-01	1.518851828954077832e-01	5.715591047508226108e-01
9.150000000000000355e-01	1.505854714871640576e-01	5.715589342644835646e-01
9.200000000000000400e-01	1.492786984963826169e-01	5.715587582308928605e-01
9.250000000000000444e-01	1.479648663918293749e-01	5.715585764063898511e-01
9.300000000000000488e-01	1.466439777626364627e-01	5.715583885356705363e-01
9.350000000000000533e-01	1.453160352946274159e-01	5.715581943469484338e-01
9.399999999999999467e-01	1.439810418073624310e-01	5.715579935552057567e-01
9.449999999999999512e-01	1.426390002284594338e-01	5.715577858565370484e-01
9.499999999999999556e-01	1.412899136345034667e-01	5.715575709319560271e-01
9.549999999999999600e-01	1.399337852231389290e-01	5.715573484407671101e-01
9.599999999999999645e-01	1.385706183583794715e-01	5.715571180250316186e-01
9.649999999999999689e-01	1.372004165402162523e-01	5.715568793017805627e-01
9.699999999999999734e-01	1.358231834549568362e-01	5.715566318682641089e-01
9.749999999999999778e-01	1.344389229420586140e-01	5.715563752927778074e-01
9.799999999999999822e-01	1.330476390502360884e-01	5.715561091208475331e-01
9.849999999999999867e-01	1.316493360011880831e-01	5.715558328643888242e-01
9.899999999999999911e-01	1.302440182523461887e-01	5.715555460090115947e-01
9.949999999999999956e-01	1.288316904571170374e-01	5.715552480011700798e-01
1.000000000000000000e+00	1.274123575353080517e-01	5.715549382568121395e-01
1.004999999999999893e+00	1.259860246294504660e-01	5.715546161460954844e-01
1.010000000000000009e+00	1.245526971841379449e-01	5.715542810036590149e-01
1.015000000000000124e+00	1.231123808979310147e-01	5.715539321103773052e-01
1.020000000000000018e+00	1.216650818130897149e-01	5.715535687055957048e-01
1.024999999999999911e+00	1.202108062624848150e-01	5.715531899652654957e-01
1.030000000000000027e+00	1.187495609715080308e-01	5.715527950165664173e-01
1.035000000000000142e+00	1.172813529993282228e-01	5.715523829115942700e-01
1.040000000000000036e+00	1.158061898551395463e-01	5.715519526449011067e-01
1.044999999999999929e+00	1.143240794329967863e-01	5.715515031216886754e-01
1.050000000000000044e+00	1.128350301450348897e-01	5.715510331789297460e-01
1.055000000000000160e+00	1.113390508489973119e-01	5.715505415467371231e-01
1.060000000000000053e+00	1.098361510016557518e-01	5.715500268739029943e-01
1.064999999999999947e+00	1.083263405780032079e-01	5.715494876807389879e-01
1.070000000000000062e+00	1.068096302488593663e-01	5.715489223900964699e-01
1.075000000000000178e+00	1.052860312905373324e-01	5.715483292694797379e-01
1.080000000000000071e+00	1.037555557915864207e-01	5.715477064689034048e-01
1.084999999999999964e+00	1.022182165515488211e-01	5.715470519494215695e-01
1.090000000000000080e+00	1.006740273230425919e-01	5.715463635295682243e-01
1.095000000000000195e+00	9.912300269800340680e-02	5.715456387965588414e-01
1.100000000000000089e+00	9.756515839293482262e-02	5.715448751635745506e-01
1.104999999999999982e+00	9.600051112077664928e-02	5.715440697586865459e-01
1.110000000000000098e+00	9.442907892928460722e-02	5.715432194959386702e-01
1.115000000000000213e+00	9.285088105638369949e-02	5.715423209353912570e-01
1.120000000000000107e+00	9.126593833446913773e-02	5.715413703718905669e-01
1.125000000000000000e+00	8.967427302678940282e-02	5.715403636573357371e-01
1.129999999999999893e+00	8.807590931425629543e-02	5.715392963123006043e-01
1.134999999999999787e+00	8.647087311007581323e-02	5.715381632984063431e-01
1.139999999999999902e+00	8.485919265079640283e-02	5.715369591597249110e-01
1.145000000000000018e+00	8.324089828608960406e-02	5.715356777285655054e-01
1.149999999999999911e+00	8.161602320282192180e-02	5.715343123060437902e-01
1.154999999999999805e+00	7.998460318663697111e-02	5.715328552780031268e-01
1.159999999999999920e+00	7.834667751763789434e-02	5.715312983476051878e-01
1.165000000000000036e+00	7.670228870034427604e-02	5.715296320284783960e-01
1.169999999999999929e+00	7.505148358338196990e-02	5.715278459471436756e-01
1.174999999999999822e+00	7.339431305466474764e-02	5.715259281662021795e-01
1.179999999999999938e+00	7.173083345724266813e-02	5.715238655815952917e-01
1.185000000000000053e+00	7.006110624753979221e-02	5.715216430070845233e-01
1.189999999999999947e+00	6.838519980822894972e-02	5.715192437019159799e-01
1.194999999999999840e+00	6.670318906966635208e-02	5.715166481147072597e-01
1.199999999999999956e+00	6.501515786314961132e-02	5.715138345928821861e-01
1.205000000000000071e+00	6.332119851048516324e-02	5.715107776321091126e-01
1.209999999999999964e+00	6.162141492506430923e-02	5.715074488428918409e-01
1.214999999999999858e+00	5.991592218389493046e-02	5.715038144683909360e-01
1.219999999999999973e+00	5.820485068261319755e-02	5.714998367207840824e-01
1.225000000000000089e+00	5.648834572228132733e-02	5.714954701935004433e-01
1.229999999999999982e+00	5.476657317991957125e-02	5.714906637388693644e-01
1.234999999999999876e+00	5.303971917645927681e-02	5.714853551701436496e-01
1.239999999999999991e+00	5.130799797547610369e-02	5.714794739473348928e-01
1.245000000000000107e+00	4.957165186353499481e-02	5.714729331639994969e-01
1.250000000000000000e+00	4.783096240649945680e-02	5.714656334665928483e-01
1.254999999999999893e+00	4.608625079812950914e-02	5.714574506031445678e-01
1.260000000000000009e+00	4.433789431558880778e-02	5.714482412723350668e-01
1.265000000000000124e+00	4.258632763553315409e-02	5.714378231774767114e-01
1.270000000000000018e+00	4.083206758738097686e-02	5.714259839801942853e-01
1.274999999999999911e+00	3.907571642115677257e-02	5.714124482255104054e-01
1.280000000000000027e+00	3.731800025212805155e-02	5.713968914545426436e-01
1.285000000000000142e+00	3.555977625376312290e-02	5.713788831639241561e-01
1.290000000000000036e+00	3.380209452769063205e-02	5.713579098270212819e-01
1.294999999999999929e+00	3.204621325882462540e-02	5.713332720436642420e-01
1.300000000000000044e+00	3.029370223385106919e-02	5.713041236938271039e-01
1.305000000000000160e+00	2.854647437456503747e-02	5.712692769600103970e-01
1.310000000000000053e+00	2.680696616264078777e-02	5.712272725840037424e-01
1.314999999999999947e+00	2.507820322303419211e-02	5.711759893254928500e-01
1.320000000000000062e+00	2.336412709640092386e-02	5.711127797501567294e-01
1.325000000000000178e+00	2.166973079108872394e-02	5.710336423147418516e-01
1.330000000000000071e+00	2.000166453301482905e-02	5.709335146741767453e-01
1.334999999999999964e+00	1.836850236039720349e-02	5.708044322318076569e-01
1.340000000000000080e+00	1.678183164873941688e-02	5.706362773335345029e-01
1.345000000000000195e+00	1.525666858071992801e-02	5.704126462107472761e-01
1.350000000000000089e+00	1.381301544739866466e-02	5.701132106871904526e-01
1.354999999999999982e+00	1.247582095936745732e-02	5.697054724523091807e-01
1.360000000000000098e+00	1.127497261484746750e-02	5.691532325215942212e-01
1.365000000000000213e+00	1.024159280316938592e-02	5.684069076607439763e-01
1.370000000000000107e+00	9.400110890237586489e-03	5.674277396155795739e-01
1.375000000000000000e+00	8.759553531154602724e-03	5.661894285791438941e-01
1.379999999999999893e+00	8.304974403607178618e-03	5.647002994046832480e-01
1.384999999999999787e+00	8.003494691642167036e-03	5.630025273245617967e-01
1.389999999999999902e+00	7.814079763476462423e-03	5.611468069471575726e-01
1.395000000000000018e+00	7.699547911069409313e-03	5.591901683705534642e-01
1.399999999999999911e+00	7.632263192801938718e-03	5.571696679965398857e-01
1.404999999999999805e+00	7.593163137937634401e-03	5.551156095736284879e-01
1.409999999999999920e+00	7.570770355361136454e-03	5.530436729347779634e-01
1.415000000000000036e+00	7.557899268093746722e-03	5.509653205720134173e-01
1.419999999999999929e+00	7.550551882326226802e-03	5.488859980542102335e-01
1.424999999999999822e+00	7.546302876571105156e-03	5.468095353939582681e-01
1.429999999999999938e+00	7.543838732894394238e-03	5.447376876479042007e-01
1.435000000000000053e+00	7.542370620214016060e-03	5.426716669514107805e-01
1.439999999999999947e+00	7.541475106725584708e-03	5.406120095458960551e-01
1.444999999999999840e+00	7.540898728707395512e-03	5.385590765868323304e-01
1.449999999999999956e+00	7.540505832560255410e-03	5.365130132387974093e-01
1.455000000000000071e+00	7.540215304607485354e-03	5.344739091271920595e-01
1.459999999999999964e+00	7.539983777270711438e-03	5.324417854373846293e-01
1.464999999999999858e+00	7.539785328537112682e-03	5.304166460140259387e-01
1.469999999999999973e+00	7.539606104157436928e-03	5.283984732246213012e-01
1.475000000000000089e+00	7.539437823708996372e-03	5.263872442287340636e-01
1.479999999999999982e+00	7.539276061732396242e-03	5.243829296118146521e-01
1.484999999999999876e+00	7.539118172692295394e-03	5.223854985920534100e-01
1.489999999999999991e+00	7.538962741998802425e-03	5.203949185335069449e-01
1.495000000000000107e+00	7.538808923295436774e-03	5.184111566423807993e-01
1.500000000000000000e+00	7.538656263188094064e-03	5.164341797605015438e-01
1.504999999999999893e+00	7.538504489660069995e-03	5.144639549472581619e-01
1.510000000000000009e+00	7.538353456125724238e-03	5.125004493634415237e-01
1.515000000000000124e+00	7.538203073896426569e-03	5.105436304987774898e-01
1.520000000000000018e+00	7.538053294323774842e-03	5.085934660858205669e-01
1.524999999999999911e+00	7.537904087251186963e-03	5.066499242140262149e-01
1.530000000000000027e+00	7.537755435312889184e-03	5.047129732545222458e-01
1.535000000000000142e+00	7.537607327062201962e-03	5.027825819371262162e-01
1.540000000000000036e+00	7.537459755149107134e-03	5.008587192798593657e-01
1.544999999999999929e+00	7.537312714131646184e-03	4.989413546531599741e-01
1.550000000000000044e+00	7.537166199890847455e-03	4.970304577121498202e-01
1.555000000000000160e+00	7.537020208936057869e-03	4.951259984557627170e-01
1.560000000000000053e+00	7.536874738214601258e-03	4.932279471610879762e-01
1.564999999999999947e+00	7.536729784893528468e-03	4.913362744398936388e-01
1.570000000000000062e+00	7.536585346295240906e-03	4.894509511747912045e-01
1.575000000000000178e+00	7.536441419831078382e-03	4.875719485739752890e-01
1.580000000000000071e+00	7.536298002977200386e-03	4.856992381090852740e-01
1.584999999999999964e+00	7.536155093256508529e-03	4.838327915684552116e-01
1.590000000000000080e+00	7.536012688227444571e-03	4.819725809965939023e-01
1.595000000000000195e+00	7.535870785481241750e-03	4.801185787460708343e-01
1.600000000000000089e+00	7.535729382634937315e-03	4.782707574185516286e-01
1.604999999999999982e+00	7.535588477333432511e-03	4.764290899153896808e-01
1.610000000000000098e+00	7.535448067243931056e-03	4.745935493801617944e-01
1.615000000000000213e+00	7.535308150059459760e-03	4.727641092480180940e-01
1.620000000000000107e+00	7.535168723493848239e-03	4.709407431896635021e-01
1.625000000000000000e+00	7.535029785285645917e-03	4.691234251595114979e-01
1.629999999999999893e+00	7.534891333193351540e-03	4.673121293410617549e-01
1.634999999999999787e+00	7.534753364999392626e-03	4.655068301938992681e-01
1.639999999999999902e+00	7.534615878505511108e-03	4.637075024004199131e-01
1.645000000000000018e+00	7.534478871536699415e-03	4.619141209117143543e-01
1.649999999999999911e+00	7.534342341936708411e-03	4.601266608955955628e-01
1.654999999999999805e+00	7.534206287571911485e-03	4.583450977814054750e-01
1.659999999999999920e+00	7.534070706326925250e-03	4.565694072092990052e-01
1.665000000000000036e+00	7.533935596108380824e-03	4.547995650740119800e-01
1.669999999999999929e+00	7.533800954840659016e-03	4.530355474753575695e-01
1.674999999999999822e+00	7.533666780469578349e-03	4.512773307609901363e-01
1.679999999999999938e+00	7.533533070958224782e-03	4.495248914780736182e-01
1.685000000000000053e+00	7.533399824290558204e-03	4.477782064150757635e-01
1.689999999999999947e+00	7.533267038467342767e-03	4.460372525545684419e-01
1.694999999999999840e+00	7.533134711509675320e-03	4.443020071140831861e-01
1.699999999999999956e+00	7.533002841455001611e-03	4.425724475000070157e-01
1.705000000000000071e+00	7.532871426360572727e-03	4.408485513475317585e-01
1.709999999999999964e+00	7.532740464299554108e-03	4.391302964756060301e-01
1.714999999999999858e+00	7.532609953364402186e-03	4.374176609260096438e-01
1.719999999999999973e+00	7.532479891663061873e-03	4.357106229193271618e-01
1.725000000000000089e+00	7.532350277322272074e-03	4.340091608931758715e-01
1.729999999999999982e+00	7.532221108483854247e-03	4.323132534591668796e-01
1.734999999999999876e+00	7.532092383307931183e-03	4.306228794403147986e-01
1.739999999999999991e+00	7.531964099969313577e-03	4.289380178289530221e-01
1.745000000000000107e+00	7.531836256660646815e-03	4.272586478233533769e-01
1.750000000000000000e+00	7.531708851588870407e-03	4.255847487865635492e-01
1.754999999999999893e+00	7.531581882978307524e-03	4.239163002822622373e-01
1.760000000000000009e+00	7.531455349067196423e-03	4.222532820344884752e-01
1.765000000000000124e+00	7.531329248110718404e-03	4.205956739627582652e-01
1.770000000000000018e+00	7.531203578377602958e-03	4.189434561426554349e-01
1.774999999999999911e+00	7.531078338153092411e-03	4.172966088402340623e-01
1.780000000000000027e+00	7.530953525735621656e-03	4.156551124734434999e-01
1.785000000000000142e+00	7.530829139439722958e-03	4.140189476458396300e-01
1.790000000000000036e+00	7.530705177592775940e-03	4.123880951088165769e-01
1.794999999999999929e+00	7.530581638537849933e-03	4.107625357946487754e-01
1.800000000000000044e+00	7.530458520630525961e-03	4.091422507795038910e-01
1.805000000000000160e+00	7.530335822241682707e-03	4.075272213158378509e-01
1.810000000000000053e+00	7.530213541754383552e-03	4.059174287961629379e-01
1.814999999999999947e+00	7.530091677566608764e-03	4.043128547848169330e-01
1.820000000000000062e+00	7.529970228088202384e-03	4.027134809824614026e-01
1.825000000000000178e+00	7.529849191743555846e-03	4.011192892572465474e-01
1.830000000000000071e+00	7.529728566968616442e-03	3.995302616100155357e-01
1.834999999999999964e+00	7.529608352213516299e-03	3.979463802048835985e-01
1.840000000000000080e+00	7.529488545939644166e-03	3.963676273351268153e-01
1.845000000000000195e+00	7.529369146622224944e-03	3.947939854531946624e-01
1.850000000000000089e+00	7.529250152747442651e-03	3.932254371372603252e-01
1.854999999999999982e+00	7.529131562814981790e-03	3.916619651206850183e-01
1.860000000000000098e+00	7.529013375335199751e-03	3.901035522592090632e-01
1.865000000000000213e+00	7.528895588831623076e-03	3.885501815598857989e-01
1.870000000000000107e+00	7.528778201838176240e-03	3.870018361488928305e-01
1.875000000000000000e+00	7.528661212901626744e-03	3.854584992999515181e-01
1.879999999999999893e+00	7.528544620578877210e-03	3.839201544027399660e-01
1.884999999999999787e+00	7.528428423439357565e-03	3.823867849908146321e-01
1.889999999999999902e+00	7.528312620062366581e-03	3.808583747106045747e-01
1.895000000000000018e+00	7.528197209039432826e-03	3.793349073488522794e-01
1.899999999999999911e+00	7.528082188971696974e-03	3.778163668021706778e-01
1.904999999999999805e+00	7.527967558472231993e-03	3.763027371040177371e-01
1.909999999999999920e+00	7.527853316163474022e-03	3.747940023947989308e-01
1.915000000000000036e+00	7.527739460679507000e-03	3.732901469483909662e-01
1.919999999999999929e+00	7.527625990663535174e-03	3.717911551427722783e-01
1.924999999999999822e+00	7.527512904770129569e-03	3.702970114861089956e-01
1.929999999999999938e+00	7.527400201662750798e-03	3.688077005878981907e-01
1.935000000000000053e+00	7.527287880015946959e-03	3.673232071846300739e-01
1.939999999999999947e+00	7.527175938512931097e-03	3.658435161114272360e-01
1.944999999999999840e+00	7.527064375847740060e-03	3.643686123272965594e-01
1.949999999999999956e+00	7.526953190722851864e-03	3.628984808872489642e-01
1.955000000000000071e+00	7.526842381851308987e-03	3.614331069671543051e-01
1.959999999999999964e+00	7.526731947954379102e-03	3.599724758363269106e-01
1.964999999999999858e+00	7.526621887763645415e-03	3.585165728819948439e-01
1.969999999999999973e+00	7.526512200018702949e-03	3.570653835823371369e-01
1.975000000000000089e+00	7.526402883469218534e-03	3.556188935305807375e-01
1.979999999999999982e+00	7.526293936872666124e-03	3.541770884084743387e-01
1.984999999999999876e+00	7.526185358996353818e-03	3.527399540100243369e-01
1.989999999999999991e+00	7.526077148615193876e-03	3.513074762153924890e-01
1.995000000000000107e+00	7.525969304513705459e-03	3.498796410142821500e-01
2.000000000000000000e+00	7.525861825483817595e-03	3.484564344802470459e-01
2.004999999999999893e+00	7.525754710326836364e-03	3.470378427937372279e-01
2.009999999999999787e+00	7.525647957851289496e-03	3.456238522168073035e-01
2.014999999999999680e+00	7.525541566874864065e-03	3.442144491158333763e-01
2.020000000000000018e+00	7.525435536222285782e-03	3.428096199366074126e-01
2.024999999999999911e+00	7.525329864727221992e-03	3.414093512267359909e-01
2.029999999999999805e+00	7.525224551230199135e-03	3.400136296111090362e-01
2.035000000000000142e+00	7.525119594580479722e-03	3.386224418139890391e-01
2.040000000000000036e+00	7.525014993634009282e-03	3.372357746348443874e-01
2.044999999999999929e+00	7.524910747255267318e-03	3.358536149701381035e-01
2.049999999999999822e+00	7.524806854315244618e-03	3.344759497895141709e-01
2.054999999999999716e+00	7.524703313693267316e-03	3.331027661572955600e-01
2.060000000000000053e+00	7.524600124275009766e-03	3.317340512090127813e-01
2.064999999999999947e+00	7.524497284954288247e-03	3.303697921726205244e-01
2.069999999999999840e+00	7.524394794631104194e-03	3.290099763453573911e-01
2.075000000000000178e+00	7.524292652213417087e-03	3.276545911146890311e-01
2.080000000000000071e+00	7.524190856615208499e-03	3.263036239354915047e-01
2.084999999999999964e+00	7.524089406758238500e-03	3.249570623507278544e-01
2.089999999999999858e+00	7.523988301570138336e-03	3.236148939689445503e-01
2.094999999999999751e+00	7.523887539986136470e-03	3.222771064846909894e-01
2.100000000000000089e+00	7.523787120947182487e-03	3.209436876563196428e-01
2.104999999999999982e+00	7.523687043401652320e-03	3.196146253261554770e-01
2.109999999999999876e+00	7.523587306303497306e-03	3.182899073985911431e-01
2.115000000000000213e+00	7.523487908613923393e-03	3.169695218600133702e-01
2.120000000000000107e+00	7.523388849299572287e-03	3.156534567571859240e-01
2.125000000000000000e+00	7.523290127334178110e-03	3.143417002169393570e-01
2.129999999999999893e+00	7.523191741696765890e-03	3.130342404248322996e-01
2.134999999999999787e+00	7.523093691373298683e-03	3.117310656446132811e-01
2.140000000000000124e+00	7.522995975354896010e-03	3.104321641971516943e-01
2.145000000000000018e+00	7.522898592639453222e-03	3.091375244796780164e-01
2.149999999999999911e+00	7.522801542229893765e-03	3.078471349449771743e-01
2.155000000000000249e+00	7.522704823135769464e-03	3.065609841204124386e-01
2.160000000000000142e+00	7.522608434371526667e-03	3.052790605873758056e-01
2.165000000000000036e+00	7.522512374958091781e-03	3.040013530001009490e-01
2.169999999999999929e+00	7.522416643921164305e-03	3.027278500653617921e-01
2.174999999999999822e+00	7.522321240292777211e-03	3.014585405610823443e-01
2.180000000000000160e+00	7.522226163109615137e-03	3.001934133162763030e-01
2.185000000000000053e+00	7.522131411414556545e-03	2.989324572294592697e-01
2.189999999999999947e+00	7.522036984255011001e-03	2.976756612488226095e-01
2.195000000000000284e+00	7.521942880684445720e-03	2.964230143904527659e-01
2.200000000000000178e+00	7.521849099760743659e-03	2.951745057187344923e-01
2.205000000000000071e+00	7.521755640547712722e-03	2.939301243643825390e-01
2.209999999999999964e+00	7.521662502113462059e-03	2.926898595050664298e-01
2.214999999999999858e+00	7.521569683531895666e-03	2.914537003832606277e-01
2.220000000000000195e+00	7.521477183881111230e-03	2.902216362870854161e-01
2.225000000000000089e+00	7.521385002244871179e-03	2.889936565679802616e-01
2.229999999999999982e+00	7.521293137711026686e-03	2.877697506217540280e-01
2.235000000000000320e+00	7.521201589372970495e-03	2.865499079060865317e-01
2.240000000000000213e+00	7.521110356328077409e-03	2.853341179217840362e-01
2.245000000000000107e+00	7.521019437679144978e-03	2.841223702301124421e-01
2.250000000000000000e+00	7.520928832532850460e-03	2.829146544342522884e-01
2.254999999999999893e+00	7.520838540001177630e-03	2.817109601964685739e-01
2.259999999999999787e+00	7.520748559199888494e-03	2.805112772197600468e-01
2.264999999999999680e+00	7.520658889249937952e-03	2.793155952648704310e-01
2.270000000000000018e+00	7.520569529275965455e-03	2.781239041321257321e-01
2.274999999999999911e+00	7.520480478407687124e-03	2.769361936782918643e-01
2.279999999999999805e+00	7.520391735778411690e-03	2.757524537985956981e-01
2.285000000000000142e+00	7.520303300526418738e-03	2.745726744434313082e-01
2.290000000000000036e+00	7.520215171793480716e-03	2.733968456005614334e-01
2.294999999999999929e+00	7.520127348726242042e-03	2.722249573116765631e-01
2.299999999999999822e+00	7.520039830474748929e-03	2.710569996547708138e-01
2.304999999999999716e+00	7.519952616193815477e-03	2.698929627605585746e-01
2.310000000000000053e+00	7.519865705041569974e-03	2.687328367950204133e-01
2.314999999999999947e+00	7.519779096180807983e-03	2.675766119756808337e-01
2.319999999999999840e+00	7.519692788777557722e-03	2.664242785543196046e-01
2.325000000000000178e+00	7.519606782002409735e-03	2.652758268331136260e-01
2.330000000000000071e+00	7.519521075029109158e-03	2.641312471475115720e-01
2.334999999999999964e+00	7.519435667035868909e-03	2.629905298822415305e-01
2.339999999999999858e+00	7.519350557203972364e-03	2.618536654543444087e-01
2.344999999999999751e+00	7.519265744719078742e-03	2.607206443290526199e-01
2.350000000000000089e+00	7.519181228769838791e-03	2.595914570029772550e-01
2.354999999999999982e+00	7.519097008549190629e-03	2.584660940198609813e-01
2.359999999999999876e+00	7.519013083252983239e-03	2.573445459539153157e-01
2.365000000000000213e+00	7.518929452081266236e-03	2.562268034254505666e-01
2.370000000000000107e+00	7.518846114236928113e-03	2.551128570843606003e-01
2.375000000000000000e+00	7.518763068926967788e-03	2.540026976256314906e-01
2.379999999999999893e+00	7.518680315361151063e-03	2.528963157729704481e-01
2.384999999999999787e+00	7.518597852753271769e-03	2.517937022941970637e-01
2.390000000000000124e+00	7.518515680319817762e-03	2.506948479850124589e-01
2.395000000000000018e+00	7.518433797281225128e-03	2.495997436842755934e-01
2.399999999999999911e+00	7.518352202860554591e-03	2.485083802579094725e-01
2.405000000000000249e+00	7.518270896284731837e-03	2.474207486140649337e-01
2.410000000000000142e+00	7.518189876783244741e-03	2.463368396871619681e-01
2.415000000000000036e+00	7.518109143589365474e-03	2.452566444529423739e-01
2.419999999999999929e+00	7.518028695938861611e-03	2.441801539126427778e-01
2.424999999999999822e+00	7.517948533071213031e-03	2.431073591079401242e-01
2.430000000000000160e+00	7.517868654228329964e-03	2.420382511052524277e-01
2.435000000000000053e+00	7.517789058655759485e-03	2.409728210105793744e-01
2.439999999999999947e+00	7.517709745601417436e-03	2.399110599539287514e-01
2.445000000000000284e+00	7.517630714316782779e-03	2.388529591040536026e-01
2.450000000000000178e+00	7.517551964055646865e-03	2.377985096530023379e-01
2.455000000000000071e+00	7.517473494075293909e-03	2.367477028307542475e-01
2.459999999999999964e+00	7.517395303635256328e-03	2.357005298898900703e-01
2.464999999999999858e+00	7.517317391998495218e-03	2.346569821201290595e-01
2.470000000000000195e+00	7.517239758430161768e-03	2.336170508331174012e-01
2.475000000000000089e+00	7.517162402198767322e-03	2.325807273768683014e-01
2.479999999999999982e+00	7.517085322574963008e-03	2.315480031206656464e-01
2.485000000000000320e+00	7.517008518832688987e-03	2.305188694694091933e-01
2.490000000000000213e+00	7.516931990247971429e-03	2.294933178486323888e-01
2.495000000000000107e+00	7.516855736100069157e-03	2.284713397187528860e-01
2.500000000000000000e+00	7.516779755670265420e-03	2.274529265602023287e-01
2.504999999999999893e+00	7.516704048243017140e-03	2.264380698875853581e-01
2.509999999999999787e+00	7.516628613104759694e-03	2.254267612349180883e-01
2.514999999999999680e+00	7.516553449545035348e-03	2.244189921696975731e-01
2.520000000000000018e+00	7.516478556855316247e-03	2.234147542782468632e-01
2.524999999999999911e+00	7.516403934330125047e-03	2.224140391796967653e-01
2.529999999999999805e+00	7.516329581265865714e-03	2.214168385114353987e-01
2.535000000000000142e+00	7.516255496961933742e-03	2.204231439430029416e-01
2.540000000000000036e+00	7.516181680719558229e-03	2.194329471616455751e-01
2.544999999999999929e+00	7.516108131842906895e-03	2.184462398861237720e-01
2.549999999999999822e+00	7.516034849637934223e-03	2.174630138523677980e-01
2.554999999999999716e+00	7.515961833413476942e-03	2.164832608272024006e-01
2.560000000000000053e+00	7.515889082480116043e-03	2.155069725941018144e-01
2.564999999999999947e+00	7.515816596151264455e-03	2.145341409668319599e-01
2.569999999999999840e+00	7.515744373742031664e-03	2.135647577753032600e-01
2.575000000000000178e+00	7.515672414570307054e-03	2.125988148791312926e-01
2.580000000000000071e+00	7.515600717955640137e-03	2.116363041535868350e-01
2.584999999999999964e+00	7.515529283220305674e-03	2.106772175030754424e-01
2.589999999999999858e+00	7.515458109688198662e-03	2.097215468471828048e-01
2.594999999999999751e+00	7.515387196685892508e-03	2.087692841340754446e-01
2.600000000000000089e+00	7.515316543541536616e-03	2.078204213266393874e-01
2.604999999999999982e+00	7.515246149585915435e-03	2.068749504158030328e-01
2.609999999999999876e+00	7.515176014151352113e-03	2.059328634067677799e-01
2.615000000000000213e+00	7.515106136572754537e-03	2.049941523322538206e-01
2.620000000000000107e+00	7.515036516186531998e-03	2.040588092388221642e-01
2.625000000000000000e+00	7.514967152331636889e-03	2.031268262000439639e-01
2.629999999999999893e+00	7.514898044348483977e-03	2.021981953029122203e-01
2.634999999999999787e+00	7.514829191579990367e-03	2.012729086609361118e-01
2.640000000000000124e+00	7.514760593370496504e-03	2.003509584006409328e-01
2.645000000000000018e+00	7.514692249066803539e-03	1.994323366745886783e-01
2.649999999999999911e+00	7.514624158017103872e-03	1.985170356479644682e-01
2.655000000000000249e+00	7.514556319572008106e-03	1.976050475115242733e-01
2.660000000000000142e+00	7.514488733083485132e-03	1.966963644682679091e-01
2.665000000000000036e+00	7.514421397905879547e-03	1.957909787463128215e-01
2.669999999999999929e+00	7.514354313394863011e-03	1.948888825856532614e-01
2.674999999999999822e+00	7.514287478908446456e-03	1.939900682509624885e-01
2.680000000000000160e+00	7.514220893805934921e-03	1.930945280184350743e-01
2.685000000000000053e+00	7.514154557448932820e-03	1.922022541885187452e-01
2.689999999999999947e+00	7.514088469200310046e-03	1.913132390728391197e-01
2.695000000000000284e+00	7.514022628425200308e-03	1.904274750068616906e-01
2.700000000000000178e+00	7.513957034489969836e-03	1.895449543368986911e-01
2.705000000000000071e+00	7.513891686763215713e-03	1.886656694327011052e-01
2.709999999999999964e+00	7.513826584614738055e-03	1.877896126745469130e-01
2.714999999999999858e+00	7.513761727416531401e-03	1.869167764657637676e-01
2.720000000000000195e+00	7.513697114541769903e-03	1.860471532198977873e-01
2.725000000000000089e+00	7.513632745365783974e-03	1.851807353731682038e-01
2.729999999999999982e+00	7.513568619265057619e-03	1.843175153717146464e-01
2.735000000000000320e+00	7.513504735618199877e-03	1.834574856839846502e-01
2.740000000000000213e+00	7.513441093804947360e-03	1.826006387880598214e-01
2.745000000000000107e+00	7.513377693207127887e-03	1.817469671839751777e-01
2.750000000000000000e+00	7.513314533207672563e-03	1.808964633811236677e-01
2.754999999999999893e+00	7.513251613191573343e-03	1.800491199105091755e-01
2.759999999999999787e+00	7.513188932544900313e-03	1.792049293122272291e-01
2.764999999999999680e+00	7.513126490655755788e-03	1.783638841476526682e-01
2.770000000000000018e+00	7.513064286913294192e-03	1.775259769869963200e-01
2.774999999999999911e+00	7.513002320708674422e-03	1.766912004214267473e-01
2.779999999999999805e+00	7.512940591434087538e-03	1.758595470507030023e-01
2.785000000000000142e+00	7.512879098483694375e-03	1.750310094952305107e-01
2.790000000000000036e+00	7.512817841252670582e-03	1.742055803837697092e-01
2.794999999999999929e+00	7.512756819138133833e-03	1.733832523654264268e-01
2.799999999999999822e+00	7.512696031538194930e-03	1.725640180974350735e-01
2.804999999999999716e+00	7.512635477852878940e-03	1.717478702570845173e-01
2.810000000000000053e+00	7.512575157483182380e-03	1.709348015295751033e-01
2.814999999999999947e+00	7.512515069831995213e-03	1.701248046198806929e-01
2.819999999999999840e+00	7.512455214303154563e-03	1.693178722406789016e-01
2.825000000000000178e+00	7.512395590302367587e-03	1.685139971241484680e-01
2.830000000000000071e+00	7.512336197236270385e-03	1.677131720099735712e-01
2.834999999999999964e+00	7.512277034513340467e-03	1.669153896570770568e-01
2.839999999999999858e+00	7.512218101542971274e-03	1.661206428316968631e-01
2.844999999999999751e+00	7.512159397736373374e-03	1.653289243190564362e-01
2.850000000000000089e+00	7.512100922505653318e-03	1.645402269115129879e-01
2.854999999999999982e+00	7.512042675264711360e-03	1.637545434201646000e-01
2.859999999999999876e+00	7.511984655428328994e-03	1.629718666630702029e-01
2.865000000000000213e+00	7.511926862413059736e-03	1.621921894767933969e-01
2.870000000000000107e+00	7.511869295636320124e-03	1.614155047046944569e-01
2.875000000000000000e+00	7.511811954517277033e-03	1.606418052084106762e-01
2.879999999999999893e+00	7.511754838475946487e-03	1.598710838562195369e-01
2.884999999999999787e+00	7.511697946934073160e-03	1.591033335344563815e-01
2.890000000000000124e+00	7.511641279314236128e-03	1.583385471359478880e-01
2.895000000000000018e+00	7.511584835040723170e-03	1.575767175713680412e-01
2.899999999999999911e+00	7.511528613538639987e-03	1.568178377577412741e-01
2.905000000000000249e+00	7.511472614234782769e-03	1.560619006297355171e-01
2.910000000000000142e+00	7.511416836556756085e-03	1.553088991282367270e-01
2.915000000000000036e+00	7.511361279933829842e-03	1.545588262115788480e-01
2.919999999999999929e+00	7.511305943796071048e-03	1.538116748441875348e-01
2.924999999999999822e+00	7.511250827575194702e-03	1.530674380077489682e-01
2.930000000000000160e+00	7.511195930703699029e-03	1.523261086899227734e-01
2.935000000000000053e+00	7.511141252615717231e-03	1.515876798954484128e-01
2.939999999999999947e+00	7.511086792746146656e-03	1.508521446349275485e-01
2.945000000000000284e+00	7.511032550531505751e-03	1.501194959358682635e-01
2.950000000000000178e+00	7.510978525409068435e-03	1.493897268315368398e-01
2.955000000000000071e+00	7.510924716817708041e-03	1.486628303719396416e-01
2.959999999999999964e+00	7.510871124197045570e-03	1.479387996127437821e-01
2.964999999999999858e+00	7.510817746988285824e-03	1.472176276261972505e-01
2.970000000000000195e+00	7.510764584633369129e-03	1.464993074901177472e-01
2.975000000000000089e+00	7.510711636575806600e-03	1.457838322987516089e-01
2.979999999999999982e+00	7.510658902259832737e-03	1.450711951518308951e-01
2.985000000000000320e+00	7.510606381131237214e-03	1.443613891653696690e-01
2.990000000000000213e+00	7.510554072636527884e-03	1.436544074607903898e-01
2.995000000000000107e+00	7.510501976223751298e-03	1.429502431756581593e-01
3.000000000000000000e+00	7.510450091341659175e-03	1.422488894528744219e-01
3.004999999999999893e+00	7.510398417440534123e-03	1.415503394513503155e-01
3.009999999999999787e+00	7.510346953971355245e-03	1.408545863352682614e-01
3.014999999999999680e+00	7.510295700386613454e-03	1.401616232846928378e-01
3.020000000000000018e+00	7.510244656139495288e-03	1.394714434849006202e-01
3.024999999999999911e+00	7.510193820684683483e-03	1.387840401369295207e-01
3.029999999999999805e+00	7.510143193477545991e-03	1.380994064469757421e-01
3.035000000000000142e+00	7.510092773974937422e-03	1.374175356368814438e-01
3.040000000000000036e+00	7.510042561634393266e-03	1.367384209335998080e-01
3.044999999999999929e+00	7.509992555914920057e-03	1.360620555796199505e-01
3.049999999999999822e+00	7.509942756276197402e-03	1.353884328224999600e-01
3.054999999999999716e+00	7.509893162179369884e-03	1.347175459252301921e-01
3.060000000000000053e+00	7.509843773086244748e-03	1.340493881558332545e-01
3.064999999999999947e+00	7.509794588460083804e-03	1.333839527976654338e-01
3.069999999999999840e+00	7.509745607764808061e-03	1.327212331390841549e-01
3.075000000000000178e+00	7.509696830465780078e-03	1.320612224836870963e-01
3.080000000000000071e+00	7.509648256029018143e-03	1.314039141400474009e-01
3.084999999999999964e+00	7.509599883921969955e-03	1.307493014318902580e-01
3.089999999999999858e+00	7.509551713612737205e-03	1.300973776878956434e-01
3.094999999999999751e+00	7.509503744570838850e-03	1.294481362518124234e-01
3.100000000000000089e+00	7.509455976266444371e-03	1.288015704723284027e-01
3.104999999999999982e+00	7.509408408171130110e-03	1.281576737131225885e-01
3.109999999999999876e+00	7.509361039757121194e-03	1.275164393428017406e-01
3.115000000000000213e+00	7.509313870498038335e-03	1.268778607448904916e-01
3.120000000000000107e+00	7.509266899868146695e-03	1.262419313078356753e-01
3.125000000000000000e+00	7.509220127343104421e-03	1.256086444349328590e-01
3.129999999999999893e+00	7.509173552399204567e-03	1.249779935343986043e-01
3.134999999999999787e+00	7.509127174514125362e-03	1.243499720292342986e-01
3.140000000000000124e+00	7.509080993166180815e-03	1.237245733473655296e-01
3.145000000000000018e+00	7.509035007835059700e-03	1.231017909314430503e-01
3.149999999999999911e+00	7.508989218001083099e-03	1.224816182290495020e-01
3.155000000000000249e+00	7.508943623145943394e-03	1.218640487024374719e-01
3.160000000000000142e+00	7.508898222751960068e-03	1.212490758188036755e-01
3.165000000000000036e+00	7.508853016302816097e-03	1.206366930599634402e-01
3.169999999999999929e+00	7.508808003282823294e-03	1.200268939126927920e-01
3.174999999999999822e+00	7.508763183177645691e-03	1.194196718783394062e-01
3.180000000000000160e+00	7.508718555473577021e-03	1.188150204632318213e-01
3.185000000000000053e+00	7.508674119658258900e-03	1.182129331882280643e-01
3.189999999999999947e+00	7.508629875219957443e-03	1.176134035791908672e-01
3.195000000000000284e+00	7.508585821648281443e-03	1.170164251764734681e-01
3.200000000000000178e+00	7.508541958433465925e-03	1.164219915254629534e-01
3.205000000000000071e+00	7.508498285067081654e-03	1.158300961860012496e-01
3.209999999999999964e+00	7.508454801041324761e-03	1.152407327229962863e-01
3.214999999999999858e+00	7.508411505849719308e-03	1.146538947157796640e-01
3.220000000000000195e+00	7.508368398986417329e-03	1.140695757487850681e-01
3.225000000000000089e+00	7.508325479946893581e-03	1.134877694208419191e-01
3.229999999999999982e+00	7.508282748227250794e-03	1.129084693359212882e-01
3.235000000000000320e+00	7.508240203324908352e-03	1.123316691123658895e-01
3.240000000000000213e+00	7.508197844737912741e-03	1.117573623737032062e-01
3.245000000000000107e+00	7.508155671965627102e-03	1.111855427578114786e-01
3.250000000000000000e+00	7.508113684508037344e-03	1.106162039078004838e-01
3.254999999999999893e+00	7.508071881866442560e-03	1.100493394811130343e-01
3.259999999999999787e+00	7.508030263542771546e-03	1.094849431404736201e-01
3.264999999999999680e+00	7.507988829040253276e-03	1.089230085629254302e-01
3.270000000000000018e+00	7.507947577862752499e-03	1.083635294308465391e-01
3.274999999999999911e+00	7.507906509515431537e-03	1.078064994409227845e-01
3.279999999999999805e+00	7.507865623504084152e-03	1.072519122952313442e-01
3.285000000000000142e+00	7.507824919335804280e-03	1.066997617101484858e-01
3.290000000000000036e+00	7.507784396518317298e-03	1.061500414075020327e-01
3.294999999999999929e+00	7.507744054560642685e-03	1.056027451234137216e-01
3.299999999999999822e+00	7.507703892972435698e-03	1.050578665995188510e-01
3.304999999999999716e+00	7.507663911264643095e-03	1.045153995917448425e-01
3.310000000000000053e+00	7.507624108948848275e-03	1.039753378615980994e-01
3.314999999999999947e+00	7.507584485537922674e-03	1.034376751848774811e-01
3.319999999999999840e+00	7.507545040545377836e-03	1.029024053430294128e-01
3.325000000000000178e+00	7.507505773486011606e-03	1.023695221317955789e-01
3.330000000000000071e+00	7.507466683875264543e-03	1.018390193526366450e-01
3.334999999999999964e+00	7.507427771229859166e-03	1.013108908213142673e-01
3.339999999999999858e+00	7.507389035067163312e-03	1.007851303593828018e-01
3.344999999999999751e+00	7.507350474905826777e-03	1.002617318027059640e-01
3.350000000000000089e+00	7.507312090265145545e-03	9.974068899301649638e-02
3.354999999999999982e+00	7.507273880665698423e-03	9.922199578636735351e-02
3.359999999999999876e+00	7.507235845628712143e-03	9.870564604475953741e-02
3.365000000000000213e+00	7.507197984676691922e-03	9.819163364452698772e-02
3.370000000000000107e+00	7.507160297332798708e-03	9.767995246803343190e-02
3.375000000000000000e+00	7.507122783121468468e-03	9.717059641199064790e-02
3.379999999999999893e+00	7.507085441567794629e-03	9.666355937922398167e-02
3.384999999999999787e+00	7.507048272198147375e-03	9.615883528692464877e-02
3.390000000000000124e+00	7.507011274539557820e-03	9.565641805848330848e-02
3.395000000000000018e+00	7.506974448120330365e-03	9.515630163167623778e-02
3.399999999999999911e+00	7.506937792469434677e-03	9.465847995056739239e-02
3.405000000000000249e+00	7.506901307117115445e-03	9.416294697362805055e-02
3.410000000000000142e+00	7.506864991594285226e-03	9.366969666570759689e-02
3.415000000000000036e+00	7.506828845433128998e-03	9.317872300608670555e-02
3.419999999999999929e+00	7.506792868166505678e-03	9.269001998051636104e-02
3.424999999999999822e+00	7.506757059328545735e-03	9.220358158920452518e-02
3.430000000000000160e+00	7.506721418454058783e-03	9.171940183892395015e-02
3.435000000000000053e+00	7.506685945079124254e-03	9.123747475093203774e-02
3.439999999999999947e+00	7.506650638740506795e-03	9.075779435314730581e-02
3.445000000000000284e+00	7.506615498976238268e-03	9.028035468800180152e-02
3.450000000000000178e+00	7.506580525325041824e-03	8.980514980468737307e-02
3.455000000000000071e+00	7.506545717326909561e-03	8.933217376694048417e-02
3.459999999999999964e+00	7.506511074522526604e-03	8.886142064535677842e-02
3.464999999999999858e+00	7.506476596453846156e-03	8.839288452510972449e-02
3.470000000000000195e+00	7.506442282663525721e-03	8.792655949833354245e-02
3.475000000000000089e+00	7.506408132695485680e-03	8.746243967177440293e-02
3.479999999999999982e+00	7.506374146094355916e-03	8.700051915924256196e-02
3.485000000000000320e+00	7.506340322406031794e-03	8.654079208919598920e-02
3.490000000000000213e+00	7.506306661177121649e-03	8.608325259726165579e-02
3.495000000000000107e+00	7.506273161955501032e-03	8.562789483375141120e-02
3.500000000000000000e+00	7.506239824289764537e-03	8.517471295625247962e-02
3.504999999999999893e+00	7.506206647729772238e-03	8.472370113707565487e-02
3.509999999999999787e+00	7.506173631826108458e-03	8.427485355591476934e-02
3.514999999999999680e+00	7.506140776130627336e-03	8.382816440722726248e-02
3.520000000000000018e+00	7.506108080195910727e-03	8.338362789296271949e-02
3.524999999999999911e+00	7.506075543575809438e-03	8.294123822987568839e-02
3.529999999999999805e+00	7.506043165824909796e-03	8.250098964232314980e-02
3.535000000000000142e+00	7.506010946499069685e-03	8.206287636950945763e-02
3.540000000000000036e+00	7.505978885154884241e-03	8.162689265835322561e-02
3.544999999999999929e+00	7.505946981350223625e-03	8.119303277066397539e-02
3.549999999999999822e+00	7.505915234643701327e-03	8.076129097607834262e-02
3.554999999999999716e+00	7.505883644595205857e-03	8.033166155916861284e-02
3.560000000000000053e+00	7.505852210765377730e-03	7.990413881244798344e-02
3.564999999999999947e+00	7.505820932716128144e-03	7.947871704341130661e-02
3.569999999999999840e+00	7.505789810010132443e-03	7.905539056760919892e-02
3.575000000000000178e+00	7.505758842211336657e-03	7.863415371562056111e-02
3.580000000000000071e+00	7.505728028884455297e-03	7.821500082619640970e-02
3.584999999999999964e+00	7.505697369595475295e-03	7.779792625316327148e-02
3.589999999999999858e+00	7.505666863911158136e-03	7.738292435863691754e-02
3.594999999999999751e+00	7.505636511399542063e-03	7.696998951985728477e-02
3.600000000000000089e+00	7.505606311629443340e-03	7.655911612247127962e-02
3.604999999999999982e+00	7.505576264170957593e-03	7.615029856729928215e-02
3.609999999999999876e+00	7.505546368594966274e-03	7.574353126368728317e-02
3.615000000000000213e+00	7.505516624473628461e-03	7.533880863620483204e-02
3.620000000000000107e+00	7.505487031379897735e-03	7.493612511806656273e-02
3.625000000000000000e+00	7.505457588888008770e-03	7.453547515776141885e-02
3.629999999999999893e+00	7.505428296572994214e-03	7.413685321254362415e-02
3.634999999999999787e+00	7.505399154011172143e-03	7.374025375499317081e-02
3.640000000000000124e+00	7.505370160779662944e-03	7.334567126657604019e-02
3.645000000000000018e+00	7.505341316456875904e-03	7.295310024413627359e-02
3.649999999999999911e+00	7.505312620622031292e-03	7.256253519352502679e-02
3.655000000000000249e+00	7.505284072855633072e-03	7.217397063602414009e-02
3.660000000000000142e+00	7.505255672739010939e-03	7.178740110204488711e-02
3.665000000000000036e+00	7.505227419854780015e-03	7.140282113748211423e-02
3.669999999999999929e+00	7.505199313786380284e-03	7.102022529748235058e-02
3.674999999999999822e+00	7.505171354118544969e-03	7.063960815272955773e-02
3.680000000000000160e+00	7.505143540436841690e-03	7.026096428328240662e-02
3.685000000000000053e+00	7.505115872328127838e-03	6.988428828479076316e-02
3.689999999999999947e+00	7.505088349380103011e-03	6.950957476240249289e-02
3.695000000000000284e+00	7.505060971181761777e-03	6.913681833691116829e-02
3.700000000000000178e+00	7.505033737322946118e-03	6.876601363873192929e-02
3.705000000000000071e+00	7.505006647394794721e-03	6.839715531398034287e-02
3.709999999999999964e+00	7.504979700989302359e-03	6.803023801851755537e-02
3.714999999999999858e+00	7.504952897699760511e-03	6.766525642396015172e-02
3.720000000000000195e+00	7.504926237120325416e-03	6.730220521179422488e-02
3.725000000000000089e+00	7.504899718846450886e-03	6.694107907931681756e-02
3.729999999999999982e+00	7.504873342474465900e-03	6.658187273381871440e-02
3.735000000000000320e+00	7.504847107601995276e-03	6.622458089845702223e-02
3.740000000000000213e+00	7.504821013827547675e-03	6.586919830650742047e-02
3.745000000000000107e+00	7.504795060750931932e-03	6.551571970716706106e-02
3.750000000000000000e+00	7.504769247972843324e-03	6.516413985987642987e-02
3.754999999999999893e+00	7.504743575095285113e-03	6.481445354005338499e-02
3.759999999999999787e+00	7.504718041721151339e-03	6.446665553348347732e-02
3.764999999999999680e+00	7.504692647454645760e-03	6.412074064198566847e-02
3.770000000000000018e+00	7.504667391900868983e-03	6.377670367787119377e-02
3.774999999999999911e+00	7.504642274666237407e-03	6.343453946954043243e-02
3.779999999999999805e+00	7.504617295358072086e-03	6.309424285601072935e-02
3.785000000000000142e+00	7.504592453585008129e-03	6.275580869244422322e-02
3.790000000000000036e+00	7.504567748956593107e-03	6.241923184474476582e-02
3.794999999999999929e+00	7.504543181083693851e-03	6.208450719501669435e-02
3.799999999999999822e+00	7.504518749578096594e-03	6.175162963623047341e-02
3.804999999999999716e+00	7.504494454052905092e-03	6.142059407761268214e-02
3.810000000000000053e+00	7.504470294122155515e-03	6.109139543938017780e-02
3.814999999999999947e+00	7.504446269401201554e-03	6.076402865806166537e-02
3.819999999999999840e+00	7.504422379506332785e-03	6.043848868130016760e-02
3.825000000000000178e+00	7.504398624055163246e-03	6.011477047310568450e-02
3.830000000000000071e+00	7.504375002666254131e-03	5.979286900872660127e-02
3.834999999999999964e+00	7.504351514959485027e-03	5.947277927983329188e-02
3.839999999999999858e+00	7.504328160555690484e-03	5.915449628945797234e-02
3.844999999999999751e+00	7.504304939077033852e-03	5.883801505710992835e-02
3.850000000000000089e+00	7.504281850146633445e-03	5.852333061378332812e-02
3.854999999999999982e+00	7.504258893388939845e-03	5.821043800700414356e-02
3.859999999999999876e+00	7.504236068429370743e-03	5.789933229590595032e-02
3.865000000000000213e+00	7.504213374894673494e-03	5.759000855620851483e-02
3.870000000000000107e+00	7.504190812412569501e-03	5.728246187536160938e-02
3.875000000000000000e+00	7.504168380612115039e-03	5.697668735745531343e-02
3.879999999999999893e+00	7.504146079123348231e-03	5.667268011843148989e-02
3.884999999999999787e+00	7.504123907577640341e-03	5.637043529092591182e-02
3.890000000000000124e+00	7.504101865607354892e-03	5.606994801954765656e-02
3.895000000000000018e+00	7.504079952846191143e-03	5.577121346565297455e-02
3.899999999999999911e+00	7.504058168928846688e-03	5.547422680269233075e-02
3.905000000000000249e+00	7.504036513491356593e-03	5.517898322091593227e-02
3.910000000000000142e+00	7.504014986170762930e-03	5.488547792278881954e-02
3.915000000000000036e+00	7.503993586605449580e-03	5.459370612762814989e-02
3.919999999999999929e+00	7.503972314434807431e-03	5.430366306708532542e-02
3.924999999999999822e+00	7.503951169299576986e-03	5.401534398971603868e-02
3.930000000000000160e+00	7.503930150841514428e-03	5.372874415652914570e-02
3.935000000000000053e+00	7.503909258703723821e-03	5.344385884548907145e-02
3.939999999999999947e+00	7.503888492530334450e-03	5.316068334713192067e-02
3.945000000000000284e+00	7.503867851966824348e-03	5.287921296900008339e-02
3.950000000000000178e+00	7.503847336659702841e-03	5.259944303132536164e-02
3.955000000000000071e+00	7.503826946256833205e-03	5.232136887139594156e-02
3.959999999999999964e+00	7.503806680407116084e-03	5.204498583930641797e-02
3.964999999999999858e+00	7.503786538760807805e-03	5.177028930225732739e-02
3.970000000000000195e+00	7.503766520969209000e-03	5.149727464037167496e-02
3.975000000000000089e+00	7.503746626684976856e-03	5.122593725092751404e-02
3.979999999999999982e+00	7.503726855561821535e-03	5.095627254424069108e-02
3.985000000000000320e+00	7.503707207254811488e-03	5.068827594783018725e-02
3.990000000000000213e+00	7.503687681420076819e-03	5.042194290236743509e-02
3.995000000000000107e+00	7.503668277715106784e-03	5.015726886577452637e-02
4.000000000000000000e+00	7.503648995798455762e-03	4.989424930923959389e-02
4.004999999999999893e+00	7.503629835330042491e-03	4.963287972124829500e-02
4.009999999999999787e+00	7.503610795970859504e-03	4.937315560366505734e-02
4.014999999999999680e+00	7.503591877383263692e-03	4.911507247569790041e-02
4.019999999999999574e+00	7.503573079230690078e-03	4.885862587004529550e-02
4.025000000000000355e+00	7.503554401177943249e-03	4.860381133679466531e-02
4.030000000000000249e+00	7.503535842890914596e-03	4.835062443963483031e-02
4.035000000000000142e+00	7.503517404036860738e-03	4.809906075968789496e-02
4.040000000000000036e+00	7.503499084284136374e-03	4.784911589178721808e-02
4.044999999999999929e+00	7.503480883302461428e-03	4.760078544824312974e-02
4.049999999999999822e+00	7.503462800762662581e-03	4.735406505518590520e-02
4.054999999999999716e+00	7.503444836336932607e-03	4.710895035626574273e-02
4.059999999999999609e+00	7.503426989698575370e-03	4.686543700906038723e-02
4.064999999999999503e+00	7.503409260522266901e-03	4.662352068870955629e-02
4.070000000000000284e+00	7.503391648483795189e-03	4.638319708438700534e-02
4.075000000000000178e+00	7.503374153260328194e-03	4.614446190286973504e-02
4.080000000000000071e+00	7.503356774530148439e-03	4.590731086507414405e-02
4.084999999999999964e+00	7.503339511972918416e-03	4.567173970955992063e-02
4.089999999999999858e+00	7.503322365269427321e-03	4.543774418913076873e-02
4.094999999999999751e+00	7.503305334101843457e-03	4.520532007427267851e-02
4.099999999999999645e+00	7.503288418153466165e-03	4.497446314981882326e-02
4.105000000000000426e+00	7.503271617108974757e-03	4.474516921832297905e-02
4.110000000000000320e+00	7.503254930654189130e-03	4.451743409678816932e-02
4.115000000000000213e+00	7.503238358476310883e-03	4.429125361997521271e-02
4.120000000000000107e+00	7.503221900263685670e-03	4.406662363719481695e-02
4.125000000000000000e+00	7.503205555706043452e-03	4.384354001555190727e-02
4.129999999999999893e+00	7.503189324494262576e-03	4.362199863680074619e-02
4.134999999999999787e+00	7.503173206320609169e-03	4.340199540052502164e-02
4.139999999999999680e+00	7.503157200878507287e-03	4.318352622105608302e-02
4.144999999999999574e+00	7.503141307862761823e-03	4.296658703058876122e-02
4.150000000000000355e+00	7.503125526969346010e-03	4.275117377616252656e-02
4.155000000000000249e+00	7.503109857895617386e-03	4.253728242271361676e-02
4.160000000000000142e+00	7.503094300340102697e-03	4.232490895011828402e-02
4.165000000000000036e+00	7.503078854002717332e-03	4.211404935618159873e-02
4.169999999999999929e+00	7.503063518584553691e-03	4.190469965374307021e-02
4.174999999999999822e+00	7.503048293788089351e-03	4.169685587360188322e-02
4.179999999999999716e+00	7.503033179316984103e-03	4.149051406168451778e-02
4.185000000000000497e+00	7.503018174876289852e-03	4.128567028190695959e-02
4.190000000000000391e+00	7.503003280172242453e-03	4.108232061340413160e-02
4.195000000000000284e+00	7.502988494912469011e-03	4.088046115332900216e-02
4.200000000000000178e+00	7.502973818805790986e-03	4.068008801414350201e-02
4.205000000000000071e+00	7.502959251562418483e-03	4.048119732635533513e-02
4.209999999999999964e+00	7.502944792893760304e-03	4.028378523586964577e-02
4.214999999999999858e+00	7.502930442512618231e-03	4.008784790666383019e-02
4.219999999999999751e+00	7.502916200132997079e-03	3.989338151819986356e-02
4.224999999999999645e+00	7.502902065470293778e-03	3.970038226803712655e-02
4.230000000000000426e+00	7.502888038241115228e-03	3.950884636930515614e-02
4.235000000000000320e+00	7.502874118163460442e-03	3.931877005325516011e-02
4.240000000000000213e+00	7.502860304956542742e-03	3.913014956679256029e-02
4.245000000000000107e+00	7.502846598340969300e-03	3.894298117496704931e-02
4.250000000000000000e+00	7.502832998038565931e-03	3.875726115856547443e-02
4.254999999999999893e+00	7.502819503772554036e-03	3.857298581654033248e-02
4.259999999999999787e+00	7.502806115267377993e-03	3.839015146366237669e-02
4.264999999999999680e+00	7.502792832248878635e-03	3.820875443288847262e-02
4.269999999999999574e+00	7.502779654444122377e-03	3.802879107307313017e-02
4.275000000000000355e+00	7.502766581581572954e-03	3.785025775127608128e-02
4.280000000000000249e+00	7.502753613390928354e-03	3.767315085053270923e-02
4.285000000000000142e+00	7.502740749603280419e-03	3.749746677210134133e-02
4.290000000000000036e+00	7.502727989950961317e-03	3.732320193329230484e-02
4.294999999999999929e+00	7.502715334167695330e-03	3.715035276965533706e-02
4.299999999999999822e+00	7.502702781988453140e-03	3.697891573286696265e-02
4.304999999999999716e+00	7.502690333149599280e-03	3.680888729285833327e-02
4.309999999999999609e+00	7.502677987388747284e-03	3.664026393576051005e-02
4.314999999999999503e+00	7.502665744444905402e-03	3.647304216597299642e-02
4.320000000000000284e+00	7.502653604058331753e-03	3.630721850416660651e-02
4.325000000000000178e+00	7.502641565970683511e-03	3.614278948929336432e-02
4.330000000000000071e+00	7.502629629924870321e-03	3.597975167664619472e-02
4.334999999999999964e+00	7.502617795665201747e-03	3.581810163981044570e-02
4.339999999999999858e+00	7.502606062937243296e-03	3.565783596878062400e-02
4.344999999999999751e+00	7.502594431487957793e-03	3.549895127185341559e-02
4.349999999999999645e+00	7.502582901065571810e-03	3.534144417380109121e-02
4.355000000000000426e+00	7.502571471419706636e-03	3.518531131770656628e-02
4.360000000000000320e+00	7.502560142301251643e-03	3.503054936319313639e-02
4.365000000000000213e+00	7.502548913462490920e-03	3.487715498820181254e-02
4.370000000000000107e+00	7.502537784656981845e-03	3.472512488727690777e-02
4.375000000000000000e+00	7.502526755639673042e-03	3.457445577328623759e-02
4.379999999999999893e+00	7.502515826166790761e-03	3.442514437576202346e-02
4.384999999999999787e+00	7.502504995995953364e-03	3.427718744256451344e-02
4.389999999999999680e+00	7.502494264886060311e-03	3.413058173827778624e-02
4.394999999999999574e+00	7.502483632597402308e-03	3.398532404581675742e-02
4.400000000000000355e+00	7.502473098891552020e-03	3.384141116487796030e-02
4.405000000000000249e+00	7.502462663531475964e-03	3.369883991349036795e-02
4.410000000000000142e+00	7.502452326281425221e-03	3.355760712652038069e-02
4.415000000000000036e+00	7.502442086907042985e-03	3.341770965716693575e-02
4.419999999999999929e+00	7.502431945175260485e-03	3.327914437552052102e-02
4.424999999999999822e+00	7.502421900854402796e-03	3.314190817000288447e-02
4.429999999999999716e+00	7.502411953714080428e-03	3.300599794597949138e-02
4.435000000000000497e+00	7.502402103525300341e-03	3.287141062714443729e-02
4.440000000000000391e+00	7.502392350060359261e-03	3.273814315418601545e-02
4.445000000000000284e+00	7.502382693092944296e-03	3.260619248611682647e-02
4.450000000000000178e+00	7.502373132398041863e-03	3.247555559899231725e-02
4.455000000000000071e+00	7.502363667752023554e-03	3.234622948718665625e-02
4.459999999999999964e+00	7.502354298932562005e-03	3.221821116216353614e-02
4.464999999999999858e+00	7.502345025718715893e-03	3.209149765369833512e-02
4.469999999999999751e+00	7.502335847890846676e-03	3.196608600870089190e-02
4.474999999999999645e+00	7.502326765230700120e-03	3.184197329238409868e-02
4.480000000000000426e+00	7.502317777521328238e-03	3.171915658713822528e-02
4.485000000000000320e+00	7.502308884547166483e-03	3.159763299364671402e-02
4.490000000000000213e+00	7.502300086093957425e-03	3.147739962981147693e-02
4.495000000000000107e+00	7.502291381948823605e-03	3.135845363181605228e-02
4.500000000000000000e+00	7.502282771900200750e-03	3.124079215310174643e-02
4.504999999999999893e+00	7.502274255737902825e-03	3.112441236537838093e-02
4.509999999999999787e+00	7.502265833253055245e-03	3.100931145765092878e-02
4.514999999999999680e+00	7.502257504238163399e-03	3.089548663717842439e-02
4.519999999999999574e+00	7.502249268487044126e-03	3.078293512855044892e-02
4.525000000000000355e+00	7.502241125794892503e-03	3.067165417459463347e-02
4.530000000000000249e+00	7.502233075958220261e-03	3.056164103550269157e-02
4.535000000000000142e+00	7.502225118774911300e-03	3.045289298968689717e-02
4.540000000000000036e+00	7.502217254044166173e-03	3.034540733295505027e-02
4.544999999999999929e+00	7.502209481566561936e-03	3.023918137931660283e-02
4.549999999999999822e+00	7.502201801143991433e-03	3.013421246020620697e-02
4.554999999999999716e+00	7.502194212579717941e-03	3.003049792523960690e-02
4.559999999999999609e+00	7.502186715678326595e-03	2.992803514148541927e-02
4.564999999999999503e+00	7.502179310245768624e-03	2.982682149417133222e-02
4.570000000000000284e+00	7.502171996089318853e-03	2.972685438600355598e-02
4.575000000000000178e+00	7.502164773017615598e-03	2.962813123782392227e-02
4.580000000000000071e+00	7.502157640840622504e-03	2.953064948797650552e-02
4.584999999999999964e+00	7.502150599369665843e-03	2.943440659291589670e-02
4.589999999999999858e+00	7.502143648417392875e-03	2.933940002662076621e-02
4.594999999999999751e+00	7.502136787797815225e-03	2.924562728115366259e-02
4.599999999999999645e+00	7.502130017326268975e-03	2.915308586612104166e-02
4.605000000000000426e+00	7.502123336819445029e-03	2.906177330918506899e-02
4.610000000000000320e+00	7.502116746095363088e-03	2.897168715556972321e-02
4.615000000000000213e+00	7.502110244973396805e-03	2.888282496852497688e-02
4.620000000000000107e+00	7.502103833274246028e-03	2.879518432887842247e-02
4.625000000000000000e+00	7.502097510819961956e-03	2.870876283545253232e-02
4.629999999999999893e+00	7.502091277433925454e-03	2.862355810466115855e-02
4.634999999999999787e+00	7.502085132940865264e-03	2.853956777088032318e-02
4.639999999999999680e+00	7.502079077166835461e-03	2.845678948608922412e-02
4.644999999999999574e+00	7.502073109939239731e-03	2.837522092019501008e-02
4.650000000000000355e+00	7.502067231086805357e-03	2.829485976071786923e-02
4.655000000000000249e+00	7.502061440439605766e-03	2.821570371307001446e-02
4.660000000000000142e+00	7.502055737829041449e-03	2.813775050028454600e-02
4.665000000000000036e+00	7.502050123087851234e-03	2.806099786324929568e-02
4.669999999999999929e+00	7.502044596050103618e-03	2.798544356047878712e-02
4.674999999999999822e+00	7.502039156551201099e-03	2.791108536830331360e-02
4.679999999999999716e+00	7.502033804427874972e-03	2.783792108068361762e-02
4.685000000000000497e+00	7.502028539518189668e-03	2.776594850935583392e-02
4.690000000000000391e+00	7.502023361661535814e-03	2.769516548368835054e-02
4.695000000000000284e+00	7.502018270698636304e-03	2.762556985078282873e-02
4.700000000000000178e+00	7.502013266471533291e-03	2.755715947537295402e-02
4.705000000000000071e+00	7.502008348823602929e-03	2.748993223988218521e-02
4.709999999999999964e+00	7.502003517599544098e-03	2.742388604436372945e-02
4.714999999999999858e+00	7.501998772645376672e-03	2.735901880651540885e-02
4.719999999999999751e+00	7.501994113808445851e-03	2.729532846166049520e-02
4.724999999999999645e+00	7.501989540937416961e-03	2.723281296272027016e-02
4.730000000000000426e+00	7.501985053882278057e-03	2.717147028023505356e-02
4.735000000000000320e+00	7.501980652494330375e-03	2.711129840229503651e-02
4.740000000000000213e+00	7.501976336626202217e-03	2.705229533460102795e-02
4.745000000000000107e+00	7.501972106131828133e-03	2.699445910035397703e-02
4.750000000000000000e+00	7.501967960866466265e-03	2.693778774035505280e-02
4.754999999999999893e+00	7.501963900686681001e-03	2.688227931285426531e-02
4.759999999999999787e+00	7.501959925450355990e-03	2.682793189368938916e-02
4.764999999999999680e+00	7.501956035016679389e-03	2.677474357609415517e-02
4.769999999999999574e+00	7.501952229246156879e-03	2.672271247087561544e-02
4.775000000000000355e+00	7.501948508000591716e-03	2.667183670618239813e-02
4.780000000000000249e+00	7.501944871143103807e-03	2.662211442771990691e-02
4.785000000000000142e+00	7.501941318538109769e-03	2.657354379847917322e-02
4.790000000000000036e+00	7.501937850051337668e-03	2.652612299898940429e-02
4.794999999999999929e+00	7.501934465549805336e-03	2.647985022700806781e-02
4.799999999999999822e+00	7.501931164901846395e-03	2.643472369781015713e-02
4.804999999999999716e+00	7.501927947977076426e-03	2.639074164383985177e-02
4.809999999999999609e+00	7.501924814646424196e-03	2.634790231503622918e-02
4.814999999999999503e+00	7.501921764782097830e-03	2.630620397844704930e-02
4.820000000000000284e+00	7.501918798257612570e-03	2.626564491859027101e-02
4.825000000000000178e+00	7.501915914947761277e-03	2.622622343703039788e-02
4.830000000000000071e+00	7.501913114728641328e-03	2.618793785277537950e-02
4.834999999999999964e+00	7.501910397477622519e-03	2.615078650181619849e-02
4.839999999999999858e+00	7.501907763073376555e-03	2.611476773755846970e-02
4.844999999999999751e+00	7.501905211395842356e-03	2.607987993032565704e-02
4.849999999999999645e+00	7.501902742326258151e-03	2.604612146782504800e-02
4.855000000000000426e+00	7.501900355747124181e-03	2.601349075461515184e-02
4.860000000000000320e+00	7.501898051542238259e-03	2.598198621260544225e-02
4.865000000000000213e+00	7.501895829596652403e-03	2.595160628048838111e-02
4.870000000000000107e+00	7.501893689796717071e-03	2.592234941427251638e-02
4.875000000000000000e+00	7.501891632030029990e-03	2.589421408667972810e-02
4.879999999999999893e+00	7.501889656185482119e-03	2.586719878771103279e-02
4.884999999999999787e+00	7.501887762153209085e-03	2.584130202400955478e-02
4.889999999999999680e+00	7.501885949824634546e-03	2.581652231945854095e-02
4.894999999999999574e+00	7.501884219092422486e-03	2.579285821451068189e-02
4.900000000000000355e+00	7.501882569850521452e-03	2.577030826681781656e-02
4.905000000000000249e+00	7.501881001994114249e-03	2.574887105052695718e-02
4.910000000000000142e+00	7.501879515419667376e-03	2.572854515694126057e-02
4.915000000000000036e+00	7.501878110024872044e-03	2.570932919378333958e-02
4.919999999999999929e+00	7.501876785708700562e-03	2.569122178588689395e-02
4.924999999999999822e+00	7.501875542371344747e-03	2.567422157442782529e-02
4.929999999999999716e+00	7.501874379914274908e-03	2.565832721764605903e-02
4.935000000000000497e+00	7.501873298240173057e-03	2.564353739004502850e-02
4.940000000000000391e+00	7.501872297252996230e-03	2.562985078314313631e-02
4.945000000000000284e+00	7.501871376857907961e-03	2.561726610464205856e-02
4.950000000000000178e+00	7.501870536961340735e-03	2.560578207920731139e-02
4.955000000000000071e+00	7.501869777470930936e-03	2.559539744760603447e-02
4.959999999999999964e+00	7.501869098295576958e-03	2.558611096751609720e-02
4.964999999999999858e+00	7.501868499345375023e-03	2.557792141263382640e-02
4.969999999999999751e+00	7.501867980531680760e-03	2.557082757351116994e-02
4.974999999999999645e+00	7.501867541767039821e-03	2.556482825663396879e-02
4.980000000000000426e+00	7.501867182965252061e-03	2.555992228528653279e-02
4.985000000000000320e+00	7.501866904041303019e-03	2.555610849860089420e-02
4.990000000000000213e+00	7.501866704911428103e-03	2.555338575244849725e-02
4.995000000000000107e+00	7.501866585493038864e-03	2.555175291846099525e-02
5.000000000000000000e+00	7.501866545704794116e-03	2.555120888494833223e-02
